"Nature","Strength","Type","Node"
"P",0.133333333333333,"TS","Patched,Patched"
"P",0.0958333333333334,"TS","Patched,SMO"
"P",0.123611111111111,"TS","Patched,FUS"
"P",0.016540404040404,"NF","Patched,SUFU"
"N",0.281750764525994,"NF","Patched,SMAD"
"N",0.370858308358308,"NF","Patched,AXIN2"
"P",0.130006105006105,"DA","Patched,AKT"
"N",0.275641025641025,"NF","Patched,ILK"
"P",0.256705426356589,"DA","Patched,STAT"
"P",0.402110712863401,"DA","Patched,PAK1"
"P",0.510752688172043,"DA","Patched,CDC42"
"P",0.269797533378022,"DA","Patched,Destcompl"
"P",0.394053426248548,"TS","Patched,ZEB2"
"P",0.340277777777778,"DA","Patched,KLF4"
"P",0.0624250965654035,"DA","Patched,Ecadherin"
"P",0.264742314647378,"TS","Patched,miR200"
"P",0.191111111111111,"DA","Patched,IKK"
"N",0.344655172413793,"NF","Patched,TGF"
"N",0.357155172413793,"NF","Patched,TGFR"
"P",0.187662835249042,"DA","Patched,NFB"
"P",0.0359540101475585,"NF","Patched,Csn"
"N",0.104998477929985,"NF","Patched,TWIST1"
"P",0.18,"TS","Patched,CD44"
"P",0.169090909090909,"NF","Patched,cMet"
"N",0.12081541218638,"NF","Patched,cateninmemb"
"N",0.216346153846154,"NF","Patched,HEY1"
"N",0.149166666666667,"NF","Patched,FOXC2"
"N",0.280556838827485,"NF","Patched,SNAI2"
"P",0.190692640692641,"TS","Patched,Frizzled"
"N",0.127807486631016,"NF","Patched,ZEB1"
"P",0.26811199553135,"TS","Patched,DSH"
"P",0.195454545454545,"TS","Patched,Wnt"
"P",0.19909246700262,"TS","Patched,GSK3"
"P",0.0518506410376813,"TS","Patched,cateninnuc"
"P",0.335444947209653,"TS","Patched,NOTCHic"
"P",0.17741935483871,"NF","Patched,cfos"
"P",0.331701631701631,"TS","Patched,NOTCH"
"P",0.363401936456965,"TS","Patched,Csl"
"P",0.168777379530068,"NF","Patched,TrCP"
"P",0.268777379530068,"TS","Patched,LIV1"
"N",0.268777379530068,"NF","Patched,EGR1"
"P",0.284615384615384,"TS","Patched,PI3K"
"P",0.273745121465552,"TS","Patched,SNAI1"
"N",0.0719252432155658,"NF","Patched,TCFLEF"
"P",0.211354278553527,"TS","Patched,GLI"
"N",0.213968253968254,"NF","Patched,Jagged"
"P",0.392307692307692,"TS","Patched,DELTA"
"N",0.234057692307692,"NF","Patched,RAS"
"P",0.060326154505518,"DA","Patched,ERK"
"P",0.0608289197141656,"DA","Patched,MEK"
"P",0.204190476190476,"DA","Patched,RKIP"
"N",0.233641025641025,"NF","Patched,RAF"
"P",0.122962962962963,"NF","Patched,SRC"
"P",0.0958333333333334,"DA","Patched,SHH"
"N",0.364864864864865,"NF","Patched,SOSGRB2"
"P",0.133333333333333,"TS","SMO,SMO"
"P",0.0958333333333334,"TS","SMO,FUS"
"P",0.123611111111111,"TS","SMO,SUFU"
"N",0.298293650793651,"NF","SMO,SMAD"
"N",0.368703135944515,"NF","SMO,AXIN2"
"P",0.121450549450549,"DA","SMO,AKT"
"N",0.303333333333333,"NF","SMO,ILK"
"P",0.168333333333333,"NF","SMO,STAT"
"P",0.510752688172043,"DA","SMO,PAK1"
"P",0.553333333333333,"DA","SMO,CDC42"
"P",0.284562364482172,"DA","SMO,Destcompl"
"P",0.378385794995964,"TS","SMO,ZEB2"
"P",0.319444444444445,"DA","SMO,KLF4"
"P",0.0576716941926701,"DA","SMO,Ecadherin"
"P",0.244489150090416,"TS","SMO,miR200"
"P",0.137142857142857,"DA","SMO,IKK"
"N",0.333378378378379,"NF","SMO,TGF"
"N",0.344655172413793,"NF","SMO,TGFR"
"P",0.191111111111111,"DA","SMO,NFB"
"P",0.128427128427128,"DA","SMO,Csn"
"N",0.0832418300653595,"NF","SMO,TWIST1"
"P",0.131111111111111,"TS","SMO,CD44"
"P",0.18,"DA","SMO,cMet"
"N",0.114603907853986,"NF","SMO,cateninmemb"
"N",0.227655677655678,"NF","SMO,HEY1"
"N",0.136666666666667,"NF","SMO,FOXC2"
"N",0.285726906854695,"NF","SMO,SNAI2"
"P",0.195454545454545,"TS","SMO,Frizzled"
"N",0.150539291217257,"NF","SMO,ZEB1"
"P",0.190692640692641,"TS","SMO,DSH"
"P",0.1625,"TS","SMO,Wnt"
"P",0.212637049765142,"TS","SMO,GSK3"
"P",0.0564599904982894,"TS","SMO,cateninnuc"
"P",0.331701631701631,"TS","SMO,NOTCHic"
"N",0.22,"NF","SMO,cfos"
"P",0.329393939393939,"TS","SMO,NOTCH"
"P",0.335444947209653,"TS","SMO,Csl"
"P",0.17741935483871,"NF","SMO,TrCP"
"P",0.27741935483871,"TS","SMO,LIV1"
"P",0.17741935483871,"NF","SMO,EGR1"
"P",0.286057692307692,"TS","SMO,PI3K"
"P",0.294507026227457,"TS","SMO,SNAI1"
"N",0.0577222992756973,"NF","SMO,TCFLEF"
"P",0.23062865497076,"TS","SMO,GLI"
"N",0.113968253968254,"NF","SMO,Jagged"
"P",0.286057692307692,"TS","SMO,DELTA"
"N",0.300011180679785,"NF","SMO,RAS"
"P",0.0608289197141656,"DA","SMO,ERK"
"N",0.053034965034965,"NF","SMO,MEK"
"P",0.233968253968254,"DA","SMO,RKIP"
"N",0.279391025641025,"NF","SMO,RAF"
"P",0.126666666666667,"NF","SMO,SRC"
"P",0.123611111111111,"DA","SMO,SHH"
"N",0.405263157894737,"NF","SMO,SOSGRB2"
"P",0.133333333333333,"TS","FUS,FUS"
"P",0.0958333333333334,"TS","FUS,SUFU"
"N",0.297325908858167,"NF","FUS,SMAD"
"N",0.346756966172258,"NF","FUS,AXIN2"
"P",0.117604395604396,"DA","FUS,AKT"
"N",0.270793650793651,"NF","FUS,ILK"
"P",0.175,"NF","FUS,STAT"
"P",0.553333333333333,"DA","FUS,PAK1"
"P",0.528333333333333,"DA","FUS,CDC42"
"P",0.277826180957667,"DA","FUS,Destcompl"
"P",0.387956347143204,"TS","FUS,ZEB2"
"P",0.314799635701275,"DA","FUS,KLF4"
"P",0.0443497763844509,"DA","FUS,Ecadherin"
"P",0.270891790354442,"TS","FUS,miR200"
"P",0.109142857142857,"DA","FUS,IKK"
"P",0.311250718803911,"TS","FUS,TGF"
"N",0.333378378378379,"NF","FUS,TGFR"
"P",0.137142857142857,"DA","FUS,NFB"
"P",0.125396825396825,"DA","FUS,Csn"
"N",0.074906751531328,"NF","FUS,TWIST1"
"P",0.128198489751888,"TS","FUS,CD44"
"P",0.131111111111111,"DA","FUS,cMet"
"N",0.107504280293465,"NF","FUS,cateninmemb"
"N",0.257365822583214,"NF","FUS,HEY1"
"N",0.163859649122807,"NF","FUS,FOXC2"
"N",0.27786968856343,"NF","FUS,SNAI2"
"P",0.1625,"TS","FUS,Frizzled"
"N",0.139747322449828,"NF","FUS,ZEB1"
"P",0.195454545454545,"TS","FUS,DSH"
"P",0.123611111111111,"NF","FUS,Wnt"
"P",0.232207661481617,"TS","FUS,GSK3"
"N",0.0316285776527995,"NF","FUS,cateninnuc"
"P",0.329393939393939,"TS","FUS,NOTCHic"
"N",0.227692307692308,"NF","FUS,cfos"
"P",0.227121212121212,"TS","FUS,NOTCH"
"P",0.331701631701631,"TS","FUS,Csl"
"P",0.3,"TS","FUS,TrCP"
"P",0.2,"NF","FUS,LIV1"
"N",0.22,"NF","FUS,EGR1"
"P",0.250011180679785,"TS","FUS,PI3K"
"P",0.304092397762514,"TS","FUS,SNAI1"
"N",0.0497022491503841,"NF","FUS,TCFLEF"
"P",0.25309829059829,"TS","FUS,GLI"
"P",0.022401988908013,"NF","FUS,Jagged"
"P",0.200011180679785,"NF","FUS,DELTA"
"N",0.302194586793322,"NF","FUS,RAS"
"N",0.053034965034965,"NF","FUS,ERK"
"N",0.113080942046459,"NF","FUS,MEK"
"P",0.279122893143511,"DA","FUS,RKIP"
"N",0.333344514013118,"NF","FUS,RAF"
"P",0.0866666666666667,"TS","FUS,SRC"
"P",0.016540404040404,"NF","FUS,SHH"
"N",0.419365721997301,"NF","FUS,SOSGRB2"
"P",0.133333333333333,"TS","SUFU,SUFU"
"N",0.268428680220753,"NF","SUFU,SMAD"
"N",0.325319387357631,"NF","SUFU,AXIN2"
"P",0.0682755365439929,"DA","SUFU,AKT"
"P",0.209825908858167,"NF","SUFU,ILK"
"P",0.12,"DA","SUFU,STAT"
"P",0.528333333333333,"DA","SUFU,PAK1"
"P",0.406711711711712,"DA","SUFU,CDC42"
"P",0.253954065978474,"DA","SUFU,Destcompl"
"P",0.427914939275709,"TS","SUFU,ZEB2"
"P",0.271286661649379,"NF","SUFU,KLF4"
"P",0.0589567108163081,"DA","SUFU,Ecadherin"
"P",0.310250526413922,"TS","SUFU,miR200"
"P",0.117604395604396,"DA","SUFU,IKK"
"P",0.372236912097796,"TS","SUFU,TGF"
"P",0.311250718803911,"TS","SUFU,TGFR"
"P",0.109142857142857,"DA","SUFU,NFB"
"P",0.0714285714285714,"DA","SUFU,Csn"
"N",0.0849869348073876,"NF","SUFU,TWIST1"
"P",0.129702249150384,"TS","SUFU,CD44"
"P",0.128198489751888,"DA","SUFU,cMet"
"N",0.124170946960131,"NF","SUFU,cateninmemb"
"P",0.211984296478796,"NF","SUFU,HEY1"
"P",0.129285621000392,"NF","SUFU,FOXC2"
"N",0.29885848223515,"NF","SUFU,SNAI2"
"P",0.123611111111111,"NF","SUFU,Frizzled"
"N",0.110882588150311,"NF","SUFU,ZEB1"
"P",0.1625,"TS","SUFU,DSH"
"P",0.119764957264957,"NF","SUFU,Wnt"
"P",0.236969566243522,"TS","SUFU,GSK3"
"N",0.0402475034840015,"NF","SUFU,cateninnuc"
"P",0.227121212121212,"TS","SUFU,NOTCHic"
"P",0.111701631701632,"TS","SUFU,cfos"
"P",0.126327561327561,"NF","SUFU,NOTCH"
"P",0.329393939393939,"TS","SUFU,Csl"
"P",0.3,"TS","SUFU,TrCP"
"P",0.2,"NF","SUFU,LIV1"
"N",0.227692307692308,"NF","SUFU,EGR1"
"P",0.202194586793322,"NF","SUFU,PI3K"
"P",0.326843400675081,"TS","SUFU,SNAI1"
"N",0.0971841332083551,"NF","SUFU,TCFLEF"
"P",0.25495702665777,"TS","SUFU,GLI"
"P",0.0174138653925736,"NF","SUFU,Jagged"
"P",0.202194586793322,"NF","SUFU,DELTA"
"N",0.300295852616107,"NF","SUFU,RAS"
"N",0.113080942046459,"NF","SUFU,ERK"
"N",0.151804346301778,"NF","SUFU,MEK"
"P",0.241299763891811,"DA","SUFU,RKIP"
"N",0.302194586793322,"NF","SUFU,RAF"
"N",0.0644444444444444,"NF","SUFU,SRC"
"P",0.0215597090597091,"NF","SUFU,SHH"
"N",0.381137283768863,"NF","SUFU,SOSGRB2"
"P",0.349985813273484,"TS","SMAD,SMAD"
"P",0.100333631173502,"TS","SMAD,AXIN2"
"P",0.131255978755138,"TS","SMAD,AKT"
"P",0.20623564373158,"TS","SMAD,ILK"
"N",0.17042780197203,"NF","SMAD,STAT"
"N",0.327397166752006,"NF","SMAD,PAK1"
"N",0.328678402553914,"NF","SMAD,CDC42"
"P",0.10403406135932,"TS","SMAD,Destcompl"
"N",0.319254803718463,"NF","SMAD,ZEB2"
"N",0.298006911573649,"NF","SMAD,KLF4"
"N",0.103289244373749,"NF","SMAD,Ecadherin"
"N",0.167944657956267,"NF","SMAD,miR200"
"P",0.126791376616653,"TS","SMAD,IKK"
"N",0.190528231128697,"NF","SMAD,TGF"
"N",0.203126946587147,"NF","SMAD,TGFR"
"P",0.137302346803985,"TS","SMAD,NFB"
"P",0.0283611115546402,"TS","SMAD,Csn"
"N",0.144043375677885,"NF","SMAD,TWIST1"
"N",0.144117380285448,"NF","SMAD,CD44"
"N",0.140117380285448,"NF","SMAD,cMet"
"P",0.0791490885835772,"DA","SMAD,cateninmemb"
"P",0.12326186149755,"DA","SMAD,HEY1"
"N",0.0533689667392507,"NF","SMAD,FOXC2"
"N",0.190572101819906,"NF","SMAD,SNAI2"
"N",0.114530153369537,"NF","SMAD,Frizzled"
"P",0.154310436018513,"DA","SMAD,ZEB1"
"N",0.113398077897838,"NF","SMAD,DSH"
"P",0.113563051935145,"DA","SMAD,Wnt"
"N",0.13917806107944,"NF","SMAD,GSK3"
"N",0.0919330938637941,"NF","SMAD,cateninnuc"
"N",0.181622189932783,"NF","SMAD,NOTCHic"
"N",0.197704386414064,"NF","SMAD,cfos"
"N",0.213054187192118,"NF","SMAD,NOTCH"
"N",0.163250542423204,"NF","SMAD,Csl"
"N",0.179778119132958,"NF","SMAD,TrCP"
"P",0.149778119132958,"DA","SMAD,LIV1"
"N",0.158349547704387,"NF","SMAD,EGR1"
"N",0.241606978384843,"NF","SMAD,PI3K"
"N",0.164067938800917,"NF","SMAD,SNAI1"
"N",0.119957724382029,"NF","SMAD,TCFLEF"
"N",0.163431611407818,"NF","SMAD,GLI"
"N",0.196401899176092,"NF","SMAD,Jagged"
"N",0.318459479385243,"NF","SMAD,DELTA"
"N",0.13031623165553,"NF","SMAD,RAS"
"N",0.0772175378171642,"NF","SMAD,ERK"
"N",0.0741838693579638,"NF","SMAD,MEK"
"P",0.0530523946514667,"DA","SMAD,RKIP"
"N",0.135820574104655,"NF","SMAD,RAF"
"N",0.201656336787916,"NF","SMAD,SRC"
"N",0.253200578652388,"NF","SMAD,SHH"
"P",0.19330487718386,"TS","SMAD,SOSGRB2"
"P",1.12697119316355,"DA","AXIN2,AXIN2"
"N",0.237753406432421,"NF","AXIN2,AKT"
"P",0.246280653324132,"TS","AXIN2,ILK"
"N",0.311098705216352,"NF","AXIN2,STAT"
"P",0.246481937602628,"DA","AXIN2,PAK1"
"P",0.237839962293986,"DA","AXIN2,CDC42"
"P",0.414213410811179,"DA","AXIN2,Destcompl"
"N",0.334453095561483,"NF","AXIN2,ZEB2"
"N",0.325080719393178,"NF","AXIN2,KLF4"
"P",0.245779251617268,"TS","AXIN2,Ecadherin"
"N",0.325430090946186,"NF","AXIN2,miR200"
"N",0.19791580400276,"NF","AXIN2,IKK"
"P",0.162686625419109,"TS","AXIN2,TGF"
"P",0.159615760392692,"TS","AXIN2,TGFR"
"N",0.21095928226363,"NF","AXIN2,NFB"
"P",0.27397485835694,"DA","AXIN2,Csn"
"N",0.338867074982803,"NF","AXIN2,TWIST1"
"N",0.367470960800137,"NF","AXIN2,CD44"
"N",0.359198966408269,"NF","AXIN2,cMet"
"N",0.349419725475912,"NF","AXIN2,cateninmemb"
"P",0.182264261284917,"DA","AXIN2,HEY1"
"P",0.139199005851709,"DA","AXIN2,FOXC2"
"P",0.342843772012067,"DA","AXIN2,SNAI2"
"P",0.347188160676533,"DA","AXIN2,Frizzled"
"P",0.143245058041813,"TS","AXIN2,ZEB1"
"P",0.338945593705676,"DA","AXIN2,DSH"
"P",0.337885835095138,"DA","AXIN2,Wnt"
"N",0.359342125497274,"NF","AXIN2,GSK3"
"P",0.391952941183548,"DA","AXIN2,cateninnuc"
"N",0.132088160653205,"NF","AXIN2,NOTCHic"
"P",0.0860551083343346,"TS","AXIN2,cfos"
"N",0.127883956449001,"NF","AXIN2,NOTCH"
"N",0.121116805530179,"NF","AXIN2,Csl"
"P",0.215648604269294,"TS","AXIN2,TrCP"
"N",0.282315270935961,"NF","AXIN2,LIV1"
"N",0.0956486042692939,"NF","AXIN2,EGR1"
"N",0.272964981541107,"NF","AXIN2,PI3K"
"P",0.24099296807226,"TS","AXIN2,SNAI1"
"P",0.670278895447228,"DA","AXIN2,TCFLEF"
"N",0.280935049035195,"NF","AXIN2,GLI"
"N",0.314974743235612,"NF","AXIN2,Jagged"
"P",0.203631648207773,"TS","AXIN2,DELTA"
"N",0.281057676475979,"NF","AXIN2,RAS"
"N",0.149330820015654,"NF","AXIN2,ERK"
"N",0.152537996915009,"NF","AXIN2,MEK"
"P",0.292857287442833,"DA","AXIN2,RKIP"
"N",0.24969051901348,"NF","AXIN2,RAF"
"N",0.299797943557036,"NF","AXIN2,SRC"
"N",0.357505104185432,"NF","AXIN2,SHH"
"N",0.301474571019514,"NF","AXIN2,SOSGRB2"
"P",0.0228255404725994,"DA","AKT,AKT"
"N",0.218687253362884,"NF","AKT,ILK"
"N",0.241786386871133,"NF","AKT,STAT"
"N",0.227865210411651,"NF","AKT,PAK1"
"N",0.240828173374613,"NF","AKT,CDC42"
"N",0.170962557470609,"NF","AKT,Destcompl"
"N",0.297524158713701,"NF","AKT,ZEB2"
"P",0.252895915001178,"DA","AKT,KLF4"
"P",0.0798922646123962,"DA","AKT,Ecadherin"
"N",0.157360917212702,"NF","AKT,miR200"
"N",0.248885957709488,"NF","AKT,IKK"
"P",0.185158679933546,"TS","AKT,TGF"
"P",0.177184254302969,"TS","AKT,TGFR"
"N",0.235381684205214,"NF","AKT,NFB"
"N",0.211566666666667,"NF","AKT,Csn"
"N",0.0723902226721452,"NF","AKT,TWIST1"
"N",0.340415068432754,"NF","AKT,CD44"
"N",0.364249814195466,"NF","AKT,cMet"
"N",0.129666186524905,"NF","AKT,cateninmemb"
"N",0.188568183876321,"NF","AKT,HEY1"
"P",0.142435981552798,"TS","AKT,FOXC2"
"P",0.296314222215094,"TS","AKT,SNAI2"
"P",0.117294685990339,"TS","AKT,Frizzled"
"P",0.13025428778556,"DA","AKT,ZEB1"
"P",0.105900383141763,"TS","AKT,DSH"
"N",0.117999814195466,"NF","AKT,Wnt"
"N",0.048645675483829,"NF","AKT,GSK3"
"P",0.242246470278332,"TS","AKT,cateninnuc"
"N",0.226580042446509,"NF","AKT,NOTCHic"
"N",0.225211926876013,"NF","AKT,cfos"
"N",0.250176185384683,"NF","AKT,NOTCH"
"N",0.195597296760088,"NF","AKT,Csl"
"N",0.325414230019494,"NF","AKT,TrCP"
"N",0.258747563352827,"NF","AKT,LIV1"
"N",0.206366610971875,"NF","AKT,EGR1"
"P",0.129267560803419,"TS","AKT,PI3K"
"P",0.160276188660056,"DA","AKT,SNAI1"
"P",0.150751890582665,"TS","AKT,TCFLEF"
"N",0.221985747746089,"NF","AKT,GLI"
"P",0.21317687153867,"DA","AKT,Jagged"
"N",0.206743679456008,"NF","AKT,DELTA"
"P",0.257761082401122,"TS","AKT,RAS"
"P",0.256347537935039,"TS","AKT,ERK"
"P",0.256126889926678,"TS","AKT,MEK"
"P",0.209461552939814,"TS","AKT,RKIP"
"P",0.222039494751823,"TS","AKT,RAF"
"P",0.162337421033074,"TS","AKT,SRC"
"P",0.168652721547458,"TS","AKT,SHH"
"P",0.450100089968511,"TS","AKT,SOSGRB2"
"P",0.24797118847539,"TS","ILK,ILK"
"N",0.277455716586151,"NF","ILK,STAT"
"N",0.221552312681345,"NF","ILK,PAK1"
"N",0.249540927482104,"NF","ILK,CDC42"
"P",0.200968208646663,"TS","ILK,Destcompl"
"N",0.235067127771341,"NF","ILK,ZEB2"
"N",0.237543859649122,"NF","ILK,KLF4"
"N",0.0567670162697566,"NF","ILK,Ecadherin"
"P",0.131393448903241,"TS","ILK,miR200"
"N",0.182352941176471,"NF","ILK,IKK"
"P",0.0759912612495108,"TS","ILK,TGF"
"N",0.0727344603530562,"NF","ILK,TGFR"
"N",0.208910891089109,"NF","ILK,NFB"
"N",0.199497929606626,"NF","ILK,Csn"
"P",0.080536945754337,"DA","ILK,TWIST1"
"N",0.267722036417689,"NF","ILK,CD44"
"N",0.23965296263433,"NF","ILK,cMet"
"P",0.104213072368161,"DA","ILK,cateninmemb"
"P",0.182341506070696,"DA","ILK,HEY1"
"N",0.131698025551684,"NF","ILK,FOXC2"
"N",0.21789205806509,"NF","ILK,SNAI2"
"N",0.200437288809382,"NF","ILK,Frizzled"
"P",0.132656404249152,"DA","ILK,ZEB1"
"N",0.205006343845727,"NF","ILK,DSH"
"N",0.243106651802304,"NF","ILK,Wnt"
"P",0.133347572847333,"DA","ILK,GSK3"
"N",0.182742793399655,"NF","ILK,cateninnuc"
"N",0.216520146520147,"NF","ILK,NOTCHic"
"N",0.228042328042328,"NF","ILK,cfos"
"N",0.249208318563157,"NF","ILK,NOTCH"
"N",0.198091812264474,"NF","ILK,Csl"
"N",0.346552312681345,"NF","ILK,TrCP"
"N",0.246552312681345,"NF","ILK,LIV1"
"N",0.179885646014678,"NF","ILK,EGR1"
"N",0.155691221943323,"NF","ILK,PI3K"
"P",0.143477797071766,"DA","ILK,SNAI1"
"N",0.215728047850997,"NF","ILK,TCFLEF"
"N",0.287171367656175,"NF","ILK,GLI"
"P",0.234736842105263,"DA","ILK,Jagged"
"N",0.231705627705628,"NF","ILK,DELTA"
"N",0.047580620292949,"NF","ILK,RAS"
"N",0.0753256827686533,"NF","ILK,ERK"
"N",0.0742973118292062,"NF","ILK,MEK"
"N",0.0296267168860237,"NF","ILK,RKIP"
"N",0.0393543226136294,"NF","ILK,RAF"
"N",0.264985380116959,"NF","ILK,SRC"
"N",0.206196581196581,"NF","ILK,SHH"
"P",0.151393713813068,"TS","ILK,SOSGRB2"
"P",0.171428571428571,"TS","STAT,STAT"
"N",0.194545454545455,"NF","STAT,PAK1"
"N",0.217045454545455,"NF","STAT,CDC42"
"P",0.244098936414709,"TS","STAT,Destcompl"
"P",0.286587771203156,"TS","STAT,ZEB2"
"P",0.0932164785105962,"NF","STAT,KLF4"
"N",0.21192631866659,"NF","STAT,Ecadherin"
"P",0.187053470460125,"TS","STAT,miR200"
"N",0.264761904761905,"NF","STAT,IKK"
"P",0.118062489887433,"NF","STAT,TGF"
"P",0.111782296650718,"NF","STAT,TGFR"
"N",0.226666666666667,"NF","STAT,NFB"
"P",0.216666666666667,"TS","STAT,Csn"
"P",0.224842665247463,"TS","STAT,TWIST1"
"N",0.171242646242646,"NF","STAT,CD44"
"P",0.0652597402597403,"NF","STAT,cMet"
"P",0.198108361241728,"TS","STAT,cateninmemb"
"P",0.170666666666667,"NF","STAT,HEY1"
"P",0.0664880708929789,"NF","STAT,FOXC2"
"P",0.0996928080519412,"TS","STAT,SNAI2"
"N",0.160714285714286,"NF","STAT,Frizzled"
"N",0.120674197597274,"NF","STAT,ZEB1"
"N",0.160714285714286,"NF","STAT,DSH"
"N",0.16525974025974,"NF","STAT,Wnt"
"N",0.227544093879559,"NF","STAT,GSK3"
"N",0.12365181769206,"NF","STAT,cateninnuc"
"P",0.201303656597774,"DA","STAT,NOTCHic"
"N",0.126666666666667,"NF","STAT,cfos"
"P",0.216449287665735,"DA","STAT,NOTCH"
"P",0.155565610859728,"DA","STAT,Csl"
"P",0.04,"NF","STAT,TrCP"
"P",0.04,"NF","STAT,LIV1"
"P",0.0733333333333333,"DA","STAT,EGR1"
"N",0.183565963606286,"NF","STAT,PI3K"
"P",0.0750200414223563,"DA","STAT,SNAI1"
"N",0.1821653591764,"NF","STAT,TCFLEF"
"P",0.111142093200917,"DA","STAT,GLI"
"P",0.113310849380818,"NF","STAT,Jagged"
"P",0.0835659636062862,"NF","STAT,DELTA"
"N",0.190282381516734,"NF","STAT,RAS"
"P",0.123880288957688,"TS","STAT,ERK"
"P",0.142669196710942,"TS","STAT,MEK"
"P",0.106129343629344,"TS","STAT,RKIP"
"N",0.183565963606286,"NF","STAT,RAF"
"P",0.0607142857142857,"NF","STAT,SRC"
"P",0.246970913082253,"TS","STAT,SHH"
"P",0.263711001642036,"TS","STAT,SOSGRB2"
"P",0.20952380952381,"DA","PAK1,PAK1"
"P",0.344257703081232,"DA","PAK1,CDC42"
"N",0.168238522605665,"NF","PAK1,Destcompl"
"N",0.519516110587637,"NF","PAK1,ZEB2"
"P",0.242097934852033,"DA","PAK1,KLF4"
"N",0.0805459824458489,"NF","PAK1,Ecadherin"
"N",0.311054515637973,"NF","PAK1,miR200"
"N",0.271710526315789,"NF","PAK1,IKK"
"P",0.220577339728738,"TS","PAK1,TGF"
"P",0.238427977251506,"TS","PAK1,TGFR"
"N",0.309722222222222,"NF","PAK1,NFB"
"N",0.290909090909091,"NF","PAK1,Csn"
"P",0.147936664784491,"TS","PAK1,TWIST1"
"N",0.120913586854181,"NF","PAK1,CD44"
"N",0.0638838838838839,"NF","PAK1,cMet"
"P",0.116612189180841,"TS","PAK1,cateninmemb"
"N",0.19875931018448,"NF","PAK1,HEY1"
"P",0.115908657216232,"TS","PAK1,FOXC2"
"P",0.156508810272364,"TS","PAK1,SNAI2"
"N",0.11037037037037,"NF","PAK1,Frizzled"
"N",0.220014623930798,"NF","PAK1,ZEB1"
"N",0.1,"NF","PAK1,DSH"
"N",0.156861598440546,"NF","PAK1,Wnt"
"N",0.149314935064935,"NF","PAK1,GSK3"
"N",0.159516031663522,"NF","PAK1,cateninnuc"
"N",0.293589743589744,"NF","PAK1,NOTCHic"
"P",0.236273291925466,"TS","PAK1,cfos"
"N",0.324725274725275,"NF","PAK1,NOTCH"
"N",0.249282051282052,"NF","PAK1,Csl"
"N",0.204761904761905,"NF","PAK1,TrCP"
"N",0.204761904761905,"NF","PAK1,LIV1"
"P",0.144761904761905,"TS","PAK1,EGR1"
"P",0.0832058026462618,"TS","PAK1,PI3K"
"N",0.142294947349104,"NF","PAK1,SNAI1"
"N",0.148377974318568,"NF","PAK1,TCFLEF"
"N",0.257471354538107,"NF","PAK1,GLI"
"N",0.313505240286299,"NF","PAK1,Jagged"
"P",0.208205802646262,"TS","PAK1,DELTA"
"P",0.265023984464444,"TS","PAK1,RAS"
"P",0.319872969084465,"TS","PAK1,ERK"
"P",0.288825350036846,"TS","PAK1,MEK"
"P",0.233475640381718,"TS","PAK1,RKIP"
"P",0.208205802646262,"TS","PAK1,RAF"
"N",0.39925925925926,"NF","PAK1,SRC"
"P",0.352777379530068,"TS","PAK1,SHH"
"P",0.358529781549583,"TS","PAK1,SOSGRB2"
"P",0.20952380952381,"DA","CDC42,CDC42"
"N",0.171059367822154,"NF","CDC42,Destcompl"
"N",0.494049872645515,"NF","CDC42,ZEB2"
"P",0.225376623376623,"DA","CDC42,KLF4"
"N",0.0766520954792976,"NF","CDC42,Ecadherin"
"N",0.29705033528563,"NF","CDC42,miR200"
"N",0.309722222222222,"NF","CDC42,IKK"
"P",0.238427977251506,"TS","CDC42,TGF"
"P",0.257908496732026,"TS","CDC42,TGFR"
"N",0.306313131313131,"NF","CDC42,NFB"
"N",0.19949118046133,"NF","CDC42,Csn"
"P",0.1495670995671,"TS","CDC42,TWIST1"
"N",0.0638838838838839,"NF","CDC42,CD44"
"N",0.0503703703703704,"NF","CDC42,cMet"
"P",0.109967500536152,"TS","CDC42,cateninmemb"
"N",0.214053427831539,"NF","CDC42,HEY1"
"P",0.091081071009335,"TS","CDC42,FOXC2"
"P",0.149938587246445,"TS","CDC42,SNAI2"
"N",0.1,"NF","CDC42,Frizzled"
"N",0.211160530077403,"NF","CDC42,ZEB1"
"N",0.16,"NF","CDC42,DSH"
"N",0.11037037037037,"NF","CDC42,Wnt"
"N",0.147548701298701,"NF","CDC42,GSK3"
"N",0.160407278347872,"NF","CDC42,cateninnuc"
"N",0.249282051282052,"NF","CDC42,NOTCHic"
"P",0.144761904761905,"TS","CDC42,cfos"
"N",0.293589743589744,"NF","CDC42,NOTCH"
"N",0.248537634408602,"NF","CDC42,Csl"
"P",0.0871148459383753,"NF","CDC42,TrCP"
"N",0.187114845938375,"NF","CDC42,LIV1"
"N",0.107114845938375,"NF","CDC42,EGR1"
"P",0.084640522875817,"TS","CDC42,PI3K"
"N",0.153533827800395,"NF","CDC42,SNAI1"
"N",0.137490808082565,"NF","CDC42,TCFLEF"
"N",0.244620219130201,"NF","CDC42,GLI"
"N",0.328229166666667,"NF","CDC42,Jagged"
"P",0.215522875816994,"TS","CDC42,DELTA"
"P",0.248205802646262,"TS","CDC42,RAS"
"P",0.313505156633966,"TS","CDC42,ERK"
"P",0.319872969084465,"TS","CDC42,MEK"
"P",0.251818181818182,"TS","CDC42,RKIP"
"P",0.235522875816993,"TS","CDC42,RAF"
"N",0.383055555555556,"NF","CDC42,SRC"
"P",0.402110712863401,"TS","CDC42,SHH"
"P",0.387539682539682,"TS","CDC42,SOSGRB2"
"P",0.0776557801136268,"DA","Destcompl,Destcompl"
"P",0.285548349881134,"TS","Destcompl,ZEB2"
"P",0.234819824278517,"DA","Destcompl,KLF4"
"N",0.169009202716009,"NF","Destcompl,Ecadherin"
"P",0.271055984016889,"TS","Destcompl,miR200"
"P",0.221696193797081,"DA","Destcompl,IKK"
"N",0.125380330114162,"NF","Destcompl,TGF"
"N",0.124695243509999,"NF","Destcompl,TGFR"
"P",0.215364446767659,"DA","Destcompl,NFB"
"P",0.183447408104761,"DA","Destcompl,Csn"
"P",0.24397172306851,"TS","Destcompl,TWIST1"
"N",0.246590265753829,"NF","Destcompl,CD44"
"N",0.24428086680264,"NF","Destcompl,cMet"
"P",0.276670419324685,"TS","Destcompl,cateninmemb"
"N",0.127174401986122,"NF","Destcompl,HEY1"
"N",0.0725897082803665,"NF","Destcompl,FOXC2"
"N",0.2603102319632,"NF","Destcompl,SNAI2"
"P",0.295227291996476,"DA","Destcompl,Frizzled"
"N",0.101292718443049,"NF","Destcompl,ZEB1"
"P",0.301817797068106,"DA","Destcompl,DSH"
"P",0.289481040978801,"DA","Destcompl,Wnt"
"N",0.286998836331779,"NF","Destcompl,GSK3"
"N",0.262295769808004,"NF","Destcompl,cateninnuc"
"P",0.119088632604277,"DA","Destcompl,NOTCHic"
"N",0.0761118522835055,"NF","Destcompl,cfos"
"P",0.110876207754577,"DA","Destcompl,NOTCH"
"P",0.122400505004457,"DA","Destcompl,Csl"
"N",0.135313352537637,"NF","Destcompl,TrCP"
"P",0.20753557475986,"DA","Destcompl,LIV1"
"N",0.0783902756145604,"NF","Destcompl,EGR1"
"N",0.188031832056272,"NF","Destcompl,PI3K"
"N",0.17921923483439,"NF","Destcompl,SNAI1"
"P",0.392641117296048,"DA","Destcompl,TCFLEF"
"P",0.23868462012955,"DA","Destcompl,GLI"
"P",0.249012950548505,"DA","Destcompl,Jagged"
"N",0.116534236880222,"NF","Destcompl,DELTA"
"N",0.228463205639756,"NF","Destcompl,RAS"
"N",0.177914102520571,"NF","Destcompl,ERK"
"N",0.179794998157978,"NF","Destcompl,MEK"
"P",0.279822139073965,"DA","Destcompl,RKIP"
"N",0.226198575880726,"NF","Destcompl,RAF"
"P",0.270855506250086,"DA","Destcompl,SRC"
"P",0.251326642566706,"TS","Destcompl,SHH"
"N",0.315739849458418,"NF","Destcompl,SOSGRB2"
"P",0.26026719441779,"TS","ZEB2,ZEB2"
"N",0.145502951463649,"NF","ZEB2,KLF4"
"P",0.272866094173035,"TS","ZEB2,Ecadherin"
"P",0.115270759723699,"TS","ZEB2,miR200"
"N",0.150708855472013,"NF","ZEB2,IKK"
"P",0.339868263418443,"TS","ZEB2,TGF"
"P",0.341381690592248,"TS","ZEB2,TGFR"
"N",0.1628161351655,"NF","ZEB2,NFB"
"N",0.183075268817205,"NF","ZEB2,Csn"
"N",0.188546390109446,"NF","ZEB2,TWIST1"
"P",0.0916123642439432,"DA","ZEB2,CD44"
"N",0.0960856687172476,"NF","ZEB2,cMet"
"N",0.265483492998736,"NF","ZEB2,cateninmemb"
"N",0.147030039270627,"NF","ZEB2,HEY1"
"P",0.139314221038679,"DA","ZEB2,FOXC2"
"N",0.174498608127669,"NF","ZEB2,SNAI2"
"P",0.261156480066945,"DA","ZEB2,Frizzled"
"N",0.292548238675441,"NF","ZEB2,ZEB1"
"P",0.283518684791354,"DA","ZEB2,DSH"
"P",0.271819084788956,"DA","ZEB2,Wnt"
"P",0.191318616504529,"DA","ZEB2,GSK3"
"P",0.262687591737165,"DA","ZEB2,cateninnuc"
"N",0.297472562863867,"NF","ZEB2,NOTCHic"
"P",0.301774866949456,"DA","ZEB2,cfos"
"N",0.293683856124341,"NF","ZEB2,NOTCH"
"N",0.304330758075654,"NF","ZEB2,Csl"
"N",0.385749876821403,"NF","ZEB2,TrCP"
"P",0.285749876821403,"DA","ZEB2,LIV1"
"P",0.344083210154736,"DA","ZEB2,EGR1"
"N",0.196186290298954,"NF","ZEB2,PI3K"
"N",0.347500189710771,"NF","ZEB2,SNAI1"
"P",0.285687297362057,"DA","ZEB2,TCFLEF"
"P",0.30119292833809,"DA","ZEB2,GLI"
"N",0.306593685365926,"NF","ZEB2,Jagged"
"N",0.219300771692076,"NF","ZEB2,DELTA"
"N",0.30762629288855,"NF","ZEB2,RAS"
"P",0.416538055702398,"DA","ZEB2,ERK"
"P",0.413666920691835,"DA","ZEB2,MEK"
"P",0.491851653162737,"DA","ZEB2,RKIP"
"N",0.319429397479612,"NF","ZEB2,RAF"
"P",0.3996316262354,"DA","ZEB2,SRC"
"P",0.401477668672791,"DA","ZEB2,SHH"
"N",0.53498361287835,"NF","ZEB2,SOSGRB2"
"P",0.192592592592593,"DA","KLF4,KLF4"
"P",0.372927305240548,"DA","KLF4,Ecadherin"
"N",0.173453309975049,"NF","KLF4,miR200"
"P",0.111501831501832,"DA","KLF4,IKK"
"N",0.0887694639084939,"NF","KLF4,TGF"
"N",0.0728548297621525,"NF","KLF4,TGFR"
"P",0.114340659340659,"DA","KLF4,NFB"
"P",0.121699346405229,"DA","KLF4,Csn"
"N",0.0289163243366973,"NF","KLF4,TWIST1"
"P",0.0700660958687485,"DA","KLF4,CD44"
"P",0.0947451848956637,"TS","KLF4,cMet"
"N",0.325177633633561,"NF","KLF4,cateninmemb"
"N",0.156357411651529,"NF","KLF4,HEY1"
"N",0.1856904393807,"NF","KLF4,FOXC2"
"P",0.22061633744887,"TS","KLF4,SNAI2"
"P",0.178711484593837,"TS","KLF4,Frizzled"
"P",0.196456007293323,"TS","KLF4,ZEB1"
"P",0.169916510293438,"NF","KLF4,DSH"
"N",0.183447332421341,"NF","KLF4,Wnt"
"P",0.235643173616188,"TS","KLF4,GSK3"
"P",0.137051082203911,"TS","KLF4,cateninnuc"
"P",0.274235836627141,"TS","KLF4,NOTCHic"
"P",0.235376623376623,"TS","KLF4,cfos"
"P",0.29201934178178,"TS","KLF4,NOTCH"
"P",0.271378693769998,"TS","KLF4,Csl"
"P",0.283007025761124,"TS","KLF4,TrCP"
"N",0.216340359094457,"NF","KLF4,LIV1"
"P",0.223007025761124,"TS","KLF4,EGR1"
"P",0.265877192982456,"TS","KLF4,PI3K"
"P",0.218930041582902,"TS","KLF4,SNAI1"
"P",0.10650554398614,"TS","KLF4,TCFLEF"
"N",0.201616055766535,"NF","KLF4,GLI"
"N",0.281566489482532,"NF","KLF4,Jagged"
"P",0.348333333333334,"TS","KLF4,DELTA"
"P",0.380889355742296,"TS","KLF4,RAS"
"P",0.376242711388686,"TS","KLF4,ERK"
"P",0.371615523663919,"TS","KLF4,MEK"
"N",0.348193157529086,"NF","KLF4,RKIP"
"P",0.389940219990435,"TS","KLF4,RAF"
"P",0.239603283173734,"TS","KLF4,SRC"
"P",0.343145161290323,"TS","KLF4,SHH"
"N",0.381738587463513,"NF","KLF4,SOSGRB2"
"P",0.361246438531152,"DA","Ecadherin,Ecadherin"
"P",0.326906953974539,"TS","Ecadherin,miR200"
"P",0.372571890140932,"DA","Ecadherin,IKK"
"N",0.0743906336392978,"NF","Ecadherin,TGF"
"N",0.0711405897406006,"NF","Ecadherin,TGFR"
"P",0.381263406697617,"DA","Ecadherin,NFB"
"N",0.105081392715662,"NF","Ecadherin,Csn"
"P",0.456566775608993,"TS","Ecadherin,TWIST1"
"N",0.24374573374746,"NF","Ecadherin,CD44"
"P",0.235521859969914,"TS","Ecadherin,cMet"
"P",0.355377810342198,"DA","Ecadherin,cateninmemb"
"N",0.327814373895951,"NF","Ecadherin,HEY1"
"N",0.364208971511319,"NF","Ecadherin,FOXC2"
"P",0.540722512180538,"TS","Ecadherin,SNAI2"
"P",0.033840880265946,"DA","Ecadherin,Frizzled"
"N",0.100132436356003,"NF","Ecadherin,ZEB1"
"N",0.040999342401234,"NF","Ecadherin,DSH"
"P",0.0364049828300485,"DA","Ecadherin,Wnt"
"N",0.100929425713887,"NF","Ecadherin,GSK3"
"P",0.0805586525952544,"TS","Ecadherin,cateninnuc"
"N",0.16304351060201,"NF","Ecadherin,NOTCHic"
"N",0.111514840577337,"NF","Ecadherin,cfos"
"N",0.15044281720522,"NF","Ecadherin,NOTCH"
"N",0.172353028703185,"NF","Ecadherin,Csl"
"N",0.14145507335494,"NF","Ecadherin,TrCP"
"P",0.0414550733549398,"NF","Ecadherin,LIV1"
"N",0.0905459824458489,"NF","Ecadherin,EGR1"
"P",0.0959379455110183,"TS","Ecadherin,PI3K"
"N",0.0749569750026868,"NF","Ecadherin,SNAI1"
"N",0.254768879125202,"NF","Ecadherin,TCFLEF"
"N",0.0540389171658646,"NF","Ecadherin,GLI"
"P",0.0766831942880234,"DA","Ecadherin,Jagged"
"N",0.148337977296182,"NF","Ecadherin,DELTA"
"P",0.144195336896287,"TS","Ecadherin,RAS"
"P",0.260617961107783,"TS","Ecadherin,ERK"
"P",0.261427314715343,"TS","Ecadherin,MEK"
"N",0.220837088251631,"NF","Ecadherin,RKIP"
"P",0.269741564240187,"TS","Ecadherin,RAF"
"P",0.196602412635244,"DA","Ecadherin,SRC"
"P",0.0368918804504275,"TS","Ecadherin,SHH"
"N",0.215651248685932,"NF","Ecadherin,SOSGRB2"
"P",0.213179292706588,"TS","miR200,miR200"
"N",0.0576689214675485,"NF","miR200,IKK"
"P",0.195257495259359,"TS","miR200,TGF"
"P",0.20254795423774,"TS","miR200,TGFR"
"N",0.077643025912952,"NF","miR200,NFB"
"N",0.0953447612629654,"NF","miR200,Csn"
"P",0.193487977483494,"TS","miR200,TWIST1"
"P",0.106613172047439,"DA","miR200,CD44"
"P",0.0858617675530566,"TS","miR200,cMet"
"N",0.312058251542655,"NF","miR200,cateninmemb"
"P",0.116565158005836,"DA","miR200,HEY1"
"N",0.145163264919363,"NF","miR200,FOXC2"
"P",0.198698852671749,"DA","miR200,SNAI2"
"P",0.218390151515152,"DA","miR200,Frizzled"
"N",0.260302080166134,"NF","miR200,ZEB1"
"P",0.200219419807834,"DA","miR200,DSH"
"P",0.208839095177124,"DA","miR200,Wnt"
"P",0.130887731463213,"DA","miR200,GSK3"
"P",0.234192209375482,"DA","miR200,cateninnuc"
"N",0.135328903373552,"NF","miR200,NOTCHic"
"P",0.188646973941092,"DA","miR200,cfos"
"N",0.128327172535238,"NF","miR200,NOTCH"
"N",0.164079560724615,"NF","miR200,Csl"
"N",0.211054515637973,"NF","miR200,TrCP"
"P",0.211054515637973,"DA","miR200,LIV1"
"P",0.196768801352259,"DA","miR200,EGR1"
"P",0.19263595755032,"DA","miR200,PI3K"
"N",0.171178144810594,"NF","miR200,SNAI1"
"P",0.223404973168732,"DA","miR200,TCFLEF"
"P",0.21458995938,"DA","miR200,GLI"
"N",0.156074479632091,"NF","miR200,Jagged"
"P",0.182608635145948,"DA","miR200,DELTA"
"P",0.317069059841785,"DA","miR200,RAS"
"P",0.301469289446371,"DA","miR200,ERK"
"P",0.297577732823722,"DA","miR200,MEK"
"P",0.317572724367211,"DA","miR200,RKIP"
"P",0.305020454714416,"DA","miR200,RAF"
"P",0.333485580442103,"DA","miR200,SRC"
"P",0.291605668684645,"DA","miR200,SHH"
"N",0.402641005529449,"NF","miR200,SOSGRB2"
"P",0.28095238095238,"TS","IKK,IKK"
"P",0.234417893217893,"TS","IKK,TGF"
"P",0.243217893217893,"TS","IKK,TGFR"
"P",0.205727155727156,"TS","IKK,NFB"
"P",0.209166666666667,"TS","IKK,Csn"
"P",0.0836306830424478,"TS","IKK,TWIST1"
"N",0.282051282051282,"NF","IKK,CD44"
"N",0.307692307692307,"NF","IKK,cMet"
"N",0.309964336305119,"NF","IKK,cateninmemb"
"N",0.169974937343358,"NF","IKK,HEY1"
"P",0.14040404040404,"TS","IKK,FOXC2"
"P",0.454515283991096,"TS","IKK,SNAI2"
"N",0.0725,"NF","IKK,Frizzled"
"N",0.0642498870126135,"NF","IKK,ZEB1"
"P",0.106666666666667,"TS","IKK,DSH"
"P",0.0810256410256411,"TS","IKK,Wnt"
"P",0.0992642415056209,"TS","IKK,GSK3"
"P",0.208975752024562,"TS","IKK,cateninnuc"
"P",0.266378066378066,"DA","IKK,NOTCHic"
"N",0.230357142857143,"NF","IKK,cfos"
"P",0.256854256854257,"DA","IKK,NOTCH"
"P",0.24533709184872,"DA","IKK,Csl"
"P",0.171710526315789,"NF","IKK,TrCP"
"N",0.271710526315789,"NF","IKK,LIV1"
"P",0.171710526315789,"NF","IKK,EGR1"
"P",0.0930002491014555,"TS","IKK,PI3K"
"N",0.190992403612934,"NF","IKK,SNAI1"
"P",0.117667981735778,"TS","IKK,TCFLEF"
"N",0.207835981896132,"NF","IKK,GLI"
"P",0.110299906279288,"DA","IKK,Jagged"
"N",0.110647307924985,"NF","IKK,DELTA"
"P",0.260130876000103,"TS","IKK,RAS"
"P",0.222754265342501,"TS","IKK,ERK"
"P",0.217264069264069,"TS","IKK,MEK"
"N",0.226307572209211,"NF","IKK,RKIP"
"P",0.224933022210699,"TS","IKK,RAF"
"P",0.129487179487179,"TS","IKK,SRC"
"P",0.187662835249042,"TS","IKK,SHH"
"P",0.543196225858764,"TS","IKK,SOSGRB2"
"P",0.152301587301587,"DA","TGF,TGF"
"P",0.244107565011821,"DA","TGF,TGFR"
"P",0.202681907684439,"TS","TGF,NFB"
"P",0.130171677370943,"TS","TGF,Csn"
"P",0.167634028209199,"DA","TGF,TWIST1"
"P",0.0223480083857442,"TS","TGF,CD44"
"P",0.0568321513002364,"DA","TGF,cMet"
"P",0.0650878233587274,"DA","TGF,cateninmemb"
"N",0.0427195986853485,"NF","TGF,HEY1"
"P",0.104184632264166,"DA","TGF,FOXC2"
"P",0.108052884793166,"DA","TGF,SNAI2"
"P",0.0714285714285714,"DA","TGF,Frizzled"
"P",0.130459043191589,"DA","TGF,ZEB1"
"P",0.0595818815331011,"NF","TGF,DSH"
"N",0.0657142857142857,"NF","TGF,Wnt"
"P",0.201008756462911,"DA","TGF,GSK3"
"N",0.10542533152368,"NF","TGF,cateninnuc"
"P",0.202698993219642,"DA","TGF,NOTCHic"
"P",0.258110516934046,"DA","TGF,cfos"
"P",0.184974416017798,"DA","TGF,NOTCH"
"P",0.186553868503089,"DA","TGF,Csl"
"P",0.100577339728738,"NF","TGF,TrCP"
"P",0.100577339728738,"NF","TGF,LIV1"
"P",0.233910673062071,"DA","TGF,EGR1"
"P",0.228263988522238,"DA","TGF,PI3K"
"P",0.194349000619167,"DA","TGF,SNAI1"
"N",0.0843461233516389,"NF","TGF,TCFLEF"
"P",0.209310335715288,"DA","TGF,GLI"
"N",0.129431026018655,"NF","TGF,Jagged"
"P",0.273,"DA","TGF,DELTA"
"P",0.410951895609729,"DA","TGF,RAS"
"P",0.386370059718766,"DA","TGF,ERK"
"P",0.377780316129022,"DA","TGF,MEK"
"P",0.294114981591617,"DA","TGF,RKIP"
"P",0.39270805518469,"DA","TGF,RAF"
"P",0.30790404040404,"NF","TGF,SRC"
"N",0.357155172413793,"NF","TGF,SHH"
"P",0.531892004971512,"DA","TGF,SOSGRB2"
"P",0.152301587301587,"DA","TGFR,TGFR"
"P",0.234417893217893,"TS","TGFR,NFB"
"P",0.178978359948509,"TS","TGFR,Csn"
"P",0.159590837197599,"DA","TGFR,TWIST1"
"N",0.00819596160211852,"NF","TGFR,CD44"
"P",0.0223480083857442,"DA","TGFR,cMet"
"P",0.0657217788147953,"DA","TGFR,cateninmemb"
"N",0.0512452630464698,"NF","TGFR,HEY1"
"P",0.102080041785947,"DA","TGFR,FOXC2"
"P",0.108893982101655,"DA","TGFR,SNAI2"
"N",0.0657142857142857,"NF","TGFR,Frizzled"
"P",0.119778609377891,"DA","TGFR,ZEB1"
"P",0.0714285714285714,"DA","TGFR,DSH"
"P",0.0674932614555256,"DA","TGFR,Wnt"
"P",0.201110317493568,"DA","TGFR,GSK3"
"N",0.107425401145132,"NF","TGFR,cateninnuc"
"P",0.184974416017798,"DA","TGFR,NOTCHic"
"P",0.2437564499484,"DA","TGFR,cfos"
"P",0.203261721657157,"DA","TGFR,NOTCH"
"P",0.202698993219642,"DA","TGFR,Csl"
"P",0.129539088362618,"DA","TGFR,TrCP"
"P",0.0962057550292844,"NF","TGFR,LIV1"
"P",0.258110516934046,"DA","TGFR,EGR1"
"P",0.229236694677871,"DA","TGFR,PI3K"
"P",0.1946142494535,"DA","TGFR,SNAI1"
"N",0.0829487406715794,"NF","TGFR,TCFLEF"
"P",0.20794411180637,"DA","TGFR,GLI"
"N",0.182880301380974,"NF","TGFR,Jagged"
"P",0.326785714285715,"DA","TGFR,DELTA"
"P",0.412434149098235,"DA","TGFR,RAS"
"P",0.377780316129022,"DA","TGFR,ERK"
"P",0.392568837276907,"DA","TGFR,MEK"
"P",0.304502164502164,"DA","TGFR,RKIP"
"P",0.399166666666667,"DA","TGFR,RAF"
"N",0.329722222222222,"NF","TGFR,SRC"
"N",0.334330313656731,"NF","TGFR,SHH"
"P",0.552538183064499,"DA","TGFR,SOSGRB2"
"P",0.28095238095238,"TS","NFB,NFB"
"P",0.153809523809524,"TS","NFB,Csn"
"P",0.0817259211376859,"TS","NFB,TWIST1"
"N",0.27922642329422,"NF","NFB,CD44"
"N",0.282051282051282,"NF","NFB,cMet"
"N",0.320434045718861,"NF","NFB,cateninmemb"
"N",0.185451127819549,"NF","NFB,HEY1"
"P",0.138393036799411,"TS","NFB,FOXC2"
"P",0.456134291560482,"TS","NFB,SNAI2"
"P",0.0810256410256411,"TS","NFB,Frizzled"
"N",0.0733824791864719,"NF","NFB,ZEB1"
"N",0.0725,"NF","NFB,DSH"
"P",0.148717948717949,"TS","NFB,Wnt"
"P",0.088919413919414,"TS","NFB,GSK3"
"P",0.219563987318679,"TS","NFB,cateninnuc"
"P",0.256854256854257,"DA","NFB,NOTCHic"
"N",0.205857142857143,"NF","NFB,cfos"
"P",0.178431317786157,"DA","NFB,NOTCH"
"P",0.266378066378066,"DA","NFB,Csl"
"P",0.2875,"DA","NFB,TrCP"
"N",0.2875,"NF","NFB,LIV1"
"N",0.230357142857143,"NF","NFB,EGR1"
"P",0.113464209333436,"TS","NFB,PI3K"
"N",0.208064955616992,"NF","NFB,SNAI1"
"P",0.116402158950968,"TS","NFB,TCFLEF"
"N",0.223956137823672,"NF","NFB,GLI"
"P",0.0153358775023093,"NF","NFB,Jagged"
"P",0.0134642093334356,"NF","NFB,DELTA"
"P",0.284608487940401,"TS","NFB,RAS"
"P",0.217264069264069,"TS","NFB,ERK"
"P",0.250894491129785,"TS","NFB,MEK"
"N",0.228871674773314,"NF","NFB,RKIP"
"P",0.22774992361915,"TS","NFB,RAF"
"P",0.191025641025641,"TS","NFB,SRC"
"P",0.090072473803259,"NF","NFB,SHH"
"P",0.547406752174554,"TS","NFB,SOSGRB2"
"P",0.16,"TS","Csn,Csn"
"P",0.141665887486364,"TS","Csn,TWIST1"
"P",0.218798042745695,"DA","Csn,CD44"
"P",0.31924248719014,"TS","Csn,cMet"
"P",0.128548747669183,"TS","Csn,cateninmemb"
"N",0.124551495016611,"NF","Csn,HEY1"
"N",0.163476452405172,"NF","Csn,FOXC2"
"N",0.19637345569382,"NF","Csn,SNAI2"
"N",0.179885057471265,"NF","Csn,Frizzled"
"N",0.0542133995037221,"NF","Csn,ZEB1"
"N",0.123333333333334,"NF","Csn,DSH"
"N",0.21924248719014,"NF","Csn,Wnt"
"N",0.0332917328603892,"NF","Csn,GSK3"
"N",0.272057697909887,"NF","Csn,cateninnuc"
"P",0.221139971139971,"DA","Csn,NOTCHic"
"P",0.144242424242424,"DA","Csn,cfos"
"P",0.124986124986125,"NF","Csn,NOTCH"
"P",0.292424242424243,"DA","Csn,Csl"
"N",0.195,"NF","Csn,TrCP"
"P",0.308333333333333,"DA","Csn,LIV1"
"P",0.228333333333333,"DA","Csn,EGR1"
"N",0.199046986484719,"NF","Csn,PI3K"
"N",0.258609744715317,"NF","Csn,SNAI1"
"N",0.175310340737093,"NF","Csn,TCFLEF"
"P",0.257694694856321,"DA","Csn,GLI"
"P",0.0397328101073475,"NF","Csn,Jagged"
"P",0.0323803198180519,"NF","Csn,DELTA"
"N",0.334491644194251,"NF","Csn,RAS"
"N",0.249437229437229,"NF","Csn,ERK"
"N",0.252562229437229,"NF","Csn,MEK"
"N",0.283097932345199,"NF","Csn,RKIP"
"N",0.232380319818052,"NF","Csn,RAF"
"N",0.263218390804598,"NF","Csn,SRC"
"P",0.0375933544098536,"NF","Csn,SHH"
"P",0.477239709443099,"TS","Csn,SOSGRB2"
"P",0.174873143002434,"TS","TWIST1,TWIST1"
"N",0.116651514482839,"NF","TWIST1,CD44"
"N",0.143058265080737,"NF","TWIST1,cMet"
"N",0.327087447277602,"NF","TWIST1,cateninmemb"
"N",0.0919144098027448,"NF","TWIST1,HEY1"
"P",0.0638110761987246,"DA","TWIST1,FOXC2"
"N",0.441415877985221,"NF","TWIST1,SNAI2"
"N",0.135130718954248,"NF","TWIST1,Frizzled"
"N",0.0948985659850128,"NF","TWIST1,ZEB1"
"N",0.117636629119733,"NF","TWIST1,DSH"
"N",0.129516683866529,"NF","TWIST1,Wnt"
"N",0.145246510337041,"NF","TWIST1,GSK3"
"N",0.156595351668069,"NF","TWIST1,cateninnuc"
"P",0.124204027598975,"DA","TWIST1,NOTCHic"
"P",0.213888575192923,"DA","TWIST1,cfos"
"P",0.107537360932308,"DA","TWIST1,NOTCH"
"P",0.113577182660618,"DA","TWIST1,Csl"
"P",0.0339972708450969,"NF","TWIST1,TrCP"
"P",0.133997270845097,"DA","TWIST1,LIV1"
"P",0.233997270845097,"DA","TWIST1,EGR1"
"N",0.166735082648236,"NF","TWIST1,PI3K"
"P",0.0684621490577151,"DA","TWIST1,SNAI1"
"N",0.157491864765813,"NF","TWIST1,TCFLEF"
"P",0.141115599510845,"DA","TWIST1,GLI"
"P",0.0433291377944714,"DA","TWIST1,Jagged"
"P",0.182517001212763,"DA","TWIST1,DELTA"
"P",0.301287988216627,"DA","TWIST1,RAS"
"P",0.323145569046538,"DA","TWIST1,ERK"
"P",0.318004837199532,"DA","TWIST1,MEK"
"P",0.151166459286664,"DA","TWIST1,RKIP"
"P",0.27967624066612,"DA","TWIST1,RAF"
"P",0.28090901435729,"DA","TWIST1,SRC"
"N",0.127001762002234,"NF","TWIST1,SHH"
"P",0.329265739599835,"DA","TWIST1,SOSGRB2"
"P",0.286666666666666,"TS","CD44,CD44"
"P",0.172403100775194,"DA","CD44,cMet"
"P",0.232731058667537,"DA","CD44,cateninmemb"
"P",0.150517223688298,"TS","CD44,HEY1"
"N",0.011058159360812,"NF","CD44,FOXC2"
"N",0.38362096432519,"NF","CD44,SNAI2"
"N",0.208458646616541,"NF","CD44,Frizzled"
"P",0.0158169474794295,"NF","CD44,ZEB1"
"P",0.101173878404621,"NF","CD44,DSH"
"N",0.251315789473684,"NF","CD44,Wnt"
"N",0.242602449833192,"NF","CD44,GSK3"
"N",0.194787576203148,"NF","CD44,cateninnuc"
"P",0.261618381618381,"TS","CD44,NOTCHic"
"P",0.357217217217217,"TS","CD44,cfos"
"P",0.286372574793627,"TS","CD44,NOTCH"
"P",0.243659197944912,"TS","CD44,Csl"
"P",0.0542469201875142,"NF","CD44,TrCP"
"N",0.154246920187514,"NF","CD44,LIV1"
"P",0.354246920187514,"TS","CD44,EGR1"
"N",0.255023623719276,"NF","CD44,PI3K"
"P",0.1458240954489,"TS","CD44,SNAI1"
"N",0.242936482487821,"NF","CD44,TCFLEF"
"P",0.197892192770648,"TS","CD44,GLI"
"P",0.196969696969697,"TS","CD44,Jagged"
"P",0.169010989010989,"TS","CD44,DELTA"
"N",0.297337743608082,"NF","CD44,RAS"
"N",0.42514740382157,"NF","CD44,ERK"
"N",0.453544350386456,"NF","CD44,MEK"
"N",0.261120107962214,"NF","CD44,RKIP"
"N",0.24731058415269,"NF","CD44,RAF"
"P",0.0531967213114754,"NF","CD44,SRC"
"P",0.169090909090909,"NF","CD44,SHH"
"N",0.417701863354038,"NF","CD44,SOSGRB2"
"P",0.286666666666666,"TS","cMet,cMet"
"N",0.237017938016321,"NF","cMet,cateninmemb"
"P",0.121975024199806,"DA","cMet,HEY1"
"N",0.0106619017933933,"NF","cMet,FOXC2"
"N",0.39311001542008,"NF","cMet,SNAI2"
"N",0.251315789473684,"NF","cMet,Frizzled"
"N",0.0264861393986214,"NF","cMet,ZEB1"
"N",0.208458646616541,"NF","cMet,DSH"
"N",0.218333333333333,"NF","cMet,Wnt"
"N",0.232740698681119,"NF","cMet,GSK3"
"N",0.199643642923621,"NF","cMet,cateninnuc"
"P",0.286372574793627,"DA","cMet,NOTCHic"
"P",0.363703703703704,"DA","cMet,cfos"
"P",0.287919963575059,"DA","cMet,NOTCH"
"P",0.261618381618381,"DA","cMet,Csl"
"P",0.157217217217217,"DA","cMet,TrCP"
"N",0.157217217217217,"NF","cMet,LIV1"
"P",0.357217217217217,"DA","cMet,EGR1"
"N",0.273485162180815,"NF","cMet,PI3K"
"P",0.136395344664217,"DA","cMet,SNAI1"
"N",0.261185152057245,"NF","cMet,TCFLEF"
"P",0.176026989008893,"DA","cMet,GLI"
"P",0.22690280733759,"DA","cMet,Jagged"
"P",0.242857142857143,"DA","cMet,DELTA"
"N",0.287662914222293,"NF","cMet,RAS"
"N",0.453544350386456,"NF","cMet,ERK"
"N",0.442635259477365,"NF","cMet,MEK"
"N",0.215536062378168,"NF","cMet,RKIP"
"N",0.236541353383459,"NF","cMet,RAF"
"P",0.095,"DA","cMet,SRC"
"P",0.147215909090909,"NF","cMet,SHH"
"N",0.398861283643893,"NF","cMet,SOSGRB2"
"P",0.207583038355026,"DA","cateninmemb,cateninmemb"
"P",0.280064702288964,"TS","cateninmemb,HEY1"
"P",0.316459299904332,"TS","cateninmemb,FOXC2"
"N",0.405156316395869,"NF","cateninmemb,SNAI2"
"P",0.0305670842768851,"TS","cateninmemb,Frizzled"
"P",0.174300653876873,"DA","cateninmemb,ZEB1"
"N",0.0359439741239572,"NF","cateninmemb,DSH"
"P",0.0327893064991073,"TS","cateninmemb,Wnt"
"N",0.0944563523685242,"NF","cateninmemb,GSK3"
"N",0.120572245155234,"NF","cateninmemb,cateninnuc"
"P",0.181768722831763,"DA","cateninmemb,NOTCHic"
"P",0.144830245634192,"DA","cateninmemb,cfos"
"P",0.182073359492221,"DA","cateninmemb,NOTCH"
"P",0.194489804833087,"DA","cateninmemb,Csl"
"P",0.177521280089932,"DA","cateninmemb,TrCP"
"P",0.0775212800899318,"NF","cateninmemb,LIV1"
"P",0.126612189180841,"DA","cateninmemb,EGR1"
"N",0.143384001609423,"NF","cateninmemb,PI3K"
"P",0.114426678023751,"DA","cateninmemb,SNAI1"
"P",0.17380593090938,"DA","cateninmemb,TCFLEF"
"P",0.0871180300874278,"DA","cateninmemb,GLI"
"N",0.114879350491592,"NF","cateninmemb,Jagged"
"P",0.186534133499751,"DA","cateninmemb,DELTA"
"N",0.159318322969563,"NF","cateninmemb,RAS"
"N",0.252768182403675,"NF","cateninmemb,ERK"
"N",0.247132235292539,"NF","cateninmemb,MEK"
"P",0.211080193554937,"TS","cateninmemb,RKIP"
"N",0.259984669543494,"NF","cateninmemb,RAF"
"N",0.18741043674704,"NF","cateninmemb,SRC"
"N",0.108173242457596,"NF","cateninmemb,SHH"
"P",0.219318218358934,"TS","cateninmemb,SOSGRB2"
"P",0.120122230710466,"TS","HEY1,HEY1"
"P",0.149455258439636,"TS","HEY1,FOXC2"
"N",0.146197085814429,"NF","HEY1,SNAI2"
"N",0.12365649369404,"NF","HEY1,Frizzled"
"N",0.0767208833451475,"NF","HEY1,ZEB1"
"P",0.109002210928303,"NF","HEY1,DSH"
"P",0.138017468167947,"TS","HEY1,Wnt"
"N",0.169253293807829,"NF","HEY1,GSK3"
"N",0.0936988544979452,"NF","HEY1,cateninnuc"
"N",0.364743083003952,"NF","HEY1,NOTCHic"
"N",0.224053427831539,"NF","HEY1,cfos"
"N",0.377526588158591,"NF","HEY1,NOTCH"
"N",0.330102560128135,"NF","HEY1,Csl"
"N",0.239668401093571,"NF","HEY1,TrCP"
"P",0.173001734426904,"TS","HEY1,LIV1"
"N",0.179668401093571,"NF","HEY1,EGR1"
"N",0.21067483940403,"NF","HEY1,PI3K"
"N",0.157878911352376,"NF","HEY1,SNAI1"
"N",0.141108314234629,"NF","HEY1,TCFLEF"
"P",0.169734099018703,"TS","HEY1,GLI"
"P",0.314899822815865,"TS","HEY1,Jagged"
"N",0.381666666666667,"NF","HEY1,DELTA"
"N",0.203373827791986,"NF","HEY1,RAS"
"N",0.101859462819305,"NF","HEY1,ERK"
"N",0.0840486890956504,"NF","HEY1,MEK"
"P",0.0533535956880905,"TS","HEY1,RKIP"
"N",0.0951006581494387,"NF","HEY1,RAF"
"N",0.214447397628366,"NF","HEY1,SRC"
"N",0.176478494623656,"NF","HEY1,SHH"
"P",0.0495854774156661,"TS","HEY1,SOSGRB2"
"P",0.178788286168806,"TS","FOXC2,FOXC2"
"N",0.217596327637649,"NF","FOXC2,SNAI2"
"P",0.0840651982476448,"DA","FOXC2,Frizzled"
"P",0.0916900812284238,"DA","FOXC2,ZEB1"
"P",0.070823537947161,"NF","FOXC2,DSH"
"N",0.083928399342036,"NF","FOXC2,Wnt"
"P",0.133656255788581,"DA","FOXC2,GSK3"
"N",0.113711133462118,"NF","FOXC2,cateninnuc"
"P",0.144535280387815,"DA","FOXC2,NOTCHic"
"P",0.101081071009335,"DA","FOXC2,cfos"
"P",0.148609108123099,"DA","FOXC2,NOTCH"
"P",0.150857119468275,"DA","FOXC2,Csl"
"P",0.156817748125322,"DA","FOXC2,TrCP"
"N",0.0901510814586557,"NF","FOXC2,LIV1"
"P",0.0968177481253224,"DA","FOXC2,EGR1"
"P",0.160031358885018,"DA","FOXC2,PI3K"
"P",0.0874080006240977,"DA","FOXC2,SNAI1"
"N",0.012724840636296,"NF","FOXC2,TCFLEF"
"N",0.0474360880112959,"NF","FOXC2,GLI"
"N",0.116328394244436,"NF","FOXC2,Jagged"
"P",0.183095238095238,"DA","FOXC2,DELTA"
"N",0.143111577964519,"NF","FOXC2,RAS"
"N",0.0802961399107444,"NF","FOXC2,ERK"
"N",0.0636673620448532,"NF","FOXC2,MEK"
"N",0.0468014197078237,"NF","FOXC2,RKIP"
"P",0.0885484821691719,"DA","FOXC2,RAF"
"N",0.0673015873015873,"NF","FOXC2,SRC"
"N",0.193145161290323,"NF","FOXC2,SHH"
"P",0.136150578980768,"TS","FOXC2,SOSGRB2"
"P",0.73967695364272,"DA","SNAI2,SNAI2"
"P",0.245777168822692,"DA","SNAI2,Frizzled"
"N",0.0996391383885696,"NF","SNAI2,ZEB1"
"P",0.236655266278206,"DA","SNAI2,DSH"
"P",0.245946005184713,"DA","SNAI2,Wnt"
"P",0.257630267890468,"DA","SNAI2,GSK3"
"P",0.268494307706162,"DA","SNAI2,cateninnuc"
"P",0.212725915281801,"DA","SNAI2,NOTCHic"
"P",0.164504413576977,"DA","SNAI2,cfos"
"P",0.211435021806539,"DA","SNAI2,NOTCH"
"P",0.21298495213568,"DA","SNAI2,Csl"
"P",0.205528418115501,"DA","SNAI2,TrCP"
"P",0.185528418115501,"DA","SNAI2,LIV1"
"P",0.172195084782168,"DA","SNAI2,EGR1"
"P",0.305555738769888,"DA","SNAI2,PI3K"
"P",0.202651511952213,"DA","SNAI2,SNAI1"
"N",0.28360250755579,"NF","SNAI2,TCFLEF"
"P",0.204489172357733,"DA","SNAI2,GLI"
"P",0.171880909821539,"DA","SNAI2,Jagged"
"P",0.221865927873077,"DA","SNAI2,DELTA"
"P",0.554906673344227,"DA","SNAI2,RAS"
"P",0.568768258382505,"DA","SNAI2,ERK"
"P",0.567146393054597,"DA","SNAI2,MEK"
"N",0.595987379002067,"NF","SNAI2,RKIP"
"P",0.627074523566948,"DA","SNAI2,RAF"
"P",0.212156753204622,"DA","SNAI2,SRC"
"N",0.254622566527016,"NF","SNAI2,SHH"
"N",0.593705872511929,"NF","SNAI2,SOSGRB2"
"P",0.15,"DA","Frizzled,Frizzled"
"N",0.0929829937287642,"NF","Frizzled,ZEB1"
"P",0.301315789473684,"DA","Frizzled,DSH"
"P",0.301315789473684,"DA","Frizzled,Wnt"
"N",0.153082471067952,"NF","Frizzled,GSK3"
"P",0.148549470848706,"DA","Frizzled,cateninnuc"
"N",0.0666300366300367,"NF","Frizzled,NOTCHic"
"N",0.0933333333333333,"NF","Frizzled,cfos"
"N",0.13812324929972,"NF","Frizzled,NOTCH"
"N",0.0923876123876124,"NF","Frizzled,Csl"
"N",0.143703703703704,"NF","Frizzled,TrCP"
"N",0.143703703703704,"NF","Frizzled,LIV1"
"N",0.077037037037037,"NF","Frizzled,EGR1"
"P",0.137009189640769,"DA","Frizzled,PI3K"
"P",0.0913681546862325,"TS","Frizzled,SNAI1"
"P",0.222056231345797,"DA","Frizzled,TCFLEF"
"P",0.145232840164928,"DA","Frizzled,GLI"
"P",0.129711824123589,"TS","Frizzled,Jagged"
"N",0.14812030075188,"NF","Frizzled,DELTA"
"P",0.197332899177076,"DA","Frizzled,RAS"
"P",0.159984917043741,"DA","Frizzled,ERK"
"P",0.132919389978214,"DA","Frizzled,MEK"
"P",0.135476190476191,"DA","Frizzled,RKIP"
"P",0.14812030075188,"DA","Frizzled,RAF"
"N",0.15,"NF","Frizzled,SRC"
"P",0.26811199553135,"DA","Frizzled,SHH"
"P",0.147619047619047,"DA","Frizzled,SOSGRB2"
"P",0.203647297230506,"TS","ZEB1,ZEB1"
"N",0.0801541095344104,"NF","ZEB1,DSH"
"N",0.0996852024111709,"NF","ZEB1,Wnt"
"P",0.076600311576651,"TS","ZEB1,GSK3"
"N",0.018994053348295,"NF","ZEB1,cateninnuc"
"P",0.119598725963816,"TS","ZEB1,NOTCHic"
"P",0.134521849417733,"TS","ZEB1,cfos"
"P",0.138741670561305,"TS","ZEB1,NOTCH"
"P",0.129348482219909,"TS","ZEB1,Csl"
"P",0.140129566459533,"TS","ZEB1,TrCP"
"N",0.140129566459533,"NF","ZEB1,LIV1"
"P",0.140129566459533,"TS","ZEB1,EGR1"
"P",0.121604823815349,"TS","ZEB1,PI3K"
"P",0.139367052125976,"TS","ZEB1,SNAI1"
"N",0.0996811428108701,"NF","ZEB1,TCFLEF"
"N",0.116569554391121,"NF","ZEB1,GLI"
"N",0.173042499796565,"NF","ZEB1,Jagged"
"P",0.20589876866823,"TS","ZEB1,DELTA"
"N",0.0860884762972237,"NF","ZEB1,RAS"
"P",0.0584214709890101,"TS","ZEB1,ERK"
"P",0.0630543059815524,"TS","ZEB1,MEK"
"N",0.0550940686781774,"NF","ZEB1,RKIP"
"P",0.0753779028457611,"TS","ZEB1,RAF"
"N",0.0807435942387622,"NF","ZEB1,SRC"
"N",0.0800909979002924,"NF","ZEB1,SHH"
"P",0.0891520467836257,"DA","ZEB1,SOSGRB2"
"P",0.15,"DA","DSH,DSH"
"P",0.308458646616541,"DA","DSH,Wnt"
"N",0.14524355824064,"NF","DSH,GSK3"
"P",0.154529050985083,"DA","DSH,cateninnuc"
"N",0.13812324929972,"NF","DSH,NOTCHic"
"N",0.15921568627451,"NF","DSH,cfos"
"N",0.167214158390629,"NF","DSH,NOTCH"
"N",0.0666300366300367,"NF","DSH,Csl"
"N",0.106666666666667,"NF","DSH,TrCP"
"N",0.14,"NF","DSH,LIV1"
"N",0.0933333333333333,"NF","DSH,EGR1"
"P",0.147332899177077,"DA","DSH,PI3K"
"P",0.0732827237175063,"TS","DSH,SNAI1"
"P",0.205627659917225,"DA","DSH,TCFLEF"
"P",0.141269104132881,"DA","DSH,GLI"
"P",0.0312622117204881,"NF","DSH,Jagged"
"P",0.0473328991770765,"NF","DSH,DELTA"
"P",0.147052787132259,"DA","DSH,RAS"
"P",0.132919389978214,"DA","DSH,ERK"
"P",0.16818254787295,"DA","DSH,MEK"
"P",0.129182484182484,"DA","DSH,RKIP"
"P",0.147332899177077,"DA","DSH,RAF"
"N",0.201315789473684,"NF","DSH,SRC"
"P",0.261363529273682,"DA","DSH,SHH"
"P",0.128455284552845,"DA","DSH,SOSGRB2"
"P",0.15,"DA","Wnt,Wnt"
"N",0.151347474038837,"NF","Wnt,GSK3"
"P",0.157586737929452,"DA","Wnt,cateninnuc"
"N",0.0923876123876124,"NF","Wnt,NOTCHic"
"N",0.077037037037037,"NF","Wnt,cfos"
"N",0.0666300366300367,"NF","Wnt,NOTCH"
"N",0.147072712234003,"NF","Wnt,Csl"
"N",0.156861598440546,"NF","Wnt,TrCP"
"P",0.0568615984405458,"NF","Wnt,LIV1"
"P",0.0568615984405458,"NF","Wnt,EGR1"
"P",0.158748320075552,"DA","Wnt,PI3K"
"P",0.0949144187203014,"TS","Wnt,SNAI1"
"P",0.226776896993615,"DA","Wnt,TCFLEF"
"P",0.127501747727953,"DA","Wnt,GLI"
"P",0.122843137254902,"TS","Wnt,Jagged"
"N",0.12812030075188,"NF","Wnt,DELTA"
"P",0.180473241928351,"DA","Wnt,RAS"
"P",0.163193473193473,"DA","Wnt,ERK"
"P",0.159984917043741,"DA","Wnt,MEK"
"P",0.0983333333333333,"DA","Wnt,RKIP"
"P",0.11812030075188,"DA","Wnt,RAF"
"N",0.145,"NF","Wnt,SRC"
"P",0.190692640692641,"DA","Wnt,SHH"
"P",0.121861471861472,"DA","Wnt,SOSGRB2"
"P",0.290184988449054,"TS","GSK3,GSK3"
"P",0.230670597388669,"DA","GSK3,cateninnuc"
"N",0.152456075999318,"NF","GSK3,NOTCHic"
"N",0.153325234134058,"NF","GSK3,cfos"
"N",0.143719358171691,"NF","GSK3,NOTCH"
"N",0.141745137453328,"NF","GSK3,Csl"
"N",0.0959816017316018,"NF","GSK3,TrCP"
"N",0.164314935064935,"NF","GSK3,LIV1"
"N",0.148530621339445,"NF","GSK3,EGR1"
"N",0.0765260916055631,"NF","GSK3,PI3K"
"P",0.117448388595179,"TS","GSK3,SNAI1"
"N",0.260292701917877,"NF","GSK3,TCFLEF"
"P",0.107229468738369,"DA","GSK3,GLI"
"P",0.111776796277358,"TS","GSK3,Jagged"
"N",0.127129415484749,"NF","GSK3,DELTA"
"P",0.122320739274356,"DA","GSK3,RAS"
"P",0.177251915070325,"DA","GSK3,ERK"
"P",0.174818693205905,"DA","GSK3,MEK"
"P",0.129402597112564,"DA","GSK3,RKIP"
"P",0.151032298558579,"DA","GSK3,RAF"
"P",0.182484620642515,"DA","GSK3,SRC"
"P",0.191482533076896,"DA","GSK3,SHH"
"P",0.2701008854737,"DA","GSK3,SOSGRB2"
"P",0.0890698935417324,"TS","cateninnuc,cateninnuc"
"N",0.195893192780074,"NF","cateninnuc,NOTCHic"
"N",0.107715979308747,"NF","cateninnuc,cfos"
"N",0.201351208047249,"NF","cateninnuc,NOTCH"
"N",0.20553790670298,"NF","cateninnuc,Csl"
"N",0.223896984044475,"NF","cateninnuc,TrCP"
"N",0.117836377983869,"NF","cateninnuc,LIV1"
"N",0.113027418827083,"NF","cateninnuc,EGR1"
"P",0.262960095616957,"DA","cateninnuc,PI3K"
"N",0.184776896734617,"NF","cateninnuc,SNAI1"
"P",0.0782658498211727,"DA","cateninnuc,TCFLEF"
"N",0.112249865956138,"NF","cateninnuc,GLI"
"N",0.0757766022110948,"NF","cateninnuc,Jagged"
"N",0.203417213417213,"NF","cateninnuc,DELTA"
"P",0.310656772762804,"DA","cateninnuc,RAS"
"P",0.158036350808646,"DA","cateninnuc,ERK"
"P",0.161680591379493,"DA","cateninnuc,MEK"
"N",0.231709560440799,"NF","cateninnuc,RKIP"
"P",0.261231949906116,"DA","cateninnuc,RAF"
"N",0.100503537283376,"NF","cateninnuc,SRC"
"P",0.0436521512857935,"DA","cateninnuc,SHH"
"N",0.147070639067479,"NF","cateninnuc,SOSGRB2"
"P",0.253456221198156,"TS","NOTCHic,NOTCHic"
"N",0.147948717948718,"NF","NOTCHic,cfos"
"P",0.164322095561485,"TS","NOTCHic,NOTCH"
"P",0.164322095561485,"TS","NOTCHic,Csl"
"P",0.126923076923077,"NF","NOTCHic,TrCP"
"P",0.226923076923077,"TS","NOTCHic,LIV1"
"P",0.146923076923077,"TS","NOTCHic,EGR1"
"N",0.0505310631397588,"NF","NOTCHic,PI3K"
"P",0.180317460317461,"TS","NOTCHic,SNAI1"
"N",0.213466307780716,"NF","NOTCHic,TCFLEF"
"P",0.15162620471853,"TS","NOTCHic,GLI"
"P",0.117811670791803,"NF","NOTCHic,Jagged"
"P",0.0159156785243742,"NF","NOTCHic,DELTA"
"N",0.317056461516337,"NF","NOTCHic,RAS"
"P",0.277395791556375,"DA","NOTCHic,ERK"
"P",0.266446886446886,"DA","NOTCHic,MEK"
"P",0.260040348189935,"DA","NOTCHic,RKIP"
"N",0.249249011857707,"NF","NOTCHic,RAF"
"N",0.0973443223443224,"NF","NOTCHic,SRC"
"P",0.363401936456965,"DA","NOTCHic,SHH"
"P",0.53822966507177,"DA","NOTCHic,SOSGRB2"
"P",0.08,"DA","cfos,cfos"
"P",0.146923076923077,"TS","cfos,NOTCH"
"N",0.206190476190476,"NF","cfos,Csl"
"P",0.0791304347826087,"NF","cfos,TrCP"
"N",0.179130434782609,"NF","cfos,LIV1"
"P",0.159130434782609,"DA","cfos,EGR1"
"P",0.0631419234360411,"DA","cfos,PI3K"
"N",0.138153422807957,"NF","cfos,SNAI1"
"N",0.079543087434901,"NF","cfos,TCFLEF"
"N",0.244480646059594,"NF","cfos,GLI"
"P",0.128229166666667,"NF","cfos,Jagged"
"P",0.0155228758169935,"NF","cfos,DELTA"
"P",0.238205802646262,"DA","cfos,RAS"
"P",0.42126543111423,"DA","cfos,ERK"
"P",0.408066729347191,"DA","cfos,MEK"
"P",0.341818181818182,"DA","cfos,RKIP"
"P",0.325522875816994,"DA","cfos,RAF"
"N",0.146060606060606,"NF","cfos,SRC"
"N",0.268777379530068,"NF","cfos,SHH"
"P",0.473412698412698,"DA","cfos,SOSGRB2"
"P",0.253456221198156,"TS","NOTCH,NOTCH"
"P",0.11964677088616,"NF","NOTCH,Csl"
"P",0.124725274725275,"NF","NOTCH,TrCP"
"P",0.124725274725275,"NF","NOTCH,LIV1"
"P",0.124725274725275,"NF","NOTCH,EGR1"
"N",0.0800308293856681,"NF","NOTCH,PI3K"
"P",0.174557823129252,"TS","NOTCH,SNAI1"
"N",0.21946535856382,"NF","NOTCH,TCFLEF"
"P",0.13789348582452,"TS","NOTCH,GLI"
"P",0.158682058682059,"TS","NOTCH,Jagged"
"P",0.068917748917749,"TS","NOTCH,DELTA"
"N",0.293671388554165,"NF","NOTCH,RAS"
"P",0.239801806593969,"DA","NOTCH,ERK"
"P",0.277395791556375,"DA","NOTCH,MEK"
"P",0.258090185676392,"DA","NOTCH,RKIP"
"N",0.236317016317016,"NF","NOTCH,RAF"
"N",0.154761904761905,"NF","NOTCH,SRC"
"P",0.335444947209653,"DA","NOTCH,SHH"
"P",0.560828896825932,"DA","NOTCH,SOSGRB2"
"P",0.253456221198156,"TS","Csl,Csl"
"P",0.234615384615385,"TS","Csl,TrCP"
"P",0.214615384615385,"TS","Csl,LIV1"
"N",0.147948717948718,"NF","Csl,EGR1"
"N",0.0723196194110737,"NF","Csl,PI3K"
"P",0.181329491764274,"TS","Csl,SNAI1"
"N",0.207125939572365,"NF","Csl,TCFLEF"
"P",0.15678749504111,"TS","Csl,GLI"
"N",0.20322833745847,"NF","Csl,Jagged"
"N",0.122319619411074,"NF","Csl,DELTA"
"N",0.325996089999309,"NF","Csl,RAS"
"P",0.266446886446886,"DA","Csl,ERK"
"P",0.275393374741201,"DA","Csl,MEK"
"P",0.264187813627723,"DA","Csl,RKIP"
"N",0.255652952744407,"NF","Csl,RAF"
"N",0.130244755244755,"NF","Csl,SRC"
"P",0.247884695077655,"DA","Csl,SHH"
"P",0.542294705722176,"DA","Csl,SOSGRB2"
"P",0.2,"TS","TrCP,TrCP"
"P",0.2,"TS","TrCP,LIV1"
"N",0.14,"NF","TrCP,EGR1"
"P",0.208205802646262,"DA","TrCP,PI3K"
"P",0.230180101410729,"TS","TrCP,SNAI1"
"N",0.139220465161059,"NF","TrCP,TCFLEF"
"P",0.13580468787144,"TS","TrCP,GLI"
"P",0.113505240286299,"NF","TrCP,Jagged"
"P",0.00820580264626176,"NF","TrCP,DELTA"
"P",0.205023984464444,"DA","TrCP,RAS"
"P",0.29511106432256,"DA","TrCP,ERK"
"P",0.268825350036846,"DA","TrCP,MEK"
"P",0.233475640381718,"DA","TrCP,RKIP"
"P",0.208205802646262,"DA","TrCP,RAF"
"N",0.143703703703704,"NF","TrCP,SRC"
"P",0.152777379530068,"NF","TrCP,SHH"
"P",0.387101210121012,"DA","TrCP,SOSGRB2"
"P",0.2,"TS","LIV1,LIV1"
"N",0.14,"NF","LIV1,EGR1"
"P",0.108205802646262,"DA","LIV1,PI3K"
"P",0.0951801014107289,"TS","LIV1,SNAI1"
"N",0.153506179446773,"NF","LIV1,TCFLEF"
"P",0.152471354538107,"TS","LIV1,GLI"
"P",0.113505240286299,"NF","LIV1,Jagged"
"P",0.00820580264626176,"NF","LIV1,DELTA"
"P",0.00502398446444358,"NF","LIV1,RAS"
"P",0.180825350036846,"DA","LIV1,ERK"
"P",0.168825350036846,"DA","LIV1,MEK"
"P",0.0334756403817177,"NF","LIV1,RKIP"
"P",0.00820580264626176,"NF","LIV1,RAF"
"P",0.0437037037037037,"NF","LIV1,SRC"
"P",0.152777379530068,"NF","LIV1,SHH"
"P",0.0871012101210121,"NF","LIV1,SOSGRB2"
"P",0.08,"DA","EGR1,EGR1"
"P",0.0415391359795951,"DA","EGR1,PI3K"
"N",0.134310536193338,"NF","EGR1,SNAI1"
"N",0.0763633223039164,"NF","EGR1,TCFLEF"
"N",0.206757068823821,"NF","EGR1,GLI"
"P",0.213505240286299,"TS","EGR1,Jagged"
"N",0.108205802646262,"NF","EGR1,DELTA"
"P",0.185023984464444,"DA","EGR1,RAS"
"P",0.408066729347191,"DA","EGR1,ERK"
"P",0.378825350036846,"DA","EGR1,MEK"
"P",0.293475640381718,"DA","EGR1,RKIP"
"P",0.268205802646262,"DA","EGR1,RAF"
"N",0.177037037037037,"NF","EGR1,SRC"
"P",0.152777379530068,"NF","EGR1,SHH"
"P",0.463291686311488,"DA","EGR1,SOSGRB2"
"P",0.0634112554112554,"DA","PI3K,PI3K"
"N",0.018723662403252,"NF","PI3K,SNAI1"
"P",0.16838165518454,"DA","PI3K,TCFLEF"
"P",0.249314569954763,"DA","PI3K,GLI"
"P",0.0880701754385965,"TS","PI3K,Jagged"
"N",0.085038961038961,"NF","PI3K,DELTA"
"P",0.262042824755153,"DA","PI3K,RAS"
"P",0.182881464940288,"DA","PI3K,ERK"
"P",0.184411519585097,"DA","PI3K,MEK"
"P",0.13528971028971,"DA","PI3K,RKIP"
"P",0.145017316017316,"DA","PI3K,RAF"
"P",0.316490057015714,"DA","PI3K,SRC"
"P",0.272863247863248,"DA","PI3K,SHH"
"P",0.470283210198464,"DA","PI3K,SOSGRB2"
"P",0.299684046237828,"TS","SNAI1,SNAI1"
"P",0.0761718546875461,"TS","SNAI1,TCFLEF"
"P",0.059762099688507,"TS","SNAI1,GLI"
"P",0.190250338325514,"TS","SNAI1,Jagged"
"N",0.0883573177977769,"NF","SNAI1,DELTA"
"P",0.175245199183675,"DA","SNAI1,RAS"
"P",0.20774639272769,"DA","SNAI1,ERK"
"P",0.2034063744583,"DA","SNAI1,MEK"
"P",0.16112546455762,"DA","SNAI1,RKIP"
"P",0.13434744880771,"DA","SNAI1,RAF"
"N",0.219015943939726,"NF","SNAI1,SRC"
"P",0.290932719335893,"DA","SNAI1,SHH"
"P",0.369698721217819,"DA","SNAI1,SOSGRB2"
"P",0.043128619095357,"DA","TCFLEF,TCFLEF"
"N",0.16593188113003,"NF","TCFLEF,GLI"
"N",0.107973158186985,"NF","TCFLEF,Jagged"
"N",0.096544675329874,"NF","TCFLEF,DELTA"
"P",0.211482532359357,"DA","TCFLEF,RAS"
"P",0.143150244816523,"DA","TCFLEF,ERK"
"P",0.138198673109773,"DA","TCFLEF,MEK"
"N",0.115404110684018,"NF","TCFLEF,RKIP"
"P",0.174844270471575,"DA","TCFLEF,RAF"
"N",0.184355257896841,"NF","TCFLEF,SRC"
"N",0.0583601443743933,"NF","TCFLEF,SHH"
"N",0.188740965023457,"NF","TCFLEF,SOSGRB2"
"P",0.143372764342525,"TS","GLI,GLI"
"P",0.172509472099962,"TS","GLI,Jagged"
"N",0.163301935246476,"NF","GLI,DELTA"
"P",0.266926772843359,"DA","GLI,RAS"
"P",0.297798166745535,"DA","GLI,ERK"
"P",0.296072859001036,"DA","GLI,MEK"
"P",0.107759304581549,"DA","GLI,RKIP"
"P",0.237917319861861,"DA","GLI,RAF"
"P",0.0964225277630883,"TS","GLI,SRC"
"P",0.188566212709905,"DA","GLI,SHH"
"P",0.403540039542349,"DA","GLI,SOSGRB2"
"P",0.224242424242424,"TS","Jagged,Jagged"
"P",0.165454545454545,"TS","Jagged,DELTA"
"N",0.101838252423705,"NF","Jagged,RAS"
"N",0.0925977547482527,"NF","Jagged,ERK"
"P",0.0946660278406222,"DA","Jagged,MEK"
"P",0.12933605726475,"DA","Jagged,RKIP"
"N",0.131387339316032,"NF","Jagged,RAF"
"P",0.189610679840038,"TS","Jagged,SRC"
"N",0.195164835164835,"NF","Jagged,SHH"
"P",0.347749404817379,"DA","Jagged,SOSGRB2"
"P",0.106666666666667,"TS","DELTA,DELTA"
"N",0.259137529137529,"NF","DELTA,RAS"
"N",0.149380064380064,"NF","DELTA,ERK"
"P",0.136046731046731,"DA","DELTA,MEK"
"P",0.164593739593739,"DA","DELTA,RKIP"
"N",0.166645021645021,"NF","DELTA,RAF"
"N",0.327601168126825,"NF","DELTA,SRC"
"P",0.392307692307692,"DA","DELTA,SHH"
"P",0.582975517890772,"DA","DELTA,SOSGRB2"
"P",0.262307692307692,"DA","RAS,RAS"
"P",0.386465930861449,"DA","RAS,ERK"
"P",0.395499775422376,"DA","RAS,MEK"
"N",0.158279435449247,"NF","RAS,RKIP"
"P",0.355790320790321,"DA","RAS,RAF"
"P",0.388207228732886,"DA","RAS,SRC"
"N",0.208104302477184,"NF","RAS,SHH"
"P",0.716315511230766,"DA","RAS,SOSGRB2"
"P",0.507603325996576,"DA","ERK,ERK"
"P",0.607914375207346,"DA","ERK,MEK"
"P",0.458604164858518,"DA","ERK,RKIP"
"P",0.456621443690409,"DA","ERK,RAF"
"P",0.266069602911709,"DA","ERK,SRC"
"P",0.0374276037808804,"NF","ERK,SHH"
"P",0.798798049089312,"DA","ERK,SOSGRB2"
"P",0.507603325996576,"DA","MEK,MEK"
"P",0.477676054860296,"DA","MEK,RKIP"
"P",0.464848394045019,"DA","MEK,RAF"
"P",0.25982867402927,"DA","MEK,SRC"
"P",0.060326154505518,"TS","MEK,SHH"
"P",0.823775983775984,"DA","MEK,SOSGRB2"
"P",0.25266106442577,"DA","RKIP,RKIP"
"P",0.239642220524573,"DA","RKIP,RAF"
"N",0.159563375692408,"NF","RKIP,SRC"
"P",0.253136612021858,"TS","RKIP,SHH"
"P",0.393668546365915,"DA","RKIP,SOSGRB2"
"P",0.226623376623376,"DA","RAF,RAF"
"P",0.327601168126825,"DA","RAF,SRC"
"N",0.233136612021858,"NF","RAF,SHH"
"P",0.796943771859026,"DA","RAF,SOSGRB2"
"P",0.15,"TS","SRC,SRC"
"P",0.234727668845316,"DA","SRC,SHH"
"P",0.437142857142857,"DA","SRC,SOSGRB2"
"P",0.133333333333333,"TS","SHH,SHH"
"N",0.243934632306725,"NF","SHH,SOSGRB2"
"P",1.02833333333333,"DA","SOSGRB2,SOSGRB2"
