"Nature","Strength","Type","Node"
"P",0.0666666666666666,"DA","TrCP,TrCP"
"P",0.226190476190476,"DA","TrCP,SUFU"
"P",0.159543721909313,"NF","TrCP,Patched"
"P",0.852240884745817,"DA","TrCP,Ecadherin"
"P",0.770888002215292,"DA","TrCP,cateninmemb"
"P",0.441300338703654,"DA","TrCP,RKIP"
"N",0.444785854721292,"NF","TrCP,RAF"
"P",0.613088570299678,"NF","TrCP,miR200"
"P",0.419160714285715,"DA","TrCP,GSK3"
"P",0.65255945875618,"DA","TrCP,KLF4"
"N",0.701332188733215,"NF","TrCP,ZEB2"
"P",0.480240400175838,"TS","TrCP,RAS"
"P",0.45164643975083,"TS","TrCP,Destcompl"
"P",0.566192335099296,"TS","TrCP,AXIN2"
"P",0.464990253411306,"TS","TrCP,Wnt"
"P",0.448721122112211,"TS","TrCP,SOSGRB2"
"P",0.428148148148148,"TS","TrCP,Frizzled"
"P",0.346666666666667,"TS","TrCP,DSH"
"P",0.498659253312719,"TS","TrCP,CD44"
"P",0.197535790928065,"TS","TrCP,HEY1"
"P",0.53894914399738,"TS","TrCP,FOXC2"
"P",0.544785854721292,"TS","TrCP,PI3K"
"P",0.290126301416624,"TS","TrCP,ILK"
"P",0.565985985985986,"TS","TrCP,cMet"
"P",0.428148148148148,"TS","TrCP,SRC"
"P",0.68451110516457,"TS","TrCP,cateninnuc"
"P",0.180543721909313,"NF","TrCP,SHH"
"P",0.668733869229111,"TS","TrCP,SNAI2"
"P",0.353971734892788,"TS","TrCP,AKT"
"P",0.324822402358143,"TS","TrCP,MEK"
"P",0.357675438596491,"TS","TrCP,IKK"
"P",0.263333333333333,"TS","TrCP,Csn"
"P",0.28,"NF","TrCP,STAT"
"P",0.298536688072429,"TS","TrCP,ERK"
"P",0.233150988411725,"NF","TrCP,Jagged"
"P",0.344785854721292,"NF","TrCP,DELTA"
"P",0.420833333333333,"TS","TrCP,NFB"
"P",0.138556067588326,"NF","TrCP,SMO"
"P",0.594764539808018,"TS","TrCP,TWIST1"
"P",0.245018315018315,"NF","TrCP,NOTCH"
"P",0.20952380952381,"TS","TrCP,FUS"
"P",0.659965267776261,"TS","TrCP,TGF"
"P",0.598606343259808,"TS","TrCP,TCFLEF"
"P",0.204347826086957,"NF","TrCP,cfos"
"P",0.378991596638655,"NF","TrCP,CDC42"
"P",0.212051282051282,"NF","TrCP,NOTCHic"
"P",0.657779475426534,"TS","TrCP,TGFR"
"P",0.347619047619047,"TS","TrCP,PAK1"
"P",0.233333333333333,"TS","TrCP,LIV1"
"P",0.233333333333333,"TS","TrCP,EGR1"
"P",0.734665522066548,"TS","TrCP,ZEB1"
"P",0.203846153846153,"TS","TrCP,Csl"
"P",0.251094043352108,"TS","TrCP,SMAD"
"P",0.42948034423307,"TS","TrCP,SNAI1"
"P",0.481006513573907,"TS","TrCP,GLI"
"P",0.506666666666666,"DA","SUFU,SUFU"
"P",0.541843434343434,"DA","SUFU,Patched"
"P",0.755441559440016,"DA","SUFU,Ecadherin"
"P",0.702988682910155,"DA","SUFU,cateninmemb"
"P",0.487423615494308,"DA","SUFU,RKIP"
"N",0.512610879143199,"NF","SUFU,RAF"
"P",0.591008661633052,"DA","SUFU,miR200"
"P",0.448306253680892,"DA","SUFU,GSK3"
"P",0.701549632974488,"DA","SUFU,KLF4"
"N",0.659116680957986,"NF","SUFU,ZEB2"
"N",0.538876701928009,"NF","SUFU,RAS"
"N",0.475881047977466,"NF","SUFU,Destcompl"
"N",0.58597673166823,"NF","SUFU,AXIN2"
"P",0.379059829059829,"NF","SUFU,Wnt"
"P",0.360311618206355,"NF","SUFU,SOSGRB2"
"P",0.344444444444444,"NF","SUFU,Frizzled"
"P",0.35,"TS","SUFU,DSH"
"P",0.402911242507563,"TS","SUFU,CD44"
"P",0.343300771168765,"TS","SUFU,HEY1"
"P",0.699562018977451,"TS","SUFU,FOXC2"
"P",0.412610879143199,"NF","SUFU,PI3K"
"P",0.129498207885305,"NF","SUFU,ILK"
"P",0.375091693635383,"TS","SUFU,cMet"
"N",0.274444444444444,"NF","SUFU,SRC"
"P",0.478661455636293,"TS","SUFU,cateninnuc"
"P",0.560762353262353,"TS","SUFU,SHH"
"P",0.716121185501879,"TS","SUFU,SNAI2"
"P",0.342458588391474,"TS","SUFU,AKT"
"P",0.292176725206806,"TS","SUFU,MEK"
"P",0.367626373626374,"TS","SUFU,IKK"
"P",0.235714285714286,"TS","SUFU,Csn"
"P",0.196666666666667,"NF","SUFU,STAT"
"P",0.325793746483402,"TS","SUFU,ERK"
"P",0.28170702869541,"NF","SUFU,Jagged"
"P",0.412610879143199,"NF","SUFU,DELTA"
"P",0.356857142857143,"TS","SUFU,NFB"
"P",0.618611111111111,"TS","SUFU,SMO"
"P",0.646312481824501,"TS","SUFU,TWIST1"
"P",0.388722943722944,"NF","SUFU,NOTCH"
"P",0.624166666666666,"TS","SUFU,FUS"
"P",0.72857141479891,"TS","SUFU,TGF"
"P",0.475737329464085,"TS","SUFU,TCFLEF"
"P",0.213379953379953,"TS","SUFU,cfos"
"P",0.558243243243243,"TS","SUFU,CDC42"
"P",0.393484848484848,"TS","SUFU,NOTCHic"
"P",0.717604945370902,"TS","SUFU,TGFR"
"P",0.557857142857143,"TS","SUFU,PAK1"
"P",0.226190476190476,"TS","SUFU,LIV1"
"P",0.259267399267399,"TS","SUFU,EGR1"
"P",0.717450014291319,"TS","SUFU,ZEB1"
"P",0.407121212121212,"TS","SUFU,Csl"
"P",0.319990894567367,"TS","SUFU,SMAD"
"P",0.517198635320999,"TS","SUFU,SNAI1"
"P",0.616464679475832,"TS","SUFU,GLI"
"P",0.506666666666666,"DA","Patched,Patched"
"P",0.711253784319866,"DA","Patched,Ecadherin"
"P",0.668870967741935,"DA","Patched,cateninmemb"
"P",0.472571428571429,"DA","Patched,RKIP"
"N",0.487846153846154,"NF","Patched,RAF"
"P",0.497701928872816,"DA","Patched,miR200"
"P",0.416484409448985,"DA","Patched,GSK3"
"P",0.647222222222223,"DA","Patched,KLF4"
"N",0.561068524970964,"NF","Patched,ZEB2"
"N",0.426929487179487,"NF","Patched,RAS"
"N",0.419626358197021,"NF","Patched,Destcompl"
"N",0.47933732933733,"NF","Patched,AXIN2"
"P",0.327272727272727,"TS","Patched,Wnt"
"P",0.351801801801801,"TS","Patched,SOSGRB2"
"P",0.291558441558442,"TS","Patched,Frizzled"
"P",0.304461667364893,"TS","Patched,DSH"
"P",0.246666666666667,"TS","Patched,CD44"
"P",0.396794871794872,"TS","Patched,HEY1"
"P",0.681666666666667,"TS","Patched,FOXC2"
"P",0.402564102564103,"TS","Patched,PI3K"
"P",0.198717948717949,"TS","Patched,ILK"
"P",0.227272727272727,"TS","Patched,cMet"
"P",0.105185185185185,"TS","Patched,SRC"
"P",0.465264452689111,"TS","Patched,cateninnuc"
"P",0.624166666666666,"TS","Patched,SHH"
"P",0.745735075639451,"TS","Patched,SNAI2"
"P",0.311019536019536,"TS","Patched,AKT"
"P",0.391667087011349,"TS","Patched,MEK"
"P",0.370740740740741,"TS","Patched,IKK"
"P",0.115682167295071,"NF","Patched,Csn"
"P",0.156627906976744,"TS","Patched,STAT"
"P",0.388851601842923,"TS","Patched,ERK"
"P",0.286931216931217,"TS","Patched,Jagged"
"P",0.387179487179487,"TS","Patched,DELTA"
"P",0.348326947637292,"TS","Patched,NFB"
"P",0.624166666666666,"TS","Patched,SMO"
"P",0.663803145611365,"TS","Patched,TWIST1"
"P",0.400582750582751,"TS","Patched,NOTCH"
"P",0.618611111111111,"TS","Patched,FUS"
"P",0.699367816091954,"TS","Patched,TGF"
"P",0.464383000512033,"TS","Patched,TCFLEF"
"P",0.238556067588326,"TS","Patched,cfos"
"P",0.538556067588326,"TS","Patched,CDC42"
"P",0.384539969834087,"TS","Patched,NOTCHic"
"P",0.688951149425287,"TS","Patched,TGFR"
"P",0.459543721909313,"TS","Patched,PAK1"
"P",0.259543721909313,"TS","Patched,LIV1"
"P",0.259543721909313,"TS","Patched,EGR1"
"P",0.679968805704099,"TS","Patched,ZEB1"
"P",0.373787281662044,"TS","Patched,Csl"
"P",0.385603975535168,"TS","Patched,SMAD"
"P",0.505812539113614,"TS","Patched,SNAI1"
"P",0.597829394915861,"TS","Patched,GLI"
"P",1.20197585943657,"DA","Ecadherin,Ecadherin"
"P",1.22128544048351,"DA","Ecadherin,cateninmemb"
"P",0.853840134145043,"DA","Ecadherin,RKIP"
"N",0.944211766258248,"NF","Ecadherin,RAF"
"P",0.832369383220346,"DA","Ecadherin,miR200"
"P",0.826768904746773,"DA","Ecadherin,GSK3"
"P",0.973302113424875,"DA","Ecadherin,KLF4"
"N",0.389168513790665,"NF","Ecadherin,ZEB2"
"P",0.465605759308944,"TS","Ecadherin,RAS"
"N",0.410886775706432,"NF","Ecadherin,Destcompl"
"N",0.493556803067042,"NF","Ecadherin,AXIN2"
"P",0.748268894733914,"TS","Ecadherin,Wnt"
"P",0.828432534496493,"TS","Ecadherin,SOSGRB2"
"P",0.752151219305894,"TS","Ecadherin,Frizzled"
"P",0.746765017619388,"TS","Ecadherin,DSH"
"P",0.58938156384719,"TS","Ecadherin,CD44"
"P",0.776212994198899,"TS","Ecadherin,HEY1"
"P",1.0847659095575,"TS","Ecadherin,FOXC2"
"P",0.862799347658722,"TS","Ecadherin,PI3K"
"P",0.541380172630851,"TS","Ecadherin,ILK"
"P",0.59607563313668,"TS","Ecadherin,cMet"
"P",0.485765407642973,"TS","Ecadherin,SRC"
"P",0.896974550119665,"TS","Ecadherin,cateninnuc"
"P",0.674024214715096,"TS","Ecadherin,SHH"
"P",1.28832001970073,"TS","Ecadherin,SNAI2"
"P",0.854066413925788,"TS","Ecadherin,AKT"
"N",0.623005253851754,"NF","Ecadherin,MEK"
"P",1.01625806547294,"TS","Ecadherin,IKK"
"P",0.767151513188885,"TS","Ecadherin,Csn"
"P",0.50192630038572,"TS","Ecadherin,STAT"
"N",0.660760549584877,"NF","Ecadherin,ERK"
"P",0.880334698679368,"TS","Ecadherin,Jagged"
"P",0.913914979757085,"TS","Ecadherin,DELTA"
"P",1.02931317515727,"TS","Ecadherin,NFB"
"P",0.73701262255341,"TS","Ecadherin,SMO"
"P",1.25970679078879,"TS","Ecadherin,TWIST1"
"P",0.973344428863399,"TS","Ecadherin,NOTCH"
"P",0.753656458169849,"TS","Ecadherin,FUS"
"P",0.984472515570545,"TS","Ecadherin,TGF"
"P",0.976974539873732,"TS","Ecadherin,TCFLEF"
"N",0.658047742248176,"NF","Ecadherin,cfos"
"P",0.952172519431777,"TS","Ecadherin,CDC42"
"P",0.996720667783567,"TS","Ecadherin,NOTCHic"
"P",1.0081667218667,"TS","Ecadherin,TGFR"
"P",0.959877248382181,"TS","Ecadherin,PAK1"
"P",0.918907551412484,"TS","Ecadherin,LIV1"
"N",0.70496815747309,"NF","Ecadherin,EGR1"
"P",1.02856085889715,"TS","Ecadherin,ZEB1"
"P",1.00604097466441,"TS","Ecadherin,Csl"
"P",0.759682135490399,"TS","Ecadherin,SMAD"
"P",1.03475771003213,"TS","Ecadherin,SNAI1"
"P",1.05196693490123,"TS","Ecadherin,GLI"
"P",1.04663149828819,"DA","cateninmemb,cateninmemb"
"P",0.785462084602865,"DA","cateninmemb,RKIP"
"N",0.87583371671607,"NF","cateninmemb,RAF"
"P",0.799256098890862,"DA","cateninmemb,miR200"
"P",0.761108455318155,"DA","cateninmemb,GSK3"
"P",0.894539138351272,"DA","cateninmemb,KLF4"
"P",0.4242209216653,"TS","cateninmemb,ZEB2"
"P",0.485101279312048,"TS","cateninmemb,RAS"
"N",0.572831561887494,"NF","cateninmemb,Destcompl"
"N",0.678467159681361,"NF","cateninmemb,AXIN2"
"P",0.686905670984907,"TS","cateninmemb,Wnt"
"P",0.78550692370752,"TS","cateninmemb,SOSGRB2"
"P",0.687573432342323,"TS","cateninmemb,Frizzled"
"P",0.681722499644485,"TS","cateninmemb,DSH"
"P",0.486289489273192,"TS","cateninmemb,CD44"
"P",0.697450019125296,"TS","cateninmemb,HEY1"
"P",1.0060029344839,"TS","cateninmemb,FOXC2"
"P",0.793053827943776,"TS","cateninmemb,PI3K"
"P",0.471634652915905,"TS","cateninmemb,ILK"
"P",0.494173420288796,"TS","cateninmemb,cMet"
"P",0.357495692400873,"TS","cateninmemb,SRC"
"P",0.817420537316526,"TS","cateninmemb,cateninnuc"
"P",0.631425648406852,"TS","cateninmemb,SHH"
"P",1.11847760743615,"TS","cateninmemb,SNAI2"
"P",0.783169008380057,"TS","cateninmemb,AKT"
"N",0.550658125274523,"NF","cateninmemb,MEK"
"P",0.904887849580587,"TS","cateninmemb,IKK"
"P",0.696496074281301,"TS","cateninmemb,Csn"
"P",0.358941418338523,"TS","cateninmemb,STAT"
"N",0.58657024173104,"NF","cateninmemb,ERK"
"P",0.799309106529981,"TS","cateninmemb,Jagged"
"P",0.832889387607698,"TS","cateninmemb,DELTA"
"P",0.913687567989598,"TS","cateninmemb,NFB"
"P",0.690950516755403,"TS","cateninmemb,SMO"
"P",1.09262804892525,"TS","cateninmemb,TWIST1"
"P",0.884473878092157,"TS","cateninmemb,NOTCH"
"P",0.704125563310338,"TS","cateninmemb,FUS"
"P",0.906887643499445,"TS","cateninmemb,TGF"
"P",0.817771181174962,"TS","cateninmemb,TCFLEF"
"N",0.578721932990399,"NF","cateninmemb,cfos"
"P",0.872846710174,"TS","cateninmemb,CDC42"
"P",0.904124450793997,"TS","cateninmemb,NOTCHic"
"P",0.928242086407956,"TS","cateninmemb,TGFR"
"P",0.878524365851656,"TS","cateninmemb,PAK1"
"P",0.837554668881959,"TS","cateninmemb,LIV1"
"N",0.623615274942565,"NF","cateninmemb,EGR1"
"P",1.02575587205579,"TS","cateninmemb,ZEB1"
"P",0.911156513595473,"TS","cateninmemb,Csl"
"P",0.666195682792846,"TS","cateninmemb,SMAD"
"P",0.951153682231586,"TS","cateninmemb,SNAI1"
"P",0.968435102329152,"TS","cateninmemb,GLI"
"P",0.459943977591036,"DA","RKIP,RKIP"
"N",0.280946014769544,"NF","RKIP,RAF"
"P",0.456228930188623,"DA","RKIP,miR200"
"P",0.286194535421859,"DA","RKIP,GSK3"
"P",0.621841286403697,"DA","RKIP,KLF4"
"N",0.551262831042633,"NF","RKIP,ZEB2"
"N",0.135236725538612,"NF","RKIP,RAS"
"P",0.129272549569719,"TS","RKIP,Destcompl"
"P",0.497602891414652,"TS","RKIP,AXIN2"
"P",0.341666666666667,"TS","RKIP,Wnt"
"P",0.254822263993316,"TS","RKIP,SOSGRB2"
"P",0.28952380952381,"TS","RKIP,Frizzled"
"P",0.205607725607726,"TS","RKIP,DSH"
"P",0.547309941520468,"TS","RKIP,CD44"
"P",0.44875937071059,"TS","RKIP,HEY1"
"P",0.585183973115007,"TS","RKIP,FOXC2"
"P",0.174309514015396,"TS","RKIP,PI3K"
"P",0.277090301905298,"TS","RKIP,ILK"
"P",0.526939571150097,"TS","RKIP,cMet"
"P",0.313294232649071,"TS","RKIP,SRC"
"P",0.672480367842032,"TS","RKIP,cateninnuc"
"P",0.468590163934426,"TS","RKIP,SHH"
"P",0.945511955201061,"TS","RKIP,SNAI2"
"P",0.301243449644984,"TS","RKIP,AKT"
"P",0.480239973504172,"TS","RKIP,MEK"
"P",0.361533957845434,"TS","RKIP,IKK"
"P",0.243022730003386,"TS","RKIP,Csn"
"P",0.276645752895753,"TS","RKIP,STAT"
"P",0.505487410237414,"TS","RKIP,ERK"
"P",0.494440972157441,"TS","RKIP,Jagged"
"P",0.286871461871462,"TS","RKIP,DELTA"
"P",0.368585239896716,"TS","RKIP,NFB"
"P",0.473015873015873,"TS","RKIP,SMO"
"P",0.798055894858964,"TS","RKIP,TWIST1"
"P",0.49803338424028,"TS","RKIP,NOTCH"
"P",0.464974635902471,"TS","RKIP,FUS"
"P",0.678898733665089,"TS","RKIP,TGF"
"P",0.633763273894726,"TS","RKIP,TCFLEF"
"P",0.533123543123543,"TS","RKIP,cfos"
"P",0.533123543123543,"TS","RKIP,CDC42"
"P",0.479398497999761,"TS","RKIP,NOTCHic"
"P",0.662770562770563,"TS","RKIP,TGFR"
"P",0.541300338703654,"TS","RKIP,PAK1"
"P",0.341300338703654,"NF","RKIP,LIV1"
"P",0.511300338703654,"TS","RKIP,EGR1"
"P",0.686197252809954,"TS","RKIP,ZEB1"
"P",0.462976210609731,"TS","RKIP,Csl"
"P",0.529024639146217,"TS","RKIP,SMAD"
"P",0.586724156241693,"TS","RKIP,SNAI1"
"P",0.707559378721246,"TS","RKIP,GLI"
"P",0.101948051948052,"TS","RAF,RAF"
"N",0.64525451988584,"NF","RAF,miR200"
"N",0.361832868875214,"NF","RAF,GSK3"
"N",0.708561233123644,"NF","RAF,KLF4"
"P",0.388832628395039,"TS","RAF,ZEB2"
"N",0.272256077256078,"NF","RAF,RAS"
"N",0.0260832518197251,"NF","RAF,Destcompl"
"N",0.40692081874575,"NF","RAF,AXIN2"
"N",0.388796992481203,"NF","RAF,Wnt"
"N",0.343603981705676,"NF","RAF,SOSGRB2"
"N",0.350615174299385,"NF","RAF,Frizzled"
"N",0.275024623118282,"NF","RAF,DSH"
"N",0.485087719298246,"NF","RAF,CD44"
"N",0.535479317430537,"NF","RAF,HEY1"
"N",0.671903919834954,"NF","RAF,FOXC2"
"N",0.237190476190476,"NF","RAF,PI3K"
"N",0.339971264080378,"NF","RAF,ILK"
"N",0.483659147869674,"NF","RAF,cMet"
"N",0.395227367542762,"NF","RAF,SRC"
"N",0.750664840066206,"NF","RAF,cateninnuc"
"N",0.458590163934426,"NF","RAF,SHH"
"N",1.03787802450579,"NF","RAF,SNAI2"
"N",0.37389213070035,"NF","RAF,AKT"
"N",0.315884385851371,"NF","RAF,MEK"
"N",0.444834067928442,"NF","RAF,IKK"
"N",0.310192313498173,"NF","RAF,Csn"
"P",0.144194582299421,"TS","RAF,STAT"
"N",0.353250140663934,"NF","RAF,ERK"
"N",0.438543536260005,"NF","RAF,Jagged"
"N",0.230974025974026,"NF","RAF,DELTA"
"N",0.466312941167879,"NF","RAF,NFB"
"N",0.487596153846154,"NF","RAF,SMO"
"N",0.794548172328058,"NF","RAF,TWIST1"
"N",0.463139083139083,"NF","RAF,NOTCH"
"N",0.482479874776386,"NF","RAF,FUS"
"N",0.661366266132621,"NF","RAF,TGF"
"N",0.737450828544027,"NF","RAF,TCFLEF"
"N",0.523322440087146,"NF","RAF,cfos"
"N",0.523322440087146,"NF","RAF,CDC42"
"N",0.460017566974089,"NF","RAF,NOTCHic"
"N",0.66702380952381,"NF","RAF,TGFR"
"N",0.544785854721292,"NF","RAF,PAK1"
"P",0.344785854721292,"NF","RAF,LIV1"
"N",0.514785854721292,"NF","RAF,EGR1"
"N",0.792844798181704,"NF","RAF,ZEB1"
"N",0.455449721026932,"NF","RAF,Csl"
"N",0.58594650439917,"NF","RAF,SMAD"
"N",0.600978025245258,"NF","RAF,SNAI1"
"N",0.754620143837095,"NF","RAF,GLI"
"P",0.606562895023076,"DA","miR200,miR200"
"P",0.597058086930509,"DA","miR200,GSK3"
"P",0.7088127090301,"DA","miR200,KLF4"
"N",0.384706832346932,"NF","miR200,ZEB2"
"P",0.400494624899672,"TS","miR200,RAS"
"P",0.514249992120342,"TS","miR200,Destcompl"
"P",0.596812082101086,"TS","miR200,AXIN2"
"P",0.588116659553279,"TS","miR200,Wnt"
"P",0.450266972592541,"TS","miR200,SOSGRB2"
"P",0.595114898989899,"TS","miR200,Frizzled"
"P",0.592114898989899,"TS","miR200,DSH"
"P",0.670092430945758,"TS","miR200,CD44"
"P",0.372203182881149,"TS","miR200,HEY1"
"P",0.477766109229523,"TS","miR200,FOXC2"
"P",0.627026962130951,"TS","miR200,PI3K"
"P",0.370853875518028,"TS","miR200,ILK"
"P",0.67242740285587,"TS","miR200,cMet"
"P",0.653637827550871,"TS","miR200,SRC"
"P",0.717068102691158,"TS","miR200,cateninnuc"
"P",0.451428636947349,"TS","miR200,SHH"
"P",0.698679572823137,"TS","miR200,SNAI2"
"P",0.463838244802249,"TS","miR200,AKT"
"N",0.42537234536023,"NF","miR200,MEK"
"P",0.481553130317433,"TS","miR200,IKK"
"P",0.453716053603039,"TS","miR200,Csn"
"P",0.698532927961468,"TS","miR200,STAT"
"N",0.462597235316212,"NF","miR200,ERK"
"P",0.584715058520956,"TS","miR200,Jagged"
"P",0.736422781198901,"TS","miR200,DELTA"
"P",0.508985154486617,"TS","miR200,NFB"
"P",0.538208257986739,"TS","miR200,SMO"
"P",0.722509199979369,"TS","miR200,TWIST1"
"P",0.659041141986788,"TS","miR200,NOTCH"
"P",0.567449182079148,"TS","miR200,FUS"
"P",0.697068280002217,"TS","miR200,TGF"
"P",0.883846082858132,"TS","miR200,TCFLEF"
"N",0.586257533316357,"NF","miR200,cfos"
"P",0.672216917069859,"TS","miR200,CDC42"
"P",0.692998230259541,"TS","miR200,NOTCHic"
"P",0.723336778945134,"TS","miR200,TGFR"
"P",0.683921903633011,"TS","miR200,PAK1"
"P",0.813088570299678,"TS","miR200,LIV1"
"N",0.627374284585392,"NF","miR200,EGR1"
"P",0.993865834305408,"TS","miR200,ZEB1"
"P",0.711343959355778,"TS","miR200,Csl"
"P",0.649813428892643,"TS","miR200,SMAD"
"P",0.749979089855904,"TS","miR200,SNAI1"
"P",0.953269810495904,"TS","miR200,GLI"
"P",5.77890430296574e-05,"DA","GSK3,GSK3"
"P",0.678756861866419,"DA","GSK3,KLF4"
"N",0.379294629103692,"NF","GSK3,ZEB2"
"N",0.245475950936231,"NF","GSK3,RAS"
"P",0.102840684937759,"TS","GSK3,Destcompl"
"P",0.549560429762427,"TS","GSK3,AXIN2"
"P",0.380776669684538,"TS","GSK3,Wnt"
"P",0.452045174861854,"TS","GSK3,SOSGRB2"
"P",0.383129610861008,"TS","GSK3,Frizzled"
"P",0.375390134560047,"TS","GSK3,DSH"
"P",0.458770519012763,"TS","GSK3,CD44"
"P",0.407119955859909,"TS","GSK3,HEY1"
"P",0.572780104371411,"TS","GSK3,FOXC2"
"P",0.36362561907222,"TS","GSK3,PI3K"
"P",0.221136895116732,"TS","GSK3,ILK"
"P",0.46743411348281,"TS","GSK3,cMet"
"N",0.34913647755753,"NF","GSK3,SRC"
"P",0.698095852977251,"TS","GSK3,cateninnuc"
"P",0.399396234466073,"TS","GSK3,SHH"
"P",0.764909306822528,"TS","GSK3,SNAI2"
"P",0.36757866448634,"TS","GSK3,AKT"
"P",0.235249011167511,"TS","GSK3,MEK"
"P",0.382580207149173,"TS","GSK3,IKK"
"P",0.25518630809591,"TS","GSK3,Csn"
"N",0.32789907010517,"NF","GSK3,STAT"
"P",0.248890019341898,"TS","GSK3,ERK"
"P",0.417779815512889,"TS","GSK3,Jagged"
"P",0.432431493912577,"TS","GSK3,DELTA"
"P",0.39161333764275,"TS","GSK3,NFB"
"P",0.432983307537019,"TS","GSK3,SMO"
"P",0.66299343026561,"TS","GSK3,TWIST1"
"P",0.527007368335969,"TS","GSK3,NOTCH"
"P",0.443825901128561,"TS","GSK3,FUS"
"P",0.607969814378184,"TS","GSK3,TGF"
"P",0.685116111067334,"TS","GSK3,TCFLEF"
"P",0.339285095351272,"TS","GSK3,cfos"
"P",0.534051736307171,"TS","GSK3,CDC42"
"P",0.539049871287563,"TS","GSK3,NOTCHic"
"P",0.623052254350599,"TS","GSK3,TGFR"
"P",0.526986801242236,"TS","GSK3,PAK1"
"P",0.582494047619048,"TS","GSK3,LIV1"
"P",0.359945028011205,"TS","GSK3,EGR1"
"P",0.74764131744865,"TS","GSK3,ZEB1"
"P",0.543880092612629,"TS","GSK3,Csl"
"P",0.425712914103083,"TS","GSK3,SMAD"
"P",0.48382915816318,"TS","GSK3,SNAI1"
"P",0.761818479108593,"TS","GSK3,GLI"
"P",0.533333333333334,"DA","KLF4,KLF4"
"P",0.404239900788834,"TS","KLF4,ZEB2"
"P",0.496611721611722,"TS","KLF4,RAS"
"P",0.541482502848445,"TS","KLF4,Destcompl"
"P",0.653553586915746,"TS","KLF4,AXIN2"
"P",0.5890560875513,"TS","KLF4,Wnt"
"P",0.61887439439078,"TS","KLF4,SOSGRB2"
"P",0.587394957983193,"TS","KLF4,Frizzled"
"P",0.584196785510321,"TS","KLF4,DSH"
"P",0.586600844584547,"TS","KLF4,CD44"
"P",0.358935574229692,"TS","KLF4,HEY1"
"P",0.654382043870852,"TS","KLF4,FOXC2"
"P",0.704406207827261,"TS","KLF4,PI3K"
"P",0.397842105263158,"TS","KLF4,ILK"
"P",0.573930037131132,"TS","KLF4,cMet"
"P",0.548468612251102,"TS","KLF4,SRC"
"P",0.68936219731665,"TS","KLF4,cateninnuc"
"P",0.614247311827957,"TS","KLF4,SHH"
"P",0.744755245898005,"TS","KLF4,SNAI2"
"P",0.692904376325429,"TS","KLF4,AKT"
"N",0.411608979797831,"NF","KLF4,MEK"
"P",0.666227106227106,"TS","KLF4,IKK"
"P",0.589609997845292,"TS","KLF4,Csn"
"P",0.593394731630026,"TS","KLF4,STAT"
"N",0.45164733990332,"NF","KLF4,ERK"
"P",0.753879575363834,"TS","KLF4,Jagged"
"P",0.781452991452992,"TS","KLF4,DELTA"
"P",0.671446886446886,"TS","KLF4,NFB"
"P",0.680555555555556,"TS","KLF4,SMO"
"P",0.814968791769366,"TS","KLF4,TWIST1"
"P",0.836332708290291,"TS","KLF4,NOTCH"
"P",0.694763205828779,"TS","KLF4,FUS"
"P",0.870074147739605,"TS","KLF4,TGF"
"P",0.792563876650521,"TS","KLF4,TCFLEF"
"N",0.562663780663781,"NF","KLF4,cfos"
"P",0.817572871572872,"TS","KLF4,CDC42"
"P",0.857945373975122,"TS","KLF4,NOTCHic"
"P",0.883985297565389,"TS","KLF4,TGFR"
"P",0.816195822392544,"TS","KLF4,PAK1"
"P",0.785892792089513,"TS","KLF4,LIV1"
"N",0.63255945875618,"NF","KLF4,EGR1"
"P",0.904760947533472,"TS","KLF4,ZEB1"
"P",0.865388982997678,"TS","KLF4,Csl"
"P",0.654811425056024,"TS","KLF4,SMAD"
"P",0.917455763212765,"TS","KLF4,SNAI1"
"P",0.940714013225453,"TS","KLF4,GLI"
"P",0.102272660936436,"TS","ZEB2,ZEB2"
"N",0.125309461835545,"NF","ZEB2,RAS"
"P",0.300300572253191,"DA","ZEB2,Destcompl"
"P",0.327438330195822,"DA","ZEB2,AXIN2"
"P",0.346154046814018,"DA","ZEB2,Wnt"
"N",0.383330441488336,"NF","ZEB2,SOSGRB2"
"P",0.382559225793454,"DA","ZEB2,Frizzled"
"P",0.419514606370883,"DA","ZEB2,DSH"
"P",0.400835421888054,"DA","ZEB2,CD44"
"N",0.498291009566352,"NF","ZEB2,HEY1"
"N",0.590529849579386,"NF","ZEB2,FOXC2"
"N",0.377949265139975,"NF","ZEB2,PI3K"
"N",0.498883049665309,"NF","ZEB2,ILK"
"P",0.42760309865573,"DA","ZEB2,cMet"
"P",0.435931416591794,"DA","ZEB2,SRC"
"P",0.415779742389204,"DA","ZEB2,cateninnuc"
"N",0.507280646183085,"NF","ZEB2,SHH"
"N",0.426879419897427,"NF","ZEB2,SNAI2"
"N",0.518499697403056,"NF","ZEB2,AKT"
"N",0.56870725954053,"NF","ZEB2,MEK"
"N",0.547251879699248,"NF","ZEB2,IKK"
"N",0.536798456024262,"NF","ZEB2,Csn"
"P",0.522935269858347,"DA","ZEB2,STAT"
"N",0.596427635956892,"NF","ZEB2,ERK"
"N",0.57439905159399,"NF","ZEB2,Jagged"
"N",0.478246125854821,"NF","ZEB2,DELTA"
"N",0.592156094258635,"NF","ZEB2,NFB"
"N",0.605343018563358,"NF","ZEB2,SMO"
"N",0.613036977309558,"NF","ZEB2,TWIST1"
"N",0.622664843142392,"NF","ZEB2,NOTCH"
"N",0.639102878335487,"NF","ZEB2,FUS"
"N",0.772149971515777,"NF","ZEB2,TGF"
"P",0.595679461404257,"DA","ZEB2,TCFLEF"
"N",0.713566351310074,"NF","ZEB2,cfos"
"N",0.768028643403946,"NF","ZEB2,CDC42"
"N",0.667376439985135,"NF","ZEB2,NOTCHic"
"N",0.809648224485729,"NF","ZEB2,TGFR"
"N",0.79613738353841,"NF","ZEB2,PAK1"
"P",0.701332188733215,"DA","ZEB2,LIV1"
"N",0.759665522066548,"NF","ZEB2,EGR1"
"N",0.655475763854305,"NF","ZEB2,ZEB1"
"N",0.702698723594712,"NF","ZEB2,Csl"
"N",0.765654647844549,"NF","ZEB2,SMAD"
"N",0.799035079471377,"NF","ZEB2,SNAI1"
"P",0.68186738078052,"DA","ZEB2,GLI"
"P",0.159230769230769,"DA","RAS,RAS"
"N",0.0333324724826266,"NF","RAS,Destcompl"
"P",0.203361984068388,"DA","RAS,AXIN2"
"P",0.256497527240561,"DA","RAS,Wnt"
"P",0.472441588543284,"DA","RAS,SOSGRB2"
"P",0.275024623118282,"DA","RAS,Frizzled"
"P",0.296033026479627,"DA","RAS,DSH"
"P",0.327503426902676,"DA","RAS,CD44"
"P",0.405245261984392,"DA","RAS,HEY1"
"P",0.501532356532357,"DA","RAS,FOXC2"
"P",0.395415607223827,"DA","RAS,PI3K"
"N",0.313394295202515,"NF","RAS,ILK"
"P",0.355082712330215,"DA","RAS,cMet"
"P",0.307348579663974,"DA","RAS,SRC"
"P",0.505346287266783,"DA","RAS,cateninnuc"
"N",0.388264232942199,"NF","RAS,SHH"
"N",0.571967700290002,"NF","RAS,SNAI2"
"P",0.341284209839417,"DA","RAS,AKT"
"N",0.246499491220854,"NF","RAS,MEK"
"P",0.46726532212026,"DA","RAS,IKK"
"P",0.337639530388768,"DA","RAS,Csn"
"N",0.130761746478526,"NF","RAS,STAT"
"N",0.272811534189856,"NF","RAS,ERK"
"N",0.308587710338154,"NF","RAS,Jagged"
"P",0.430419580419581,"DA","RAS,DELTA"
"P",0.482588705204837,"DA","RAS,NFB"
"N",0.465813208109719,"NF","RAS,SMO"
"P",0.524587093103859,"DA","RAS,TWIST1"
"P",0.428675346356793,"DA","RAS,NOTCH"
"N",0.512610879143199,"NF","RAS,FUS"
"P",0.5059627118174,"DA","RAS,TGF"
"P",0.521648433620236,"DA","RAS,TCFLEF"
"N",0.464785854721292,"NF","RAS,cfos"
"P",0.424785854721292,"DA","RAS,CDC42"
"P",0.460128083600032,"DA","RAS,NOTCHic"
"P",0.541496265172735,"DA","RAS,TGFR"
"P",0.440240400175838,"DA","RAS,PAK1"
"P",0.380240400175838,"NF","RAS,LIV1"
"N",0.500240400175838,"NF","RAS,EGR1"
"P",0.55476532482223,"DA","RAS,ZEB1"
"P",0.478897433445233,"DA","RAS,Csl"
"N",0.556397690619676,"NF","RAS,SMAD"
"P",0.432659424544816,"DA","RAS,SNAI1"
"P",0.582490945623156,"DA","RAS,GLI"
"P",0.039671353734586,"TS","Destcompl,Destcompl"
"N",0.399745467491987,"NF","Destcompl,AXIN2"
"P",0.201133168543835,"TS","Destcompl,Wnt"
"P",0.0699533233784549,"TS","Destcompl,SOSGRB2"
"P",0.184635020055246,"TS","Destcompl,Frizzled"
"N",0.188555882713195,"NF","Destcompl,DSH"
"P",0.30496918097115,"TS","Destcompl,CD44"
"P",0.348776146525598,"DA","Destcompl,HEY1"
"P",0.395773153569951,"DA","Destcompl,FOXC2"
"N",0.0191665637632637,"NF","Destcompl,PI3K"
"N",0.0244422132276294,"NF","Destcompl,ILK"
"P",0.281038160398339,"TS","Destcompl,cMet"
"P",0.237838344237987,"TS","Destcompl,SRC"
"N",0.510174324819353,"NF","Destcompl,cateninnuc"
"N",0.396479292496764,"NF","Destcompl,SHH"
"N",0.625153971469365,"NF","Destcompl,SNAI2"
"N",0.0439530698183641,"NF","Destcompl,AKT"
"P",0.0635539629691724,"DA","Destcompl,MEK"
"P",0.186289618631835,"DA","Destcompl,IKK"
"P",0.104541898439894,"DA","Destcompl,Csn"
"P",0.24541556662518,"TS","Destcompl,STAT"
"P",0.07945024256331,"DA","Destcompl,ERK"
"N",0.488852201159191,"NF","Destcompl,Jagged"
"P",0.303915684726969,"DA","Destcompl,DELTA"
"P",0.209091989108625,"DA","Destcompl,NFB"
"N",0.43874111097848,"NF","Destcompl,SMO"
"N",0.440966460141788,"NF","Destcompl,TWIST1"
"N",0.39128663112344,"NF","Destcompl,NOTCH"
"N",0.457281256963882,"NF","Destcompl,FUS"
"P",0.208186109512492,"DA","Destcompl,TGF"
"N",0.512854933259626,"NF","Destcompl,TCFLEF"
"P",0.387740871634735,"DA","Destcompl,cfos"
"P",0.389598833049346,"DA","Destcompl,CDC42"
"N",0.410947285766059,"NF","Destcompl,NOTCHic"
"P",0.236858841119038,"DA","Destcompl,TGFR"
"P",0.406000181247428,"DA","Destcompl,PAK1"
"N",0.573868661973052,"NF","Destcompl,LIV1"
"P",0.410620798725189,"DA","Destcompl,EGR1"
"P",0.586571383143802,"DA","Destcompl,ZEB1"
"N",0.429055941675764,"NF","Destcompl,Csl"
"P",0.290728407061069,"DA","Destcompl,SMAD"
"P",0.492772221677954,"DA","Destcompl,SNAI1"
"N",0.534820324706787,"NF","Destcompl,GLI"
"P",0.364065373090136,"DA","AXIN2,AXIN2"
"N",0.546253310976647,"NF","AXIN2,Wnt"
"N",0.371698670743652,"NF","AXIN2,SOSGRB2"
"N",0.578210007047216,"NF","AXIN2,Frizzled"
"N",0.602898457640877,"NF","AXIN2,DSH"
"P",0.256896652913364,"TS","AXIN2,CD44"
"P",0.412724782091297,"DA","AXIN2,HEY1"
"P",0.508909227528845,"DA","AXIN2,FOXC2"
"P",0.428601751034277,"DA","AXIN2,PI3K"
"P",0.371788819875776,"DA","AXIN2,ILK"
"N",0.265156629879966,"NF","AXIN2,cMet"
"P",0.295137549209437,"TS","AXIN2,SRC"
"N",0.636218528312231,"NF","AXIN2,cateninnuc"
"N",0.435522128145079,"NF","AXIN2,SHH"
"N",0.728535405411596,"NF","AXIN2,SNAI2"
"P",0.484960159253363,"DA","AXIN2,AKT"
"P",0.39896872944762,"DA","AXIN2,MEK"
"P",0.505027605244996,"DA","AXIN2,IKK"
"P",0.5281588369531,"DA","AXIN2,Csn"
"P",0.283129419600008,"TS","AXIN2,STAT"
"P",0.433070215290065,"DA","AXIN2,ERK"
"N",0.503578601187297,"NF","AXIN2,Jagged"
"P",0.349649370081896,"DA","AXIN2,DELTA"
"P",0.552699513971485,"DA","AXIN2,NFB"
"N",0.524164915544226,"NF","AXIN2,SMO"
"N",0.501152867007411,"NF","AXIN2,TWIST1"
"N",0.394615337425665,"NF","AXIN2,NOTCH"
"N",0.56205311430199,"NF","AXIN2,FUS"
"P",0.417192776237871,"DA","AXIN2,TGF"
"N",0.835144598324733,"NF","AXIN2,TCFLEF"
"P",0.419350794985783,"DA","AXIN2,cfos"
"P",0.459876239129113,"DA","AXIN2,CDC42"
"N",0.437032754843082,"NF","AXIN2,NOTCHic"
"P",0.470972574818588,"DA","AXIN2,TGFR"
"P",0.511192335099296,"DA","AXIN2,PAK1"
"N",0.666192335099296,"NF","AXIN2,LIV1"
"P",0.45952566843263,"DA","AXIN2,EGR1"
"P",0.721257415223303,"DA","AXIN2,ZEB1"
"N",0.470222251721526,"NF","AXIN2,Csl"
"P",0.439151694499951,"DA","AXIN2,SMAD"
"P",0.613925105499381,"DA","AXIN2,SNAI1"
"N",0.682876922502074,"NF","AXIN2,GLI"
"P",0.5,"DA","Wnt,Wnt"
"P",0.400757575757575,"DA","Wnt,SOSGRB2"
"P",0.586842105263158,"DA","Wnt,Frizzled"
"P",0.508270676691729,"DA","Wnt,DSH"
"N",0.336842105263158,"NF","Wnt,CD44"
"P",0.37195201515311,"DA","Wnt,HEY1"
"P",0.492140949026254,"DA","Wnt,FOXC2"
"P",0.42217863499328,"DA","Wnt,PI3K"
"P",0.340133779264214,"DA","Wnt,ILK"
"P",0.273333333333333,"DA","Wnt,cMet"
"N",0.22,"NF","Wnt,SRC"
"P",0.564206333942325,"DA","Wnt,cateninnuc"
"P",0.291558441558442,"DA","Wnt,SHH"
"P",0.696321818055669,"DA","Wnt,SNAI2"
"P",0.456779078409514,"DA","Wnt,AKT"
"P",0.347450980392157,"DA","Wnt,MEK"
"P",0.418290598290599,"DA","Wnt,IKK"
"P",0.448511286525412,"DA","Wnt,Csn"
"N",0.101461038961039,"NF","Wnt,STAT"
"P",0.386200466200466,"DA","Wnt,ERK"
"P",0.341495098039216,"DA","Wnt,Jagged"
"P",0.318796992481203,"DA","Wnt,DELTA"
"P",0.442905982905983,"DA","Wnt,NFB"
"P",0.35,"DA","Wnt,SMO"
"P",0.598195980146444,"DA","Wnt,TWIST1"
"P",0.453754578754579,"DA","Wnt,NOTCH"
"P",0.344444444444444,"NF","Wnt,FUS"
"P",0.474492753623188,"DA","Wnt,TGF"
"P",0.545985608818426,"DA","Wnt,TCFLEF"
"P",0.361481481481481,"DA","Wnt,cfos"
"P",0.428148148148148,"DA","Wnt,CDC42"
"P",0.457542457542458,"DA","Wnt,NOTCHic"
"P",0.488930817610063,"DA","Wnt,TGFR"
"P",0.464990253411306,"DA","Wnt,PAK1"
"P",0.364990253411306,"NF","Wnt,LIV1"
"P",0.364990253411306,"NF","Wnt,EGR1"
"P",0.71542757816072,"DA","Wnt,ZEB1"
"P",0.450169185653057,"DA","Wnt,Csl"
"P",0.398967828037596,"DA","Wnt,SMAD"
"P",0.478936120199166,"DA","Wnt,SNAI1"
"P",0.765210226705283,"DA","Wnt,GLI"
"P",0.298333333333334,"DA","SOSGRB2,SOSGRB2"
"P",0.375757575757576,"DA","SOSGRB2,Frizzled"
"P",0.312342941611234,"DA","SOSGRB2,DSH"
"P",0.493271221532091,"DA","SOSGRB2,CD44"
"P",0.485039665523156,"DA","SOSGRB2,HEY1"
"P",0.614280216638707,"DA","SOSGRB2,FOXC2"
"P",0.493284079385774,"DA","SOSGRB2,PI3K"
"P",0.246302729528536,"DA","SOSGRB2,ILK"
"P",0.454140786749483,"DA","SOSGRB2,cMet"
"P",0.382857142857143,"DA","SOSGRB2,SRC"
"P",0.675691514998394,"DA","SOSGRB2,cateninnuc"
"P",0.337073119631259,"DA","SOSGRB2,SHH"
"P",0.830854186087809,"DA","SOSGRB2,SNAI2"
"P",0.485255285650022,"DA","SOSGRB2,AKT"
"P",0.150385242385242,"DA","SOSGRB2,MEK"
"P",0.541022900388225,"DA","SOSGRB2,IKK"
"P",0.407123256082094,"DA","SOSGRB2,Csn"
"N",0.115270935960591,"NF","SOSGRB2,STAT"
"P",0.191161941414368,"DA","SOSGRB2,ERK"
"P",0.255927637654514,"DA","SOSGRB2,Jagged"
"P",0.410207156308851,"DA","SOSGRB2,DELTA"
"P",0.568391321440857,"DA","SOSGRB2,NFB"
"P",0.332456140350877,"DA","SOSGRB2,SMO"
"P",0.681003852999277,"DA","SOSGRB2,TWIST1"
"P",0.458582840436065,"DA","SOSGRB2,NOTCH"
"P",0.326045883940621,"NF","SOSGRB2,FUS"
"P",0.538116362920394,"DA","SOSGRB2,TGF"
"P",0.659647066718526,"DA","SOSGRB2,TCFLEF"
"P",0.262896825396826,"DA","SOSGRB2,cfos"
"P",0.418452380952381,"DA","SOSGRB2,CDC42"
"P",0.483102686786898,"DA","SOSGRB2,NOTCHic"
"P",0.541583660004713,"DA","SOSGRB2,TGFR"
"P",0.463006836397925,"DA","SOSGRB2,PAK1"
"P",0.248721122112211,"NF","SOSGRB2,LIV1"
"P",0.296340169731259,"DA","SOSGRB2,EGR1"
"P",0.640297967140072,"DA","SOSGRB2,ZEB1"
"P",0.487730579219668,"DA","SOSGRB2,Csl"
"P",0.332552732113943,"DA","SOSGRB2,SMAD"
"P",0.517054670006164,"DA","SOSGRB2,SNAI1"
"P",0.564544563426826,"DA","SOSGRB2,GLI"
"P",0.5,"DA","Frizzled,Frizzled"
"P",0.586842105263158,"DA","Frizzled,DSH"
"N",0.408270676691729,"NF","Frizzled,CD44"
"P",0.343847116588043,"DA","Frizzled,HEY1"
"P",0.492140949026254,"DA","Frizzled,FOXC2"
"P",0.406170729854941,"DA","Frizzled,PI3K"
"P",0.294633273703042,"DA","Frizzled,ILK"
"N",0.336842105263158,"NF","Frizzled,cMet"
"N",0.3,"NF","Frizzled,SRC"
"P",0.560697017172138,"DA","Frizzled,cateninnuc"
"P",0.304461667364893,"DA","Frizzled,SHH"
"P",0.689479502331672,"DA","Frizzled,SNAI2"
"P",0.452548309178744,"DA","Frizzled,AKT"
"P",0.301154684095861,"DA","Frizzled,MEK"
"P",0.401944444444445,"DA","Frizzled,IKK"
"P",0.385057471264368,"DA","Frizzled,Csn"
"N",0.219642857142857,"NF","Frizzled,STAT"
"P",0.347450980392157,"DA","Frizzled,ERK"
"P",0.254626411170529,"DA","Frizzled,Jagged"
"P",0.250615174299385,"DA","Frizzled,DELTA"
"P",0.418290598290599,"DA","Frizzled,NFB"
"P",0.327272727272727,"DA","Frizzled,SMO"
"P",0.581353874883286,"DA","Frizzled,TWIST1"
"P",0.413935574229692,"DA","Frizzled,NOTCH"
"P",0.35,"DA","Frizzled,FUS"
"P",0.42592132505176,"DA","Frizzled,TGF"
"P",0.535661275315285,"DA","Frizzled,TCFLEF"
"P",0.313333333333333,"DA","Frizzled,cfos"
"P",0.426666666666667,"DA","Frizzled,CDC42"
"P",0.453754578754579,"DA","Frizzled,NOTCHic"
"P",0.474492753623188,"DA","Frizzled,TGFR"
"P",0.428148148148148,"DA","Frizzled,PAK1"
"P",0.428148148148148,"DA","Frizzled,LIV1"
"P",0.361481481481481,"DA","Frizzled,EGR1"
"P",0.707601987909387,"DA","Frizzled,ZEB1"
"P",0.457542457542458,"DA","Frizzled,Csl"
"P",0.367048345650823,"DA","Frizzled,SMAD"
"P",0.465300812417517,"DA","Frizzled,SNAI1"
"P",0.743109386369148,"DA","Frizzled,GLI"
"P",0.5,"DA","DSH,DSH"
"P",0.326151471393716,"NF","DSH,CD44"
"P",0.323207281706722,"DA","DSH,HEY1"
"P",0.482209703800891,"DA","DSH,FOXC2"
"P",0.375024623118282,"DA","DSH,PI3K"
"P",0.245619774222252,"DA","DSH,ILK"
"N",0.408270676691729,"NF","DSH,cMet"
"N",0.386842105263158,"NF","DSH,SRC"
"P",0.550074784649175,"DA","DSH,cateninnuc"
"P",0.316118109082685,"DA","DSH,SHH"
"P",0.673904913939854,"DA","DSH,SNAI2"
"P",0.421963601532568,"DA","DSH,AKT"
"P",0.236417841990597,"DA","DSH,MEK"
"P",0.349166666666667,"DA","DSH,IKK"
"P",0.353333333333334,"DA","DSH,Csn"
"N",0.307142857142857,"NF","DSH,STAT"
"P",0.301154684095861,"DA","DSH,ERK"
"P",0.167804705744172,"NF","DSH,Jagged"
"P",0.175024623118282,"NF","DSH,DELTA"
"P",0.401944444444445,"DA","DSH,NFB"
"P",0.291558441558442,"DA","DSH,SMO"
"P",0.560904702306454,"DA","DSH,TWIST1"
"P",0.332816693110811,"DA","DSH,NOTCH"
"P",0.327272727272727,"DA","DSH,FUS"
"P",0.34578195222946,"DA","DSH,TGF"
"P",0.517804132458142,"DA","DSH,TCFLEF"
"P",0.227450980392157,"DA","DSH,cfos"
"P",0.394492753623188,"DA","DSH,CDC42"
"P",0.413935574229692,"DA","DSH,NOTCHic"
"P",0.42592132505176,"DA","DSH,TGFR"
"P",0.426666666666667,"DA","DSH,PAK1"
"P",0.48,"DA","DSH,LIV1"
"P",0.313333333333333,"DA","DSH,EGR1"
"P",0.684882571738848,"DA","DSH,ZEB1"
"P",0.453754578754579,"DA","DSH,Csl"
"P",0.32497287395271,"DA","DSH,SMAD"
"P",0.444980446284794,"DA","DSH,SNAI1"
"P",0.705917735515259,"DA","DSH,GLI"
"P",0.0466666666666666,"DA","CD44,CD44"
"P",0.490694411836009,"DA","CD44,HEY1"
"P",0.641184177917881,"DA","CD44,FOXC2"
"P",0.499279078409514,"DA","CD44,PI3K"
"P",0.41594574507618,"DA","CD44,ILK"
"P",0.117519379844961,"DA","CD44,cMet"
"P",0.00524590163934426,"NF","CD44,SRC"
"P",0.348508994095445,"DA","CD44,cateninnuc"
"P",0.227272727272727,"DA","CD44,SHH"
"P",0.699352032187107,"DA","CD44,SNAI2"
"P",0.549109586884089,"DA","CD44,AKT"
"P",0.506288185498712,"DA","CD44,MEK"
"P",0.576239316239316,"DA","CD44,IKK"
"P",0.572955730969856,"DA","CD44,Csn"
"P",0.111359473859474,"DA","CD44,STAT"
"P",0.522496836898203,"DA","CD44,ERK"
"P",0.377762237762238,"DA","CD44,Jagged"
"P",0.435897435897436,"DA","CD44,DELTA"
"P",0.60957264957265,"DA","CD44,NFB"
"P",0.291111111111111,"DA","CD44,SMO"
"P",0.696890603486348,"DA","CD44,TWIST1"
"P",0.505662758294338,"DA","CD44,NOTCH"
"P",0.375091693635383,"DA","CD44,FUS"
"P",0.631153039832285,"DA","CD44,TGF"
"P",0.326715074087825,"DA","CD44,TCFLEF"
"P",0.490985985985986,"DA","CD44,cfos"
"P",0.665985985985986,"DA","CD44,CDC42"
"P",0.536663336663337,"DA","CD44,NOTCHic"
"P",0.685685203574975,"DA","CD44,TGFR"
"P",0.598659253312719,"DA","CD44,PAK1"
"P",0.498659253312719,"DA","CD44,LIV1"
"P",0.498659253312719,"DA","CD44,EGR1"
"P",0.796973960003013,"DA","CD44,ZEB1"
"P",0.583193948908235,"DA","CD44,Csl"
"P",0.492808759867584,"DA","CD44,SMAD"
"P",0.699346830842401,"DA","CD44,SNAI1"
"P",0.439143447552384,"DA","CD44,GLI"
"P",0.18453781512605,"DA","HEY1,HEY1"
"P",0.47998428476721,"DA","HEY1,FOXC2"
"P",0.436281520920811,"DA","HEY1,PI3K"
"P",0.129717418356708,"DA","HEY1,ILK"
"P",0.477463380292958,"DA","HEY1,cMet"
"P",0.357788130147789,"DA","HEY1,SRC"
"P",0.489590940567328,"DA","HEY1,cateninnuc"
"P",0.380913978494624,"DA","HEY1,SHH"
"P",0.558457893461412,"DA","HEY1,SNAI2"
"P",0.407852756702572,"DA","HEY1,AKT"
"N",0.206726707598484,"NF","HEY1,MEK"
"P",0.474270971546513,"DA","HEY1,IKK"
"P",0.265730897009967,"DA","HEY1,Csn"
"P",0.328,"DA","HEY1,STAT"
"N",0.222461551551899,"NF","HEY1,ERK"
"P",0.514990686474945,"DA","HEY1,Jagged"
"P",0.542564102564103,"DA","HEY1,DELTA"
"P",0.445699542975085,"DA","HEY1,NFB"
"P",0.386080586080586,"DA","HEY1,SMO"
"P",0.637815698204532,"DA","HEY1,TWIST1"
"P",0.545269906357924,"DA","HEY1,NOTCH"
"P",0.365790731008122,"DA","HEY1,FUS"
"P",0.585370005189413,"DA","HEY1,TGF"
"P",0.525010149429479,"DA","HEY1,TCFLEF"
"N",0.134086593067103,"NF","HEY1,cfos"
"P",0.388995683976194,"DA","HEY1,CDC42"
"P",0.52715729731748,"DA","HEY1,NOTCHic"
"P",0.569563671006669,"DA","HEY1,TGFR"
"P",0.361172154564429,"DA","HEY1,PAK1"
"P",0.330869124261398,"DA","HEY1,LIV1"
"N",0.177535790928065,"NF","HEY1,EGR1"
"P",0.53073316209876,"DA","HEY1,ZEB1"
"P",0.507962250877851,"DA","HEY1,Csl"
"P",0.302611264866723,"DA","HEY1,SMAD"
"P",0.439646158580022,"DA","HEY1,SNAI1"
"P",0.502343887427483,"DA","HEY1,GLI"
"P",0.77543075440837,"DA","FOXC2,FOXC2"
"P",0.615191280264451,"DA","FOXC2,PI3K"
"P",0.308627177700348,"DA","FOXC2,ILK"
"P",0.640809934659763,"DA","FOXC2,cMet"
"P",0.609598506069094,"DA","FOXC2,SRC"
"P",0.781507700809391,"DA","FOXC2,cateninnuc"
"P",0.664247311827957,"DA","FOXC2,SHH"
"P",0.8821188323233,"DA","FOXC2,SNAI2"
"P",0.600296350632679,"DA","FOXC2,AKT"
"N",0.379138205989799,"NF","FOXC2,MEK"
"P",0.796623376623377,"DA","FOXC2,IKK"
"P",0.442822096400629,"DA","FOXC2,Csn"
"P",0.485453306066803,"DA","FOXC2,STAT"
"N",0.413865494737705,"NF","FOXC2,ERK"
"P",0.661181162665421,"DA","FOXC2,Jagged"
"P",0.688754578754579,"DA","FOXC2,DELTA"
"P",0.797192528586951,"DA","FOXC2,NFB"
"P",0.698045977011495,"DA","FOXC2,SMO"
"P",0.945192058932737,"DA","FOXC2,TWIST1"
"P",0.750377862583893,"DA","FOXC2,NOTCH"
"P",0.702870538415003,"DA","FOXC2,FUS"
"P",0.888425006771242,"DA","FOXC2,TGF"
"P",0.97019050177416,"DA","FOXC2,TCFLEF"
"N",0.45650400293155,"NF","FOXC2,cfos"
"P",0.711413093840641,"DA","FOXC2,CDC42"
"P",0.763580390019875,"DA","FOXC2,NOTCHic"
"P",0.903544827838448,"DA","FOXC2,TGFR"
"P",0.702585507633744,"DA","FOXC2,PAK1"
"P",0.672282477330713,"DA","FOXC2,LIV1"
"N",0.51894914399738,"NF","FOXC2,EGR1"
"P",0.816013423354823,"DA","FOXC2,ZEB1"
"P",0.761795756021085,"DA","FOXC2,Csl"
"P",0.57648065722134,"DA","FOXC2,SMAD"
"P",0.796379896474169,"DA","FOXC2,SNAI1"
"P",0.851911794791849,"DA","FOXC2,GLI"
"P",0.3724329004329,"DA","PI3K,PI3K"
"P",0.239789879588199,"DA","PI3K,ILK"
"P",0.518619737750172,"DA","PI3K,cMet"
"P",0.450782923098318,"DA","PI3K,SRC"
"P",0.7497689989868,"DA","PI3K,cateninnuc"
"P",0.368162393162393,"DA","PI3K,SHH"
"P",0.790218058924672,"DA","PI3K,SNAI2"
"P",0.481976693196677,"DA","PI3K,AKT"
"P",0.141218497028526,"DA","PI3K,MEK"
"P",0.575296252802391,"DA","PI3K,IKK"
"P",0.37685898016484,"DA","PI3K,Csn"
"N",0.244194582299421,"NF","PI3K,STAT"
"P",0.171538559479736,"DA","PI3K,ERK"
"P",0.354473684210526,"DA","PI3K,Jagged"
"P",0.36621645021645,"DA","PI3K,DELTA"
"P",0.580598655453593,"DA","PI3K,NFB"
"P",0.430929487179487,"DA","PI3K,SMO"
"P",0.68702454212823,"DA","PI3K,TWIST1"
"P",0.481139183397248,"DA","PI3K,NOTCH"
"P",0.432479874776386,"DA","PI3K,FUS"
"P",0.601376716540274,"DA","PI3K,TGF"
"P",0.741938896596071,"DA","PI3K,TCFLEF"
"P",0.350941487706194,"DA","PI3K,cfos"
"P",0.481263616557734,"DA","PI3K,CDC42"
"P",0.499605756562278,"DA","PI3K,NOTCHic"
"P",0.62534593837535,"DA","PI3K,TGFR"
"P",0.469785854721292,"DA","PI3K,PAK1"
"P",0.444785854721292,"DA","PI3K,LIV1"
"P",0.378119188054625,"DA","PI3K,EGR1"
"P",0.78196143492664,"DA","PI3K,ZEB1"
"P",0.494338609915821,"DA","PI3K,Csl"
"P",0.489614624857486,"DA","PI3K,SMAD"
"P",0.536593057180669,"DA","PI3K,SNAI1"
"P",0.767232555579942,"DA","PI3K,GLI"
"P",0.107146858743497,"DA","ILK,ILK"
"P",0.401000690131125,"DA","ILK,cMet"
"P",0.285818713450293,"DA","ILK,SRC"
"P",0.44687660909441,"DA","ILK,cateninnuc"
"P",0.18482905982906,"DA","ILK,SHH"
"P",0.452843167456191,"DA","ILK,SNAI2"
"P",0.326626823036907,"DA","ILK,AKT"
"P",0.205360036378189,"DA","ILK,MEK"
"P",0.402982026143791,"DA","ILK,IKK"
"P",0.225195393374741,"DA","ILK,Csn"
"P",0.264412238325282,"DA","ILK,STAT"
"P",0.208191081082079,"DA","ILK,ERK"
"P",0.241140350877193,"DA","ILK,Jagged"
"P",0.252883116883117,"DA","ILK,DELTA"
"P",0.372696644664466,"DA","ILK,NFB"
"P",0.193333333333333,"DA","ILK,SMO"
"P",0.468078174813742,"DA","ILK,TWIST1"
"P",0.299840482098546,"DA","ILK,NOTCH"
"P",0.171111111111111,"DA","ILK,FUS"
"P",0.452415677579235,"DA","ILK,TGF"
"P",0.467343353117856,"DA","ILK,TCFLEF"
"P",0.126455026455026,"DA","ILK,cfos"
"P",0.256777155306567,"DA","ILK,CDC42"
"P",0.277582417582417,"DA","ILK,NOTCHic"
"P",0.430359553792191,"DA","ILK,TGFR"
"P",0.215126301416624,"DA","ILK,PAK1"
"P",0.190126301416624,"DA","ILK,LIV1"
"P",0.123459634749957,"DA","ILK,EGR1"
"P",0.521663999511837,"DA","ILK,ZEB1"
"P",0.24365878725591,"DA","ILK,Csl"
"P",0.260576322369163,"DA","ILK,SMAD"
"P",0.257446700356939,"DA","ILK,SNAI1"
"P",0.470686344233934,"DA","ILK,GLI"
"P",0.0466666666666666,"DA","cMet,cMet"
"N",0.07,"NF","cMet,SRC"
"P",0.351448192373627,"DA","cMet,cateninnuc"
"P",0.205397727272727,"DA","cMet,SHH"
"P",0.70097670842916,"DA","cMet,SNAI2"
"P",0.53844574507618,"DA","cMet,AKT"
"P",0.471602870813397,"DA","cMet,MEK"
"P",0.524957264957265,"DA","cMet,IKK"
"P",0.548511286525412,"DA","cMet,Csn"
"P",0.00146103896103896,"NF","cMet,STAT"
"P",0.506288185498712,"DA","cMet,ERK"
"P",0.336792338096686,"DA","cMet,Jagged"
"P",0.415238095238095,"DA","cMet,DELTA"
"P",0.576239316239316,"DA","cMet,NFB"
"P",0.246666666666667,"DA","cMet,SMO"
"P",0.700635921838408,"DA","cMet,TWIST1"
"P",0.492123106456813,"DA","cMet,NOTCH"
"P",0.291111111111111,"DA","cMet,FUS"
"P",0.602931442080378,"DA","cMet,TGF"
"P",0.329250149075731,"DA","cMet,TCFLEF"
"P",0.473148148148148,"DA","cMet,cfos"
"P",0.628148148148148,"DA","cMet,CDC42"
"P",0.505662758294338,"DA","cMet,NOTCHic"
"P",0.631153039832285,"DA","cMet,TGFR"
"P",0.665985985985986,"DA","cMet,PAK1"
"P",0.465985985985986,"DA","cMet,LIV1"
"P",0.490985985985986,"DA","cMet,EGR1"
"P",0.788324970104023,"DA","cMet,ZEB1"
"P",0.536663336663337,"DA","cMet,Csl"
"P",0.46008148714031,"DA","cMet,SMAD"
"P",0.703031702154392,"DA","cMet,SNAI1"
"P",0.447529027489689,"DA","cMet,GLI"
"P",0.1,"TS","SRC,SRC"
"P",0.230382404413744,"DA","SRC,cateninnuc"
"P",0.11400871459695,"DA","SRC,SHH"
"P",0.370830640763773,"DA","SRC,SNAI2"
"P",0.427740616871051,"DA","SRC,AKT"
"P",0.29784739149188,"DA","SRC,MEK"
"P",0.385470085470086,"DA","SRC,IKK"
"P",0.418390804597701,"DA","SRC,Csn"
"P",0.0196428571428571,"NF","SRC,STAT"
"P",0.34973418394471,"DA","SRC,ERK"
"P",0.133705598682663,"DA","SRC,Jagged"
"P",0.295227367542762,"DA","SRC,DELTA"
"P",0.431623931623932,"DA","SRC,NFB"
"N",0.163333333333333,"NF","SRC,SMO"
"P",0.519573491642457,"DA","SRC,TWIST1"
"P",0.325238095238095,"DA","SRC,NOTCH"
"N",0.23,"NF","SRC,FUS"
"P",0.513152958152958,"DA","SRC,TGF"
"P",0.211563041450086,"DA","SRC,TCFLEF"
"P",0.322424242424242,"DA","SRC,cfos"
"P",0.543888888888889,"DA","SRC,CDC42"
"P",0.373040293040293,"DA","SRC,NOTCHic"
"P",0.567698412698413,"DA","SRC,TGFR"
"P",0.617037037037037,"DA","SRC,PAK1"
"P",0.328148148148148,"NF","SRC,LIV1"
"P",0.361481481481481,"DA","SRC,EGR1"
"P",0.751503649237197,"DA","SRC,ZEB1"
"P",0.394685314685315,"DA","SRC,Csl"
"P",0.348989026620605,"DA","SRC,SMAD"
"P",0.562463641732897,"DA","SRC,SNAI1"
"N",0.340084611316763,"NF","SRC,GLI"
"P",0.35866288386047,"DA","cateninnuc,cateninnuc"
"P",0.44239498127595,"DA","cateninnuc,SHH"
"P",0.900811592551588,"DA","cateninnuc,SNAI2"
"P",0.730959460271012,"DA","cateninnuc,AKT"
"N",0.410596381687205,"NF","cateninnuc,MEK"
"P",0.758792634229343,"DA","cateninnuc,IKK"
"P",0.685638818650213,"DA","cateninnuc,Csn"
"P",0.223906883160943,"DA","cateninnuc,STAT"
"N",0.434196662013403,"NF","cateninnuc,ERK"
"P",0.589275354344811,"DA","cateninnuc,Jagged"
"P",0.724117054117054,"DA","cateninnuc,DELTA"
"P",0.762282830307775,"DA","cateninnuc,NFB"
"P",0.477556051250732,"DA","cateninnuc,SMO"
"P",0.789231654387314,"DA","cateninnuc,TWIST1"
"P",0.753445140365575,"DA","cateninnuc,NOTCH"
"P",0.479070662797418,"DA","cateninnuc,FUS"
"P",0.793225244499716,"DA","cateninnuc,TGF"
"P",0.465290261925796,"DA","cateninnuc,TCFLEF"
"N",0.443430359822955,"NF","cateninnuc,cfos"
"P",0.755837112490578,"DA","cateninnuc,CDC42"
"P",0.763507596992917,"DA","cateninnuc,NOTCHic"
"P",0.803110910602964,"DA","cateninnuc,TGFR"
"P",0.750606343259808,"DA","cateninnuc,PAK1"
"P",0.611783832437298,"DA","cateninnuc,LIV1"
"N",0.47219226458486,"NF","cateninnuc,EGR1"
"P",0.869817656570316,"DA","cateninnuc,ZEB1"
"P",0.764093978579738,"DA","cateninnuc,Csl"
"P",0.524547206732632,"DA","cateninnuc,SMAD"
"P",0.795082578410973,"DA","cateninnuc,SNAI1"
"P",0.727770341913702,"DA","cateninnuc,GLI"
"P",0.506666666666666,"DA","SHH,SHH"
"P",0.724420521648841,"DA","SHH,SNAI2"
"P",0.283951866846604,"DA","SHH,AKT"
"P",0.388851601842923,"DA","SHH,MEK"
"P",0.348326947637292,"DA","SHH,IKK"
"P",0.130436265655726,"NF","SHH,Csn"
"P",0.164592508746656,"DA","SHH,STAT"
"P",0.34527672261587,"DA","SHH,ERK"
"P",0.284652014652015,"DA","SHH,Jagged"
"P",0.371794871794872,"DA","SHH,DELTA"
"P",0.272423333179461,"NF","SHH,NFB"
"P",0.618611111111111,"DA","SHH,SMO"
"P",0.649170779254861,"DA","SHH,TWIST1"
"P",0.384539969834087,"DA","SHH,NOTCH"
"P",0.541843434343434,"DA","SHH,FUS"
"P",0.688951149425287,"DA","SHH,TGF"
"P",0.435889476312987,"DA","SHH,TCFLEF"
"P",0.259543721909313,"DA","SHH,cfos"
"P",0.459543721909313,"DA","SHH,CDC42"
"P",0.373787281662044,"DA","SHH,NOTCHic"
"P",0.676634765244496,"DA","SHH,TGFR"
"P",0.380543721909313,"DA","SHH,PAK1"
"P",0.180543721909313,"NF","SHH,LIV1"
"P",0.180543721909313,"NF","SHH,EGR1"
"P",0.641920169879663,"DA","SHH,ZEB1"
"P",0.295339005799975,"DA","SHH,Csl"
"P",0.397537061037027,"DA","SHH,SMAD"
"P",0.483488705728083,"DA","SHH,SNAI1"
"P",0.570463139771828,"DA","SHH,GLI"
"P",1.41061976799142,"DA","SNAI2,SNAI2"
"P",0.768697745837032,"DA","SNAI2,AKT"
"N",0.725392557936108,"NF","SNAI2,MEK"
"P",0.980801047233568,"DA","SNAI2,IKK"
"P",0.62177039844396,"DA","SNAI2,Csn"
"P",0.411585766080559,"DA","SNAI2,STAT"
"N",0.760102425603595,"NF","SNAI2,ERK"
"P",0.835941267426236,"DA","SNAI2,Jagged"
"P",0.851515390571698,"DA","SNAI2,DELTA"
"P",0.965662275156192,"DA","SNAI2,NFB"
"P",0.755122830741492,"DA","SNAI2,SMO"
"P",1.17183725605672,"DA","SNAI2,TWIST1"
"P",0.901012154340328,"DA","SNAI2,NOTCH"
"P",0.748237203959361,"DA","SNAI2,FUS"
"P",0.895681027941017,"DA","SNAI2,TGF"
"P",0.869929579710373,"DA","SNAI2,TCFLEF"
"N",0.617271258868511,"NF","SNAI2,cfos"
"P",0.868531763070191,"DA","SNAI2,CDC42"
"P",0.904528277495729,"DA","SNAI2,NOTCHic"
"P",0.904416937763883,"DA","SNAI2,TGFR"
"P",0.845204457464405,"DA","SNAI2,PAK1"
"P",0.828733869229111,"DA","SNAI2,LIV1"
"N",0.668733869229111,"NF","SNAI2,EGR1"
"P",0.900087878401352,"DA","SNAI2,ZEB1"
"P",0.894001961706255,"DA","SNAI2,Csl"
"P",0.660449875371768,"DA","SNAI2,SMAD"
"P",0.961763354929051,"DA","SNAI2,SNAI1"
"P",0.989617793530827,"DA","SNAI2,GLI"
"P",0.37093102975456,"DA","AKT,AKT"
"P",0.237298614478711,"DA","AKT,MEK"
"P",0.579890459302224,"DA","AKT,IKK"
"P",0.399033333333333,"DA","AKT,Csn"
"P",0.298315846112457,"DA","AKT,STAT"
"P",0.257923396733965,"DA","AKT,ERK"
"P",0.280581116145773,"DA","AKT,Jagged"
"P",0.306612188420408,"DA","AKT,DELTA"
"P",0.594591314003078,"DA","AKT,NFB"
"P",0.335575091575092,"DA","AKT,SMO"
"P",0.74816792757493,"DA","AKT,TWIST1"
"P",0.386135487905747,"DA","AKT,NOTCH"
"P",0.350959706959707,"DA","AKT,FUS"
"P",0.614086550036401,"DA","AKT,TGF"
"P",0.667317212281157,"DA","AKT,TCFLEF"
"P",0.199412133274362,"DA","AKT,cfos"
"P",0.383616615067079,"DA","AKT,CDC42"
"P",0.401280127724239,"DA","AKT,NOTCHic"
"P",0.620964931263128,"DA","AKT,TGFR"
"P",0.365246244696709,"DA","AKT,PAK1"
"P",0.387305068226121,"DA","AKT,LIV1"
"P",0.234924115845169,"DA","AKT,EGR1"
"P",0.673140492550109,"DA","AKT,ZEB1"
"P",0.400805008944544,"DA","AKT,Csl"
"P",0.379594661298863,"DA","AKT,SMAD"
"P",0.393934458731369,"DA","AKT,SNAI1"
"P",0.593110678725813,"DA","AKT,GLI"
"P",0.255974565908536,"DA","MEK,MEK"
"P",0.231121212121212,"DA","MEK,IKK"
"P",0.17676948051948,"DA","MEK,Csn"
"P",0.41067678684377,"DA","MEK,STAT"
"P",0.356271687542704,"DA","MEK,ERK"
"P",0.466521678336508,"DA","MEK,Jagged"
"P",0.281230436230437,"DA","MEK,DELTA"
"P",0.195470588235294,"DA","MEK,NFB"
"P",0.36404662004662,"DA","MEK,SMO"
"P",0.517268418494453,"DA","MEK,TWIST1"
"P",0.441447611593597,"DA","MEK,NOTCH"
"P",0.325793746483402,"DA","MEK,FUS"
"P",0.637790355553253,"DA","MEK,TGF"
"P",0.492384840880284,"DA","MEK,TCFLEF"
"P",0.436270678220212,"DA","MEK,cfos"
"P",0.480441449977191,"DA","MEK,CDC42"
"P",0.415649905649905,"DA","MEK,NOTCHic"
"P",0.604313703218487,"DA","MEK,TGFR"
"P",0.444822402358143,"DA","MEK,PAK1"
"P",0.324822402358143,"DA","MEK,LIV1"
"P",0.444822402358143,"DA","MEK,EGR1"
"P",0.545678098982153,"DA","MEK,ZEB1"
"P",0.372673317021144,"DA","MEK,Csl"
"P",0.399700678746524,"DA","MEK,SMAD"
"P",0.47876113125647,"DA","MEK,SNAI1"
"P",0.700269132340956,"DA","MEK,GLI"
"P",0.528571428571428,"DA","IKK,IKK"
"P",0.475833333333333,"DA","IKK,Csn"
"P",0.234285714285714,"DA","IKK,STAT"
"P",0.253866310160428,"DA","IKK,ERK"
"P",0.316201187129022,"DA","IKK,Jagged"
"P",0.367453115547489,"DA","IKK,DELTA"
"P",0.62992277992278,"DA","IKK,NFB"
"P",0.372857142857143,"DA","IKK,SMO"
"P",0.946457659987072,"DA","IKK,TWIST1"
"P",0.448629148629149,"DA","IKK,NOTCH"
"P",0.356857142857143,"DA","IKK,FUS"
"P",0.827182395382395,"DA","IKK,TGF"
"P",0.681810605165444,"DA","IKK,TCFLEF"
"P",0.185119047619047,"DA","IKK,cfos"
"P",0.526388888888889,"DA","IKK,CDC42"
"P",0.44069264069264,"DA","IKK,NOTCHic"
"P",0.796698184856079,"DA","IKK,TGFR"
"P",0.507675438596491,"DA","IKK,PAK1"
"P",0.257675438596491,"DA","IKK,LIV1"
"P",0.207675438596491,"DA","IKK,EGR1"
"P",0.673267841735487,"DA","IKK,ZEB1"
"P",0.418322762508809,"DA","IKK,Csl"
"P",0.448840435514139,"DA","IKK,SMAD"
"P",0.471931870601015,"DA","IKK,SNAI1"
"P",0.582582555289322,"DA","IKK,GLI"
"P",0.21,"DA","Csn,Csn"
"P",0.266666666666667,"NF","Csn,STAT"
"P",0.195519480519481,"DA","Csn,ERK"
"P",0.179762088830927,"NF","Csn,Jagged"
"P",0.210192313498173,"NF","Csn,DELTA"
"P",0.460952380952381,"DA","Csn,NFB"
"P",0.197402597402597,"DA","Csn,SMO"
"P",0.587486364344709,"DA","Csn,TWIST1"
"P",0.259078421578422,"NF","Csn,NOTCH"
"P",0.226190476190476,"DA","Csn,FUS"
"P",0.50424307937755,"DA","Csn,TGF"
"P",0.612025343029822,"DA","Csn,TCFLEF"
"P",0.114242424242424,"DA","Csn,cfos"
"P",0.234011759384893,"DA","Csn,CDC42"
"P",0.266450216450216,"DA","Csn,NOTCHic"
"P",0.501319451692586,"DA","Csn,TGFR"
"P",0.228787878787878,"DA","Csn,PAK1"
"P",0.283333333333333,"DA","Csn,LIV1"
"P",0.173333333333333,"DA","Csn,EGR1"
"P",0.599020678246484,"DA","Csn,ZEB1"
"P",0.284343434343434,"DA","Csn,Csl"
"P",0.273081711569543,"DA","Csn,SMAD"
"P",0.27325747577806,"DA","Csn,SNAI1"
"P",0.511417642663209,"DA","Csn,GLI"
"P",0.114285714285714,"TS","STAT,STAT"
"P",0.475872033023736,"DA","STAT,ERK"
"P",0.068589510595417,"NF","STAT,Jagged"
"P",0.044194582299421,"NF","STAT,DELTA"
"P",0.297777777777778,"DA","STAT,NFB"
"P",0.145,"DA","STAT,SMO"
"P",0.389748956690485,"DA","STAT,TWIST1"
"P",0.133024114920174,"DA","STAT,NOTCH"
"P",0.175,"DA","STAT,FUS"
"P",0.31176467189053,"DA","STAT,TGF"
"P",0.193233816656529,"DA","STAT,TCFLEF"
"P",0.413333333333333,"DA","STAT,cfos"
"P",0.365909090909091,"DA","STAT,CDC42"
"P",0.220402755696873,"DA","STAT,NOTCHic"
"P",0.394856459330144,"DA","STAT,TGFR"
"P",0.420909090909091,"DA","STAT,PAK1"
"P",0.28,"NF","STAT,LIV1"
"P",0.513333333333333,"DA","STAT,EGR1"
"P",0.778832705755783,"DA","STAT,ZEB1"
"N",0.27315233785822,"NF","STAT,Csl"
"P",0.339289085615922,"DA","STAT,SMAD"
"P",0.477963286391108,"DA","STAT,SNAI1"
"P",0.291144003055768,"DA","STAT,GLI"
"P",0.255974565908536,"DA","ERK,ERK"
"P",0.518529710465022,"DA","ERK,Jagged"
"P",0.349801864801865,"DA","ERK,DELTA"
"P",0.231121212121212,"DA","ERK,NFB"
"P",0.391667087011349,"DA","ERK,SMO"
"P",0.537291741546323,"DA","ERK,TWIST1"
"P",0.462836610406419,"DA","ERK,NOTCH"
"P",0.36404662004662,"DA","ERK,FUS"
"P",0.661343469106367,"DA","ERK,TGF"
"P",0.507269902711707,"DA","ERK,TCFLEF"
"P",0.425668442374558,"DA","ERK,cfos"
"P",0.525237901743388,"DA","ERK,CDC42"
"P",0.441447611593597,"DA","ERK,NOTCHic"
"P",0.637790355553253,"DA","ERK,TGFR"
"P",0.480441449977191,"DA","ERK,PAK1"
"P",0.412822402358143,"DA","ERK,LIV1"
"P",0.436270678220212,"DA","ERK,EGR1"
"P",0.569906480126139,"DA","ERK,ZEB1"
"P",0.415649905649905,"DA","ERK,Csl"
"P",0.398595932429012,"DA","ERK,SMAD"
"P",0.494936808054343,"DA","ERK,SNAI1"
"P",0.715586431112747,"DA","ERK,GLI"
"P",0.332987012987012,"DA","Jagged,Jagged"
"P",0.346493506493506,"DA","Jagged,DELTA"
"P",0.308047709910797,"NF","Jagged,NFB"
"P",0.269074074074074,"DA","Jagged,SMO"
"P",0.698129094028386,"DA","Jagged,TWIST1"
"P",0.427551707551707,"DA","Jagged,NOTCH"
"P",0.261041945560018,"NF","Jagged,FUS"
"P",0.638747504500081,"DA","Jagged,TGF"
"P",0.568361057994749,"DA","Jagged,TCFLEF"
"P",0.408611111111111,"DA","Jagged,cfos"
"P",0.408611111111111,"DA","Jagged,CDC42"
"P",0.381950950692673,"DA","Jagged,NOTCHic"
"P",0.592457649427618,"DA","Jagged,TGFR"
"P",0.433150988411725,"DA","Jagged,PAK1"
"P",0.233150988411725,"NF","Jagged,LIV1"
"P",0.333150988411725,"DA","Jagged,EGR1"
"P",0.793570064818899,"DA","Jagged,ZEB1"
"P",0.346950950692673,"DA","Jagged,Csl"
"P",0.422898757156821,"DA","Jagged,SMAD"
"P",0.513601968803881,"DA","Jagged,SNAI1"
"P",0.543150362321105,"DA","Jagged,GLI"
"P",0.36,"DA","DELTA,DELTA"
"P",0.380598655453593,"NF","DELTA,NFB"
"P",0.380929487179487,"DA","DELTA,SMO"
"P",0.71354341891154,"DA","DELTA,TWIST1"
"P",0.484155844155844,"DA","DELTA,NOTCH"
"P",0.382479874776386,"NF","DELTA,FUS"
"P",0.672031746031745,"DA","DELTA,TGF"
"P",0.70084795773063,"DA","DELTA,TCFLEF"
"P",0.503322440087146,"DA","DELTA,cfos"
"P",0.503322440087146,"DA","DELTA,CDC42"
"P",0.463451910408432,"DA","DELTA,NOTCHic"
"P",0.654960317460318,"DA","DELTA,TGFR"
"P",0.544785854721292,"DA","DELTA,PAK1"
"P",0.344785854721292,"NF","DELTA,LIV1"
"P",0.444785854721292,"DA","DELTA,EGR1"
"P",0.882258295641486,"DA","DELTA,ZEB1"
"P",0.444338609915821,"DA","DELTA,Csl"
"P",0.498669766914308,"DA","DELTA,SMAD"
"P",0.638573733509171,"DA","DELTA,SNAI1"
"P",0.703850913067864,"DA","DELTA,GLI"
"P",0.528571428571428,"DA","NFB,NFB"
"P",0.370740740740741,"DA","NFB,SMO"
"P",0.933441786971198,"DA","NFB,TWIST1"
"P",0.433718754363915,"DA","NFB,NOTCH"
"P",0.372857142857143,"DA","NFB,FUS"
"P",0.827996138601201,"DA","NFB,TGF"
"P",0.691569690506399,"DA","NFB,TCFLEF"
"P",0.151619047619048,"DA","NFB,cfos"
"P",0.552525252525252,"DA","NFB,CDC42"
"P",0.448629148629149,"DA","NFB,NOTCHic"
"P",0.827182395382395,"DA","NFB,TGFR"
"P",0.526388888888889,"DA","NFB,PAK1"
"P",0.320833333333333,"DA","NFB,LIV1"
"P",0.185119047619047,"DA","NFB,EGR1"
"P",0.689246737533489,"DA","NFB,ZEB1"
"P",0.44069264069264,"DA","NFB,Csl"
"P",0.422366202698337,"DA","NFB,SMAD"
"P",0.472165254670015,"DA","NFB,SNAI1"
"P",0.585678175559903,"DA","NFB,GLI"
"P",0.506666666666666,"DA","SMO,SMO"
"P",0.67641394335512,"DA","SMO,TWIST1"
"P",0.407121212121212,"DA","SMO,NOTCH"
"P",0.624166666666666,"DA","SMO,FUS"
"P",0.711576576576577,"DA","SMO,TGF"
"P",0.48223455077824,"DA","SMO,TCFLEF"
"P",0.26952380952381,"DA","SMO,cfos"
"P",0.54952380952381,"DA","SMO,CDC42"
"P",0.400582750582751,"DA","SMO,NOTCHic"
"P",0.699367816091954,"DA","SMO,TGFR"
"P",0.538556067588326,"DA","SMO,PAK1"
"P",0.238556067588326,"DA","SMO,LIV1"
"P",0.238556067588326,"DA","SMO,EGR1"
"P",0.705591936312276,"DA","SMO,ZEB1"
"P",0.384539969834087,"DA","SMO,Csl"
"P",0.371944444444444,"DA","SMO,SMAD"
"P",0.518145872446947,"DA","SMO,SNAI1"
"P",0.617784043441938,"DA","SMO,GLI"
"P",0.927557299044714,"DA","TWIST1,TWIST1"
"P",0.759977086801199,"DA","TWIST1,NOTCH"
"P",0.674445356967686,"DA","TWIST1,FUS"
"P",0.975446464487781,"DA","TWIST1,TGF"
"P",0.858995131711814,"DA","TWIST1,TCFLEF"
"P",0.450561641257293,"DA","TWIST1,cfos"
"P",0.802594715629198,"DA","TWIST1,CDC42"
"P",0.759662621392394,"DA","TWIST1,NOTCHic"
"P",0.981120959255086,"DA","TWIST1,TGFR"
"P",0.7765827216262,"DA","TWIST1,PAK1"
"P",0.661431206474685,"DA","TWIST1,LIV1"
"P",0.461431206474685,"DA","TWIST1,EGR1"
"P",0.955633952985992,"DA","TWIST1,ZEB1"
"P",0.74880425477782,"DA","TWIST1,Csl"
"P",0.646738175969631,"DA","TWIST1,SMAD"
"P",0.894140454573408,"DA","TWIST1,SNAI1"
"P",0.846015083501671,"DA","TWIST1,GLI"
"P",0.372534562211982,"DA","NOTCH,NOTCH"
"P",0.393484848484848,"DA","NOTCH,FUS"
"P",0.774232604128044,"DA","NOTCH,TGF"
"P",0.732015775237556,"DA","NOTCH,TCFLEF"
"P",0.432051282051282,"DA","NOTCH,cfos"
"P",0.467606837606838,"DA","NOTCH,CDC42"
"P",0.459801115692456,"DA","NOTCH,NOTCHic"
"P",0.753601367182116,"DA","NOTCH,TGFR"
"P",0.445018315018315,"DA","NOTCH,PAK1"
"P",0.245018315018315,"NF","NOTCH,LIV1"
"P",0.445018315018315,"DA","NOTCH,EGR1"
"P",0.882059086760029,"DA","NOTCH,ZEB1"
"P",0.422008907900249,"DA","NOTCH,Csl"
"P",0.446338259441707,"DA","NOTCH,SMAD"
"P",0.575094191522763,"DA","NOTCH,SNAI1"
"P",0.605164031370928,"DA","NOTCH,GLI"
"P",0.506666666666666,"DA","FUS,FUS"
"P",0.717604945370902,"DA","FUS,TGF"
"P",0.486244575840896,"DA","FUS,TCFLEF"
"P",0.259267399267399,"DA","FUS,cfos"
"P",0.557857142857143,"DA","FUS,CDC42"
"P",0.407121212121212,"DA","FUS,NOTCHic"
"P",0.711576576576577,"DA","FUS,TGFR"
"P",0.54952380952381,"DA","FUS,PAK1"
"P",0.20952380952381,"DA","FUS,LIV1"
"P",0.26952380952381,"DA","FUS,EGR1"
"P",0.720650497383106,"DA","FUS,ZEB1"
"P",0.400582750582751,"DA","FUS,Csl"
"P",0.350331541218638,"DA","FUS,SMAD"
"P",0.523573312465583,"DA","FUS,SNAI1"
"P",0.626083638583638,"DA","FUS,GLI"
"P",1.07119047619048,"DA","TGF,TGF"
"P",0.97168592495499,"DA","TGF,TCFLEF"
"P",0.686350903997963,"DA","TGF,cfos"
"P",0.951112808759868,"DA","TGF,CDC42"
"P",0.774627947857452,"DA","TGF,NOTCHic"
"P",1.16834093211753,"DA","TGF,TGFR"
"P",0.919965267776261,"DA","TGF,PAK1"
"P",0.459965267776261,"NF","TGF,LIV1"
"P",0.693298601109594,"DA","TGF,EGR1"
"P",1.04022255332886,"DA","TGF,ZEB1"
"P",0.749775340147702,"DA","TGF,Csl"
"P",0.719830836944349,"DA","TGF,SMAD"
"P",0.910817502052249,"DA","TGF,SNAI1"
"P",0.958189202291196,"DA","TGF,GLI"
"P",0.361690357557894,"DA","TCFLEF,TCFLEF"
"P",0.496812563417249,"DA","TCFLEF,cfos"
"P",0.9286532902835,"DA","TCFLEF,CDC42"
"P",0.742001536984116,"DA","TCFLEF,NOTCHic"
"P",0.982405529505198,"DA","TCFLEF,TGFR"
"P",0.924613669267134,"DA","TCFLEF,PAK1"
"P",0.56051110516457,"DA","TCFLEF,LIV1"
"P",0.522892057545523,"DA","TCFLEF,EGR1"
"P",1.02351563212335,"DA","TCFLEF,ZEB1"
"P",0.744755615714844,"DA","TCFLEF,Csl"
"P",0.541474065111125,"DA","TCFLEF,SMAD"
"P",0.851370101584236,"DA","TCFLEF,SNAI1"
"P",0.710809066673247,"DA","TCFLEF,GLI"
"P",0.4,"DA","cfos,cfos"
"P",0.514285714285714,"DA","cfos,CDC42"
"P",0.357179487179487,"DA","cfos,NOTCHic"
"P",0.646159516438154,"DA","cfos,TGFR"
"P",0.4472049689441,"DA","cfos,PAK1"
"P",0.304347826086957,"DA","cfos,LIV1"
"P",0.524347826086957,"DA","cfos,EGR1"
"P",0.681162842538145,"DA","cfos,ZEB1"
"P",0.310476190476191,"DA","cfos,Csl"
"P",0.299803720771463,"DA","cfos,SMAD"
"P",0.532000439510864,"DA","cfos,SNAI1"
"P",0.687609301030354,"DA","cfos,GLI"
"P",0.628571428571428,"DA","CDC42,CDC42"
"P",0.502068376068375,"DA","CDC42,NOTCHic"
"P",0.962801120448179,"DA","CDC42,TGFR"
"P",0.721848739495798,"DA","CDC42,PAK1"
"P",0.478991596638655,"DA","CDC42,LIV1"
"P",0.598991596638655,"DA","CDC42,EGR1"
"P",0.978295609488003,"DA","CDC42,ZEB1"
"P",0.512738351254481,"DA","CDC42,Csl"
"P",0.522118253126886,"DA","CDC42,SMAD"
"P",0.743624179245922,"DA","CDC42,SNAI1"
"P",0.895392552261881,"DA","CDC42,GLI"
"P",0.372534562211982,"DA","NOTCHic,NOTCHic"
"P",0.774232604128044,"DA","NOTCHic,TGFR"
"P",0.467606837606838,"DA","NOTCHic,PAK1"
"P",0.312051282051282,"DA","NOTCHic,LIV1"
"P",0.432051282051282,"DA","NOTCHic,EGR1"
"P",0.897804418868997,"DA","NOTCHic,ZEB1"
"P",0.459801115692456,"DA","NOTCHic,Csl"
"P",0.422854189554761,"DA","NOTCHic,SMAD"
"P",0.577165242165242,"DA","NOTCHic,SNAI1"
"P",0.604457426148194,"DA","NOTCHic,GLI"
"P",1.07119047619048,"DA","TGFR,TGFR"
"P",0.951112808759868,"DA","TGFR,PAK1"
"P",0.524446142093201,"DA","TGFR,LIV1"
"P",0.686350903997963,"DA","TGFR,EGR1"
"P",1.05048254441488,"DA","TGFR,ZEB1"
"P",0.774627947857452,"DA","TGFR,Csl"
"P",0.691675841268688,"DA","TGFR,SMAD"
"P",0.916858752409086,"DA","TGFR,SNAI1"
"P",0.963062067566338,"DA","TGFR,GLI"
"P",0.628571428571428,"DA","PAK1,PAK1"
"P",0.514285714285714,"DA","PAK1,LIV1"
"P",0.514285714285714,"DA","PAK1,EGR1"
"P",0.965508433943943,"DA","PAK1,ZEB1"
"P",0.502068376068375,"DA","PAK1,Csl"
"P",0.472522614780679,"DA","PAK1,SMAD"
"P",0.725138607538392,"DA","PAK1,SNAI1"
"P",0.866006513573907,"DA","PAK1,GLI"
"P",0.4,"DA","LIV1,LIV1"
"P",0.4,"DA","LIV1,EGR1"
"P",0.867998855399882,"DA","LIV1,ZEB1"
"P",0.37051282051282,"DA","LIV1,Csl"
"P",0.301094043352108,"DA","LIV1,SMAD"
"P",0.626147010899737,"DA","LIV1,SNAI1"
"P",0.597673180240574,"DA","LIV1,GLI"
"P",0.4,"DA","EGR1,EGR1"
"P",0.717998855399882,"DA","EGR1,ZEB1"
"P",0.357179487179487,"DA","EGR1,Csl"
"P",0.301094043352108,"DA","EGR1,SMAD"
"P",0.550494836986694,"DA","EGR1,SNAI1"
"P",0.711958894526288,"DA","EGR1,GLI"
"P",1.20867886677217,"DA","ZEB1,ZEB1"
"P",0.902538467184455,"DA","ZEB1,Csl"
"P",0.795740944783009,"DA","ZEB1,SMAD"
"P",0.978248534397264,"DA","ZEB1,SNAI1"
"P",1.08654240649968,"DA","ZEB1,GLI"
"P",0.372534562211982,"DA","Csl,Csl"
"P",0.391992120589243,"DA","Csl,SMAD"
"P",0.571470936470936,"DA","Csl,SNAI1"
"P",0.596715490664323,"DA","Csl,GLI"
"P",0.218310547899588,"DA","SMAD,SMAD"
"P",0.50235360792223,"DA","SMAD,SNAI1"
"P",0.542766686752186,"DA","SMAD,GLI"
"P",0.539980854539688,"DA","SNAI1,SNAI1"
"P",0.83111344540554,"DA","SNAI1,GLI"
"P",0.83077879607574,"DA","GLI,GLI"
