"","AKT","AXIN2","CD44","CDC42","CHD1L","Csl","Csn","DELTA","DSH","Destcompl","EGF","EGFR","EGR1","ERK","Ecadherin","FGF","FGFR","FOXC2","FUS","Frizzled","GLI","GSK3","Goosecoid","HEY1","HGF","HIF1","Hypoxia","IGF1","IGF1R","IKK","ILK","JAK","Jagged","KLF4","LIF","LIFR","LIV1","LOXL23","MEK","NFB","NOTCH","NOTCHic","PAK1","PDGF","PDGFR","PI3K","Patched","RAF","RAS","RKIP","SHH","SMAD","SMO","SNAI1","SNAI2","SOSGRB2","SRC","STAT","SUFU","TCFLEF","TGF","TGFR","TWIST1","TrCP","Wnt","ZEB1","ZEB2","cMet","cateninmemb","cateninnuc","cfos","miR200"
"AKT",1,0.106353378940246,0.384711225757701,0.432803077893057,0.00310520123344643,0.432803077893057,0.998627839737123,1,0.429167494779843,0.106353378940246,0.190487726934496,0.190487726934496,0.505031835521242,0.505031835521242,-0.385179263056623,0.182291574154408,0.182291574154408,0.362426924945561,0.432357095556148,0.43101969010955,0.432357095556148,-0.817198914940376,0.128274086902411,0.432803077893057,-0.026016381296524,0.149777897404418,0.149777897404418,0.800546704170576,0.800546704170576,0.999542682990552,0.432803077893057,0.17808406454667,0.432803077893057,0.800546704170576,0.17808406454667,0.17808406454667,0.800546704170576,0.149777897404418,0.505031835521242,0.999085585344922,0.432803077893057,0.432803077893057,0.432803077893057,0.00614486653560518,0.00614486653560518,1,-0.432803077893057,1,1,-0.505031835521242,0.432803077893057,0.432803077893057,0.432803077893057,0.505031835521242,0.385179263056623,0.750734326403535,0.800546704170576,0.800546704170576,-0.432357095556148,0.385179263056623,0.432803077893057,0.432803077893057,0.362426924945561,-0.998170292832608,0.431911203666263,0.477264943453874,0.483642868391235,0.383775387077087,-0.385179263056623,0.385179263056623,0.505031835521242,-0.483642868391235
"AXIN2",0.106353378940246,1,-0.144639119723332,-0.081144471111522,0.00916388323355447,-0.081144471111522,0.104971415362292,0.106353378940246,-0.0784184516371638,1,-0.0235687959291109,-0.0235687959291109,-0.0216878624299076,-0.0216878624299076,0.144190324339416,0.00281876281027241,0.00281876281027241,-0.135131804328924,-0.0806959032107904,-0.0793503001290174,-0.0806959032107904,-0.288928188524543,-0.0427548893436568,-0.081144471111522,0.000930602985707643,-0.00847167850780384,-0.00847167850780384,-0.0170342058495738,-0.0170342058495738,0.105886139266436,-0.081144471111522,-0.00569363250362699,-0.081144471111522,-0.0170342058495738,-0.00569363250362699,-0.00569363250362699,-0.0170342058495738,-0.00847167850780384,-0.0216878624299076,0.105418932200919,-0.081144471111522,-0.081144471111522,-0.081144471111522,-0.0157525922773806,-0.0157525922773806,0.106353378940246,0.081144471111522,0.106353378940246,0.106353378940246,0.0216878624299076,-0.081144471111522,-0.081144471111522,-0.081144471111522,-0.0216878624299076,-0.144190324339416,-0.0844388555644542,-0.0170342058495738,-0.0170342058495738,0.0806959032107904,-0.144190324339416,-0.081144471111522,-0.081144471111522,-0.135131804328924,-0.105438644707183,-0.0802473522676,-0.0176683285613592,-0.0194798384411169,-0.145536806239022,0.144190324339416,-0.144190324339416,-0.0216878624299076,0.0194798384411169
"CD44",0.384711225757701,-0.144639119723332,1,0.936461768269476,-0.0130804056809097,0.936461768269476,0.383336809305856,0.384711225757701,0.932807954685843,-0.144639119723332,0.0048044802249447,0.0048044802249447,0.864229984924346,0.864229984924346,-0.999542955497342,0.00556335157225637,0.00556335157225637,0.975783873228395,0.936006202587763,0.934640678609604,0.936006202587763,-0.55199199185488,0.441832806713276,0.936461768269476,0.00210081048300673,0.607778824325539,0.607778824325539,0.27589718651152,0.27589718651152,0.384251375488153,0.936461768269476,-0.0139474123624536,0.936461768269476,0.27589718651152,-0.0139474123624536,-0.0139474123624536,0.27589718651152,0.607778824325539,0.864229984924346,0.383791615903233,0.936461768269476,0.936461768269476,0.936461768269476,0.015309970477575,0.015309970477575,0.384711225757701,-0.936461768269476,0.384711225757701,0.384711225757701,-0.864229984924346,0.936461768269476,0.936461768269476,0.936461768269476,0.864229984924346,0.999542955497342,0.424471355394851,0.27589718651152,0.27589718651152,-0.936006202587763,0.999542955497342,0.936461768269476,0.936461768269476,0.975783873228395,-0.382882072738831,0.935550832607477,0.845510389352107,0.852818903668634,0.999086114825543,-0.999542955497342,0.999542955497342,0.864229984924346,-0.852818903668634
"CDC42",0.432803077893057,-0.081144471111522,0.936461768269476,1,-0.00892397911634666,1,0.431426665127639,0.432803077893057,0.996343274146836,-0.081144471111522,0.0144007964637291,0.0144007964637291,0.92777173709793,0.92777173709793,-0.936917661761405,0.0162141231572661,0.0162141231572661,0.913144451837764,0.999542961513285,0.998173098785664,0.999542961513285,-0.615563606856441,0.495314571837287,1,0.00343646777846011,0.545143583675677,0.545143583675677,0.318526447859632,0.318526447859632,0.432341224620509,1,0.00205636101005796,1,0.318526447859632,0.00205636101005796,0.00205636101005796,0.318526447859632,0.545143583675677,0.92777173709793,0.431879472139124,1,1,1,0.0139420858522375,0.0139420858522375,0.432803077893057,-1,0.432803077893057,0.432803077893057,-0.92777173709793,1,1,1,0.92777173709793,0.936917661761405,0.441452774873535,0.318526447859632,0.318526447859632,-0.999542961513285,0.936917661761405,1,1,0.913144451837764,-0.430973938253191,0.999086132006195,0.898979274754563,0.906290516059836,0.935550563266193,-0.936917661761405,0.936917661761405,0.92777173709793,-0.906290516059836
"CHD1L",0.00310520123344643,0.00916388323355447,-0.0130804056809097,-0.00892397911634666,1,-0.00892397911634666,0.00265380592250812,0.00310520123344643,-0.00982642774842189,0.00916388323355447,-0.00615706537973583,-0.00615706537973583,-0.00802153681244358,-0.00802153681244358,0.0135316117011697,-0.0149343616753498,-0.0149343616753498,-0.0162150684822405,-0.00937520249991937,-0.00981452105337388,-0.00937520249991937,-0.00147809402908826,-0.0244562412709676,-0.00892397911634666,-0.00785523937113436,-0.00570583746353264,-0.00570583746353264,0.00394894873728741,0.00394894873728741,0.0035684428305728,-0.00892397911634666,0.0162150684822405,-0.00892397911634666,0.00394894873728741,0.0162150684822405,0.0162150684822405,0.00394894873728741,-0.00570583746353264,-0.00802153681244358,0.00311704803804318,-0.00892397911634666,-0.00892397911634666,-0.00892397911634666,-0.0103014851516354,-0.0103014851516354,0.00310520123344643,0.00892397911634666,0.00310520123344643,0.00310520123344643,0.00802153681244358,-0.00892397911634666,-0.00892397911634666,-0.00892397911634666,-0.00802153681244358,-0.0135316117011697,0.00361580908342663,0.00394894873728741,0.00394894873728741,0.00937520249991937,-0.0135316117011697,-0.00892397911634666,-0.00892397911634666,-0.0162150684822405,-0.00310520123344643,-0.00982642774842188,-0.0111563430783603,-0.00751076080911299,-0.0130923706043034,0.0135316117011697,-0.0135316117011697,-0.00802153681244358,0.00751076080911299
"Csl",0.432803077893057,-0.081144471111522,0.936461768269476,1,-0.00892397911634666,1,0.431426665127639,0.432803077893057,0.996343274146836,-0.081144471111522,0.0144007964637291,0.0144007964637291,0.92777173709793,0.92777173709793,-0.936917661761405,0.0162141231572661,0.0162141231572661,0.913144451837764,0.999542961513285,0.998173098785664,0.999542961513285,-0.615563606856441,0.495314571837287,1,0.00343646777846011,0.545143583675677,0.545143583675677,0.318526447859632,0.318526447859632,0.432341224620509,1,0.00205636101005796,1,0.318526447859632,0.00205636101005796,0.00205636101005796,0.318526447859632,0.545143583675677,0.92777173709793,0.431879472139124,1,1,1,0.0139420858522375,0.0139420858522375,0.432803077893057,-1,0.432803077893057,0.432803077893057,-0.92777173709793,1,1,1,0.92777173709793,0.936917661761405,0.441452774873535,0.318526447859632,0.318526447859632,-0.999542961513285,0.936917661761405,1,1,0.913144451837764,-0.430973938253191,0.999086132006195,0.898979274754563,0.906290516059836,0.935550563266193,-0.936917661761405,0.936917661761405,0.92777173709793,-0.906290516059836
"Csn",0.998627839737123,0.104971415362292,0.383336809305856,0.431426665127639,0.00265380592250812,0.431426665127639,1,0.998627839737123,0.427790705268765,0.104971415362292,0.190027773458011,0.190027773458011,0.503655023820887,0.503655023820887,-0.383804634567052,0.180934883899202,0.180934883899202,0.361050470105392,0.43098047907113,0.429642460739368,0.43098047907113,-0.815822073753395,0.12690069499419,0.431426665127639,-0.0264785177023535,0.148404053352402,0.148404053352402,0.801924045609491,0.801924045609491,0.999085167076721,0.431426665127639,0.178539856215222,0.431426665127639,0.801924045609491,0.178539856215222,0.178539856215222,0.801924045609491,0.148404053352402,0.503655023820887,0.999542693220201,0.431426665127639,0.431426665127639,0.431426665127639,0.00568803981760151,0.00568803981760151,0.998627839737123,-0.431426665127639,0.998627839737123,0.998627839737123,-0.503655023820887,0.431426665127639,0.431426665127639,0.431426665127639,0.503655023820887,0.383804634567052,0.749363227030218,0.801924045609491,0.801924045609491,-0.43098047907113,0.383804634567052,0.431426665127639,0.431426665127639,0.361050470105392,-0.999542682990552,0.430534383174004,0.475886139508727,0.482264414245168,0.382401393841384,-0.383804634567052,0.383804634567052,0.503655023820887,-0.482264414245168
"DELTA",1,0.106353378940246,0.384711225757701,0.432803077893057,0.00310520123344643,0.432803077893057,0.998627839737123,1,0.429167494779843,0.106353378940246,0.190487726934496,0.190487726934496,0.505031835521242,0.505031835521242,-0.385179263056623,0.182291574154408,0.182291574154408,0.362426924945561,0.432357095556148,0.43101969010955,0.432357095556148,-0.817198914940376,0.128274086902411,0.432803077893057,-0.026016381296524,0.149777897404418,0.149777897404418,0.800546704170576,0.800546704170576,0.999542682990552,0.432803077893057,0.17808406454667,0.432803077893057,0.800546704170576,0.17808406454667,0.17808406454667,0.800546704170576,0.149777897404418,0.505031835521242,0.999085585344922,0.432803077893057,0.432803077893057,0.432803077893057,0.00614486653560518,0.00614486653560518,1,-0.432803077893057,1,1,-0.505031835521242,0.432803077893057,0.432803077893057,0.432803077893057,0.505031835521242,0.385179263056623,0.750734326403535,0.800546704170576,0.800546704170576,-0.432357095556148,0.385179263056623,0.432803077893057,0.432803077893057,0.362426924945561,-0.998170292832608,0.431911203666263,0.477264943453874,0.483642868391235,0.383775387077087,-0.385179263056623,0.385179263056623,0.505031835521242,-0.483642868391235
"DSH",0.429167494779843,-0.0784184516371638,0.932807954685843,0.996343274146836,-0.00982642774842189,0.996343274146836,0.427790705268765,0.429167494779843,1,-0.0784184516371638,0.0134854622203329,0.0134854622203329,0.924115858437766,0.924115858437766,-0.933263436229178,0.0144206843993789,0.0144206843993789,0.909486070769494,0.996800104322618,0.998171845289156,0.996800104322618,-0.611914743200828,0.491657116298821,0.996343274146836,0.00525491259285979,0.545142842812836,0.545142842812836,0.315810062919508,0.315810062919508,0.428705264570511,0.996343274146836,0.000228832808480777,0.996343274146836,0.315810062919508,0.000228832808480777,0.000228832808480777,0.315810062919508,0.545142842812836,0.924115858437766,0.428243134400032,0.996343274146836,0.996343274146836,0.996343274146836,0.0130288415020402,0.0130288415020402,0.429167494779843,-0.996343274146836,0.429167494779843,0.429167494779843,-0.924115858437766,0.996343274146836,0.996343274146836,0.996343274146836,0.924115858437766,0.933263436229178,0.437813769554744,0.315810062919508,0.315810062919508,-0.996800104322618,0.933263436229178,0.996343274146836,0.996343274146836,0.909486070769494,-0.427338355522229,0.997257142713843,0.895318787725918,0.902630873368459,0.931897571293596,-0.933263436229178,0.933263436229178,0.924115858437766,-0.902630873368459
"Destcompl",0.106353378940246,1,-0.144639119723332,-0.081144471111522,0.00916388323355447,-0.081144471111522,0.104971415362292,0.106353378940246,-0.0784184516371638,1,-0.0235687959291109,-0.0235687959291109,-0.0216878624299076,-0.0216878624299076,0.144190324339416,0.00281876281027241,0.00281876281027241,-0.135131804328924,-0.0806959032107904,-0.0793503001290174,-0.0806959032107904,-0.288928188524543,-0.0427548893436568,-0.081144471111522,0.000930602985707643,-0.00847167850780384,-0.00847167850780384,-0.0170342058495738,-0.0170342058495738,0.105886139266436,-0.081144471111522,-0.00569363250362699,-0.081144471111522,-0.0170342058495738,-0.00569363250362699,-0.00569363250362699,-0.0170342058495738,-0.00847167850780384,-0.0216878624299076,0.105418932200919,-0.081144471111522,-0.081144471111522,-0.081144471111522,-0.0157525922773806,-0.0157525922773806,0.106353378940246,0.081144471111522,0.106353378940246,0.106353378940246,0.0216878624299076,-0.081144471111522,-0.081144471111522,-0.081144471111522,-0.0216878624299076,-0.144190324339416,-0.0844388555644542,-0.0170342058495738,-0.0170342058495738,0.0806959032107904,-0.144190324339416,-0.081144471111522,-0.081144471111522,-0.135131804328924,-0.105438644707183,-0.0802473522676,-0.0176683285613592,-0.0194798384411169,-0.145536806239022,0.144190324339416,-0.144190324339416,-0.0216878624299076,0.0194798384411169
"EGF",0.190487726934496,-0.0235687959291109,0.0048044802249447,0.0144007964637291,-0.00615706537973583,0.0144007964637291,0.190027773458011,0.190487726934496,0.0134854622203329,-0.0235687959291109,1,1,0.0153161438927612,0.0153161438927612,-0.00526109558273683,-0.00567311543970173,-0.00567311543970173,0.00525584359946919,0.0139431278372945,0.0134844257755765,0.0139431278372945,-0.100815203117654,-0.0212574185193284,0.0144007964637291,0.00341598791676295,-0.0198865156216581,-0.0198865156216581,0.0432547628729016,0.0432547628729016,0.190942333333131,0.0144007964637291,0.0176013291119401,0.0144007964637291,0.0432547628729016,0.0176013291119401,0.0176013291119401,0.0432547628729016,-0.0198865156216581,0.0153161438927612,0.190482419771177,0.0144007964637291,0.0144007964637291,0.0144007964637291,-0.0079987043248383,-0.0079987043248383,0.190487726934496,-0.0144007964637291,0.190487726934496,0.190487726934496,-0.0153161438927612,0.0144007964637291,0.0144007964637291,0.0144007964637291,0.0153161438927612,0.00526109558273683,0.353700523141319,0.0432547628729016,0.0432547628729016,-0.0139431278372945,0.00526109558273683,0.0144007964637291,0.0144007964637291,0.00525584359946919,-0.189573156732309,0.0134854622203329,0.0121104464357338,0.0121114584365555,0.00480554421275338,-0.00526109558273683,0.00526109558273683,0.0153161438927612,-0.0121114584365555
"EGFR",0.190487726934496,-0.0235687959291109,0.0048044802249447,0.0144007964637291,-0.00615706537973583,0.0144007964637291,0.190027773458011,0.190487726934496,0.0134854622203329,-0.0235687959291109,1,1,0.0153161438927612,0.0153161438927612,-0.00526109558273683,-0.00567311543970173,-0.00567311543970173,0.00525584359946919,0.0139431278372945,0.0134844257755765,0.0139431278372945,-0.100815203117654,-0.0212574185193284,0.0144007964637291,0.00341598791676295,-0.0198865156216581,-0.0198865156216581,0.0432547628729016,0.0432547628729016,0.190942333333131,0.0144007964637291,0.0176013291119401,0.0144007964637291,0.0432547628729016,0.0176013291119401,0.0176013291119401,0.0432547628729016,-0.0198865156216581,0.0153161438927612,0.190482419771177,0.0144007964637291,0.0144007964637291,0.0144007964637291,-0.0079987043248383,-0.0079987043248383,0.190487726934496,-0.0144007964637291,0.190487726934496,0.190487726934496,-0.0153161438927612,0.0144007964637291,0.0144007964637291,0.0144007964637291,0.0153161438927612,0.00526109558273683,0.353700523141319,0.0432547628729016,0.0432547628729016,-0.0139431278372945,0.00526109558273683,0.0144007964637291,0.0144007964637291,0.00525584359946919,-0.189573156732309,0.0134854622203329,0.0121104464357338,0.0121114584365555,0.00480554421275338,-0.00526109558273683,0.00526109558273683,0.0153161438927612,-0.0121114584365555
"EGR1",0.505031835521242,-0.0216878624299076,0.864229984924346,0.92777173709793,-0.00802153681244358,0.92777173709793,0.503655023820887,0.505031835521242,0.924115858437766,-0.0216878624299076,0.0153161438927612,0.0153161438927612,1,1,-0.864686417617718,0.0317328656121535,0.0317328656121535,0.840917739831355,0.927315131187839,0.925946475625696,0.927315131187839,-0.68778751729195,0.567543964139501,0.92777173709793,-0.000210664911523408,0.472916099373548,0.472916099373548,0.390761035967874,0.390761035967874,0.504569584269381,0.92777173709793,0.0102839055937069,0.92777173709793,0.390761035967874,0.0102839055937069,0.0102839055937069,0.390761035967874,0.472916099373548,1,0.504107448929746,0.92777173709793,0.92777173709793,0.92777173709793,0.0148553430020047,0.0148553430020047,0.505031835521242,-0.92777173709793,0.505031835521242,0.505031835521242,-1,0.92777173709793,0.92777173709793,0.92777173709793,1,0.864686417617718,0.45240803159298,0.390761035967874,0.390761035967874,-0.927315131187839,0.864686417617718,0.92777173709793,0.92777173709793,0.840917739831355,-0.503202693970107,0.926858719163137,0.971212437227121,0.978522654012537,0.863317656225549,-0.864686417617718,0.864686417617718,1,-0.978522654012537
"ERK",0.505031835521242,-0.0216878624299076,0.864229984924346,0.92777173709793,-0.00802153681244358,0.92777173709793,0.503655023820887,0.505031835521242,0.924115858437766,-0.0216878624299076,0.0153161438927612,0.0153161438927612,1,1,-0.864686417617718,0.0317328656121535,0.0317328656121535,0.840917739831355,0.927315131187839,0.925946475625696,0.927315131187839,-0.68778751729195,0.567543964139501,0.92777173709793,-0.000210664911523408,0.472916099373548,0.472916099373548,0.390761035967874,0.390761035967874,0.504569584269381,0.92777173709793,0.0102839055937069,0.92777173709793,0.390761035967874,0.0102839055937069,0.0102839055937069,0.390761035967874,0.472916099373548,1,0.504107448929746,0.92777173709793,0.92777173709793,0.92777173709793,0.0148553430020047,0.0148553430020047,0.505031835521242,-0.92777173709793,0.505031835521242,0.505031835521242,-1,0.92777173709793,0.92777173709793,0.92777173709793,1,0.864686417617718,0.45240803159298,0.390761035967874,0.390761035967874,-0.927315131187839,0.864686417617718,0.92777173709793,0.92777173709793,0.840917739831355,-0.503202693970107,0.926858719163137,0.971212437227121,0.978522654012537,0.863317656225549,-0.864686417617718,0.864686417617718,1,-0.978522654012537
"Ecadherin",-0.385179263056623,0.144190324339416,-0.999542955497342,-0.936917661761405,0.0135316117011697,-0.936917661761405,-0.383804634567052,-0.385179263056623,-0.933263436229178,0.144190324339416,-0.00526109558273683,-0.00526109558273683,-0.864686417617718,-0.864686417617718,1,-0.00512413103919291,-0.00512413103919291,-0.976238865246729,-0.936461887764907,-0.935095739413509,-0.936461887764907,0.552452518917189,-0.442289109097235,-0.936917661761405,-0.00255286083841184,-0.608234640385998,-0.608234640385998,-0.276367985829669,-0.276367985829669,-0.384719199220324,-0.936917661761405,0.0134897207493808,-0.936917661761405,-0.276367985829669,0.0134897207493808,0.0134897207493808,-0.276367985829669,-0.608234640385998,-0.864686417617718,-0.384259226171312,-0.936917661761405,-0.936917661761405,-0.936917661761405,-0.0148533214912818,-0.0148533214912818,-0.385179263056623,0.936917661761405,-0.385179263056623,-0.385179263056623,0.864686417617718,-0.936917661761405,-0.936917661761405,-0.936917661761405,-0.864686417617718,-1,-0.424937400889871,-0.276367985829669,-0.276367985829669,0.936461887764907,-1,-0.936917661761405,-0.936917661761405,-0.976238865246729,0.383350113095838,-0.93600630956511,-0.845964556644584,-0.853273475467574,-0.998629488009079,1,-1,-0.864686417617718,0.853273475467574
"FGF",0.182291574154408,0.00281876281027241,0.00556335157225637,0.0162141231572661,-0.0149343616753498,0.0162141231572661,0.180934883899202,0.182291574154408,0.0144206843993789,0.00281876281027241,-0.00567311543970173,-0.00567311543970173,0.0317328656121535,0.0317328656121535,-0.00512413103919291,1,1,0.00530710799197903,0.0157749111069348,0.0144572941850463,0.0157749111069348,-0.101425051388122,0.013505666353733,0.0162141231572661,0.00845529685375903,-0.0107240137360699,-0.0107240137360699,0.0310517630127743,0.0310517630127743,0.181850175703629,0.0162141231572661,-0.000732014895445383,0.0162141231572661,0.0310517630127743,-0.000732014895445383,-0.000732014895445383,0.0310517630127743,-0.0107240137360699,0.0317328656121535,0.181408825176738,0.0162141231572661,0.0162141231572661,0.0162141231572661,-0.000732014895445383,-0.000732014895445383,0.182291574154408,-0.0162141231572661,0.182291574154408,0.182291574154408,-0.0317328656121535,0.0162141231572661,0.0162141231572661,0.0162141231572661,0.0317328656121535,0.00512413103919291,0.359533462354122,0.0310517630127743,0.0310517630127743,-0.0157749111069348,0.00512413103919291,0.0162141231572661,0.0162141231572661,0.00530710799197903,-0.181376272014649,0.0153357024450247,0.0296467581553304,0.028695055861816,0.00552677252011603,-0.00512413103919291,0.00512413103919291,0.0317328656121535,-0.028695055861816
"FGFR",0.182291574154408,0.00281876281027241,0.00556335157225637,0.0162141231572661,-0.0149343616753498,0.0162141231572661,0.180934883899202,0.182291574154408,0.0144206843993789,0.00281876281027241,-0.00567311543970173,-0.00567311543970173,0.0317328656121535,0.0317328656121535,-0.00512413103919291,1,1,0.00530710799197903,0.0157749111069348,0.0144572941850463,0.0157749111069348,-0.101425051388122,0.013505666353733,0.0162141231572661,0.00845529685375903,-0.0107240137360699,-0.0107240137360699,0.0310517630127743,0.0310517630127743,0.181850175703629,0.0162141231572661,-0.000732014895445383,0.0162141231572661,0.0310517630127743,-0.000732014895445383,-0.000732014895445383,0.0310517630127743,-0.0107240137360699,0.0317328656121535,0.181408825176738,0.0162141231572661,0.0162141231572661,0.0162141231572661,-0.000732014895445383,-0.000732014895445383,0.182291574154408,-0.0162141231572661,0.182291574154408,0.182291574154408,-0.0317328656121535,0.0162141231572661,0.0162141231572661,0.0162141231572661,0.0317328656121535,0.00512413103919291,0.359533462354122,0.0310517630127743,0.0310517630127743,-0.0157749111069348,0.00512413103919291,0.0162141231572661,0.0162141231572661,0.00530710799197903,-0.181376272014649,0.0153357024450247,0.0296467581553304,0.028695055861816,0.00552677252011603,-0.00512413103919291,0.00512413103919291,0.0317328656121535,-0.028695055861816
"FOXC2",0.362426924945561,-0.135131804328924,0.975783873228395,0.913144451837764,-0.0162150684822405,0.913144451837764,0.361050470105392,0.362426924945561,0.909486070769494,-0.135131804328924,0.00525584359946919,0.00525584359946919,0.840917739831355,0.840917739831355,-0.976238865246729,0.00530710799197903,0.00530710799197903,1,0.912686595392218,0.911314169879732,0.912686595392218,-0.528719987336805,0.466057198171185,0.913144451837764,0.00341598791676295,0.631999777645572,0.631999777645572,0.2554672689318,0.2554672689318,0.361965029980512,0.913144451837764,-0.0180558603178584,0.913144451837764,0.2554672689318,-0.0180558603178584,-0.0180558603178584,0.2554672689318,0.631999777645572,0.840917739831355,0.361503221082921,0.913144451837764,0.913144451837764,0.913144451837764,0.0102870338442891,0.0102870338442891,0.362426924945561,-0.913144451837764,0.362426924945561,0.362426924945561,-0.840917739831355,0.913144451837764,0.913144451837764,0.913144451837764,0.840917739831355,0.976238865246729,0.406740604072392,0.2554672689318,0.2554672689318,-0.912686595392218,0.976238865246729,0.913144451837764,0.913144451837764,1,-0.360597784541188,0.912228929775256,0.869716047137075,0.862400415622909,0.974874495835915,-0.976238865246729,0.976238865246729,0.840917739831355,-0.862400415622909
"FUS",0.432357095556148,-0.0806959032107904,0.936006202587763,0.999542961513285,-0.00937520249991937,0.999542961513285,0.43098047907113,0.432357095556148,0.996800104322618,-0.0806959032107904,0.0139431278372945,0.0139431278372945,0.927315131187839,0.927315131187839,-0.936461887764907,0.0157749111069348,0.0157749111069348,0.912686595392218,1,0.998629510906117,1,-0.615110599541678,0.494857220955806,0.999542961513285,0.00388851828280104,0.545600299258866,0.545600299258866,0.318082930611175,0.318082930611175,0.431895038372876,0.999542961513285,0.00159973986202771,0.999542961513285,0.318082930611175,0.00159973986202771,0.00159973986202771,0.318082930611175,0.545600299258866,0.927315131187839,0.431433081891975,0.999542961513285,0.999542961513285,0.999542961513285,0.0143997485555872,0.0143997485555872,0.432357095556148,-0.999542961513285,0.432357095556148,0.432357095556148,-0.927315131187839,0.999542961513285,0.999542961513285,0.999542961513285,0.927315131187839,0.936461887764907,0.441004951457809,0.318082930611175,0.318082930611175,-1,0.936461887764907,0.999542961513285,0.999542961513285,0.912686595392218,-0.430527956298534,0.999542961608775,0.898520373974031,0.905832032958129,0.935095413930776,-0.936461887764907,0.936461887764907,0.927315131187839,-0.905832032958129
"Frizzled",0.43101969010955,-0.0793503001290174,0.934640678609604,0.998173098785664,-0.00981452105337388,0.998173098785664,0.429642460739368,0.43101969010955,0.998171845289156,-0.0793503001290174,0.0134844257755765,0.0134844257755765,0.925946475625696,0.925946475625696,-0.935095739413509,0.0144572941850463,0.0144572941850463,0.911314169879732,0.998629510906117,1,0.998629510906117,-0.613752348303431,0.493485788228812,0.998173098785664,0.00524467523837053,0.546056844171351,0.546056844171351,0.317667486224925,0.317667486224925,0.430557020614488,0.998173098785664,0.000229877851269029,0.998173098785664,0.317667486224925,0.000229877851269029,0.000229877851269029,0.317667486224925,0.546056844171351,0.925946475625696,0.430094451555546,0.998173098785664,0.998173098785664,0.998173098785664,0.014858468386571,0.014858468386571,0.43101969010955,-0.998173098785664,0.43101969010955,0.43101969010955,-0.925946475625696,0.998173098785664,0.998173098785664,0.998173098785664,0.925946475625696,0.935095739413509,0.439662033615816,0.317667486224925,0.317667486224925,-0.998629510906117,0.935095739413509,0.998173098785664,0.998173098785664,0.911314169879732,-0.429190549705177,0.99908613162441,0.897144797692555,0.904457718881589,0.933731137850013,-0.935095739413509,0.935095739413509,0.925946475625696,-0.904457718881589
"GLI",0.432357095556148,-0.0806959032107904,0.936006202587763,0.999542961513285,-0.00937520249991937,0.999542961513285,0.43098047907113,0.432357095556148,0.996800104322618,-0.0806959032107904,0.0139431278372945,0.0139431278372945,0.927315131187839,0.927315131187839,-0.936461887764907,0.0157749111069348,0.0157749111069348,0.912686595392218,1,0.998629510906117,1,-0.615110599541678,0.494857220955806,0.999542961513285,0.00388851828280104,0.545600299258866,0.545600299258866,0.318082930611175,0.318082930611175,0.431895038372876,0.999542961513285,0.00159973986202771,0.999542961513285,0.318082930611175,0.00159973986202771,0.00159973986202771,0.318082930611175,0.545600299258866,0.927315131187839,0.431433081891975,0.999542961513285,0.999542961513285,0.999542961513285,0.0143997485555872,0.0143997485555872,0.432357095556148,-0.999542961513285,0.432357095556148,0.432357095556148,-0.927315131187839,0.999542961513285,0.999542961513285,0.999542961513285,0.927315131187839,0.936461887764907,0.441004951457809,0.318082930611175,0.318082930611175,-1,0.936461887764907,0.999542961513285,0.999542961513285,0.912686595392218,-0.430527956298534,0.999542961608775,0.898520373974031,0.905832032958129,0.935095413930776,-0.936461887764907,0.936461887764907,0.927315131187839,-0.905832032958129
"GSK3",-0.817198914940376,-0.288928188524543,-0.55199199185488,-0.615563606856441,-0.00147809402908826,-0.615563606856441,-0.815822073753395,-0.817198914940376,-0.611914743200828,-0.288928188524543,-0.100815203117654,-0.100815203117654,-0.68778751729195,-0.68778751729195,0.552452518917189,-0.101425051388122,-0.101425051388122,-0.528719987336805,-0.615110599541678,-0.613752348303431,-0.615110599541678,1,-0.273614164352298,-0.615563606856441,0.0133821812546482,-0.266761060203954,-0.266761060203954,-0.61785636432458,-0.61785636432458,-0.816736673193874,-0.615563606856441,-0.0893647009797461,-0.615563606856441,-0.61785636432458,-0.0893647009797461,-0.0893647009797461,-0.61785636432458,-0.266761060203954,-0.68778751729195,-0.816274612673329,-0.615563606856441,-0.615563606856441,-0.615563606856441,-0.00890397232315356,-0.00890397232315356,-0.817198914940376,0.615563606856441,-0.817198914940376,-0.817198914940376,0.68778751729195,-0.615563606856441,-0.615563606856441,-0.615563606856441,-0.68778751729195,-0.552452518917189,-0.568867405866759,-0.61785636432458,-0.61785636432458,0.615110599541678,-0.552452518917189,-0.615563606856441,-0.615563606856441,-0.528719987336805,0.815369695404391,-0.614657720867167,-0.659036372677884,-0.66634064370994,-0.551071278610833,0.552452518917189,-0.552452518917189,-0.68778751729195,0.66634064370994
"Goosecoid",0.128274086902411,-0.0427548893436568,0.441832806713276,0.495314571837287,-0.0244562412709676,0.495314571837287,0.12690069499419,0.128274086902411,0.491657116298821,-0.0427548893436568,-0.0212574185193284,-0.0212574185193284,0.567543964139501,0.567543964139501,-0.442289109097235,0.013505666353733,0.013505666353733,0.466057198171185,0.494857220955806,0.493485788228812,0.494857220955806,-0.273614164352298,1,0.495314571837287,-0.00937457680819753,0.098057011737344,0.098057011737344,0.0715828922518423,0.0715828922518423,0.127815254295937,0.495314571837287,-0.00799974420880743,0.495314571837287,0.0715828922518423,-0.00799974420880743,-0.00799974420880743,0.0715828922518423,0.098057011737344,0.567543964139501,0.127356458697829,0.495314571837287,0.495314571837287,0.495314571837287,0.0212574185193284,0.0212574185193284,0.128274086902411,-0.495314571837287,0.128274086902411,0.128274086902411,-0.567543964139501,0.495314571837287,0.495314571837287,0.495314571837287,0.567543964139501,0.442289109097235,0.138777638679505,0.0715828922518423,0.0715828922518423,-0.494857220955806,0.442289109097235,0.495314571837287,0.495314571837287,0.466057198171185,-0.126444947644797,0.494399973584978,0.596345594109259,0.589029873939733,0.440920473808049,-0.442289109097235,0.442289109097235,0.567543964139501,-0.589029873939733
"HEY1",0.432803077893057,-0.081144471111522,0.936461768269476,1,-0.00892397911634666,1,0.431426665127639,0.432803077893057,0.996343274146836,-0.081144471111522,0.0144007964637291,0.0144007964637291,0.92777173709793,0.92777173709793,-0.936917661761405,0.0162141231572661,0.0162141231572661,0.913144451837764,0.999542961513285,0.998173098785664,0.999542961513285,-0.615563606856441,0.495314571837287,1,0.00343646777846011,0.545143583675677,0.545143583675677,0.318526447859632,0.318526447859632,0.432341224620509,1,0.00205636101005796,1,0.318526447859632,0.00205636101005796,0.00205636101005796,0.318526447859632,0.545143583675677,0.92777173709793,0.431879472139124,1,1,1,0.0139420858522375,0.0139420858522375,0.432803077893057,-1,0.432803077893057,0.432803077893057,-0.92777173709793,1,1,1,0.92777173709793,0.936917661761405,0.441452774873535,0.318526447859632,0.318526447859632,-0.999542961513285,0.936917661761405,1,1,0.913144451837764,-0.430973938253191,0.999086132006195,0.898979274754563,0.906290516059836,0.935550563266193,-0.936917661761405,0.936917661761405,0.92777173709793,-0.906290516059836
"HGF",-0.026016381296524,0.000930602985707643,0.00210081048300673,0.00343646777846011,-0.00785523937113436,0.00343646777846011,-0.0264785177023535,-0.026016381296524,0.00525491259285979,0.000930602985707643,0.00341598791676295,0.00341598791676295,-0.000210664911523408,-0.000210664911523408,-0.00255286083841184,0.00845529685375903,0.00845529685375903,0.00341598791676295,0.00388851828280104,0.00524467523837053,0.00388851828280104,0.0133821812546482,-0.00937457680819753,0.00343646777846011,1,0.00570696500799187,0.00570696500799187,-0.0341917522739049,-0.0341917522739049,-0.0255639010579426,0.00343646777846011,-0.00798770622078189,0.00343646777846011,-0.0341917522739049,-0.00798770622078189,-0.00798770622078189,-0.0341917522739049,0.00570696500799187,-0.000210664911523408,-0.0260260428001017,0.00343646777846011,0.00343646777846011,0.00343646777846011,0.0249286655681545,0.0249286655681545,-0.026016381296524,-0.00343646777846011,-0.026016381296524,-0.026016381296524,0.000210664911523408,0.00343646777846011,0.00343646777846011,0.00343646777846011,-0.000210664911523408,0.00255286083841184,-0.017371887656516,-0.0341917522739049,-0.0341917522739049,-0.00388851828280104,0.00255286083841184,0.00343646777846011,0.00343646777846011,0.00341598791676295,0.026016381296524,0.00434056950529371,0.000190184475067931,0.000200424633065373,0.00211105958497366,-0.00255286083841184,0.00255286083841184,-0.000210664911523408,-0.000200424633065373
"HIF1",0.149777897404418,-0.00847167850780384,0.607778824325539,0.545143583675677,-0.00570583746353264,0.545143583675677,0.148404053352402,0.149777897404418,0.545142842812836,-0.00847167850780384,-0.0198865156216581,-0.0198865156216581,0.472916099373548,0.472916099373548,-0.608234640385998,-0.0107240137360699,-0.0107240137360699,0.631999777645572,0.545600299258866,0.546056844171351,0.545600299258866,-0.266761060203954,0.098057011737344,0.545143583675677,0.00570696500799187,1,1,0.102239552083597,0.102239552083597,0.149318612845272,0.545143583675677,-0.020342091536488,0.545143583675677,0.102239552083597,-0.020342091536488,-0.020342091536488,0.102239552083597,1,0.472916099373548,0.1488593698037,0.545143583675677,0.545143583675677,0.545143583675677,-0.00571350711534396,-0.00571350711534396,0.149777897404418,-0.545143583675677,0.149777897404418,0.149777897404418,-0.472916099373548,0.545143583675677,0.545143583675677,0.545143583675677,0.472916099373548,0.608234640385998,0.210574154396122,0.102239552083597,0.102239552083597,-0.545600299258866,0.608234640385998,0.545143583675677,0.545143583675677,0.631999777645572,-0.147948757764552,0.546057128765956,0.501715001511604,0.494399954862371,0.606867568114545,-0.608234640385998,0.608234640385998,0.472916099373548,-0.494399954862371
"Hypoxia",0.149777897404418,-0.00847167850780384,0.607778824325539,0.545143583675677,-0.00570583746353264,0.545143583675677,0.148404053352402,0.149777897404418,0.545142842812836,-0.00847167850780384,-0.0198865156216581,-0.0198865156216581,0.472916099373548,0.472916099373548,-0.608234640385998,-0.0107240137360699,-0.0107240137360699,0.631999777645572,0.545600299258866,0.546056844171351,0.545600299258866,-0.266761060203954,0.098057011737344,0.545143583675677,0.00570696500799187,1,1,0.102239552083597,0.102239552083597,0.149318612845272,0.545143583675677,-0.020342091536488,0.545143583675677,0.102239552083597,-0.020342091536488,-0.020342091536488,0.102239552083597,1,0.472916099373548,0.1488593698037,0.545143583675677,0.545143583675677,0.545143583675677,-0.00571350711534396,-0.00571350711534396,0.149777897404418,-0.545143583675677,0.149777897404418,0.149777897404418,-0.472916099373548,0.545143583675677,0.545143583675677,0.545143583675677,0.472916099373548,0.608234640385998,0.210574154396122,0.102239552083597,0.102239552083597,-0.545600299258866,0.608234640385998,0.545143583675677,0.545143583675677,0.631999777645572,-0.147948757764552,0.546057128765956,0.501715001511604,0.494399954862371,0.606867568114545,-0.608234640385998,0.608234640385998,0.472916099373548,-0.494399954862371
"IGF1",0.800546704170576,-0.0170342058495738,0.27589718651152,0.318526447859632,0.00394894873728741,0.318526447859632,0.801924045609491,0.800546704170576,0.315810062919508,-0.0170342058495738,0.0432547628729016,0.0432547628729016,0.390761035967874,0.390761035967874,-0.276367985829669,0.0310517630127743,0.0310517630127743,0.2554672689318,0.318082930611175,0.317667486224925,0.318082930611175,-0.61785636432458,0.0715828922518423,0.318526447859632,-0.0341917522739049,0.102239552083597,0.102239552083597,1,1,0.801009063438947,0.318526447859632,0.0509602721446264,0.318526447859632,1,0.0509602721446264,0.0509602721446264,1,0.102239552083597,0.390761035967874,0.801471579955645,0.318526447859632,0.318526447859632,0.318526447859632,0.0198601634980638,0.0198601634980638,0.800546704170576,-0.318526447859632,0.800546704170576,0.800546704170576,-0.390761035967874,0.318526447859632,0.318526447859632,0.318526447859632,0.390761035967874,0.276367985829669,0.551284545237884,1,1,-0.318082930611175,0.276367985829669,0.318526447859632,0.318526447859632,0.2554672689318,-0.801461696672956,0.317639479928254,0.365761141624285,0.371220608945278,0.274955755539079,-0.276367985829669,0.276367985829669,0.390761035967874,-0.371220608945278
"IGF1R",0.800546704170576,-0.0170342058495738,0.27589718651152,0.318526447859632,0.00394894873728741,0.318526447859632,0.801924045609491,0.800546704170576,0.315810062919508,-0.0170342058495738,0.0432547628729016,0.0432547628729016,0.390761035967874,0.390761035967874,-0.276367985829669,0.0310517630127743,0.0310517630127743,0.2554672689318,0.318082930611175,0.317667486224925,0.318082930611175,-0.61785636432458,0.0715828922518423,0.318526447859632,-0.0341917522739049,0.102239552083597,0.102239552083597,1,1,0.801009063438947,0.318526447859632,0.0509602721446264,0.318526447859632,1,0.0509602721446264,0.0509602721446264,1,0.102239552083597,0.390761035967874,0.801471579955645,0.318526447859632,0.318526447859632,0.318526447859632,0.0198601634980638,0.0198601634980638,0.800546704170576,-0.318526447859632,0.800546704170576,0.800546704170576,-0.390761035967874,0.318526447859632,0.318526447859632,0.318526447859632,0.390761035967874,0.276367985829669,0.551284545237884,1,1,-0.318082930611175,0.276367985829669,0.318526447859632,0.318526447859632,0.2554672689318,-0.801461696672956,0.317639479928254,0.365761141624285,0.371220608945278,0.274955755539079,-0.276367985829669,0.276367985829669,0.390761035967874,-0.371220608945278
"IKK",0.999542682990552,0.105886139266436,0.384251375488153,0.432341224620509,0.0035684428305728,0.432341224620509,0.999085167076721,0.999542682990552,0.428705264570511,0.105886139266436,0.190942333333131,0.190942333333131,0.504569584269381,0.504569584269381,-0.384719199220324,0.181850175703629,0.181850175703629,0.361965029980512,0.431895038372876,0.430557020614488,0.431895038372876,-0.816736673193874,0.127815254295937,0.432341224620509,-0.0255639010579426,0.149318612845272,0.149318612845272,0.801009063438947,0.801009063438947,1,0.432341224620509,0.177625296340102,0.432341224620509,0.801009063438947,0.177625296340102,0.177625296340102,0.801009063438947,0.149318612845272,0.504569584269381,0.999542693220201,0.432341224620509,0.432341224620509,0.432341224620509,0.00568803981760151,0.00568803981760151,0.999542682990552,-0.432341224620509,0.999542682990552,0.999542682990552,-0.504569584269381,0.432341224620509,0.432341224620509,0.432341224620509,0.504569584269381,0.384719199220324,0.750277984209754,0.801009063438947,0.801009063438947,-0.431895038372876,0.384719199220324,0.432341224620509,0.432341224620509,0.361965029980512,-0.998627839737123,0.43144894247575,0.476800704162,0.483178976413791,0.383315963655145,-0.384719199220324,0.384719199220324,0.504569584269381,-0.483178976413791
