"","AKT","AXIN2","CD44","CDC42","CHD1L","Csl","Csn","DELTA","DSH","Destcompl","EGF","EGFR","EGR1","ERK","Ecadherin","FGF","FGFR","FOXC2","FUS","Frizzled","GLI","GSK3","Goosecoid","HEY1","HGF","HIF1","Hypoxia","IGF1","IGF1R","IKK","ILK","JAK","Jagged","KLF4","LIF","LIFR","LIV1","LOXL23","MEK","NFB","NOTCH","NOTCHic","PAK1","PDGF","PDGFR","PI3K","Patched","RAF","RAS","RKIP","SHH","SMAD","SMO","SNAI1","SNAI2","SOSGRB2","SRC","STAT","SUFU","TCFLEF","TGF","TGFR","TWIST1","TrCP","Wnt","ZEB1","ZEB2","cMet","cateninmemb","cateninnuc","cfos","miR200"
"AKT",1,0.897743275557906,0.897743275557906,-0.0198682377029353,-0.0198682377029353,0.898098860889645,0.992527910031385,0.897743275557906,0.897743275557906,0.897743275557906,0.244365583462531,0.244365583462531,0.908080989509273,0.908080989509273,-0.888479548420727,0.0146031631946394,0.0146031631946394,0.350529359627634,0.897743275557906,0.897743275557906,0.897743275557906,-0.897743275557906,-0.052462123468108,1,0.157517251510957,-0.136332503370739,-0.136332503370739,0.118885103907146,0.118885103907146,0.998575035718427,1,0.0354644482791419,1,0.244365583462531,0.0354644482791419,0.0354644482791419,0.244365583462531,-0.136332503370739,0.908080989509273,0.995375513173212,0.897743275557906,0.897386263735746,-0.0198682377029353,0.0150477797040464,0.0150477797040464,0.897743275557906,-0.897743275557906,0.897743275557906,0.897743275557906,-0.908080989509273,0.897743275557906,1,0.897743275557906,0.747388733450612,0.81866120736062,0.268306620475029,0.244365583462531,0.244365583462531,-0.897743275557906,0.897743275557906,0.897743275557906,0.897743275557906,0.315284568258658,-0.981116345213701,0.897743275557906,0.351241919835271,-0.107123581747565,0.157517251510957,-0.888479548420727,0.897743275557906,0.908080989509273,0.107123581747565
"AXIN2",0.897743275557906,1,1,-0.017381643623307,-0.017381643623307,0.998931180563337,0.890982201738382,1,1,1,0.142115582238123,0.142115582238123,0.805825332183647,0.805825332183647,-0.923753314304812,0.00640909906277969,0.00640909906277969,0.385088479838414,1,1,1,-1,-0.0200317861993707,0.897743275557906,0.0552606766075568,-0.0340862076091507,-0.0340862076091507,0.052980634284483,0.052980634284483,0.89631820743291,0.897743275557906,0.0151367392736499,0.897743275557906,0.142115582238123,0.0151367392736499,0.0151367392736499,0.142115582238123,-0.0340862076091507,0.805825332183647,0.893117536439926,1,0.999643769169654,-0.017381643623307,-0.00384294212908194,-0.00384294212908194,1,-1,1,1,-0.805825332183647,1,0.897743275557906,1,0.781238009177083,0.920911827553699,0.166050189900457,0.142115582238123,0.142115582238123,-1,1,1,1,0.417533081404319,-0.88099745767656,1,0.38651358315941,-0.00487765344103097,0.0552606766075568,-0.923753314304812,1,0.805825332183647,0.00487765344103097
"CD44",0.897743275557906,1,1,-0.017381643623307,-0.017381643623307,0.998931180563337,0.890982201738382,1,1,1,0.142115582238123,0.142115582238123,0.805825332183647,0.805825332183647,-0.923753314304812,0.00640909906277969,0.00640909906277969,0.385088479838414,1,1,1,-1,-0.0200317861993707,0.897743275557906,0.0552606766075568,-0.0340862076091507,-0.0340862076091507,0.052980634284483,0.052980634284483,0.89631820743291,0.897743275557906,0.0151367392736499,0.897743275557906,0.142115582238123,0.0151367392736499,0.0151367392736499,0.142115582238123,-0.0340862076091507,0.805825332183647,0.893117536439926,1,0.999643769169654,-0.017381643623307,-0.00384294212908194,-0.00384294212908194,1,-1,1,1,-0.805825332183647,1,0.897743275557906,1,0.781238009177083,0.920911827553699,0.166050189900457,0.142115582238123,0.142115582238123,-1,1,1,1,0.417533081404319,-0.88099745767656,1,0.38651358315941,-0.00487765344103097,0.0552606766075568,-0.923753314304812,1,0.805825332183647,0.00487765344103097
"CDC42",-0.0198682377029353,-0.017381643623307,-0.017381643623307,1,1,-0.0170228893846643,-0.0209054568578159,-0.017381643623307,-0.017381643623307,-0.017381643623307,-0.0138688937541181,-0.0138688937541181,-0.0106248000562696,-0.0106248000562696,0.0131062642040781,0.0128279449012656,0.0128279449012656,0.0281753583021368,-0.017381643623307,-0.017381643623307,-0.017381643623307,0.017381643623307,0.00432856229833096,-0.0198682377029353,0.0174315290590708,0.0106097954283164,0.0106097954283164,-0.0145363607064005,-0.0145363607064005,-0.0198633320474819,-0.0198682377029353,-0.017929594607898,-0.0198682377029353,-0.0138688937541181,-0.017929594607898,-0.017929594607898,-0.0138688937541181,0.0106097954283164,-0.0106248000562696,-0.0216229054777988,-0.017381643623307,-0.0170228893846643,1,0.000305501476167394,0.000305501476167394,-0.017381643623307,0.017381643623307,-0.017381643623307,-0.017381643623307,0.0106248000562696,-0.017381643623307,-0.0198682377029353,-0.017381643623307,0.106598497719775,0.00468228290705914,-0.00643049149200753,-0.0138688937541181,-0.0138688937541181,0.017381643623307,-0.017381643623307,-0.017381643623307,-0.017381643623307,0.0299386860394406,0.0266304038521532,-0.017381643623307,0.0303129454536442,0.0234408818834812,0.0174315290590708,0.0131062642040781,-0.017381643623307,-0.0106248000562696,-0.0234408818834812
"CHD1L",-0.0198682377029353,-0.017381643623307,-0.017381643623307,1,1,-0.0170228893846643,-0.0209054568578159,-0.017381643623307,-0.017381643623307,-0.017381643623307,-0.0138688937541181,-0.0138688937541181,-0.0106248000562696,-0.0106248000562696,0.0131062642040781,0.0128279449012656,0.0128279449012656,0.0281753583021368,-0.017381643623307,-0.017381643623307,-0.017381643623307,0.017381643623307,0.00432856229833096,-0.0198682377029353,0.0174315290590708,0.0106097954283164,0.0106097954283164,-0.0145363607064005,-0.0145363607064005,-0.0198633320474819,-0.0198682377029353,-0.017929594607898,-0.0198682377029353,-0.0138688937541181,-0.017929594607898,-0.017929594607898,-0.0138688937541181,0.0106097954283164,-0.0106248000562696,-0.0216229054777988,-0.017381643623307,-0.0170228893846643,1,0.000305501476167394,0.000305501476167394,-0.017381643623307,0.017381643623307,-0.017381643623307,-0.017381643623307,0.0106248000562696,-0.017381643623307,-0.0198682377029353,-0.017381643623307,0.106598497719775,0.00468228290705914,-0.00643049149200753,-0.0138688937541181,-0.0138688937541181,0.017381643623307,-0.017381643623307,-0.017381643623307,-0.017381643623307,0.0299386860394406,0.0266304038521532,-0.017381643623307,0.0303129454536442,0.0234408818834812,0.0174315290590708,0.0131062642040781,-0.017381643623307,-0.0106248000562696,-0.0234408818834812
"Csl",0.898098860889645,0.998931180563337,0.998931180563337,-0.0170228893846643,-0.0170228893846643,1,0.891336133622522,0.998931180563337,0.998931180563337,0.998931180563337,0.143183691825523,0.143183691825523,0.806894142893648,0.806894142893648,-0.923396788293659,0.00676527092800789,0.00676527092800789,0.384732170362743,0.998931180563337,0.998931180563337,0.998931180563337,-0.998931180563337,-0.0211033809898139,0.898098860889645,0.0563309884294678,-0.0344387003876984,-0.0344387003876984,0.0540461604020657,0.0540461604020657,0.896673536420398,0.898098860889645,0.0147861904158509,0.898098860889645,0.143183691825523,0.0147861904158509,0.0147861904158509,0.143183691825523,-0.0344387003876984,0.806894142893648,0.893471726464393,0.998931180563337,0.999287408634972,-0.0170228893846643,-0.0041967014719686,-0.0041967014719686,0.998931180563337,-0.998931180563337,0.998931180563337,0.998931180563337,-0.806894142893648,0.998931180563337,0.898098860889645,0.998931180563337,0.781593771304089,0.920556571234561,0.167120546397411,0.143183691825523,0.143183691825523,-0.998931180563337,0.998931180563337,0.998931180563337,0.998931180563337,0.417177788701494,-0.881352602003152,0.998931180563337,0.386157279200873,-0.00523028431864078,0.0563309884294678,-0.923396788293659,0.998931180563337,0.806894142893648,0.00523028431864078
"Csn",0.992527910031385,0.890982201738382,0.890982201738382,-0.0209054568578159,-0.0209054568578159,0.891336133622522,1,0.890982201738382,0.890982201738382,0.890982201738382,0.244721313794862,0.244721313794862,0.901328959540766,0.901328959540766,-0.882430511577378,0.0170965656661166,0.0170965656661166,0.344475251167812,0.890982201738382,0.890982201738382,0.890982201738382,-0.890982201738382,-0.0535691270213228,0.992527910031385,0.156475113874009,-0.141635060465613,-0.141635060465613,0.117065058818542,0.117065058818542,0.993950109481099,0.992527910031385,0.0337592959210504,0.992527910031385,0.244721313794862,0.0337592959210504,0.0337592959210504,0.244721313794862,-0.141635060465613,0.901328959540766,0.997149503132344,0.890982201738382,0.89062349001686,-0.0209054568578159,0.0140128366044997,0.0140128366044997,0.890982201738382,-0.890982201738382,0.890982201738382,0.890982201738382,-0.901328959540766,0.890982201738382,0.992527910031385,0.890982201738382,0.74133384475413,0.812624314748278,0.267979360193305,0.244721313794862,0.244721313794862,-0.890982201738382,0.890982201738382,0.890982201738382,0.890982201738382,0.309239759095707,-0.988603808388983,0.890982201738382,0.345187857824803,-0.112427494923851,0.156475113874009,-0.882430511577378,0.890982201738382,0.901328959540766,0.112427494923851
"DELTA",0.897743275557906,1,1,-0.017381643623307,-0.017381643623307,0.998931180563337,0.890982201738382,1,1,1,0.142115582238123,0.142115582238123,0.805825332183647,0.805825332183647,-0.923753314304812,0.00640909906277969,0.00640909906277969,0.385088479838414,1,1,1,-1,-0.0200317861993707,0.897743275557906,0.0552606766075568,-0.0340862076091507,-0.0340862076091507,0.052980634284483,0.052980634284483,0.89631820743291,0.897743275557906,0.0151367392736499,0.897743275557906,0.142115582238123,0.0151367392736499,0.0151367392736499,0.142115582238123,-0.0340862076091507,0.805825332183647,0.893117536439926,1,0.999643769169654,-0.017381643623307,-0.00384294212908194,-0.00384294212908194,1,-1,1,1,-0.805825332183647,1,0.897743275557906,1,0.781238009177083,0.920911827553699,0.166050189900457,0.142115582238123,0.142115582238123,-1,1,1,1,0.417533081404319,-0.88099745767656,1,0.38651358315941,-0.00487765344103097,0.0552606766075568,-0.923753314304812,1,0.805825332183647,0.00487765344103097
"DSH",0.897743275557906,1,1,-0.017381643623307,-0.017381643623307,0.998931180563337,0.890982201738382,1,1,1,0.142115582238123,0.142115582238123,0.805825332183647,0.805825332183647,-0.923753314304812,0.00640909906277969,0.00640909906277969,0.385088479838414,1,1,1,-1,-0.0200317861993707,0.897743275557906,0.0552606766075568,-0.0340862076091507,-0.0340862076091507,0.052980634284483,0.052980634284483,0.89631820743291,0.897743275557906,0.0151367392736499,0.897743275557906,0.142115582238123,0.0151367392736499,0.0151367392736499,0.142115582238123,-0.0340862076091507,0.805825332183647,0.893117536439926,1,0.999643769169654,-0.017381643623307,-0.00384294212908194,-0.00384294212908194,1,-1,1,1,-0.805825332183647,1,0.897743275557906,1,0.781238009177083,0.920911827553699,0.166050189900457,0.142115582238123,0.142115582238123,-1,1,1,1,0.417533081404319,-0.88099745767656,1,0.38651358315941,-0.00487765344103097,0.0552606766075568,-0.923753314304812,1,0.805825332183647,0.00487765344103097
"Destcompl",0.897743275557906,1,1,-0.017381643623307,-0.017381643623307,0.998931180563337,0.890982201738382,1,1,1,0.142115582238123,0.142115582238123,0.805825332183647,0.805825332183647,-0.923753314304812,0.00640909906277969,0.00640909906277969,0.385088479838414,1,1,1,-1,-0.0200317861993707,0.897743275557906,0.0552606766075568,-0.0340862076091507,-0.0340862076091507,0.052980634284483,0.052980634284483,0.89631820743291,0.897743275557906,0.0151367392736499,0.897743275557906,0.142115582238123,0.0151367392736499,0.0151367392736499,0.142115582238123,-0.0340862076091507,0.805825332183647,0.893117536439926,1,0.999643769169654,-0.017381643623307,-0.00384294212908194,-0.00384294212908194,1,-1,1,1,-0.805825332183647,1,0.897743275557906,1,0.781238009177083,0.920911827553699,0.166050189900457,0.142115582238123,0.142115582238123,-1,1,1,1,0.417533081404319,-0.88099745767656,1,0.38651358315941,-0.00487765344103097,0.0552606766075568,-0.923753314304812,1,0.805825332183647,0.00487765344103097
"EGF",0.244365583462531,0.142115582238123,0.142115582238123,-0.0138688937541181,-0.0138688937541181,0.143183691825523,0.244721313794862,0.142115582238123,0.142115582238123,0.142115582238123,1,1,0.336285844639407,0.336285844639407,-0.218358397026887,-0.000713778184432209,-0.000713778184432209,0.148544248621016,0.142115582238123,0.142115582238123,0.142115582238123,-0.142115582238123,-0.00501435560577434,0.244365583462531,0.0196068128677348,0.00645231836572008,0.00645231836572008,0.017421800042737,0.017421800042737,0.245790282931526,0.244365583462531,0.00860832635862735,0.244365583462531,1,0.00860832635862735,0.00860832635862735,1,0.00645231836572008,0.336285844639407,0.244721056426087,0.142115582238123,0.142471139396041,-0.0138688937541181,0.0153447157464939,0.0153447157464939,0.142115582238123,-0.142115582238123,0.142115582238123,0.142115582238123,-0.336285844639407,0.142115582238123,0.244365583462531,0.142115582238123,0.357305490875988,0.221214268502364,0.627018731470647,1,1,-0.142115582238123,0.142115582238123,0.142115582238123,0.142115582238123,0.115420291169691,-0.239020729246345,0.142115582238123,0.148544248621016,0.0249759528355284,0.0196068128677348,-0.218358397026887,0.142115582238123,0.336285844639407,-0.0249759528355284
"EGFR",0.244365583462531,0.142115582238123,0.142115582238123,-0.0138688937541181,-0.0138688937541181,0.143183691825523,0.244721313794862,0.142115582238123,0.142115582238123,0.142115582238123,1,1,0.336285844639407,0.336285844639407,-0.218358397026887,-0.000713778184432209,-0.000713778184432209,0.148544248621016,0.142115582238123,0.142115582238123,0.142115582238123,-0.142115582238123,-0.00501435560577434,0.244365583462531,0.0196068128677348,0.00645231836572008,0.00645231836572008,0.017421800042737,0.017421800042737,0.245790282931526,0.244365583462531,0.00860832635862735,0.244365583462531,1,0.00860832635862735,0.00860832635862735,1,0.00645231836572008,0.336285844639407,0.244721056426087,0.142115582238123,0.142471139396041,-0.0138688937541181,0.0153447157464939,0.0153447157464939,0.142115582238123,-0.142115582238123,0.142115582238123,0.142115582238123,-0.336285844639407,0.142115582238123,0.244365583462531,0.142115582238123,0.357305490875988,0.221214268502364,0.627018731470647,1,1,-0.142115582238123,0.142115582238123,0.142115582238123,0.142115582238123,0.115420291169691,-0.239020729246345,0.142115582238123,0.148544248621016,0.0249759528355284,0.0196068128677348,-0.218358397026887,0.142115582238123,0.336285844639407,-0.0249759528355284
"EGR1",0.908080989509273,0.805825332183647,0.805825332183647,-0.0106248000562696,-0.0106248000562696,0.806894142893648,0.901328959540766,0.805825332183647,0.805825332183647,0.805825332183647,0.336285844639407,0.336285844639407,1,1,-0.882070687188252,0.00747842095001125,0.00747842095001125,0.41679736991668,0.805825332183647,0.805825332183647,0.805825332183647,-0.805825332183647,-0.0360505442789617,0.908080989509273,0.249419762689902,-0.0444376410910459,-0.0444376410910459,0.168077238132934,0.168077238132934,0.906657304926621,0.908080989509273,0.0582216840135382,0.908080989509273,0.336285844639407,0.0582216840135382,0.0582216840135382,0.336285844639407,-0.0444376410910459,1,0.903462869220452,0.805825332183647,0.806181566723739,-0.0106248000562696,0.0342659003797782,0.0342659003797782,0.805825332183647,-0.805825332183647,0.805825332183647,0.805825332183647,-1,0.805825332183647,0.908080989509273,0.805825332183647,0.813663995973668,0.884924632358344,0.360208617877192,0.336285844639407,0.336285844639407,-0.805825332183647,0.805825332183647,0.805825332183647,0.805825332183647,0.381546008335552,-0.890624912550785,0.805825332183647,0.417509909141414,-0.0152282485700699,0.249419762689902,-0.882070687188252,0.805825332183647,1,0.0152282485700699
"ERK",0.908080989509273,0.805825332183647,0.805825332183647,-0.0106248000562696,-0.0106248000562696,0.806894142893648,0.901328959540766,0.805825332183647,0.805825332183647,0.805825332183647,0.336285844639407,0.336285844639407,1,1,-0.882070687188252,0.00747842095001125,0.00747842095001125,0.41679736991668,0.805825332183647,0.805825332183647,0.805825332183647,-0.805825332183647,-0.0360505442789617,0.908080989509273,0.249419762689902,-0.0444376410910459,-0.0444376410910459,0.168077238132934,0.168077238132934,0.906657304926621,0.908080989509273,0.0582216840135382,0.908080989509273,0.336285844639407,0.0582216840135382,0.0582216840135382,0.336285844639407,-0.0444376410910459,1,0.903462869220452,0.805825332183647,0.806181566723739,-0.0106248000562696,0.0342659003797782,0.0342659003797782,0.805825332183647,-0.805825332183647,0.805825332183647,0.805825332183647,-1,0.805825332183647,0.908080989509273,0.805825332183647,0.813663995973668,0.884924632358344,0.360208617877192,0.336285844639407,0.336285844639407,-0.805825332183647,0.805825332183647,0.805825332183647,0.805825332183647,0.381546008335552,-0.890624912550785,0.805825332183647,0.417509909141414,-0.0152282485700699,0.249419762689902,-0.882070687188252,0.805825332183647,1,0.0152282485700699
"Ecadherin",-0.888479548420727,-0.923753314304812,-0.923753314304812,0.0131062642040781,0.0131062642040781,-0.923396788293659,-0.882430511577378,-0.923753314304812,-0.923753314304812,-0.923753314304812,-0.218358397026887,-0.218358397026887,-0.882070687188252,-0.882070687188252,1,-0.00213382789613934,-0.00213382789613934,-0.461331507511711,-0.923753314304812,-0.923753314304812,-0.923753314304812,0.923753314304812,-0.0419613766798492,-0.888479548420727,-0.131503491396321,0.0248225557270204,0.0248225557270204,-0.0950228897821967,-0.0950228897821967,-0.887054400335232,-0.888479548420727,-0.0358032044558464,-0.888479548420727,-0.218358397026887,-0.0358032044558464,-0.0358032044558464,-0.218358397026887,0.0248225557270204,-0.882070687188252,-0.883853311279755,-0.923753314304812,-0.924109376899977,0.0131062642040781,-0.017533954967063,-0.017533954967063,-0.923753314304812,0.923753314304812,-0.923753314304812,-0.923753314304812,0.882070687188252,-0.923753314304812,-0.888479548420727,-0.923753314304812,-0.857484133554292,-0.930175149628695,-0.242292757938926,-0.218358397026887,-0.218358397026887,0.923753314304812,-0.923753314304812,-0.923753314304812,-0.923753314304812,-0.426796183039643,0.87315881634822,-0.923753314304812,-0.462756610832707,-0.00438592789115708,-0.131503491396321,1,-0.923753314304812,-0.882070687188252,0.00438592789115708
"FGF",0.0146031631946394,0.00640909906277969,0.00640909906277969,0.0128279449012656,0.0128279449012656,0.00676527092800789,0.0170965656661166,0.00640909906277969,0.00640909906277969,0.00640909906277969,-0.000713778184432209,-0.000713778184432209,0.00747842095001125,0.00747842095001125,-0.00213382789613934,1,1,-0.0114016991501204,0.00640909906277969,0.00640909906277969,0.00640909906277969,-0.00640909906277969,-0.0174595140483859,0.0146031631946394,0.0028513052438574,-0.0124656545518624,-0.0124656545518624,-0.000716093763982794,-0.000716093763982794,0.016028155175716,0.0146031631946394,-0.00961433506497083,0.0146031631946394,-0.000713778184432209,-0.00961433506497083,-0.00961433506497083,-0.000713778184432209,-0.0124656545518624,0.00747842095001125,0.0163840321467778,0.00640909906277969,0.00676527092800789,0.0128279449012656,-0.00926025522287223,-0.00926025522287223,0.00640909906277969,-0.00640909906277969,0.00640909906277969,0.00640909906277969,-0.00747842095001125,0.00640909906277969,0.0146031631946394,0.00640909906277969,-0.00641641335419819,-2.53837757267268e-06,-0.00463040522774441,-0.000713778184432209,-0.000713778184432209,-0.00640909906277969,0.00640909906277969,0.00640909906277969,0.00640909906277969,-0.0124694830818767,-0.0178095082335832,0.00640909906277969,-0.0114016991501204,-0.0160285260928951,0.0028513052438574,-0.00213382789613934,0.00640909906277969,0.00747842095001125,0.0160285260928951
"FGFR",0.0146031631946394,0.00640909906277969,0.00640909906277969,0.0128279449012656,0.0128279449012656,0.00676527092800789,0.0170965656661166,0.00640909906277969,0.00640909906277969,0.00640909906277969,-0.000713778184432209,-0.000713778184432209,0.00747842095001125,0.00747842095001125,-0.00213382789613934,1,1,-0.0114016991501204,0.00640909906277969,0.00640909906277969,0.00640909906277969,-0.00640909906277969,-0.0174595140483859,0.0146031631946394,0.0028513052438574,-0.0124656545518624,-0.0124656545518624,-0.000716093763982794,-0.000716093763982794,0.016028155175716,0.0146031631946394,-0.00961433506497083,0.0146031631946394,-0.000713778184432209,-0.00961433506497083,-0.00961433506497083,-0.000713778184432209,-0.0124656545518624,0.00747842095001125,0.0163840321467778,0.00640909906277969,0.00676527092800789,0.0128279449012656,-0.00926025522287223,-0.00926025522287223,0.00640909906277969,-0.00640909906277969,0.00640909906277969,0.00640909906277969,-0.00747842095001125,0.00640909906277969,0.0146031631946394,0.00640909906277969,-0.00641641335419819,-2.53837757267268e-06,-0.00463040522774441,-0.000713778184432209,-0.000713778184432209,-0.00640909906277969,0.00640909906277969,0.00640909906277969,0.00640909906277969,-0.0124694830818767,-0.0178095082335832,0.00640909906277969,-0.0114016991501204,-0.0160285260928951,0.0028513052438574,-0.00213382789613934,0.00640909906277969,0.00747842095001125,0.0160285260928951
"FOXC2",0.350529359627634,0.385088479838414,0.385088479838414,0.0281753583021368,0.0281753583021368,0.384732170362743,0.344475251167812,0.385088479838414,0.385088479838414,0.385088479838414,0.148544248621016,0.148544248621016,0.41679736991668,0.41679736991668,-0.461331507511711,-0.0114016991501204,-0.0114016991501204,1,0.385088479838414,0.385088479838414,0.385088479838414,-0.385088479838414,0.542916565253251,0.350529359627634,0.0865858616065789,0.513086397659008,0.513086397659008,0.0437789583399593,0.0437789583399593,0.349104206289415,0.350529359627634,0.020734017570207,0.350529359627634,0.148544248621016,0.020734017570207,0.020734017570207,0.148544248621016,0.513086397659008,0.41679736991668,0.3458995588495,0.385088479838414,0.385444724781808,0.0281753583021368,0.0117871901405799,0.0117871901405799,0.385088479838414,-0.385088479838414,0.385088479838414,0.385088479838414,-0.41679736991668,0.385088479838414,0.350529359627634,0.385088479838414,0.603127893948039,0.464182215595073,0.148925915575479,0.148544248621016,0.148544248621016,-0.385088479838414,0.385088479838414,0.385088479838414,0.385088479838414,0.964733760821561,-0.3366342888486,0.385088479838414,0.997149930099929,0.538731207666122,0.0865858616065789,-0.461331507511711,0.385088479838414,0.41679736991668,-0.538731207666122
"FUS",0.897743275557906,1,1,-0.017381643623307,-0.017381643623307,0.998931180563337,0.890982201738382,1,1,1,0.142115582238123,0.142115582238123,0.805825332183647,0.805825332183647,-0.923753314304812,0.00640909906277969,0.00640909906277969,0.385088479838414,1,1,1,-1,-0.0200317861993707,0.897743275557906,0.0552606766075568,-0.0340862076091507,-0.0340862076091507,0.052980634284483,0.052980634284483,0.89631820743291,0.897743275557906,0.0151367392736499,0.897743275557906,0.142115582238123,0.0151367392736499,0.0151367392736499,0.142115582238123,-0.0340862076091507,0.805825332183647,0.893117536439926,1,0.999643769169654,-0.017381643623307,-0.00384294212908194,-0.00384294212908194,1,-1,1,1,-0.805825332183647,1,0.897743275557906,1,0.781238009177083,0.920911827553699,0.166050189900457,0.142115582238123,0.142115582238123,-1,1,1,1,0.417533081404319,-0.88099745767656,1,0.38651358315941,-0.00487765344103097,0.0552606766075568,-0.923753314304812,1,0.805825332183647,0.00487765344103097
"Frizzled",0.897743275557906,1,1,-0.017381643623307,-0.017381643623307,0.998931180563337,0.890982201738382,1,1,1,0.142115582238123,0.142115582238123,0.805825332183647,0.805825332183647,-0.923753314304812,0.00640909906277969,0.00640909906277969,0.385088479838414,1,1,1,-1,-0.0200317861993707,0.897743275557906,0.0552606766075568,-0.0340862076091507,-0.0340862076091507,0.052980634284483,0.052980634284483,0.89631820743291,0.897743275557906,0.0151367392736499,0.897743275557906,0.142115582238123,0.0151367392736499,0.0151367392736499,0.142115582238123,-0.0340862076091507,0.805825332183647,0.893117536439926,1,0.999643769169654,-0.017381643623307,-0.00384294212908194,-0.00384294212908194,1,-1,1,1,-0.805825332183647,1,0.897743275557906,1,0.781238009177083,0.920911827553699,0.166050189900457,0.142115582238123,0.142115582238123,-1,1,1,1,0.417533081404319,-0.88099745767656,1,0.38651358315941,-0.00487765344103097,0.0552606766075568,-0.923753314304812,1,0.805825332183647,0.00487765344103097
"GLI",0.897743275557906,1,1,-0.017381643623307,-0.017381643623307,0.998931180563337,0.890982201738382,1,1,1,0.142115582238123,0.142115582238123,0.805825332183647,0.805825332183647,-0.923753314304812,0.00640909906277969,0.00640909906277969,0.385088479838414,1,1,1,-1,-0.0200317861993707,0.897743275557906,0.0552606766075568,-0.0340862076091507,-0.0340862076091507,0.052980634284483,0.052980634284483,0.89631820743291,0.897743275557906,0.0151367392736499,0.897743275557906,0.142115582238123,0.0151367392736499,0.0151367392736499,0.142115582238123,-0.0340862076091507,0.805825332183647,0.893117536439926,1,0.999643769169654,-0.017381643623307,-0.00384294212908194,-0.00384294212908194,1,-1,1,1,-0.805825332183647,1,0.897743275557906,1,0.781238009177083,0.920911827553699,0.166050189900457,0.142115582238123,0.142115582238123,-1,1,1,1,0.417533081404319,-0.88099745767656,1,0.38651358315941,-0.00487765344103097,0.0552606766075568,-0.923753314304812,1,0.805825332183647,0.00487765344103097
"GSK3",-0.897743275557906,-1,-1,0.017381643623307,0.017381643623307,-0.998931180563337,-0.890982201738382,-1,-1,-1,-0.142115582238123,-0.142115582238123,-0.805825332183647,-0.805825332183647,0.923753314304812,-0.00640909906277969,-0.00640909906277969,-0.385088479838414,-1,-1,-1,1,0.0200317861993707,-0.897743275557906,-0.0552606766075568,0.0340862076091507,0.0340862076091507,-0.052980634284483,-0.052980634284483,-0.89631820743291,-0.897743275557906,-0.0151367392736499,-0.897743275557906,-0.142115582238123,-0.0151367392736499,-0.0151367392736499,-0.142115582238123,0.0340862076091507,-0.805825332183647,-0.893117536439926,-1,-0.999643769169654,0.017381643623307,0.00384294212908194,0.00384294212908194,-1,1,-1,-1,0.805825332183647,-1,-0.897743275557906,-1,-0.781238009177082,-0.920911827553699,-0.166050189900457,-0.142115582238123,-0.142115582238123,1,-1,-1,-1,-0.417533081404319,0.88099745767656,-1,-0.38651358315941,0.00487765344103097,-0.0552606766075568,0.923753314304812,-1,-0.805825332183647,-0.00487765344103097
"Goosecoid",-0.052462123468108,-0.0200317861993707,-0.0200317861993707,0.00432856229833096,0.00432856229833096,-0.0211033809898139,-0.0535691270213228,-0.0200317861993707,-0.0200317861993707,-0.0200317861993707,-0.00501435560577434,-0.00501435560577434,-0.0360505442789617,-0.0360505442789617,-0.0419613766798492,-0.0174595140483859,-0.0174595140483859,0.542916565253251,-0.0200317861993707,-0.0200317861993707,-0.0200317861993707,0.0200317861993707,1,-0.052462123468108,-0.0149364540120975,0.0560192055998554,0.0560192055998554,-0.0143258290983142,-0.0143258290983142,-0.0524679073194,-0.052462123468108,-0.00522466572903627,-0.052462123468108,-0.00501435560577434,-0.00522466572903627,-0.00522466572903627,-0.00501435560577434,0.0560192055998554,-0.0360505442789617,-0.0521379598251319,-0.0200317861993707,-0.0203908131406294,0.00432856229833096,0.00290347733804301,0.00290347733804301,-0.0200317861993707,0.0200317861993707,-0.0200317861993707,-0.0200317861993707,0.0360505442789617,-0.0200317861993707,-0.052462123468108,-0.0200317861993707,0.146000135971817,0.00920974482440449,-0.0153006649111107,-0.00501435560577434,-0.00501435560577434,0.0200317861993707,-0.0200317861993707,-0.0200317861993707,-0.0200317861993707,0.50766110912756,0.0556774327726085,-0.0200317861993707,0.541491503444369,0.0816656952861864,-0.0149364540120975,-0.0419613766798492,-0.0200317861993707,-0.0360505442789617,-0.0816656952861864
"HEY1",1,0.897743275557906,0.897743275557906,-0.0198682377029353,-0.0198682377029353,0.898098860889645,0.992527910031385,0.897743275557906,0.897743275557906,0.897743275557906,0.244365583462531,0.244365583462531,0.908080989509273,0.908080989509273,-0.888479548420727,0.0146031631946394,0.0146031631946394,0.350529359627634,0.897743275557906,0.897743275557906,0.897743275557906,-0.897743275557906,-0.052462123468108,1,0.157517251510957,-0.136332503370739,-0.136332503370739,0.118885103907146,0.118885103907146,0.998575035718427,1,0.0354644482791419,1,0.244365583462531,0.0354644482791419,0.0354644482791419,0.244365583462531,-0.136332503370739,0.908080989509273,0.995375513173212,0.897743275557906,0.897386263735746,-0.0198682377029353,0.0150477797040464,0.0150477797040464,0.897743275557906,-0.897743275557906,0.897743275557906,0.897743275557906,-0.908080989509273,0.897743275557906,1,0.897743275557906,0.747388733450612,0.81866120736062,0.268306620475029,0.244365583462531,0.244365583462531,-0.897743275557906,0.897743275557906,0.897743275557906,0.897743275557906,0.315284568258658,-0.981116345213701,0.897743275557906,0.351241919835271,-0.107123581747565,0.157517251510957,-0.888479548420727,0.897743275557906,0.908080989509273,0.107123581747565
"HGF",0.157517251510957,0.0552606766075568,0.0552606766075568,0.0174315290590708,0.0174315290590708,0.0563309884294678,0.156475113874009,0.0552606766075568,0.0552606766075568,0.0552606766075568,0.0196068128677348,0.0196068128677348,0.249419762689902,0.249419762689902,-0.131503491396321,0.0028513052438574,0.0028513052438574,0.0865858616065789,0.0552606766075568,0.0552606766075568,0.0552606766075568,-0.0552606766075568,-0.0149364540120975,0.157517251510957,1,-0.0142903950900233,-0.0142903950900233,0.0146426990924753,0.0146426990924753,0.156808585289854,0.157517251510957,0.0255965000961786,0.157517251510957,0.0196068128677348,0.0255965000961786,0.0255965000961786,0.0196068128677348,-0.0142903950900233,0.249419762689902,0.157183383986437,0.0552606766075568,0.0556184359999857,0.0174315290590708,0.00531856902223164,0.00531856902223164,0.0552606766075568,-0.0552606766075568,0.0552606766075568,0.0552606766075568,-0.249419762689902,0.0552606766075568,0.157517251510957,0.0552606766075568,0.135062706955828,0.134336734931914,0.392584781567688,0.0196068128677348,0.0196068128677348,-0.0552606766075568,0.0552606766075568,0.0552606766075568,0.0552606766075568,0.0513070733894392,-0.153604007067544,0.0552606766075568,0.0865858616065789,-0.0100124657759096,1,-0.131503491396321,0.0552606766075568,0.249419762689902,0.0100124657759096
"HIF1",-0.136332503370739,-0.0340862076091507,-0.0340862076091507,0.0106097954283164,0.0106097954283164,-0.0344387003876984,-0.141635060465613,-0.0340862076091507,-0.0340862076091507,-0.0340862076091507,0.00645231836572008,0.00645231836572008,-0.0444376410910459,-0.0444376410910459,0.0248225557270204,-0.0124656545518624,-0.0124656545518624,0.513086397659008,-0.0340862076091507,-0.0340862076091507,-0.0340862076091507,0.0340862076091507,0.0560192055998554,-0.136332503370739,-0.0142903950900233,1,1,-0.0226924925473262,-0.0226924925473262,-0.137751016881657,-0.136332503370739,-0.000533400629517053,-0.136332503370739,0.00645231836572008,-0.000533400629517053,-0.000533400629517053,0.00645231836572008,1,-0.0444376410910459,-0.140928676998835,-0.0340862076091507,-0.0337261090226709,0.0106097954283164,0.00989722943316669,0.00989722943316669,-0.0340862076091507,0.0340862076091507,-0.0340862076091507,-0.0340862076091507,0.0444376410910459,-0.0340862076091507,-0.136332503370739,-0.0340862076091507,0.116261262717997,0.0449703521933649,0.00602913358773435,0.00645231836572008,0.00645231836572008,0.0340862076091507,-0.0340862076091507,-0.0340862076091507,-0.0340862076091507,0.548326158040882,0.14879310366793,-0.0340862076091507,0.510948734401813,0.970784230427724,-0.0142903950900233,0.0248225557270204,-0.0340862076091507,-0.0444376410910459,-0.970784230427724
"Hypoxia",-0.136332503370739,-0.0340862076091507,-0.0340862076091507,0.0106097954283164,0.0106097954283164,-0.0344387003876984,-0.141635060465613,-0.0340862076091507,-0.0340862076091507,-0.0340862076091507,0.00645231836572008,0.00645231836572008,-0.0444376410910459,-0.0444376410910459,0.0248225557270204,-0.0124656545518624,-0.0124656545518624,0.513086397659008,-0.0340862076091507,-0.0340862076091507,-0.0340862076091507,0.0340862076091507,0.0560192055998554,-0.136332503370739,-0.0142903950900233,1,1,-0.0226924925473262,-0.0226924925473262,-0.137751016881657,-0.136332503370739,-0.000533400629517053,-0.136332503370739,0.00645231836572008,-0.000533400629517053,-0.000533400629517053,0.00645231836572008,1,-0.0444376410910459,-0.140928676998835,-0.0340862076091507,-0.0337261090226709,0.0106097954283164,0.00989722943316669,0.00989722943316669,-0.0340862076091507,0.0340862076091507,-0.0340862076091507,-0.0340862076091507,0.0444376410910459,-0.0340862076091507,-0.136332503370739,-0.0340862076091507,0.116261262717997,0.0449703521933649,0.00602913358773435,0.00645231836572008,0.00645231836572008,0.0340862076091507,-0.0340862076091507,-0.0340862076091507,-0.0340862076091507,0.548326158040882,0.14879310366793,-0.0340862076091507,0.510948734401813,0.970784230427724,-0.0142903950900233,0.0248225557270204,-0.0340862076091507,-0.0444376410910459,-0.970784230427724
"IGF1",0.118885103907146,0.052980634284483,0.052980634284483,-0.0145363607064005,-0.0145363607064005,0.0540461604020657,0.117065058818542,0.052980634284483,0.052980634284483,0.052980634284483,0.017421800042737,0.017421800042737,0.168077238132934,0.168077238132934,-0.0950228897821967,-0.000716093763982794,-0.000716093763982794,0.0437789583399593,0.052980634284483,0.052980634284483,0.052980634284483,-0.052980634284483,-0.0143258290983142,0.118885103907146,0.0146426990924753,-0.0226924925473262,-0.0226924925473262,1,1,0.118166426589658,0.118885103907146,-0.0105295300329055,0.118885103907146,0.017421800042737,-0.0105295300329055,-0.0105295300329055,0.017421800042737,-0.0226924925473262,0.168077238132934,0.117783457279001,0.052980634284483,0.0533335770417307,-0.0145363607064005,0.0018524730806702,0.0018524730806702,0.052980634284483,-0.052980634284483,0.052980634284483,0.052980634284483,-0.168077238132934,0.052980634284483,0.118885103907146,0.052980634284483,0.0907538460855002,0.0929177396880432,0.3904979580854,0.017421800042737,0.017421800042737,-0.052980634284483,0.052980634284483,0.052980634284483,0.052980634284483,0.0227835439839223,-0.115669310179649,0.052980634284483,0.0444915047547466,-0.0155736484010251,0.0146426990924753,-0.0950228897821967,0.052980634284483,0.168077238132934,0.0155736484010251
"IGF1R",0.118885103907146,0.052980634284483,0.052980634284483,-0.0145363607064005,-0.0145363607064005,0.0540461604020657,0.117065058818542,0.052980634284483,0.052980634284483,0.052980634284483,0.017421800042737,0.017421800042737,0.168077238132934,0.168077238132934,-0.0950228897821967,-0.000716093763982794,-0.000716093763982794,0.0437789583399593,0.052980634284483,0.052980634284483,0.052980634284483,-0.052980634284483,-0.0143258290983142,0.118885103907146,0.0146426990924753,-0.0226924925473262,-0.0226924925473262,1,1,0.118166426589658,0.118885103907146,-0.0105295300329055,0.118885103907146,0.017421800042737,-0.0105295300329055,-0.0105295300329055,0.017421800042737,-0.0226924925473262,0.168077238132934,0.117783457279001,0.052980634284483,0.0533335770417307,-0.0145363607064005,0.0018524730806702,0.0018524730806702,0.052980634284483,-0.052980634284483,0.052980634284483,0.052980634284483,-0.168077238132934,0.052980634284483,0.118885103907146,0.052980634284483,0.0907538460855002,0.0929177396880432,0.3904979580854,0.017421800042737,0.017421800042737,-0.052980634284483,0.052980634284483,0.052980634284483,0.052980634284483,0.0227835439839223,-0.115669310179649,0.052980634284483,0.0444915047547466,-0.0155736484010251,0.0146426990924753,-0.0950228897821967,0.052980634284483,0.168077238132934,0.0155736484010251
"IKK",0.998575035718427,0.89631820743291,0.89631820743291,-0.0198633320474819,-0.0198633320474819,0.896673536420398,0.993950109481099,0.89631820743291,0.89631820743291,0.89631820743291,0.245790282931526,0.245790282931526,0.906657304926621,0.906657304926621,-0.887054400335232,0.016028155175716,0.016028155175716,0.349104206289415,0.89631820743291,0.89631820743291,0.89631820743291,-0.89631820743291,-0.0524679073194,0.998575035718427,0.156808585289854,-0.137751016881657,-0.137751016881657,0.118166426589658,0.118166426589658,1,0.998575035718427,0.035476179157608,0.998575035718427,0.245790282931526,0.035476179157608,0.035476179157608,0.245790282931526,-0.137751016881657,0.906657304926621,0.996798228815511,0.89631820743291,0.895960933115667,-0.0198633320474819,0.0143404088050795,0.0143404088050795,0.89631820743291,-0.89631820743291,0.89631820743291,0.89631820743291,-0.90665730492662,0.89631820743291,0.998575035718427,0.89631820743291,0.745962885805567,0.817238040672821,0.268310713344845,0.245790282931526,0.245790282931526,-0.89631820743291,0.89631820743291,0.89631820743291,0.89631820743291,0.31386089844758,-0.982540911309859,0.89631820743291,0.349816772647564,-0.108542340074701,0.156808585289854,-0.887054400335232,0.89631820743291,0.906657304926621,0.108542340074701
"ILK",1,0.897743275557906,0.897743275557906,-0.0198682377029353,-0.0198682377029353,0.898098860889645,0.992527910031385,0.897743275557906,0.897743275557906,0.897743275557906,0.244365583462531,0.244365583462531,0.908080989509273,0.908080989509273,-0.888479548420727,0.0146031631946394,0.0146031631946394,0.350529359627634,0.897743275557906,0.897743275557906,0.897743275557906,-0.897743275557906,-0.052462123468108,1,0.157517251510957,-0.136332503370739,-0.136332503370739,0.118885103907146,0.118885103907146,0.998575035718427,1,0.0354644482791419,1,0.244365583462531,0.0354644482791419,0.0354644482791419,0.244365583462531,-0.136332503370739,0.908080989509273,0.995375513173212,0.897743275557906,0.897386263735746,-0.0198682377029353,0.0150477797040464,0.0150477797040464,0.897743275557906,-0.897743275557906,0.897743275557906,0.897743275557906,-0.908080989509273,0.897743275557906,1,0.897743275557906,0.747388733450612,0.81866120736062,0.268306620475029,0.244365583462531,0.244365583462531,-0.897743275557906,0.897743275557906,0.897743275557906,0.897743275557906,0.315284568258658,-0.981116345213701,0.897743275557906,0.351241919835271,-0.107123581747565,0.157517251510957,-0.888479548420727,0.897743275557906,0.908080989509273,0.107123581747565
"JAK",0.0354644482791419,0.0151367392736499,0.0151367392736499,-0.017929594607898,-0.017929594607898,0.0147861904158509,0.0337592959210504,0.0151367392736499,0.0151367392736499,0.0151367392736499,0.00860832635862735,0.00860832635862735,0.0582216840135382,0.0582216840135382,-0.0358032044558464,-0.00961433506497083,-0.00961433506497083,0.020734017570207,0.0151367392736499,0.0151367392736499,0.0151367392736499,-0.0151367392736499,-0.00522466572903627,0.0354644482791419,0.0255965000961786,-0.000533400629517053,-0.000533400629517053,-0.0105295300329055,-0.0105295300329055,0.035476179157608,0.0354644482791419,1,0.0354644482791419,0.00860832635862735,1,1,0.00860832635862735,-0.000533400629517053,0.0582216840135382,0.03517285211294,0.0151367392736499,0.0154988299051675,-0.017929594607898,-0.0236305075497027,-0.0236305075497027,0.0151367392736499,-0.0151367392736499,0.0151367392736499,0.0151367392736499,-0.0582216840135382,0.0151367392736499,0.0354644482791419,0.0151367392736499,0.0286652015916903,0.0364575616687633,0.127871401267433,0.00860832635862735,0.00860832635862735,-0.0151367392736499,0.0151367392736499,0.0151367392736499,0.0151367392736499,0.0103612185509813,-0.0329877601855161,0.0151367392736499,0.020734017570207,0.0016159301049865,0.0255965000961786,-0.0358032044558464,0.0151367392736499,0.0582216840135382,-0.0016159301049865
