"","AKT","AXIN2","CD44","CDC42","CHD1L","Csl","Csn","DELTA","DSH","Destcompl","EGF","EGFR","EGR1","ERK","Ecadherin","FGF","FGFR","FOXC2","FUS","Frizzled","GLI","GSK3","Goosecoid","HEY1","HGF","HIF1","Hypoxia","IGF1","IGF1R","IKK","ILK","JAK","Jagged","KLF4","LIF","LIFR","LIV1","LOXL23","MEK","NFB","NOTCH","NOTCHic","PAK1","PDGF","PDGFR","PI3K","Patched","RAF","RAS","RKIP","SHH","SMAD","SMO","SNAI1","SNAI2","SOSGRB2","SRC","STAT","SUFU","TCFLEF","TGF","TGFR","TWIST1","TrCP","Wnt","ZEB1","ZEB2","cMet","cateninmemb","cateninnuc","cfos","miR200"
"AKT",1,0.995604107961857,0.995606046763806,0.160611381059736,0.160611381059736,0.901362873848261,1,0.901362873848261,0.988764382901239,-0.300944154423265,0.155453692429385,0.155453692429385,0.901362873848261,0.901362873848261,-0.998534440188198,0.262751586825673,0.262751586825673,0.882781211823924,0.999511559626261,0.994139308255524,0.997069155785004,-1,0.233911623147186,0.901362873848261,0.200174610462175,-0.0825891658994156,-0.0825891658994156,0.577432954678549,0.577432954678549,1,1,0.0952396750083747,1,0.561792687573268,0.0952396750083747,0.0952396750083747,0.561792687573268,-0.0825891658994156,0.901362873848261,1,0.901362873848261,0.901362873848261,0.160611381059736,0.121244435832252,0.121244435832252,0.901362873848261,-1,0.901362873848261,0.901362873848261,-0.883265981816317,1,1,1,0.883265981816317,0.979969342970585,0.794818946455037,0.561792687573268,0.561792687573268,-0.998534440188198,0.99609350865294,0.981925911722418,0.981925911722418,0.981925911722418,-0.999023370174415,0.995604107961857,-0.0450023120808969,-0.0450023120808969,0.200174610462175,-0.996581211541946,0.99755734173682,0.901362873848261,0.0450023120808969
"AXIN2",0.995604107961857,1,0.999023391840755,0.158189434540126,0.158189434540126,0.896953995024908,0.995604107961857,0.896953995024908,0.992183263706973,-0.29654308646959,0.153971143827244,0.153971143827244,0.896953995024908,0.896953995024908,-0.995116370005772,0.261299259903605,0.261299259903605,0.878375416420757,0.996093477900188,0.997557397699552,0.998534475862677,-0.995604107961858,0.230508858595876,0.896953995024908,0.203619030057465,-0.0850265693329153,-0.0850265693329153,0.573032903560835,0.573032903560835,0.995604107961857,0.995604107961857,0.0918231007122779,0.995604107961857,0.557394240603761,0.0918231007122779,0.0918231007122779,0.557394240603761,-0.0850265693329153,0.896953995024908,0.995604107961857,0.896953995024908,0.896953995024908,0.158189434540126,0.119763737522682,0.119763737522682,0.896953995024908,-0.995604107961858,0.896953995024908,0.896953995024908,-0.878860894038424,0.995604107961857,0.995604107961857,0.995604107961857,0.878860894038424,0.976550089385113,0.790419867743339,0.557394240603761,0.557394240603761,-0.997070585794604,0.999511575010129,0.9785108335365,0.9785108335365,0.9785108335365,-0.994626093257865,0.998045815926743,-0.0474351863442009,-0.0474351863442009,0.203619030057465,-0.999022907963371,0.998046278363561,0.896953995024908,0.0474351863442009
"CD44",0.995606046763806,0.999023391840755,1,0.158203653309351,0.158203653309351,0.896947046471429,0.995606046763806,0.896947046471429,0.992183793290526,-0.296540627496867,0.153960090813494,0.153960090813494,0.896947046471429,0.896947046471429,-0.995118789438333,0.261308492649001,0.261308492649001,0.878370501271357,0.99609589080319,0.997557414021533,0.99853544035788,-0.995606046763806,0.230520684220594,0.896947046471429,0.203635332824728,-0.0860002007217197,-0.0860002007217197,0.573031460818822,0.573031460818822,0.995606046763806,0.995606046763806,0.0918253509901136,0.995606046763806,0.557393857005667,0.0918253509901136,0.0918253509901136,0.557393857005667,-0.0860002007217197,0.896947046471429,0.995606046763806,0.896947046471429,0.896947046471429,0.158203653309351,0.119753867863557,0.119753867863557,0.896947046471429,-0.995606046763806,0.896947046471429,0.896947046471429,-0.87885645295867,0.995606046763806,0.995606046763806,0.995606046763806,0.87885645295867,0.976551678151094,0.79041935891886,0.557393857005667,0.557393857005667,-0.997072992168047,0.999511578273249,0.978515273489665,0.978515273489665,0.978515273489665,-0.994627083870975,0.998046306333579,-0.0484057431432635,-0.0484057431432635,0.203635332824728,-0.999023391840755,0.998047723480484,0.896947046471429,0.0484057431432635
"CDC42",0.160611381059736,0.158189434540126,0.158203653309351,1,1,0.160758003861856,0.160611381059736,0.160758003861856,0.157212249327938,-0.0566828651597618,0.0275222931263865,0.0275222931263865,0.160758003861856,0.160758003861856,-0.161093052650051,0.0350042637650587,0.0350042637650587,0.17929348211871,0.160115851578564,0.157707934154535,0.159648164956702,-0.160611381059736,-0.0446787713181035,0.160758003861856,-0.00223728146142943,-0.022031998308617,-0.022031998308617,0.0800890860361194,0.0800890860361194,0.160611381059736,0.160611381059736,-0.00542022435557849,0.160611381059736,0.0908228513269072,-0.00542022435557849,-0.00542022435557849,0.0908228513269072,-0.022031998308617,0.160758003861856,0.160611381059736,0.160758003861856,0.160758003861856,1,0.00209952628842388,0.00209952628842388,0.160758003861856,-0.160611381059736,0.160758003861856,0.160758003861856,-0.178797371285763,0.160611381059736,0.160611381059736,0.160611381059736,0.178797371285763,0.170878871372125,0.125490048015163,0.0908228513269072,0.0908228513269072,-0.160115851578564,0.158685115985061,0.177678480629291,0.177678480629291,0.177678480629291,-0.161602542610918,0.158189434540126,0.00869531494610787,0.00869531494610787,-0.00223728146142943,-0.159166619752314,0.159152559268623,0.160758003861856,-0.00869531494610787
"CHD1L",0.160611381059736,0.158189434540126,0.158203653309351,1,1,0.160758003861856,0.160611381059736,0.160758003861856,0.157212249327938,-0.0566828651597618,0.0275222931263865,0.0275222931263865,0.160758003861856,0.160758003861856,-0.161093052650051,0.0350042637650587,0.0350042637650587,0.17929348211871,0.160115851578564,0.157707934154535,0.159648164956702,-0.160611381059736,-0.0446787713181035,0.160758003861856,-0.00223728146142943,-0.022031998308617,-0.022031998308617,0.0800890860361194,0.0800890860361194,0.160611381059736,0.160611381059736,-0.00542022435557849,0.160611381059736,0.0908228513269072,-0.00542022435557849,-0.00542022435557849,0.0908228513269072,-0.022031998308617,0.160758003861856,0.160611381059736,0.160758003861856,0.160758003861856,1,0.00209952628842388,0.00209952628842388,0.160758003861856,-0.160611381059736,0.160758003861856,0.160758003861856,-0.178797371285763,0.160611381059736,0.160611381059736,0.160611381059736,0.178797371285763,0.170878871372125,0.125490048015163,0.0908228513269072,0.0908228513269072,-0.160115851578564,0.158685115985061,0.177678480629291,0.177678480629291,0.177678480629291,-0.161602542610918,0.158189434540126,0.00869531494610787,0.00869531494610787,-0.00223728146142943,-0.159166619752314,0.159152559268623,0.160758003861856,-0.00869531494610787
"Csl",0.901362873848261,0.896953995024908,0.896947046471429,0.160758003861856,0.160758003861856,1,0.901362873848261,1,0.890114531139317,-0.374205901308229,0.181728986724741,0.181728986724741,1,1,-0.899901707882173,0.312683527893554,0.312683527893554,0.981438139661425,0.900878790008912,0.895484819365032,0.898423395287306,-0.901362873848261,0.135346071952267,1,0.229659588358146,0.0161240936865837,0.0161240936865837,0.666345679182378,0.666345679182378,0.901362873848261,0.901362873848261,0.124576003613156,0.901362873848261,0.660486267612425,0.124576003613156,0.124576003613156,0.660486267612425,0.0161240936865837,1,0.901362873848261,1,1,0.160758003861856,0.128965771574559,0.128965771574559,1,-0.901362873848261,1,1,-0.981927723063678,0.901362873848261,0.901362873848261,0.901362873848261,0.981927723063678,0.903801316135509,0.893518548408963,0.660486267612425,0.660486267612425,-0.899901707882173,0.89743894514127,0.883310930224771,0.883310930224771,0.883310930224771,-0.900377535055006,0.896953995024908,0.0537444907741122,0.0537444907741122,0.229659588358146,-0.897931061294278,0.898915947477681,1,-0.0537444907741122
"Csn",1,0.995604107961857,0.995606046763806,0.160611381059736,0.160611381059736,0.901362873848261,1,0.901362873848261,0.988764382901239,-0.300944154423265,0.155453692429385,0.155453692429385,0.901362873848261,0.901362873848261,-0.998534440188198,0.262751586825673,0.262751586825673,0.882781211823924,0.999511559626261,0.994139308255524,0.997069155785004,-1,0.233911623147186,0.901362873848261,0.200174610462175,-0.0825891658994156,-0.0825891658994156,0.577432954678549,0.577432954678549,1,1,0.0952396750083747,1,0.561792687573268,0.0952396750083747,0.0952396750083747,0.561792687573268,-0.0825891658994156,0.901362873848261,1,0.901362873848261,0.901362873848261,0.160611381059736,0.121244435832252,0.121244435832252,0.901362873848261,-1,0.901362873848261,0.901362873848261,-0.883265981816317,1,1,1,0.883265981816317,0.979969342970585,0.794818946455037,0.561792687573268,0.561792687573268,-0.998534440188198,0.99609350865294,0.981925911722418,0.981925911722418,0.981925911722418,-0.999023370174415,0.995604107961857,-0.0450023120808969,-0.0450023120808969,0.200174610462175,-0.996581211541946,0.99755734173682,0.901362873848261,0.0450023120808969
"DELTA",0.901362873848261,0.896953995024908,0.896947046471429,0.160758003861856,0.160758003861856,1,0.901362873848261,1,0.890114531139317,-0.374205901308229,0.181728986724741,0.181728986724741,1,1,-0.899901707882173,0.312683527893554,0.312683527893554,0.981438139661425,0.900878790008912,0.895484819365032,0.898423395287306,-0.901362873848261,0.135346071952267,1,0.229659588358146,0.0161240936865837,0.0161240936865837,0.666345679182378,0.666345679182378,0.901362873848261,0.901362873848261,0.124576003613156,0.901362873848261,0.660486267612425,0.124576003613156,0.124576003613156,0.660486267612425,0.0161240936865837,1,0.901362873848261,1,1,0.160758003861856,0.128965771574559,0.128965771574559,1,-0.901362873848261,1,1,-0.981927723063678,0.901362873848261,0.901362873848261,0.901362873848261,0.981927723063678,0.903801316135509,0.893518548408963,0.660486267612425,0.660486267612425,-0.899901707882173,0.89743894514127,0.883310930224771,0.883310930224771,0.883310930224771,-0.900377535055006,0.896953995024908,0.0537444907741122,0.0537444907741122,0.229659588358146,-0.897931061294278,0.898915947477681,1,-0.0537444907741122
"DSH",0.988764382901239,0.992183263706973,0.992183793290526,0.157212249327938,0.157212249327938,0.890114531139317,0.988764382901239,0.890114531139317,1,-0.289703625032373,0.151039792158583,0.151039792158583,0.890114531139317,0.890114531139317,-0.988276614744862,0.259345004934578,0.259345004934578,0.871535952535166,0.989253722639277,0.994626131733688,0.991694806304255,-0.988764382901239,0.226600229708937,0.890114531139317,0.204596255510144,-0.0899119193341637,-0.0899119193341637,0.568147559972059,0.568147559972059,0.988764382901239,0.988764382901239,0.0898689607117786,0.988764382901239,0.551531811508171,0.0898689607117786,0.0898689607117786,0.551531811508171,-0.0899119193341637,0.890114531139317,0.988764382901239,0.890114531139317,0.890114531139317,0.157212249327938,0.122695061205929,0.122695061205929,0.890114531139317,-0.988764382901239,0.890114531139317,0.890114531139317,-0.872021426072202,0.988764382901239,0.988764382901239,0.988764382901239,0.872021426072203,0.96971039289197,0.783580325508381,0.551531811508171,0.551531811508171,-0.990230830533693,0.992671954423111,0.971670941144906,0.971670941144906,0.971670941144906,-0.987786423699443,0.993160355743602,-0.0523206138800783,-0.0523206138800783,0.204596255510144,-0.992183263706973,0.991206581870418,0.890114531139317,0.0523206138800783
"Destcompl",-0.300944154423265,-0.29654308646959,-0.296540627496867,-0.0566828651597618,-0.0566828651597618,-0.374205901308229,-0.300944154423265,-0.374205901308229,-0.289703625032373,1,-0.0561777266007598,-0.0561777266007598,-0.374205901308229,-0.374205901308229,0.299480099216016,-0.0835476561727008,-0.0835476561727008,-0.363459414231756,-0.300457180992982,-0.295076227783187,-0.298010026436985,0.300944154423265,-0.0312748781652013,-0.374205901308229,-0.0689013844644896,-0.0293127484301898,-0.0293127484301898,-0.248658535305812,-0.248658535305812,-0.300944154423265,-0.300944154423265,-0.0703485915503295,-0.300944154423265,-0.226187680544708,-0.0703485915503295,-0.0703485915503295,-0.226187680544708,-0.0293127484301898,-0.374205901308229,-0.300944154423265,-0.374205901308229,-0.374205901308229,-0.0566828651597618,-0.0542235040457118,-0.0542235040457118,-0.374205901308229,0.300944154423265,-0.374205901308229,-0.374205901308229,0.363948390102414,-0.300944154423265,-0.300944154423265,-0.300944154423265,-0.363948390102414,-0.30533948902822,-0.336108049396764,-0.226187680544708,-0.226187680544708,0.299480099216016,-0.297030352859893,-0.289716044512668,-0.289716044512668,-0.289716044512668,0.300941235039227,-0.29654308646959,-0.0522757799158247,-0.0522757799158247,-0.0689013844644896,0.297520152389193,-0.298499975355655,-0.374205901308229,0.0522757799158247
"EGF",0.155453692429385,0.153971143827244,0.153960090813494,0.0275222931263865,0.0275222931263865,0.181728986724741,0.155453692429385,0.181728986724741,0.151039792158583,-0.0561777266007598,1,1,0.181728986724741,0.181728986724741,-0.153993691364713,-0.0228478057278424,-0.0228478057278424,0.200313772166384,0.154970824445796,0.152499928165925,0.154465285934393,-0.155453692429385,0.00893498933163687,0.181728986724741,0.000674097658542219,0.00296135736862373,0.00296135736862373,0.0327577055737602,0.0327577055737602,0.155453692429385,0.155453692429385,3.00718108032393e-05,0.155453692429385,0.471484242385237,3.00718108032393e-05,3.00718108032393e-05,0.471484242385237,0.00296135736862373,0.181728986724741,0.155453692429385,0.181728986724741,0.181728986724741,0.0275222931263865,0.0297073278789081,0.0297073278789081,0.181728986724741,-0.155453692429385,0.181728986724741,0.181728986724741,-0.199830357612957,0.155453692429385,0.155453692429385,0.155453692429385,0.199830357612957,0.167662089594641,0.0752870239649519,0.471484242385237,0.471484242385237,-0.154970824445796,0.154454155848844,0.172582728609301,0.172582728609301,0.172582728609301,-0.155442406771948,0.152994026604357,0.0142332616765004,0.0142332616765004,0.000674097658542219,-0.153971143827244,0.153982343998043,0.181728986724741,-0.0142332616765004
"EGFR",0.155453692429385,0.153971143827244,0.153960090813494,0.0275222931263865,0.0275222931263865,0.181728986724741,0.155453692429385,0.181728986724741,0.151039792158583,-0.0561777266007598,1,1,0.181728986724741,0.181728986724741,-0.153993691364713,-0.0228478057278424,-0.0228478057278424,0.200313772166384,0.154970824445796,0.152499928165925,0.154465285934393,-0.155453692429385,0.00893498933163687,0.181728986724741,0.000674097658542219,0.00296135736862373,0.00296135736862373,0.0327577055737602,0.0327577055737602,0.155453692429385,0.155453692429385,3.00718108032393e-05,0.155453692429385,0.471484242385237,3.00718108032393e-05,3.00718108032393e-05,0.471484242385237,0.00296135736862373,0.181728986724741,0.155453692429385,0.181728986724741,0.181728986724741,0.0275222931263865,0.0297073278789081,0.0297073278789081,0.181728986724741,-0.155453692429385,0.181728986724741,0.181728986724741,-0.199830357612957,0.155453692429385,0.155453692429385,0.155453692429385,0.199830357612957,0.167662089594641,0.0752870239649519,0.471484242385237,0.471484242385237,-0.154970824445796,0.154454155848844,0.172582728609301,0.172582728609301,0.172582728609301,-0.155442406771948,0.152994026604357,0.0142332616765004,0.0142332616765004,0.000674097658542219,-0.153971143827244,0.153982343998043,0.181728986724741,-0.0142332616765004
"EGR1",0.901362873848261,0.896953995024908,0.896947046471429,0.160758003861856,0.160758003861856,1,0.901362873848261,1,0.890114531139317,-0.374205901308229,0.181728986724741,0.181728986724741,1,1,-0.899901707882173,0.312683527893554,0.312683527893554,0.981438139661425,0.900878790008912,0.895484819365032,0.898423395287306,-0.901362873848261,0.135346071952267,1,0.229659588358146,0.0161240936865837,0.0161240936865837,0.666345679182378,0.666345679182378,0.901362873848261,0.901362873848261,0.124576003613156,0.901362873848261,0.660486267612425,0.124576003613156,0.124576003613156,0.660486267612425,0.0161240936865837,1,0.901362873848261,1,1,0.160758003861856,0.128965771574559,0.128965771574559,1,-0.901362873848261,1,1,-0.981927723063678,0.901362873848261,0.901362873848261,0.901362873848261,0.981927723063678,0.903801316135509,0.893518548408963,0.660486267612425,0.660486267612425,-0.899901707882173,0.89743894514127,0.883310930224771,0.883310930224771,0.883310930224771,-0.900377535055006,0.896953995024908,0.0537444907741122,0.0537444907741122,0.229659588358146,-0.897931061294278,0.898915947477681,1,-0.0537444907741122
"ERK",0.901362873848261,0.896953995024908,0.896947046471429,0.160758003861856,0.160758003861856,1,0.901362873848261,1,0.890114531139317,-0.374205901308229,0.181728986724741,0.181728986724741,1,1,-0.899901707882173,0.312683527893554,0.312683527893554,0.981438139661425,0.900878790008912,0.895484819365032,0.898423395287306,-0.901362873848261,0.135346071952267,1,0.229659588358146,0.0161240936865837,0.0161240936865837,0.666345679182378,0.666345679182378,0.901362873848261,0.901362873848261,0.124576003613156,0.901362873848261,0.660486267612425,0.124576003613156,0.124576003613156,0.660486267612425,0.0161240936865837,1,0.901362873848261,1,1,0.160758003861856,0.128965771574559,0.128965771574559,1,-0.901362873848261,1,1,-0.981927723063678,0.901362873848261,0.901362873848261,0.901362873848261,0.981927723063678,0.903801316135509,0.893518548408963,0.660486267612425,0.660486267612425,-0.899901707882173,0.89743894514127,0.883310930224771,0.883310930224771,0.883310930224771,-0.900377535055006,0.896953995024908,0.0537444907741122,0.0537444907741122,0.229659588358146,-0.897931061294278,0.898915947477681,1,-0.0537444907741122
"Ecadherin",-0.998534440188198,-0.995116370005772,-0.995118789438333,-0.161093052650051,-0.161093052650051,-0.899901707882173,-0.998534440188198,-0.899901707882173,-0.988276614744862,0.299480099216016,-0.153993691364713,-0.153993691364713,-0.899901707882173,-0.899901707882173,1,-0.264212972430543,-0.264212972430543,-0.881319009164002,-0.998045752495078,-0.993651804202256,-0.996581183808014,0.998534440188198,-0.233417386268734,-0.899901707882173,-0.198700800417439,0.0811253337564748,0.0811253337564748,-0.575968684114778,-0.575968684114778,-0.998534440188198,-0.998534440188198,-0.0947501206258473,-0.998534440188198,-0.560327866423808,-0.0947501206258473,-0.0947501206258473,-0.560327866423808,0.0811253337564748,-0.899901707882173,-0.998534440188198,-0.899901707882173,-0.899901707882173,-0.161093052650051,-0.120760944072434,-0.120760944072434,-0.899901707882173,0.998534440188198,-0.899901707882173,-0.899901707882173,0.881803541760023,-0.998534440188198,-0.998534440188198,-0.998534440188198,-0.881803541760023,-0.979481054881587,-0.793354429291774,-0.560327866423808,-0.560327866423808,0.997068628742618,-0.995606013228297,-0.981436186101752,-0.981436186101752,-0.981436186101752,0.997558295317064,-0.995116370005772,0.0435399614047071,0.0435399614047071,-0.198700800417439,0.996093477900188,-0.997069131306309,-0.899901707882173,-0.0435399614047071
"FGF",0.262751586825673,0.261299259903605,0.261308492649001,0.0350042637650587,0.0350042637650587,0.312683527893554,0.262751586825673,0.312683527893554,0.259345004934578,-0.0835476561727008,-0.0228478057278424,-0.0228478057278424,0.312683527893554,0.312683527893554,-0.264212972430543,1,1,0.325363892863782,0.26225868574479,0.260815283056992,0.261783302581886,-0.262751586825673,0.0154813670505466,0.312683527893554,-0.00850985619874754,-0.0352087322427489,-0.0352087322427489,0.0669041885422033,0.0669041885422033,0.262751586825673,0.262751586825673,0.0107152237820153,0.262751586825673,0.505614427835236,0.0107152237820153,0.0107152237820153,0.505614427835236,-0.0352087322427489,0.312683527893554,0.262751586825673,0.312683527893554,0.312683527893554,0.0350042637650587,0.0328386038038543,0.0328386038038543,0.312683527893554,-0.262751586825673,0.312683527893554,0.312683527893554,-0.324870046497255,0.262751586825673,0.262751586825673,0.262751586825673,0.324870046497255,0.271061625964439,0.252040236665591,0.505614427835236,0.505614427835236,-0.261281542401914,0.260815283056992,0.274945103205973,0.274945103205973,0.274945103205973,-0.261783302581886,0.261299259903605,-0.0181481004306037,-0.0181481004306037,-0.00850985619874754,-0.261299259903605,0.261290276492677,0.312683527893554,0.0181481004306037
"FGFR",0.262751586825673,0.261299259903605,0.261308492649001,0.0350042637650587,0.0350042637650587,0.312683527893554,0.262751586825673,0.312683527893554,0.259345004934578,-0.0835476561727008,-0.0228478057278424,-0.0228478057278424,0.312683527893554,0.312683527893554,-0.264212972430543,1,1,0.325363892863782,0.26225868574479,0.260815283056992,0.261783302581886,-0.262751586825673,0.0154813670505466,0.312683527893554,-0.00850985619874754,-0.0352087322427489,-0.0352087322427489,0.0669041885422033,0.0669041885422033,0.262751586825673,0.262751586825673,0.0107152237820153,0.262751586825673,0.505614427835236,0.0107152237820153,0.0107152237820153,0.505614427835236,-0.0352087322427489,0.312683527893554,0.262751586825673,0.312683527893554,0.312683527893554,0.0350042637650587,0.0328386038038543,0.0328386038038543,0.312683527893554,-0.262751586825673,0.312683527893554,0.312683527893554,-0.324870046497255,0.262751586825673,0.262751586825673,0.262751586825673,0.324870046497255,0.271061625964439,0.252040236665591,0.505614427835236,0.505614427835236,-0.261281542401914,0.260815283056992,0.274945103205973,0.274945103205973,0.274945103205973,-0.261783302581886,0.261299259903605,-0.0181481004306037,-0.0181481004306037,-0.00850985619874754,-0.261299259903605,0.261290276492677,0.312683527893554,0.0181481004306037
"FOXC2",0.882781211823924,0.878375416420757,0.878370501271357,0.17929348211871,0.17929348211871,0.981438139661425,0.882781211823924,0.981438139661425,0.871535952535166,-0.363459414231756,0.200313772166384,0.200313772166384,0.981438139661425,0.981438139661425,-0.881319009164002,0.325363892863782,0.325363892863782,1,0.882296091290741,0.876907259683307,0.879843793319134,-0.882781211823924,0.151930575158501,0.981438139661425,0.212034667861884,0.0346822064591978,0.0346822064591978,0.653639347769799,0.653639347769799,0.882781211823924,0.882781211823924,0.124570275947888,0.882781211823924,0.679043454560993,0.124570275947888,0.124570275947888,0.679043454560993,0.0346822064591978,0.981438139661425,0.882781211823924,0.981438139661425,0.981438139661425,0.17929348211871,0.124098499250981,0.124098499250981,0.981438139661425,-0.882781211823924,0.981438139661425,0.981438139661425,-0.999511598783292,0.882781211823924,0.882781211823924,0.882781211823924,0.999511598783292,0.901830939797501,0.874945020017281,0.679043454560993,0.679043454560993,-0.881319009164002,0.878861385459546,0.899899702060281,0.899899702060281,0.899899702060281,-0.881797933086833,0.878375416420757,0.072296215697445,0.072296215697445,0.212034667861884,-0.879352482690128,0.88033531770306,0.981438139661425,-0.072296215697445
"FUS",0.999511559626261,0.996093477900188,0.99609589080319,0.160115851578564,0.160115851578564,0.900878790008912,0.999511559626261,0.900878790008912,0.989253722639277,-0.300457180992982,0.154970824445796,0.154970824445796,0.900878790008912,0.900878790008912,-0.998045752495078,0.26225868574479,0.26225868574479,0.882296091290741,1,0.994628908715276,0.997558295317064,-0.999511559626261,0.233417386268734,0.900878790008912,0.200655283042703,-0.0830795054718339,-0.0830795054718339,0.576945768689942,0.576945768689942,0.999511559626261,0.999511559626261,0.0947501206258473,0.999511559626261,0.561304953797194,0.0947501206258473,0.0947501206258473,0.561304953797194,-0.0830795054718339,0.900878790008912,0.999511559626261,0.900878790008912,0.900878790008912,0.160115851578564,0.120760944072434,0.120760944072434,0.900878790008912,-0.999511559626261,0.900878790008912,0.900878790008912,-0.882780624469719,0.999511559626261,0.999511559626261,0.999511559626261,0.882780624469719,0.979481054881587,0.794331522611462,0.561304953797194,0.561304953797194,-0.999022876247539,0.996583117741318,0.981436186101752,0.981436186101752,0.981436186101752,-0.998535406826113,0.996093477900188,-0.0454941641344212,-0.0454941641344212,0.200655283042703,-0.997070585794604,0.998046246663238,0.900878790008912,0.0454941641344212
"Frizzled",0.994139308255524,0.997557397699552,0.997557414021533,0.157707934154535,0.157707934154535,0.895484819365032,0.994139308255524,0.895484819365032,0.994626131733688,-0.295076227783187,0.152499928165925,0.152499928165925,0.895484819365032,0.895484819365032,-0.993651804202256,0.260815283056992,0.260815283056992,0.876907259683307,0.994628908715276,1,0.997069200544986,-0.994139308255524,0.231003320839144,0.895484819365032,0.203138546132644,-0.0874675096869686,-0.0874675096869686,0.572543581135251,0.572543581135251,0.994139308255524,0.994139308255524,0.092312748206424,0.994139308255524,0.555928380084367,0.092312748206424,0.092312748206424,0.555928380084367,-0.0874675096869686,0.895484819365032,0.994139308255524,0.895484819365032,0.895484819365032,0.157707934154535,0.12122444515451,0.12122444515451,0.895484819365032,-0.994139308255524,0.895484819365032,0.895484819365032,-0.877392973404208,0.994139308255524,0.994139308255524,0.994139308255524,0.877392973404208,0.975085123055661,0.788953907882704,0.555928380084367,0.555928380084367,-0.995606013228297,0.99804582945208,0.97704725059315,0.97704725059315,0.97704725059315,-0.993160831465585,0.99853448635484,-0.049874624898216,-0.049874624898216,0.203138546132644,-0.997557397699552,0.996581237644059,0.895484819365032,0.049874624898216
"GLI",0.997069155785004,0.998534475862677,0.99853544035788,0.159648164956702,0.159648164956702,0.898423395287306,0.997069155785004,0.898423395287306,0.991694806304255,-0.298010026436985,0.154465285934393,0.154465285934393,0.898423395287306,0.898423395287306,-0.996581183808014,0.261783302581886,0.261783302581886,0.879843793319134,0.997558295317064,0.997069200544986,1,-0.997069155785004,0.2319687695028,0.898423395287306,0.20214510788644,-0.0845397790252954,-0.0845397790252954,0.5744994385926,0.5744994385926,0.997069155785004,0.997069155785004,0.0923105452431828,0.997069155785004,0.558860244656459,0.0923105452431828,0.0923105452431828,0.558860244656459,-0.0845397790252954,0.898423395287306,0.997069155785004,0.898423395287306,0.898423395287306,0.159648164956702,0.120257271035328,0.120257271035328,0.898423395287306,-0.997069155785004,0.898423395287306,0.898423395287306,-0.880329034947748,0.997069155785004,0.997069155785004,0.997069155785004,0.880329034947748,0.978015299284792,0.791886026756107,0.558860244656459,0.558860244656459,-0.998535406826113,0.999023385084687,0.979974660508161,0.979974660508161,0.979974660508161,-0.996091602936835,0.998534475862677,-0.0469499198890981,-0.0469499198890981,0.20214510788644,-0.99951157151388,0.99853446467087,0.898423395287306,0.0469499198890981
"GSK3",-1,-0.995604107961858,-0.995606046763806,-0.160611381059736,-0.160611381059736,-0.901362873848261,-1,-0.901362873848261,-0.988764382901239,0.300944154423265,-0.155453692429385,-0.155453692429385,-0.901362873848261,-0.901362873848261,0.998534440188198,-0.262751586825673,-0.262751586825673,-0.882781211823924,-0.999511559626261,-0.994139308255524,-0.997069155785004,1,-0.233911623147186,-0.901362873848261,-0.200174610462175,0.0825891658994156,0.0825891658994156,-0.577432954678549,-0.577432954678549,-1,-1,-0.0952396750083747,-1,-0.561792687573268,-0.0952396750083747,-0.0952396750083747,-0.561792687573268,0.0825891658994156,-0.901362873848261,-1,-0.901362873848261,-0.901362873848261,-0.160611381059736,-0.121244435832252,-0.121244435832252,-0.901362873848261,1,-0.901362873848261,-0.901362873848261,0.883265981816317,-1,-1,-1,-0.883265981816317,-0.979969342970586,-0.794818946455037,-0.561792687573268,-0.561792687573268,0.998534440188198,-0.996093508652941,-0.981925911722418,-0.981925911722418,-0.981925911722418,0.999023370174415,-0.995604107961858,0.0450023120808969,0.0450023120808969,-0.200174610462175,0.996581211541946,-0.99755734173682,-0.901362873848261,-0.0450023120808969
"Goosecoid",0.233911623147186,0.230508858595876,0.230520684220594,-0.0446787713181035,-0.0446787713181035,0.135346071952267,0.233911623147186,0.135346071952267,0.226600229708937,-0.0312748781652013,0.00893498933163687,0.00893498933163687,0.135346071952267,0.135346071952267,-0.233417386268734,0.0154813670505466,0.0154813670505466,0.151930575158501,0.233417386268734,0.231003320839144,0.2319687695028,-0.233911623147186,1,0.135346071952267,0.0261395408875057,-0.000528664981022886,-0.000528664981022886,0.0351434059999719,0.0351434059999719,0.233911623147186,0.233911623147186,0.000448470202863208,0.233911623147186,0.0370844142276021,0.000448470202863208,0.000448470202863208,0.0370844142276021,-0.000528664981022886,0.135346071952267,0.233911623147186,0.135346071952267,0.135346071952267,-0.0446787713181035,-0.00671323157410868,-0.00671323157410868,0.135346071952267,-0.233911623147186,0.135346071952267,0.135346071952267,-0.152412548946071,0.233911623147186,0.233911623147186,0.233911623147186,0.152412548946071,0.231474417557021,0.10693029027451,0.0370844142276021,0.0370844142276021,-0.232440213188153,0.231003320839144,0.251961993670883,0.251961993670883,0.251961993670883,-0.23294593033935,0.231486015817611,0.0370448472350024,0.0370448472350024,0.0261395408875057,-0.231486015817611,0.232451582241646,0.135346071952267,-0.0370448472350024
"HEY1",0.901362873848261,0.896953995024908,0.896947046471429,0.160758003861856,0.160758003861856,1,0.901362873848261,1,0.890114531139317,-0.374205901308229,0.181728986724741,0.181728986724741,1,1,-0.899901707882173,0.312683527893554,0.312683527893554,0.981438139661425,0.900878790008912,0.895484819365032,0.898423395287306,-0.901362873848261,0.135346071952267,1,0.229659588358146,0.0161240936865837,0.0161240936865837,0.666345679182378,0.666345679182378,0.901362873848261,0.901362873848261,0.124576003613156,0.901362873848261,0.660486267612425,0.124576003613156,0.124576003613156,0.660486267612425,0.0161240936865837,1,0.901362873848261,1,1,0.160758003861856,0.128965771574559,0.128965771574559,1,-0.901362873848261,1,1,-0.981927723063678,0.901362873848261,0.901362873848261,0.901362873848261,0.981927723063678,0.903801316135509,0.893518548408963,0.660486267612425,0.660486267612425,-0.899901707882173,0.89743894514127,0.883310930224771,0.883310930224771,0.883310930224771,-0.900377535055006,0.896953995024908,0.0537444907741122,0.0537444907741122,0.229659588358146,-0.897931061294278,0.898915947477681,1,-0.0537444907741122
"HGF",0.200174610462175,0.203619030057465,0.203635332824728,-0.00223728146142943,-0.00223728146142943,0.229659588358146,0.200174610462175,0.229659588358146,0.204596255510144,-0.0689013844644896,0.000674097658542219,0.000674097658542219,0.229659588358146,0.229659588358146,-0.198700800417439,-0.00850985619874754,-0.00850985619874754,0.212034667861884,0.200655283042703,0.203138546132644,0.20214510788644,-0.200174610462175,0.0261395408875057,0.229659588358146,1,-0.00298459977523169,-0.00298459977523169,0.0151024751364697,0.0151024751364697,0.200174610462175,0.200174610462175,-0.0147110407347313,0.200174610462175,0.00433560096082954,-0.0147110407347313,-0.0147110407347313,0.00433560096082954,-0.00298459977523169,0.229659588358146,0.200174610462175,0.229659588358146,0.229659588358146,-0.00223728146142943,0.00358815129738252,0.00358815129738252,0.229659588358146,-0.200174610462175,0.229659588358146,0.229659588358146,-0.212514562939832,0.200174610462175,0.200174610462175,0.200174610462175,0.212514562939832,0.197739523958626,0.288188891911587,0.00433560096082954,0.00433560096082954,-0.201632524355335,0.203138546132644,0.182056020355141,0.182056020355141,0.182056020355141,-0.201167878818692,0.203619030057465,0.00330545374609002,0.00330545374609002,1,-0.202641804604785,0.201648455622986,0.229659588358146,-0.00330545374609002
"HIF1",-0.0825891658994156,-0.0850265693329153,-0.0860002007217197,-0.022031998308617,-0.022031998308617,0.0161240936865837,-0.0825891658994156,0.0161240936865837,-0.0899119193341637,-0.0293127484301898,0.00296135736862373,0.00296135736862373,0.0161240936865837,0.0161240936865837,0.0811253337564748,-0.0352087322427489,-0.0352087322427489,0.0346822064591978,-0.0830795054718339,-0.0874675096869686,-0.0845397790252954,0.0825891658994156,-0.000528664981022886,0.0161240936865837,-0.00298459977523169,1,1,-0.0410431202394237,-0.0410431202394237,-0.0825891658994156,-0.0825891658994156,-0.0151528349784126,-0.0825891658994156,-0.0361608542286285,-0.0151528349784126,-0.0151528349784126,-0.0361608542286285,1,0.0161240936865837,-0.0825891658994156,0.0161240936865837,0.0161240936865837,-0.022031998308617,0.00491263685746854,0.00491263685746854,0.0161240936865837,0.0825891658994156,0.0161240936865837,0.0161240936865837,-0.0341922728262199,-0.0825891658994156,-0.0825891658994156,-0.0825891658994156,0.0341922728262199,-0.0625573010035704,-0.00245695789241942,-0.0361608542286285,-0.0361608542286285,0.0840565913295135,-0.085513376448997,-0.0645218956628112,-0.0645218956628112,-0.0645218956628112,0.0835627054105524,-0.086003639333165,0.962388903601341,0.962388903601341,-0.00298459977523169,0.0850265693329153,-0.0840530051779864,0.0161240936865837,-0.962388903601341
"Hypoxia",-0.0825891658994156,-0.0850265693329153,-0.0860002007217197,-0.022031998308617,-0.022031998308617,0.0161240936865837,-0.0825891658994156,0.0161240936865837,-0.0899119193341637,-0.0293127484301898,0.00296135736862373,0.00296135736862373,0.0161240936865837,0.0161240936865837,0.0811253337564748,-0.0352087322427489,-0.0352087322427489,0.0346822064591978,-0.0830795054718339,-0.0874675096869686,-0.0845397790252954,0.0825891658994156,-0.000528664981022886,0.0161240936865837,-0.00298459977523169,1,1,-0.0410431202394237,-0.0410431202394237,-0.0825891658994156,-0.0825891658994156,-0.0151528349784126,-0.0825891658994156,-0.0361608542286285,-0.0151528349784126,-0.0151528349784126,-0.0361608542286285,1,0.0161240936865837,-0.0825891658994156,0.0161240936865837,0.0161240936865837,-0.022031998308617,0.00491263685746854,0.00491263685746854,0.0161240936865837,0.0825891658994156,0.0161240936865837,0.0161240936865837,-0.0341922728262199,-0.0825891658994156,-0.0825891658994156,-0.0825891658994156,0.0341922728262199,-0.0625573010035704,-0.00245695789241942,-0.0361608542286285,-0.0361608542286285,0.0840565913295135,-0.085513376448997,-0.0645218956628112,-0.0645218956628112,-0.0645218956628112,0.0835627054105524,-0.086003639333165,0.962388903601341,0.962388903601341,-0.00298459977523169,0.0850265693329153,-0.0840530051779864,0.0161240936865837,-0.962388903601341
"IGF1",0.577432954678549,0.573032903560835,0.573031460818822,0.0800890860361194,0.0800890860361194,0.666345679182378,0.577432954678549,0.666345679182378,0.568147559972059,-0.248658535305812,0.0327577055737602,0.0327577055737602,0.666345679182378,0.666345679182378,-0.575968684114778,0.0669041885422033,0.0669041885422033,0.653639347769799,0.576945768689942,0.572543581135251,0.5744994385926,-0.577432954678549,0.0351434059999719,0.666345679182378,0.0151024751364697,-0.0410431202394237,-0.0410431202394237,1,1,0.577432954678549,0.577432954678549,0.0302812875394471,0.577432954678549,0.56130583661235,0.0302812875394471,0.0302812875394471,0.56130583661235,-0.0410431202394237,0.666345679182378,0.577432954678549,0.666345679182378,0.666345679182378,0.0800890860361194,-0.0102367150947579,-0.0102367150947579,0.666345679182378,-0.577432954678549,0.666345679182378,0.666345679182378,-0.654127066254958,0.577432954678549,0.577432954678549,0.577432954678549,0.654127066254958,0.584759807567027,0.726916350089902,0.56130583661235,0.56130583661235,-0.575968684114778,0.573520646471747,0.565227312587266,0.565227312587266,0.565227312587266,-0.576453583257088,0.573032903560835,-0.0112517278791021,-0.0112517278791021,0.0151024751364697,-0.57400997227859,0.574989045767337,0.666345679182378,0.0112517278791021
"IGF1R",0.577432954678549,0.573032903560835,0.573031460818822,0.0800890860361194,0.0800890860361194,0.666345679182378,0.577432954678549,0.666345679182378,0.568147559972059,-0.248658535305812,0.0327577055737602,0.0327577055737602,0.666345679182378,0.666345679182378,-0.575968684114778,0.0669041885422033,0.0669041885422033,0.653639347769799,0.576945768689942,0.572543581135251,0.5744994385926,-0.577432954678549,0.0351434059999719,0.666345679182378,0.0151024751364697,-0.0410431202394237,-0.0410431202394237,1,1,0.577432954678549,0.577432954678549,0.0302812875394471,0.577432954678549,0.56130583661235,0.0302812875394471,0.0302812875394471,0.56130583661235,-0.0410431202394237,0.666345679182378,0.577432954678549,0.666345679182378,0.666345679182378,0.0800890860361194,-0.0102367150947579,-0.0102367150947579,0.666345679182378,-0.577432954678549,0.666345679182378,0.666345679182378,-0.654127066254958,0.577432954678549,0.577432954678549,0.577432954678549,0.654127066254958,0.584759807567027,0.726916350089902,0.56130583661235,0.56130583661235,-0.575968684114778,0.573520646471747,0.565227312587266,0.565227312587266,0.565227312587266,-0.576453583257088,0.573032903560835,-0.0112517278791021,-0.0112517278791021,0.0151024751364697,-0.57400997227859,0.574989045767337,0.666345679182378,0.0112517278791021
"IKK",1,0.995604107961857,0.995606046763806,0.160611381059736,0.160611381059736,0.901362873848261,1,0.901362873848261,0.988764382901239,-0.300944154423265,0.155453692429385,0.155453692429385,0.901362873848261,0.901362873848261,-0.998534440188198,0.262751586825673,0.262751586825673,0.882781211823924,0.999511559626261,0.994139308255524,0.997069155785004,-1,0.233911623147186,0.901362873848261,0.200174610462175,-0.0825891658994156,-0.0825891658994156,0.577432954678549,0.577432954678549,1,1,0.0952396750083747,1,0.561792687573268,0.0952396750083747,0.0952396750083747,0.561792687573268,-0.0825891658994156,0.901362873848261,1,0.901362873848261,0.901362873848261,0.160611381059736,0.121244435832252,0.121244435832252,0.901362873848261,-1,0.901362873848261,0.901362873848261,-0.883265981816317,1,1,1,0.883265981816317,0.979969342970585,0.794818946455037,0.561792687573268,0.561792687573268,-0.998534440188198,0.99609350865294,0.981925911722418,0.981925911722418,0.981925911722418,-0.999023370174415,0.995604107961857,-0.0450023120808969,-0.0450023120808969,0.200174610462175,-0.996581211541946,0.99755734173682,0.901362873848261,0.0450023120808969
"ILK",1,0.995604107961857,0.995606046763806,0.160611381059736,0.160611381059736,0.901362873848261,1,0.901362873848261,0.988764382901239,-0.300944154423265,0.155453692429385,0.155453692429385,0.901362873848261,0.901362873848261,-0.998534440188198,0.262751586825673,0.262751586825673,0.882781211823924,0.999511559626261,0.994139308255524,0.997069155785004,-1,0.233911623147186,0.901362873848261,0.200174610462175,-0.0825891658994156,-0.0825891658994156,0.577432954678549,0.577432954678549,1,1,0.0952396750083747,1,0.561792687573268,0.0952396750083747,0.0952396750083747,0.561792687573268,-0.0825891658994156,0.901362873848261,1,0.901362873848261,0.901362873848261,0.160611381059736,0.121244435832252,0.121244435832252,0.901362873848261,-1,0.901362873848261,0.901362873848261,-0.883265981816317,1,1,1,0.883265981816317,0.979969342970585,0.794818946455037,0.561792687573268,0.561792687573268,-0.998534440188198,0.99609350865294,0.981925911722418,0.981925911722418,0.981925911722418,-0.999023370174415,0.995604107961857,-0.0450023120808969,-0.0450023120808969,0.200174610462175,-0.996581211541946,0.99755734173682,0.901362873848261,0.0450023120808969
