"","AKT","AXIN2","CD44","CDC42","CHD1L","Csl","Csn","DELTA","DSH","Destcompl","EGF","EGFR","EGR1","ERK","Ecadherin","FGF","FGFR","FOXC2","FUS","Frizzled","GLI","GSK3","Goosecoid","HEY1","HGF","HIF1","Hypoxia","IGF1","IGF1R","IKK","ILK","JAK","Jagged","KLF4","LIF","LIFR","LIV1","LOXL23","MEK","NFB","NOTCH","NOTCHic","PAK1","PDGF","PDGFR","PI3K","Patched","RAF","RAS","RKIP","SHH","SMAD","SMO","SNAI1","SNAI2","SOSGRB2","SRC","STAT","SUFU","TCFLEF","TGF","TGFR","TWIST1","TrCP","Wnt","ZEB1","ZEB2","cMet","cateninmemb","cateninnuc","cfos","miR200"
"AKT",1,0.794299394695873,0.794299394695873,-0.0125702858162926,-0.0125702858162926,0.796593251277332,0.979053416047382,0.794682199559368,0.794299394695873,0.682723949289006,0.140569800182478,0.140569800182478,0.974867227192694,0.974867227192694,-0.794299394695873,0.0944802401869894,0.0944802401869894,0.820953022269489,0.793537471799653,0.794299394695873,0.794299394695873,-0.794299394695873,0.492570982416125,0.798889016426,0.260951396866436,0.338697592198768,0.338697592198768,0.139427075892627,0.139427075892627,0.996193082910974,0.999238384382614,0.0750510879156998,0.999238384382614,-0.794299394695873,0.0750510879156998,0.0750510879156998,0.0750510879156998,0.338697592198768,0.974484650289855,0.990476840082323,0.794682199559368,0.79544816180996,-0.0125702858162926,0.268571003977726,0.268571003977726,0.794682199559368,-0.794299394695873,0.794682199559368,0.794299394695873,-0.974867227192694,0.794299394695873,0.999238384382614,0.794299394695873,0.794299394695873,0.794299394695873,0.583239594166916,0.341356169999618,0.0750510879156998,-0.793537471799653,0.794299394695873,0.820953022269489,0.820953022269489,0.820953022269489,-0.962297635387382,0.794299394695873,0.445352194091269,0.794299394695873,0.260951396866436,-0.794299394695873,0.794299394695873,0.974867227192694,-0.794299394695873
"AXIN2",0.794299394695873,1,1,0.022487194247506,0.022487194247506,0.997715312827174,0.775658327269613,0.999619101252354,1,0.888393439295794,0.055218751928249,0.055218751928249,0.819422918850243,0.819422918850243,-1,0.0259343340275678,0.0259343340275678,0.973343086181601,0.999238059411337,1,1,-1,0.590099347723121,0.995432884343548,0.107034741611181,0.408876587382504,0.408876587382504,0.0495068637602555,0.0495068637602555,0.79126806594945,0.795056785272995,0.0743141231255143,0.795056785272995,-1,0.0743141231255143,0.0743141231255143,0.0743141231255143,0.408876587382504,0.819804891757007,0.787068792768211,0.999619101252354,0.998857732546867,0.022487194247506,0.121521477333047,0.121521477333047,0.999619101252354,-1,0.999619101252354,1,-0.819422918850243,1,0.795056785272995,1,1,1,0.397319435041362,0.167695901602677,0.0743141231255143,-0.999238059411337,1,0.973343086181601,0.973343086181601,0.973343086181601,-0.759672312403799,1,0.526175125688981,1,0.107034741611181,-1,1,0.819422918850243,-1
"CD44",0.794299394695873,1,1,0.022487194247506,0.022487194247506,0.997715312827174,0.775658327269613,0.999619101252354,1,0.888393439295794,0.055218751928249,0.055218751928249,0.819422918850243,0.819422918850243,-1,0.0259343340275678,0.0259343340275678,0.973343086181601,0.999238059411337,1,1,-1,0.590099347723121,0.995432884343548,0.107034741611181,0.408876587382504,0.408876587382504,0.0495068637602555,0.0495068637602555,0.79126806594945,0.795056785272995,0.0743141231255143,0.795056785272995,-1,0.0743141231255143,0.0743141231255143,0.0743141231255143,0.408876587382504,0.819804891757007,0.787068792768211,0.999619101252354,0.998857732546867,0.022487194247506,0.121521477333047,0.121521477333047,0.999619101252354,-1,0.999619101252354,1,-0.819422918850243,1,0.795056785272995,1,1,1,0.397319435041362,0.167695901602677,0.0743141231255143,-0.999238059411337,1,0.973343086181601,0.973343086181601,0.973343086181601,-0.759672312403799,1,0.526175125688981,1,0.107034741611181,-1,1,0.819422918850243,-1
"CDC42",-0.0125702858162926,0.022487194247506,0.022487194247506,1,1,0.0232517098260091,-0.0121945971990422,0.0221068723364237,0.022487194247506,0.0358346037773413,-0.011804948346257,-0.011804948346257,0.00115100183319667,0.00115100183319667,-0.022487194247506,-0.0213399309626542,-0.0213399309626542,0.00800351319240288,0.022487194247506,0.022487194247506,0.022487194247506,-0.022487194247506,-0.0171405749477296,0.0224924128874527,0.0278131117483693,-0.0148755465884776,-0.0148755465884776,-0.00685311168816548,-0.00685311168816548,-0.0133356862942013,-0.0125691357614399,-0.00952969472631494,-0.0125691357614399,-0.022487194247506,-0.00952969472631494,-0.00952969472631494,-0.00952969472631494,-0.0148755465884776,0.000769461576493073,-0.0137148831312925,0.0221068723364237,0.0228700917392692,1,-0.00495122714010475,-0.00495122714010475,0.0221068723364237,-0.022487194247506,0.0221068723364237,0.022487194247506,-0.00115100183319667,0.022487194247506,-0.0125691357614399,0.022487194247506,0.022487194247506,0.022487194247506,-0.00723235112595607,0.0129384702935921,-0.00952969472631494,-0.022487194247506,0.022487194247506,0.00800351319240288,0.00800351319240288,0.00800351319240288,0.0091493335845704,0.022487194247506,-0.00191642973206505,0.022487194247506,0.0278131117483693,-0.022487194247506,0.022487194247506,0.00115100183319667,-0.022487194247506
"CHD1L",-0.0125702858162926,0.022487194247506,0.022487194247506,1,1,0.0232517098260091,-0.0121945971990422,0.0221068723364237,0.022487194247506,0.0358346037773413,-0.011804948346257,-0.011804948346257,0.00115100183319667,0.00115100183319667,-0.022487194247506,-0.0213399309626542,-0.0213399309626542,0.00800351319240288,0.022487194247506,0.022487194247506,0.022487194247506,-0.022487194247506,-0.0171405749477296,0.0224924128874527,0.0278131117483693,-0.0148755465884776,-0.0148755465884776,-0.00685311168816548,-0.00685311168816548,-0.0133356862942013,-0.0125691357614399,-0.00952969472631494,-0.0125691357614399,-0.022487194247506,-0.00952969472631494,-0.00952969472631494,-0.00952969472631494,-0.0148755465884776,0.000769461576493073,-0.0137148831312925,0.0221068723364237,0.0228700917392692,1,-0.00495122714010475,-0.00495122714010475,0.0221068723364237,-0.022487194247506,0.0221068723364237,0.022487194247506,-0.00115100183319667,0.022487194247506,-0.0125691357614399,0.022487194247506,0.022487194247506,0.022487194247506,-0.00723235112595607,0.0129384702935921,-0.00952969472631494,-0.022487194247506,0.022487194247506,0.00800351319240288,0.00800351319240288,0.00800351319240288,0.0091493335845704,0.022487194247506,-0.00191642973206505,0.022487194247506,0.0278131117483693,-0.022487194247506,0.022487194247506,0.00115100183319667,-0.022487194247506
"Csl",0.796593251277332,0.997715312827174,0.997715312827174,0.0232517098260091,0.0232517098260091,1,0.777957199566693,0.998095774438261,0.997715312827174,0.886096251177246,0.0567386190023659,0.0567386190023659,0.821710132634056,0.821710132634056,-0.997715312827174,0.0251790827004382,0.0251790827004382,0.971065103740611,0.996953363391829,0.997715312827174,0.997715312827174,-0.997715312827174,0.587818079906481,0.997715254496489,0.109318301773278,0.406612807595752,0.406612807595752,0.0517891776135859,0.0517891776135859,0.793565372443898,0.797349491597796,0.0727969171003398,0.797349491597796,-0.997715312827174,0.0727969171003398,0.0727969171003398,0.0727969171003398,0.406612807595752,0.822092686039631,0.78936430645769,0.998095774438261,0.998857138715307,0.0232517098260091,0.123807522474807,0.123807522474807,0.998095774438261,-0.997715312827174,0.998095774438261,0.997715312827174,-0.821710132634056,0.997715312827174,0.797349491597796,0.997715312827174,0.997715312827174,0.997715312827174,0.399604054124664,0.169998260549194,0.0727969171003398,-0.996953363391829,0.997715312827174,0.971065103740611,0.971065103740611,0.971065103740611,-0.761973333152618,0.997715312827174,0.523906984773418,0.997715312827174,0.109318301773278,-0.997715312827174,0.997715312827174,0.821710132634056,-0.997715312827174
"Csn",0.979053416047382,0.775658327269613,0.775658327269613,-0.0121945971990422,-0.0121945971990422,0.777957199566693,1,0.776042389487206,0.775658327269613,0.664105922480525,0.143247396785996,0.143247396785996,0.953935943042463,0.953935943042463,-0.775658327269613,0.0902756532882023,0.0902756532882023,0.802296757930474,0.774896401885467,0.775658327269613,0.775658327269613,-0.775658327269613,0.479244419113373,0.78025793727957,0.256769583703669,0.323039388507435,0.323039388507435,0.139817629179331,0.139817629179331,0.982857715068685,0.978294391958213,0.0693239241194547,0.978294391958213,-0.775658327269613,0.0693239241194547,0.0693239241194547,0.0693239241194547,0.323039388507435,0.953552099762789,0.988573999367445,0.776042389487206,0.776810858351133,-0.0121945971990422,0.268193539357989,0.268193539357989,0.776042389487206,-0.775658327269613,0.776042389487206,0.775658327269613,-0.953935943042463,0.775658327269613,0.978294391958213,0.775658327269613,0.775658327269613,0.775658327269613,0.576778299502662,0.342467543020158,0.0693239241194547,-0.774896401885467,0.775658327269613,0.802296757930474,0.802296757930474,0.802296757930474,-0.98323904949285,0.775658327269613,0.429707968493327,0.775658327269613,0.256769583703669,-0.775658327269613,0.775658327269613,0.953935943042463,-0.775658327269613
"DELTA",0.794682199559368,0.999619101252354,0.999619101252354,0.0221068723364237,0.0221068723364237,0.998095774438261,0.776042389487206,1,0.999619101252354,0.88800945408401,0.0555987032835799,0.0555987032835799,0.819804054905642,0.819804054905642,-0.999619101252354,0.0255550343822207,0.0255550343822207,0.972963865424636,0.998857158617924,0.999619101252354,0.999619101252354,-0.999619101252354,0.589719388789571,0.99581276454763,0.107415121575685,0.408501052091274,0.408501052091274,0.0498869444951247,0.0498869444951247,0.791651733777587,0.795439302244139,0.073934808825731,0.795439302244139,-0.999619101252354,0.073934808825731,0.073934808825731,0.073934808825731,0.408501052091274,0.820186173225856,0.787452013520662,1,0.999238341179622,0.0221068723364237,0.121902475825297,0.121902475825297,1,-0.999619101252354,1,0.999619101252354,-0.819804054905642,0.999619101252354,0.795439302244139,0.999619101252354,0.999619101252354,0.999619101252354,0.397700015650987,0.168080959873124,0.073934808825731,-0.998857158617924,0.999619101252354,0.972963865424636,0.972963865424636,0.972963865424636,-0.760056914214681,0.999619101252354,0.525798467676221,0.999619101252354,0.107415121575685,-0.999619101252354,0.999619101252354,0.819804054905642,-0.999619101252354
"DSH",0.794299394695873,1,1,0.022487194247506,0.022487194247506,0.997715312827174,0.775658327269613,0.999619101252354,1,0.888393439295794,0.055218751928249,0.055218751928249,0.819422918850243,0.819422918850243,-1,0.0259343340275678,0.0259343340275678,0.973343086181601,0.999238059411337,1,1,-1,0.590099347723121,0.995432884343548,0.107034741611181,0.408876587382504,0.408876587382504,0.0495068637602555,0.0495068637602555,0.79126806594945,0.795056785272995,0.0743141231255143,0.795056785272995,-1,0.0743141231255143,0.0743141231255143,0.0743141231255143,0.408876587382504,0.819804891757007,0.787068792768211,0.999619101252354,0.998857732546867,0.022487194247506,0.121521477333047,0.121521477333047,0.999619101252354,-1,0.999619101252354,1,-0.819422918850243,1,0.795056785272995,1,1,1,0.397319435041362,0.167695901602677,0.0743141231255143,-0.999238059411337,1,0.973343086181601,0.973343086181601,0.973343086181601,-0.759672312403799,1,0.526175125688981,1,0.107034741611181,-1,1,0.819422918850243,-1
"Destcompl",0.682723949289006,0.888393439295794,0.888393439295794,0.0358346037773413,0.0358346037773413,0.886096251177246,0.664105922480525,0.88800945408401,0.888393439295794,1,0.0411041744995597,0.0411041744995597,0.707814731275668,0.707814731275668,-0.888393439295794,0.0156798087111918,0.0156798087111918,0.861769929600944,0.887631440921666,0.888393439295794,0.888393439295794,-0.888393439295794,0.515077907817906,0.883801062209441,0.0776899888938518,0.340788626003628,0.340788626003628,0.0323466934898081,0.0323466934898081,0.679708839320888,0.683475784806218,0.0663464828560598,0.683475784806218,-0.888393439295794,0.0663464828560598,0.0663464828560598,0.0663464828560598,0.340788626003628,0.708199709616859,0.675501096226482,0.88800945408401,0.887241863800366,0.0358346037773413,0.0799972311369943,0.0799972311369943,0.88800945408401,-0.888393439295794,0.88800945408401,0.888393439295794,-0.707814731275668,0.888393439295794,0.683475784806218,0.888393439295794,0.888393439295794,0.888393439295794,0.318456441260427,0.12243767025297,0.0663464828560598,-0.887631440921666,0.888393439295794,0.861769929600944,0.861769929600944,0.861769929600944,-0.648129142788299,0.888393439295794,0.451974933990564,0.888393439295794,0.0776899888938518,-0.888393439295794,0.888393439295794,0.707814731275668,-0.888393439295794
"EGF",0.140569800182478,0.055218751928249,0.055218751928249,-0.011804948346257,-0.011804948346257,0.0567386190023659,0.143247396785996,0.0555987032835799,0.055218751928249,0.0411041744995597,1,1,0.141319745540004,0.141319745540004,-0.055218751928249,0.00153660112626862,0.00153660112626862,0.0575172608963429,0.0544568257147895,0.055218751928249,0.055218751928249,-0.055218751928249,0.0346622238897639,0.0574967109912013,-0.00419747263473073,0.0202267210210964,0.0202267210210964,-0.00915105916152453,-0.00915105916152453,0.140576888610456,0.141329509759463,-0.00113126062779473,0.141329509759463,-0.055218751928249,-0.00113126062779473,-0.00113126062779473,-0.00113126062779473,0.0202267210210964,0.14093967085712,0.139430390058625,0.0555987032835799,0.0563586366550306,-0.011804948346257,-0.0110499955665228,-0.0110499955665228,0.0555987032835799,-0.055218751928249,0.0555987032835799,0.055218751928249,-0.141319745540004,0.055218751928249,0.141329509759463,0.055218751928249,0.055218751928249,0.055218751928249,0.242657944374733,0.485386625808822,-0.00113126062779473,-0.0544568257147895,0.055218751928249,0.0575172608963429,0.0575172608963429,0.0575172608963429,-0.140205129285474,0.055218751928249,0.0293575417338498,0.055218751928249,-0.00419747263473073,-0.055218751928249,0.055218751928249,0.141319745540004,-0.055218751928249
"EGFR",0.140569800182478,0.055218751928249,0.055218751928249,-0.011804948346257,-0.011804948346257,0.0567386190023659,0.143247396785996,0.0555987032835799,0.055218751928249,0.0411041744995597,1,1,0.141319745540004,0.141319745540004,-0.055218751928249,0.00153660112626862,0.00153660112626862,0.0575172608963429,0.0544568257147895,0.055218751928249,0.055218751928249,-0.055218751928249,0.0346622238897639,0.0574967109912013,-0.00419747263473073,0.0202267210210964,0.0202267210210964,-0.00915105916152453,-0.00915105916152453,0.140576888610456,0.141329509759463,-0.00113126062779473,0.141329509759463,-0.055218751928249,-0.00113126062779473,-0.00113126062779473,-0.00113126062779473,0.0202267210210964,0.14093967085712,0.139430390058625,0.0555987032835799,0.0563586366550306,-0.011804948346257,-0.0110499955665228,-0.0110499955665228,0.0555987032835799,-0.055218751928249,0.0555987032835799,0.055218751928249,-0.141319745540004,0.055218751928249,0.141329509759463,0.055218751928249,0.055218751928249,0.055218751928249,0.242657944374733,0.485386625808822,-0.00113126062779473,-0.0544568257147895,0.055218751928249,0.0575172608963429,0.0575172608963429,0.0575172608963429,-0.140205129285474,0.055218751928249,0.0293575417338498,0.055218751928249,-0.00419747263473073,-0.055218751928249,0.055218751928249,0.141319745540004,-0.055218751928249
"EGR1",0.974867227192694,0.819422918850243,0.819422918850243,0.00115100183319667,0.00115100183319667,0.821710132634056,0.953935943042463,0.819804054905642,0.819422918850243,0.707814731275668,0.141319745540004,0.141319745540004,1,1,-0.819422918850243,0.0960245579903478,0.0960245579903478,0.797334565613409,0.818660985338705,0.819422918850243,0.819422918850243,-0.819422918850243,0.468189551509137,0.82399931314572,0.266278006475815,0.315133633896039,0.315133633896039,0.143988337578637,0.143988337578637,0.971070684308506,0.9756259289864,0.0994510249459692,0.9756259289864,-0.819422918850243,0.0994510249459692,0.0994510249459692,0.0994510249459692,0.315133633896039,0.999619110095356,0.965349164634357,0.819804054905642,0.820566690450352,0.00115100183319667,0.276190420930872,0.276190420930872,0.819804054905642,-0.819422918850243,0.819804054905642,0.819422918850243,-1,0.819422918850243,0.9756259289864,0.819422918850243,0.819422918850243,0.819422918850243,0.577134935665047,0.348262017265614,0.0994510249459692,-0.818660985338705,0.819422918850243,0.797334565613409,0.797334565613409,0.797334565613409,-0.937186763783792,0.819422918850243,0.421773161174851,0.819422918850243,0.266278006475815,-0.819422918850243,0.819422918850243,1,-0.819422918850243
"ERK",0.974867227192694,0.819422918850243,0.819422918850243,0.00115100183319667,0.00115100183319667,0.821710132634056,0.953935943042463,0.819804054905642,0.819422918850243,0.707814731275668,0.141319745540004,0.141319745540004,1,1,-0.819422918850243,0.0960245579903478,0.0960245579903478,0.797334565613409,0.818660985338705,0.819422918850243,0.819422918850243,-0.819422918850243,0.468189551509137,0.82399931314572,0.266278006475815,0.315133633896039,0.315133633896039,0.143988337578637,0.143988337578637,0.971070684308506,0.9756259289864,0.0994510249459692,0.9756259289864,-0.819422918850243,0.0994510249459692,0.0994510249459692,0.0994510249459692,0.315133633896039,0.999619110095356,0.965349164634357,0.819804054905642,0.820566690450352,0.00115100183319667,0.276190420930872,0.276190420930872,0.819804054905642,-0.819422918850243,0.819804054905642,0.819422918850243,-1,0.819422918850243,0.9756259289864,0.819422918850243,0.819422918850243,0.819422918850243,0.577134935665047,0.348262017265614,0.0994510249459692,-0.818660985338705,0.819422918850243,0.797334565613409,0.797334565613409,0.797334565613409,-0.937186763783792,0.819422918850243,0.421773161174851,0.819422918850243,0.266278006475815,-0.819422918850243,0.819422918850243,1,-0.819422918850243
"Ecadherin",-0.794299394695873,-1,-1,-0.022487194247506,-0.022487194247506,-0.997715312827174,-0.775658327269613,-0.999619101252354,-1,-0.888393439295794,-0.055218751928249,-0.055218751928249,-0.819422918850243,-0.819422918850243,1,-0.0259343340275678,-0.0259343340275678,-0.973343086181601,-0.999238059411337,-1,-1,1,-0.590099347723121,-0.995432884343548,-0.107034741611181,-0.408876587382504,-0.408876587382504,-0.0495068637602555,-0.0495068637602555,-0.79126806594945,-0.795056785272995,-0.0743141231255143,-0.795056785272995,1,-0.0743141231255143,-0.0743141231255143,-0.0743141231255143,-0.408876587382504,-0.819804891757007,-0.787068792768211,-0.999619101252354,-0.998857732546867,-0.022487194247506,-0.121521477333047,-0.121521477333047,-0.999619101252354,1,-0.999619101252354,-1,0.819422918850243,-1,-0.795056785272995,-1,-1,-1,-0.397319435041362,-0.167695901602677,-0.0743141231255143,0.999238059411337,-1,-0.973343086181601,-0.973343086181601,-0.973343086181601,0.759672312403799,-1,-0.526175125688981,-1,-0.107034741611181,1,-1,-0.819422918850243,1
"FGF",0.0944802401869894,0.0259343340275678,0.0259343340275678,-0.0213399309626542,-0.0213399309626542,0.0251790827004382,0.0902756532882023,0.0255550343822207,0.0259343340275678,0.0156798087111918,0.00153660112626862,0.00153660112626862,0.0960245579903478,0.0960245579903478,-0.0259343340275678,1,1,0.0251527219217368,0.0251724046626911,0.0259343340275678,0.0259343340275678,-0.0259343340275678,0.00686359657617969,0.0251858193835486,0.0129621068520035,0.013667407145479,0.013667407145479,-0.0102746664268644,-0.0102746664268644,0.0929469194568812,0.0952454275672871,-0.00915896773747059,0.0952454275672871,-0.0259343340275678,-0.00915896773747059,-0.00915896773747059,-0.00915896773747059,0.013667407145479,0.0964037338478639,0.0925706516947208,0.0255550343822207,0.0247964397780523,-0.0213399309626542,-0.00380636559075478,-0.00380636559075478,0.0255550343822207,-0.0259343340275678,0.0255550343822207,0.0259343340275678,-0.0960245579903478,0.0259343340275678,0.0952454275672871,0.0259343340275678,0.0259343340275678,0.0259343340275678,0.124970348730998,0.00948441363881996,-0.00915896773747059,-0.0251724046626911,0.0259343340275678,0.0251527219217368,0.0251527219217368,0.0251527219217368,-0.0902697393398219,0.0259343340275678,0.0159686762612558,0.0259343340275678,0.0129621068520035,-0.0259343340275678,0.0259343340275678,0.0960245579903478,-0.0259343340275678
"FGFR",0.0944802401869894,0.0259343340275678,0.0259343340275678,-0.0213399309626542,-0.0213399309626542,0.0251790827004382,0.0902756532882023,0.0255550343822207,0.0259343340275678,0.0156798087111918,0.00153660112626862,0.00153660112626862,0.0960245579903478,0.0960245579903478,-0.0259343340275678,1,1,0.0251527219217368,0.0251724046626911,0.0259343340275678,0.0259343340275678,-0.0259343340275678,0.00686359657617969,0.0251858193835486,0.0129621068520035,0.013667407145479,0.013667407145479,-0.0102746664268644,-0.0102746664268644,0.0929469194568812,0.0952454275672871,-0.00915896773747059,0.0952454275672871,-0.0259343340275678,-0.00915896773747059,-0.00915896773747059,-0.00915896773747059,0.013667407145479,0.0964037338478639,0.0925706516947208,0.0255550343822207,0.0247964397780523,-0.0213399309626542,-0.00380636559075478,-0.00380636559075478,0.0255550343822207,-0.0259343340275678,0.0255550343822207,0.0259343340275678,-0.0960245579903478,0.0259343340275678,0.0952454275672871,0.0259343340275678,0.0259343340275678,0.0259343340275678,0.124970348730998,0.00948441363881996,-0.00915896773747059,-0.0251724046626911,0.0259343340275678,0.0251527219217368,0.0251527219217368,0.0251527219217368,-0.0902697393398219,0.0259343340275678,0.0159686762612558,0.0259343340275678,0.0129621068520035,-0.0259343340275678,0.0259343340275678,0.0960245579903478,-0.0259343340275678
"FOXC2",0.820953022269489,0.973343086181601,0.973343086181601,0.00800351319240288,0.00800351319240288,0.971065103740611,0.802296757930474,0.972963865424636,0.973343086181601,0.861769929600944,0.0575172608963429,0.0575172608963429,0.797334565613409,0.797334565613409,-0.973343086181601,0.0251527219217368,0.0251527219217368,1,0.972581161516192,0.973343086181601,0.973343086181601,-0.973343086181601,0.616760748957307,0.96878931826883,0.101709592605219,0.435484272114217,0.435484272114217,0.0457084723969476,0.0457084723969476,0.817911331076723,0.821713903247883,0.047628225120776,0.821713903247883,-0.973343086181601,0.047628225120776,0.047628225120776,0.047628225120776,0.435484272114217,0.797714832257783,0.813717341139431,0.972963865424636,0.972205841122687,0.00800351319240288,0.115427164958976,0.115427164958976,0.972963865424636,-0.973343086181601,0.972963865424636,0.973343086181601,-0.797334565613409,0.973343086181601,0.821713903247883,0.973343086181601,0.973343086181601,0.973343086181601,0.406471494253687,0.163839151001622,0.047628225120776,-0.972581161516192,0.973343086181601,1,1,1,-0.786304250338207,0.973343086181601,0.552796808857404,0.973343086181601,0.101709592605219,-0.973343086181601,0.973343086181601,0.797334565613409,-0.973343086181601
"FUS",0.793537471799653,0.999238059411337,0.999238059411337,0.022487194247506,0.022487194247506,0.996953363391829,0.774896401885467,0.998857158617924,0.999238059411337,0.887631440921666,0.0544568257147895,0.0544568257147895,0.818660985338705,0.818660985338705,-0.999238059411337,0.0251724046626911,0.0251724046626911,0.972581161516192,1,0.999238059411337,0.999238059411337,-0.999238059411337,0.589337424163456,0.994670924291776,0.106272816945772,0.408114614944341,0.408114614944341,0.0487449383761097,0.0487449383761097,0.790506142389785,0.79429486171333,0.075076051329338,0.79429486171333,-0.999238059411337,0.075076051329338,0.075076051329338,0.075076051329338,0.408114614944341,0.819042959738275,0.786306870037852,0.998857158617924,0.998095785489098,0.022487194247506,0.121521477333047,0.121521477333047,0.998857158617924,-0.999238059411337,0.998857158617924,0.999238059411337,-0.818660985338705,0.999238059411337,0.79429486171333,0.999238059411337,0.999238059411337,0.999238059411337,0.396557506837539,0.166933944370937,0.075076051329338,-1,0.999238059411337,0.972581161516192,0.972581161516192,0.972581161516192,-0.758910383038922,0.999238059411337,0.525413180898183,0.999238059411337,0.106272816945772,-0.999238059411337,0.999238059411337,0.818660985338705,-0.999238059411337
"Frizzled",0.794299394695873,1,1,0.022487194247506,0.022487194247506,0.997715312827174,0.775658327269613,0.999619101252354,1,0.888393439295794,0.055218751928249,0.055218751928249,0.819422918850243,0.819422918850243,-1,0.0259343340275678,0.0259343340275678,0.973343086181601,0.999238059411337,1,1,-1,0.590099347723121,0.995432884343548,0.107034741611181,0.408876587382504,0.408876587382504,0.0495068637602555,0.0495068637602555,0.79126806594945,0.795056785272995,0.0743141231255143,0.795056785272995,-1,0.0743141231255143,0.0743141231255143,0.0743141231255143,0.408876587382504,0.819804891757007,0.787068792768211,0.999619101252354,0.998857732546867,0.022487194247506,0.121521477333047,0.121521477333047,0.999619101252354,-1,0.999619101252354,1,-0.819422918850243,1,0.795056785272995,1,1,1,0.397319435041362,0.167695901602677,0.0743141231255143,-0.999238059411337,1,0.973343086181601,0.973343086181601,0.973343086181601,-0.759672312403799,1,0.526175125688981,1,0.107034741611181,-1,1,0.819422918850243,-1
"GLI",0.794299394695873,1,1,0.022487194247506,0.022487194247506,0.997715312827174,0.775658327269613,0.999619101252354,1,0.888393439295794,0.055218751928249,0.055218751928249,0.819422918850243,0.819422918850243,-1,0.0259343340275678,0.0259343340275678,0.973343086181601,0.999238059411337,1,1,-1,0.590099347723121,0.995432884343548,0.107034741611181,0.408876587382504,0.408876587382504,0.0495068637602555,0.0495068637602555,0.79126806594945,0.795056785272995,0.0743141231255143,0.795056785272995,-1,0.0743141231255143,0.0743141231255143,0.0743141231255143,0.408876587382504,0.819804891757007,0.787068792768211,0.999619101252354,0.998857732546867,0.022487194247506,0.121521477333047,0.121521477333047,0.999619101252354,-1,0.999619101252354,1,-0.819422918850243,1,0.795056785272995,1,1,1,0.397319435041362,0.167695901602677,0.0743141231255143,-0.999238059411337,1,0.973343086181601,0.973343086181601,0.973343086181601,-0.759672312403799,1,0.526175125688981,1,0.107034741611181,-1,1,0.819422918850243,-1
"GSK3",-0.794299394695873,-1,-1,-0.022487194247506,-0.022487194247506,-0.997715312827174,-0.775658327269613,-0.999619101252354,-1,-0.888393439295794,-0.055218751928249,-0.055218751928249,-0.819422918850243,-0.819422918850243,1,-0.0259343340275678,-0.0259343340275678,-0.973343086181601,-0.999238059411337,-1,-1,1,-0.590099347723121,-0.995432884343548,-0.107034741611181,-0.408876587382504,-0.408876587382504,-0.0495068637602555,-0.0495068637602555,-0.79126806594945,-0.795056785272995,-0.0743141231255143,-0.795056785272995,1,-0.0743141231255143,-0.0743141231255143,-0.0743141231255143,-0.408876587382504,-0.819804891757007,-0.787068792768211,-0.999619101252354,-0.998857732546867,-0.022487194247506,-0.121521477333047,-0.121521477333047,-0.999619101252354,1,-0.999619101252354,-1,0.819422918850243,-1,-0.795056785272995,-1,-1,-1,-0.397319435041362,-0.167695901602677,-0.0743141231255143,0.999238059411337,-1,-0.973343086181601,-0.973343086181601,-0.973343086181601,0.759672312403799,-1,-0.526175125688981,-1,-0.107034741611181,1,-1,-0.819422918850243,1
"Goosecoid",0.492570982416125,0.590099347723121,0.590099347723121,-0.0171405749477296,-0.0171405749477296,0.587818079906481,0.479244419113373,0.589719388789571,0.590099347723121,0.515077907817906,0.0346622238897639,0.0346622238897639,0.468189551509137,0.468189551509137,-0.590099347723121,0.00686359657617969,0.00686359657617969,0.616760748957307,0.589337424163456,0.590099347723121,0.590099347723121,-0.590099347723121,1,0.585538118939331,0.0483776519284246,0.0522113616027306,0.0522113616027306,0.0167579203095134,0.0167579203095134,0.491051081261467,0.492570250321851,-0.0201848411027109,0.492570250321851,-0.590099347723121,-0.0201848411027109,-0.0201848411027109,-0.0201848411027109,0.0522113616027306,0.468570172218037,0.488382135328819,0.589719388789571,0.588959721248244,-0.0171405749477296,0.0727608493581763,0.0727608493581763,0.589719388789571,-0.590099347723121,0.589719388789571,0.590099347723121,-0.468189551509137,0.590099347723121,0.492570250321851,0.590099347723121,0.590099347723121,0.590099347723121,0.243424815407957,0.0876376364193561,-0.0201848411027109,-0.589337424163456,0.590099347723121,0.616760748957307,0.616760748957307,0.616760748957307,-0.464010998254321,0.590099347723121,0.169540537307615,0.590099347723121,0.0483776519284246,-0.590099347723121,0.590099347723121,0.468189551509137,-0.590099347723121
"HEY1",0.798889016426,0.995432884343548,0.995432884343548,0.0224924128874527,0.0224924128874527,0.997715254496489,0.78025793727957,0.99581276454763,0.995432884343548,0.883801062209441,0.0574967109912013,0.0574967109912013,0.82399931314572,0.82399931314572,-0.995432884343548,0.0251858193835486,0.0251858193835486,0.96878931826883,0.994670924291776,0.995432884343548,0.995432884343548,-0.995432884343548,0.585538118939331,1,0.110840230014768,0.404349914282165,0.404349914282165,0.0533097251926473,0.0533097251926473,0.795864580561871,0.799644108216683,0.0743276320462379,0.799644108216683,-0.995432884343548,0.0743276320462379,0.0743276320462379,0.0743276320462379,0.404349914282165,0.824382447953358,0.79166171196853,0.99581276454763,0.996572965006718,0.0224924128874527,0.12609391353667,0.12609391353667,0.99581276454763,-0.995432884343548,0.99581276454763,0.995432884343548,-0.82399931314572,0.995432884343548,0.799644108216683,0.995432884343548,0.995432884343548,0.995432884343548,0.401889659589206,0.172301073103845,0.0743276320462379,-0.994670924291776,0.995432884343548,0.96878931826883,0.96878931826883,0.96878931826883,-0.764276182251895,0.995432884343548,0.521640002618385,0.995432884343548,0.110840230014768,-0.995432884343548,0.995432884343548,0.82399931314572,-0.995432884343548
"HGF",0.260951396866436,0.107034741611181,0.107034741611181,0.0278131117483693,0.0278131117483693,0.109318301773278,0.256769583703669,0.107415121575685,0.107034741611181,0.0776899888938518,-0.00419747263473073,-0.00419747263473073,0.266278006475815,0.266278006475815,-0.107034741611181,0.0129621068520035,0.0129621068520035,0.101709592605219,0.106272816945772,0.107034741611181,0.107034741611181,-0.107034741611181,0.0483776519284246,0.110840230014768,1,0.0293614500217682,0.0293614500217682,0.00761299933641653,0.00761299933641653,0.260194940962591,0.260187974949912,-0.011039020503106,0.260187974949912,-0.107034741611181,-0.011039020503106,-0.011039020503106,-0.011039020503106,0.0293614500217682,0.265897397488409,0.259049185293886,0.107415121575685,0.10817593473485,0.0278131117483693,0.0140935375050902,0.0140935375050902,0.107415121575685,-0.107034741611181,0.107415121575685,0.107034741611181,-0.266278006475815,0.107034741611181,0.260187974949912,0.107034741611181,0.107034741611181,0.107034741611181,0.452186231103465,0.510522446205028,-0.011039020503106,-0.106272816945772,0.107034741611181,0.101709592605219,0.101709592605219,0.101709592605219,-0.250679100711802,0.107034741611181,0.0529714718052684,0.107034741611181,1,-0.107034741611181,0.107034741611181,0.266278006475815,-0.107034741611181
"HIF1",0.338697592198768,0.408876587382504,0.408876587382504,-0.0148755465884776,-0.0148755465884776,0.406612807595752,0.323039388507435,0.408501052091274,0.408876587382504,0.340788626003628,0.0202267210210964,0.0202267210210964,0.315133633896039,0.315133633896039,-0.408876587382504,0.013667407145479,0.013667407145479,0.435484272114217,0.408114614944341,0.408876587382504,0.408876587382504,-0.408876587382504,0.0522113616027306,0.404349914282165,0.0293614500217682,1,1,0.0145076657165336,0.0145076657165336,0.336385896708882,0.339468550589942,0.00643311987441357,0.339468550589942,-0.408876587382504,0.00643311987441357,0.00643311987441357,0.00643311987441357,1,0.314747680462438,0.33220784246769,0.408501052091274,0.407750153002973,-0.0148755465884776,0.0331537394609494,0.0331537394609494,0.408501052091274,-0.408876587382504,0.408501052091274,0.408876587382504,-0.315133633896039,0.408876587382504,0.339468550589942,0.408876587382504,0.408876587382504,0.408876587382504,0.161960051795938,0.0494204347427552,0.00643311987441357,-0.408114614944341,0.408876587382504,0.435484272114217,0.435484272114217,0.435484272114217,-0.310832280569798,0.408876587382504,0.882662854945538,0.408876587382504,0.0293614500217682,-0.408876587382504,0.408876587382504,0.315133633896039,-0.408876587382504
"Hypoxia",0.338697592198768,0.408876587382504,0.408876587382504,-0.0148755465884776,-0.0148755465884776,0.406612807595752,0.323039388507435,0.408501052091274,0.408876587382504,0.340788626003628,0.0202267210210964,0.0202267210210964,0.315133633896039,0.315133633896039,-0.408876587382504,0.013667407145479,0.013667407145479,0.435484272114217,0.408114614944341,0.408876587382504,0.408876587382504,-0.408876587382504,0.0522113616027306,0.404349914282165,0.0293614500217682,1,1,0.0145076657165336,0.0145076657165336,0.336385896708882,0.339468550589942,0.00643311987441357,0.339468550589942,-0.408876587382504,0.00643311987441357,0.00643311987441357,0.00643311987441357,1,0.314747680462438,0.33220784246769,0.408501052091274,0.407750153002973,-0.0148755465884776,0.0331537394609494,0.0331537394609494,0.408501052091274,-0.408876587382504,0.408501052091274,0.408876587382504,-0.315133633896039,0.408876587382504,0.339468550589942,0.408876587382504,0.408876587382504,0.408876587382504,0.161960051795938,0.0494204347427552,0.00643311987441357,-0.408114614944341,0.408876587382504,0.435484272114217,0.435484272114217,0.435484272114217,-0.310832280569798,0.408876587382504,0.882662854945538,0.408876587382504,0.0293614500217682,-0.408876587382504,0.408876587382504,0.315133633896039,-0.408876587382504
"IGF1",0.139427075892627,0.0495068637602555,0.0495068637602555,-0.00685311168816548,-0.00685311168816548,0.0517891776135859,0.139817629179331,0.0498869444951247,0.0495068637602555,0.0323466934898081,-0.00915105916152453,-0.00915105916152453,0.143988337578637,0.143988337578637,-0.0495068637602555,-0.0102746664268644,-0.0102746664268644,0.0457084723969476,0.0487449383761097,0.0495068637602555,0.0495068637602555,-0.0495068637602555,0.0167579203095134,0.0533097251926473,0.00761299933641653,0.0145076657165336,0.0145076657165336,1,1,0.138671384210101,0.139425165543131,0.0160103318306361,0.139425165543131,-0.0495068637602555,0.0160103318306361,0.0160103318306361,0.0160103318306361,0.0145076657165336,0.143608112953734,0.139811046934352,0.0498869444951247,0.0506471341408147,-0.00685311168816548,0.00761704516672678,0.00761704516672678,0.0498869444951247,-0.0495068637602555,0.0498869444951247,0.0495068637602555,-0.143988337578637,0.0495068637602555,0.139425165543131,0.0495068637602555,0.0495068637602555,0.0495068637602555,0.337517299962597,-0.00645110916101455,0.0160103318306361,-0.0487449383761097,0.0495068637602555,0.0457084723969476,0.0457084723969476,0.0457084723969476,-0.135250938244712,0.0495068637602555,0.0297355719840174,0.0495068637602555,0.00761299933641653,-0.0495068637602555,0.0495068637602555,0.143988337578637,-0.0495068637602555
"IGF1R",0.139427075892627,0.0495068637602555,0.0495068637602555,-0.00685311168816548,-0.00685311168816548,0.0517891776135859,0.139817629179331,0.0498869444951247,0.0495068637602555,0.0323466934898081,-0.00915105916152453,-0.00915105916152453,0.143988337578637,0.143988337578637,-0.0495068637602555,-0.0102746664268644,-0.0102746664268644,0.0457084723969476,0.0487449383761097,0.0495068637602555,0.0495068637602555,-0.0495068637602555,0.0167579203095134,0.0533097251926473,0.00761299933641653,0.0145076657165336,0.0145076657165336,1,1,0.138671384210101,0.139425165543131,0.0160103318306361,0.139425165543131,-0.0495068637602555,0.0160103318306361,0.0160103318306361,0.0160103318306361,0.0145076657165336,0.143608112953734,0.139811046934352,0.0498869444951247,0.0506471341408147,-0.00685311168816548,0.00761704516672678,0.00761704516672678,0.0498869444951247,-0.0495068637602555,0.0498869444951247,0.0495068637602555,-0.143988337578637,0.0495068637602555,0.139425165543131,0.0495068637602555,0.0495068637602555,0.0495068637602555,0.337517299962597,-0.00645110916101455,0.0160103318306361,-0.0487449383761097,0.0495068637602555,0.0457084723969476,0.0457084723969476,0.0457084723969476,-0.135250938244712,0.0495068637602555,0.0297355719840174,0.0495068637602555,0.00761299933641653,-0.0495068637602555,0.0495068637602555,0.143988337578637,-0.0495068637602555
"IKK",0.996193082910974,0.79126806594945,0.79126806594945,-0.0133356862942013,-0.0133356862942013,0.793565372443898,0.982857715068685,0.791651733777587,0.79126806594945,0.679708839320888,0.140576888610456,0.140576888610456,0.971070684308506,0.971070684308506,-0.79126806594945,0.0929469194568812,0.0929469194568812,0.817911331076723,0.790506142389785,0.79126806594945,0.79126806594945,-0.79126806594945,0.491051081261467,0.795864580561871,0.260194940962591,0.336385896708882,0.336385896708882,0.138671384210101,0.138671384210101,1,0.995433204815423,0.0727567121848337,0.995433204815423,-0.79126806594945,0.0727567121848337,0.0727567121848337,0.0727567121848337,0.336385896708882,0.970687243752527,0.99428636029941,0.791651733777587,0.79241942065258,-0.0133356862942013,0.267811073467419,0.267811073467419,0.791651733777587,-0.79126806594945,0.791651733777587,0.79126806594945,-0.971070684308506,0.79126806594945,0.995433204815423,0.79126806594945,0.79126806594945,0.79126806594945,0.580963076053736,0.340572757313045,0.0727567121848337,-0.790506142389785,0.79126806594945,0.817911331076723,0.817911331076723,0.817911331076723,-0.966098456662132,0.79126806594945,0.443049383104849,0.79126806594945,0.260194940962591,-0.79126806594945,0.79126806594945,0.971070684308506,-0.79126806594945
"ILK",0.999238384382614,0.795056785272995,0.795056785272995,-0.0125691357614399,-0.0125691357614399,0.797349491597796,0.978294391958213,0.795439302244139,0.795056785272995,0.683475784806218,0.141329509759463,0.141329509759463,0.9756259289864,0.9756259289864,-0.795056785272995,0.0952454275672871,0.0952454275672871,0.821713903247883,0.79429486171333,0.795056785272995,0.795056785272995,-0.795056785272995,0.492570250321851,0.799644108216683,0.260187974949912,0.339468550589942,0.339468550589942,0.139425165543131,0.139425165543131,0.995433204815423,1,0.0750540557851925,1,-0.795056785272995,0.0750540557851925,0.0750540557851925,0.0750540557851925,0.339468550589942,0.97524364051895,0.989716087088004,0.795439302244139,0.796204689034799,-0.0125691357614399,0.269332563203822,0.269332563203822,0.795439302244139,-0.795056785272995,0.795439302244139,0.795056785272995,-0.9756259289864,0.795056785272995,1,0.795056785272995,0.795056785272995,0.795056785272995,0.5839991106791,0.34212566401121,0.0750540557851925,-0.79429486171333,0.795056785272995,0.821713903247883,0.821713903247883,0.821713903247883,-0.961539753747365,0.795056785272995,0.446120314807272,0.795056785272995,0.260187974949912,-0.795056785272995,0.795056785272995,0.9756259289864,-0.795056785272995
