"","AKT","AXIN2","CD44","CDC42","CHD1L","Csl","Csn","DELTA","DSH","Destcompl","EGF","EGFR","EGR1","ERK","Ecadherin","FGF","FGFR","FOXC2","FUS","Frizzled","GLI","GSK3","Goosecoid","HEY1","HGF","HIF1","Hypoxia","IGF1","IGF1R","IKK","ILK","JAK","Jagged","KLF4","LIF","LIFR","LIV1","LOXL23","MEK","NFB","NOTCH","NOTCHic","PAK1","PDGF","PDGFR","PI3K","Patched","RAF","RAS","RKIP","SHH","SMAD","SMO","SNAI1","SNAI2","SOSGRB2","SRC","STAT","SUFU","TCFLEF","TGF","TGFR","TWIST1","TrCP","Wnt","ZEB1","ZEB2","cMet","cateninmemb","cateninnuc","cfos","miR200"
"AKT",1,0.0701668235518593,0.837405983339854,0.837405983339854,0.0118481212703885,0.837405983339854,0.986787563823817,0.847991305888393,0.837405983339854,0.164816689049645,0.261675008294658,0.261675008294658,0.99405078279735,0.99405078279735,-0.837405983339854,0.27088850550879,0.27088850550879,0.322653492525164,0.837405983339854,0.837405983339854,0.837405983339854,-0.869791450337632,0.322653492525164,0.998677914442801,0.012239165371484,-0.0197635910054224,-0.0197635910054224,0.325080996757205,0.325080996757205,0.996695031307317,0.998677914442801,0.586290537193463,0.837405983339854,-0.53864220694667,0.586290537193463,0.586290537193463,0.692636498555703,-0.0197635910054224,0.992728685976211,0.992730662527368,0.837405983339854,0.837405983339854,0.837405983339854,0.30188747015559,0.30188747015559,0.586290537193463,-0.837405983339854,0.847991305888393,0.847991305888393,-0.99405078279735,0.837405983339854,0.998677914442801,0.837405983339854,0.837405983339854,0.861279310374535,0.99206748665681,0.692636498555703,0.692636498555703,-0.836740878119295,0.837405983339854,0.837405983339854,0.837405983339854,0.837405983339854,-0.971581646847915,0.837405983339854,0.53864220694667,0.53864220694667,0.837405983339854,-0.837405983339854,0.837405983339854,0.99405078279735,-0.53864220694667
"AXIN2",0.0701668235518593,1,0.141506699436242,0.141506699436242,0.00465820533191165,0.141506699436242,0.0661665237748847,0.152070514656567,0.141506699436242,0.879064853465888,0.0218645576094818,0.0218645576094818,0.0695116469848942,0.0695116469848942,-0.141506699436242,0.00735483967019136,0.00735483967019136,0.0574522934680126,0.141506699436242,0.141506699436242,0.141506699436242,-0.173900678236367,0.0574522934680126,0.0714888464405928,-0.0116967068486191,-0.0192100268042688,-0.0192100268042688,-0.0137867611026063,-0.0137867611026063,0.0681779954959983,0.0714888464405928,0.0198340262291903,0.141506699436242,-0.10051477542026,0.0198340262291903,0.0198340262291903,0.0762598842036262,-0.0192100268042688,0.0695116469848942,0.0668445051225203,0.141506699436242,0.141506699436242,0.141506699436242,-0.00381443166004869,-0.00381443166004869,0.0198340262291903,-0.141506699436242,0.152070514656567,0.152070514656567,-0.0695116469848942,0.141506699436242,0.0714888464405928,0.141506699436242,0.141506699436242,0.132186650998596,0.0701668235518593,0.0762598842036262,0.0762598842036262,-0.142173632878627,0.141506699436242,0.141506699436242,0.141506699436242,0.141506699436242,-0.0589012926649149,0.141506699436242,0.10051477542026,0.10051477542026,0.141506699436242,-0.141506699436242,0.141506699436242,0.0695116469848942,-0.10051477542026
"CD44",0.837405983339854,0.141506699436242,1,1,0.00658077957275885,1,0.82550204807982,0.989425390633414,1,0.262555511125666,0.198243076795449,0.198243076795449,0.834103243334438,0.834103243334438,-1,0.175747237765859,0.175747237765859,0.469337065877217,1,1,1,-0.967612355691118,0.469337065877217,0.83872799958683,0.0123748666395603,0.0330867054927479,0.0330867054927479,0.163842186948763,0.163842186948763,0.834099006629069,0.83872799958683,0.426311908540455,1,-0.701243475537323,0.426311908540455,0.426311908540455,0.729774831126005,0.0330867054927479,0.834103243334438,0.831452256070993,1,1,1,0.241153886780474,0.241153886780474,0.426311908540455,-1,0.989425390633414,0.989425390633414,-0.834103243334438,1,0.83872799958683,1,1,0.976237032401987,0.833439934598926,0.729774831126005,0.729774831126005,-0.999339241654237,1,1,1,1,-0.810299472304257,1,0.701243475537323,0.701243475537323,1,-1,1,0.834103243334438,-0.701243475537323
"CDC42",0.837405983339854,0.141506699436242,1,1,0.00658077957275885,1,0.82550204807982,0.989425390633414,1,0.262555511125666,0.198243076795449,0.198243076795449,0.834103243334438,0.834103243334438,-1,0.175747237765859,0.175747237765859,0.469337065877217,1,1,1,-0.967612355691118,0.469337065877217,0.83872799958683,0.0123748666395603,0.0330867054927479,0.0330867054927479,0.163842186948763,0.163842186948763,0.834099006629069,0.83872799958683,0.426311908540455,1,-0.701243475537323,0.426311908540455,0.426311908540455,0.729774831126005,0.0330867054927479,0.834103243334438,0.831452256070993,1,1,1,0.241153886780474,0.241153886780474,0.426311908540455,-1,0.989425390633414,0.989425390633414,-0.834103243334438,1,0.83872799958683,1,1,0.976237032401987,0.833439934598926,0.729774831126005,0.729774831126005,-0.999339241654237,1,1,1,1,-0.810299472304257,1,0.701243475537323,0.701243475537323,1,-1,1,0.834103243334438,-0.701243475537323
"CHD1L",0.0118481212703885,0.00465820533191165,0.00658077957275885,0.00658077957275885,1,0.00658077957275885,0.00921947877394805,0.00262023174516466,0.00658077957275885,0.00403173927578845,-0.00465291832952793,-0.00465291832952793,0.00854059351283473,0.00854059351283473,-0.00658077957275885,0.0178045393371138,0.0178045393371138,-0.00327857966980632,0.00658077957275885,0.00658077957275885,0.00658077957275885,-0.00327336889730976,-0.00327857966980632,0.0105261295681689,-0.00274690894359375,-0.00724951389609293,-0.00724951389609293,-0.00996204002951659,-0.00996204002951659,0.00854569420766452,0.0105261295681689,0.00396304218541555,0.00658077957275885,0.0132426984199602,0.00396304218541555,0.00396304218541555,-0.0100281049281012,-0.00724951389609293,0.00854059351283473,0.00855080967845243,0.00658077957275885,0.00658077957275885,0.00658077957275885,-0.00800880675267315,-0.00800880675267315,0.00396304218541555,-0.00658077957275885,0.00262023174516466,0.00262023174516466,-0.00854059351283473,0.00658077957275885,0.0105261295681689,0.00658077957275885,0.00658077957275885,0.0105777230464784,0.00788214616372968,-0.0100281049281012,-0.0100281049281012,-0.0059172269737169,0.00658077957275885,0.00658077957275885,0.00658077957275885,0.00658077957275885,-0.00855593995069614,0.00658077957275885,-0.0132426984199602,-0.0132426984199602,0.00658077957275885,-0.00658077957275885,0.00658077957275885,0.00854059351283473,0.0132426984199602
"Csl",0.837405983339854,0.141506699436242,1,1,0.00658077957275885,1,0.82550204807982,0.989425390633414,1,0.262555511125666,0.198243076795449,0.198243076795449,0.834103243334438,0.834103243334438,-1,0.175747237765859,0.175747237765859,0.469337065877217,1,1,1,-0.967612355691118,0.469337065877217,0.83872799958683,0.0123748666395603,0.0330867054927479,0.0330867054927479,0.163842186948763,0.163842186948763,0.834099006629069,0.83872799958683,0.426311908540455,1,-0.701243475537323,0.426311908540455,0.426311908540455,0.729774831126005,0.0330867054927479,0.834103243334438,0.831452256070993,1,1,1,0.241153886780474,0.241153886780474,0.426311908540455,-1,0.989425390633414,0.989425390633414,-0.834103243334438,1,0.83872799958683,1,1,0.976237032401987,0.833439934598926,0.729774831126005,0.729774831126005,-0.999339241654237,1,1,1,1,-0.810299472304257,1,0.701243475537323,0.701243475537323,1,-1,1,0.834103243334438,-0.701243475537323
"Csn",0.986787563823817,0.0661665237748847,0.82550204807982,0.82550204807982,0.00921947877394805,0.82550204807982,1,0.836081788010001,0.82550204807982,0.160777920136144,0.249792652782185,0.249792652782185,0.980841105288758,0.980841105288758,-0.82550204807982,0.269597085008578,0.269597085008578,0.312038110426526,0.82550204807982,0.82550204807982,0.82550204807982,-0.85788871840118,0.312038110426526,0.985465533715669,0.00969617981027105,-0.0224276201675158,-0.0224276201675158,0.3251145464412,0.3251145464412,0.990090315988865,0.985465533715669,0.582302790503739,0.82550204807982,-0.526745663352366,0.582302790503739,0.582302790503739,0.680815659722605,-0.0224276201675158,0.980841105288758,0.994052967110072,0.82550204807982,0.82550204807982,0.82550204807982,0.296662160682794,0.296662160682794,0.582302790503739,-0.82550204807982,0.836081788010001,0.836081788010001,-0.980841105288758,0.82550204807982,0.985465533715669,0.82550204807982,0.82550204807982,0.849343231313937,0.980177413283075,0.680815659722605,0.680815659722605,-0.82483953234338,0.82550204807982,0.82550204807982,0.82550204807982,0.82550204807982,-0.984797420185399,0.82550204807982,0.526745663352366,0.526745663352366,0.82550204807982,-0.82550204807982,0.82550204807982,0.980841105288758,-0.526745663352366
"DELTA",0.847991305888393,0.152070514656567,0.989425390633414,0.989425390633414,0.00262023174516466,0.989425390633414,0.836081788010001,1,0.989425390633414,0.273108019348864,0.208825516470543,0.208825516470543,0.844689558758232,0.844689558758232,-0.989425390633414,0.173115733390848,0.173115733390848,0.458748793459483,0.989425390633414,0.989425390633414,0.989425390633414,-0.978189922447091,0.458748793459483,0.849313310584725,0.0190205430920326,0.0225040752979855,0.0225040752979855,0.174432435145942,0.174432435145942,0.844683398697103,0.849313310584725,0.436884263419381,0.989425390633414,-0.690669821343697,0.436884263419381,0.436884263419381,0.740384444840156,0.0225040752979855,0.844689558758232,0.842034766444227,0.989425390633414,0.989425390633414,0.989425390633414,0.251754268321641,0.251754268321641,0.436884263419381,-0.989425390633414,1,1,-0.844689558758232,0.989425390633414,0.849313310584725,0.989425390633414,0.989425390633414,0.968296224736405,0.844025291799397,0.740384444840156,0.740384444840156,-0.988765458700693,0.989425390633414,0.989425390633414,0.989425390633414,0.989425390633414,-0.820880281233839,0.989425390633414,0.690669821343697,0.690669821343697,0.989425390633414,-0.989425390633414,0.989425390633414,0.844689558758232,-0.690669821343697
"DSH",0.837405983339854,0.141506699436242,1,1,0.00658077957275885,1,0.82550204807982,0.989425390633414,1,0.262555511125666,0.198243076795449,0.198243076795449,0.834103243334438,0.834103243334438,-1,0.175747237765859,0.175747237765859,0.469337065877217,1,1,1,-0.967612355691118,0.469337065877217,0.83872799958683,0.0123748666395603,0.0330867054927479,0.0330867054927479,0.163842186948763,0.163842186948763,0.834099006629069,0.83872799958683,0.426311908540455,1,-0.701243475537323,0.426311908540455,0.426311908540455,0.729774831126005,0.0330867054927479,0.834103243334438,0.831452256070993,1,1,1,0.241153886780474,0.241153886780474,0.426311908540455,-1,0.989425390633414,0.989425390633414,-0.834103243334438,1,0.83872799958683,1,1,0.976237032401987,0.833439934598926,0.729774831126005,0.729774831126005,-0.999339241654237,1,1,1,1,-0.810299472304257,1,0.701243475537323,0.701243475537323,1,-1,1,0.834103243334438,-0.701243475537323
"Destcompl",0.164816689049645,0.879064853465888,0.262555511125666,0.262555511125666,0.00403173927578845,0.262555511125666,0.160777920136144,0.273108019348864,0.262555511125666,1,0.0278730423124757,0.0278730423124757,0.162845757085114,0.162845757085114,-0.262555511125666,0.0252952677384444,0.0252952677384444,0.137387761730003,0.262555511125666,0.262555511125666,0.262555511125666,-0.294959181926905,0.137387761730003,0.16613885086068,-0.00552511793312968,-0.00537568524471703,-0.00537568524471703,0.00416307201358682,0.00416307201358682,0.162821206939452,0.16613885086068,0.0773513063490485,0.262555511125666,-0.19907148640057,0.0773513063490485,0.0773513063490485,0.155199286967614,-0.00537568524471703,0.162845757085114,0.161474810664877,0.262555511125666,0.262555511125666,0.262555511125666,0.0274239699383723,0.0274239699383723,0.0773513063490485,-0.262555511125666,0.273108019348864,0.273108019348864,-0.162845757085114,0.262555511125666,0.16613885086068,0.262555511125666,0.262555511125666,0.251841096755472,0.16349452723861,0.155199286967614,0.155199286967614,-0.263228802591965,0.262555511125666,0.262555511125666,0.262555511125666,0.262555511125666,-0.153518163468564,0.262555511125666,0.19907148640057,0.19907148640057,0.262555511125666,-0.262555511125666,0.262555511125666,0.162845757085114,-0.19907148640057
"EGF",0.261675008294658,0.0218645576094818,0.198243076795449,0.198243076795449,-0.00465291832952793,0.198243076795449,0.249792652782185,0.208825516470543,0.198243076795449,0.0278730423124757,1,1,0.264977922461373,0.264977922461373,-0.198243076795449,0.0151328685958622,0.0151328685958622,0.0839865464955404,0.198243076795449,0.198243076795449,0.198243076795449,-0.210798205551169,0.0839865464955404,0.262997018477508,-0.00545980911741539,-0.00591371144933265,-0.00591371144933265,0.0508183422140512,0.0508183422140512,0.258372263309433,0.262997018477508,0.0211461311466913,0.198243076795449,-0.132153615528085,0.0211461311466913,0.0211461311466913,0.468612766457754,-0.00591371144933265,0.263655901015224,0.255733203118694,0.198243076795449,0.198243076795449,0.198243076795449,-0.0199589419919413,-0.0199589419919413,0.0211461311466913,-0.198243076795449,0.208825516470543,0.208825516470543,-0.264977922461373,0.198243076795449,0.262997018477508,0.198243076795449,0.198243076795449,0.202256021306126,0.264319028660359,0.468612766457754,0.468612766457754,-0.198900677889544,0.198243076795449,0.198243076795449,0.198243076795449,0.198243076795449,-0.250450738602243,0.198243076795449,0.132153615528085,0.132153615528085,0.198243076795449,-0.198243076795449,0.198243076795449,0.264977922461373,-0.132153615528085
"EGFR",0.261675008294658,0.0218645576094818,0.198243076795449,0.198243076795449,-0.00465291832952793,0.198243076795449,0.249792652782185,0.208825516470543,0.198243076795449,0.0278730423124757,1,1,0.264977922461373,0.264977922461373,-0.198243076795449,0.0151328685958622,0.0151328685958622,0.0839865464955404,0.198243076795449,0.198243076795449,0.198243076795449,-0.210798205551169,0.0839865464955404,0.262997018477508,-0.00545980911741539,-0.00591371144933265,-0.00591371144933265,0.0508183422140512,0.0508183422140512,0.258372263309433,0.262997018477508,0.0211461311466913,0.198243076795449,-0.132153615528085,0.0211461311466913,0.0211461311466913,0.468612766457754,-0.00591371144933265,0.263655901015224,0.255733203118694,0.198243076795449,0.198243076795449,0.198243076795449,-0.0199589419919413,-0.0199589419919413,0.0211461311466913,-0.198243076795449,0.208825516470543,0.208825516470543,-0.264977922461373,0.198243076795449,0.262997018477508,0.198243076795449,0.198243076795449,0.202256021306126,0.264319028660359,0.468612766457754,0.468612766457754,-0.198900677889544,0.198243076795449,0.198243076795449,0.198243076795449,0.198243076795449,-0.250450738602243,0.198243076795449,0.132153615528085,0.132153615528085,0.198243076795449,-0.198243076795449,0.198243076795449,0.264977922461373,-0.132153615528085
"EGR1",0.99405078279735,0.0695116469848942,0.834103243334438,0.834103243334438,0.00854059351283473,0.834103243334438,0.980841105288758,0.844689558758232,0.834103243334438,0.162845757085114,0.264977922461373,0.264977922461373,1,1,-0.834103243334438,0.276833122228018,0.276833122228018,0.327287685413339,0.834103243334438,0.834103243334438,0.834103243334438,-0.866488532730471,0.327287685413339,0.99537287961849,0.0155283056880444,-0.0138112145878853,-0.0138112145878853,0.328381117369698,0.328381117369698,0.990746271010412,0.99537287961849,0.592244063275194,0.834103243334438,-0.544591935932655,0.592244063275194,0.592244063275194,0.68931778820583,-0.0138112145878853,0.998677891914824,0.986782830750359,0.834103243334438,0.834103243334438,0.834103243334438,0.299894017184091,0.299894017184091,0.592244063275194,-0.834103243334438,0.844689558758232,0.844689558758232,-1,0.834103243334438,0.99537287961849,0.834103243334438,0.834103243334438,0.857982103056129,0.998017073260768,0.68931778820583,0.68931778820583,-0.833437678926962,0.834103243334438,0.834103243334438,0.834103243334438,0.834103243334438,-0.965634586743697,0.834103243334438,0.544591935932655,0.544591935932655,0.834103243334438,-0.834103243334438,0.834103243334438,1,-0.544591935932655
"ERK",0.99405078279735,0.0695116469848942,0.834103243334438,0.834103243334438,0.00854059351283473,0.834103243334438,0.980841105288758,0.844689558758232,0.834103243334438,0.162845757085114,0.264977922461373,0.264977922461373,1,1,-0.834103243334438,0.276833122228018,0.276833122228018,0.327287685413339,0.834103243334438,0.834103243334438,0.834103243334438,-0.866488532730471,0.327287685413339,0.99537287961849,0.0155283056880444,-0.0138112145878853,-0.0138112145878853,0.328381117369698,0.328381117369698,0.990746271010412,0.99537287961849,0.592244063275194,0.834103243334438,-0.544591935932655,0.592244063275194,0.592244063275194,0.68931778820583,-0.0138112145878853,0.998677891914824,0.986782830750359,0.834103243334438,0.834103243334438,0.834103243334438,0.299894017184091,0.299894017184091,0.592244063275194,-0.834103243334438,0.844689558758232,0.844689558758232,-1,0.834103243334438,0.99537287961849,0.834103243334438,0.834103243334438,0.857982103056129,0.998017073260768,0.68931778820583,0.68931778820583,-0.833437678926962,0.834103243334438,0.834103243334438,0.834103243334438,0.834103243334438,-0.965634586743697,0.834103243334438,0.544591935932655,0.544591935932655,0.834103243334438,-0.834103243334438,0.834103243334438,1,-0.544591935932655
"Ecadherin",-0.837405983339854,-0.141506699436242,-1,-1,-0.00658077957275885,-1,-0.82550204807982,-0.989425390633414,-1,-0.262555511125666,-0.198243076795449,-0.198243076795449,-0.834103243334438,-0.834103243334438,1,-0.175747237765859,-0.175747237765859,-0.469337065877217,-1,-1,-1,0.967612355691118,-0.469337065877217,-0.83872799958683,-0.0123748666395603,-0.0330867054927479,-0.0330867054927479,-0.163842186948763,-0.163842186948763,-0.834099006629069,-0.83872799958683,-0.426311908540455,-1,0.701243475537323,-0.426311908540455,-0.426311908540455,-0.729774831126005,-0.0330867054927479,-0.834103243334438,-0.831452256070993,-1,-1,-1,-0.241153886780474,-0.241153886780474,-0.426311908540455,1,-0.989425390633414,-0.989425390633414,0.834103243334438,-1,-0.83872799958683,-1,-1,-0.976237032401987,-0.833439934598926,-0.729774831126005,-0.729774831126005,0.999339241654237,-1,-1,-1,-1,0.810299472304257,-1,-0.701243475537323,-0.701243475537323,-1,1,-1,-0.834103243334438,0.701243475537323
"FGF",0.27088850550879,0.00735483967019136,0.175747237765859,0.175747237765859,0.0178045393371138,0.175747237765859,0.269597085008578,0.173115733390848,0.175747237765859,0.0252952677384444,0.0151328685958622,0.0151328685958622,0.276833122228018,0.276833122228018,-0.175747237765859,1,1,0.0549320639849624,0.175747237765859,0.175747237765859,0.175747237765859,-0.194910022867727,0.0549320639849624,0.272210560741425,-0.000272693851928252,-0.0283664240975481,-0.0283664240975481,0.0825019583913496,0.0825019583913496,0.268910239496237,0.272210560741425,0.0462613047537904,0.175747237765859,-0.109660963456931,0.0462613047537904,0.0462613047537904,0.115421618138787,-0.0283664240975481,0.276833122228018,0.268920225451994,0.175747237765859,0.175747237765859,0.175747237765859,0.0368186864917982,0.0368186864917982,0.0462613047537904,-0.175747237765859,0.173115733390848,0.173115733390848,-0.276833122228018,0.175747237765859,0.272210560741425,0.175747237765859,0.175747237765859,0.196977729620531,0.276176726439329,0.115421618138787,0.115421618138787,-0.175080134383617,0.175747237765859,0.175747237765859,0.175747237765859,0.175747237765859,-0.262320643218976,0.175747237765859,0.109660963456931,0.109660963456931,0.175747237765859,-0.175747237765859,0.175747237765859,0.276833122228018,-0.109660963456931
"FGFR",0.27088850550879,0.00735483967019136,0.175747237765859,0.175747237765859,0.0178045393371138,0.175747237765859,0.269597085008578,0.173115733390848,0.175747237765859,0.0252952677384444,0.0151328685958622,0.0151328685958622,0.276833122228018,0.276833122228018,-0.175747237765859,1,1,0.0549320639849624,0.175747237765859,0.175747237765859,0.175747237765859,-0.194910022867727,0.0549320639849624,0.272210560741425,-0.000272693851928252,-0.0283664240975481,-0.0283664240975481,0.0825019583913496,0.0825019583913496,0.268910239496237,0.272210560741425,0.0462613047537904,0.175747237765859,-0.109660963456931,0.0462613047537904,0.0462613047537904,0.115421618138787,-0.0283664240975481,0.276833122228018,0.268920225451994,0.175747237765859,0.175747237765859,0.175747237765859,0.0368186864917982,0.0368186864917982,0.0462613047537904,-0.175747237765859,0.173115733390848,0.173115733390848,-0.276833122228018,0.175747237765859,0.272210560741425,0.175747237765859,0.175747237765859,0.196977729620531,0.276176726439329,0.115421618138787,0.115421618138787,-0.175080134383617,0.175747237765859,0.175747237765859,0.175747237765859,0.175747237765859,-0.262320643218976,0.175747237765859,0.109660963456931,0.109660963456931,0.175747237765859,-0.175747237765859,0.175747237765859,0.276833122228018,-0.109660963456931
"FOXC2",0.322653492525164,0.0574522934680126,0.469337065877217,0.469337065877217,-0.00327857966980632,0.469337065877217,0.312038110426526,0.458748793459483,0.469337065877217,0.137387761730003,0.0839865464955404,0.0839865464955404,0.327287685413339,0.327287685413339,-0.469337065877217,0.0549320639849624,0.0549320639849624,1,0.469337065877217,0.469337065877217,0.469337065877217,-0.43695607824837,1,0.322653492525164,0.0147162263356876,0.0997703451232132,0.0997703451232132,0.0271796281338947,0.0271796281338947,0.320663516561759,0.322653492525164,0.134838803702021,0.469337065877217,-0.768080255882505,0.134838803702021,0.134838803702021,0.306322748182762,0.0997703451232132,0.327287685413339,0.318006056128058,0.469337065877217,0.469337065877217,0.469337065877217,0.0569791091787451,0.0569791091787451,0.134838803702021,-0.469337065877217,0.458748793459483,0.458748793459483,-0.327287685413339,0.469337065877217,0.322653492525164,0.469337065877217,0.469337065877217,0.44547803018429,0.327941533256565,0.306322748182762,0.306322748182762,-0.468682818679367,0.469337065877217,0.469337065877217,0.469337065877217,0.469337065877217,-0.300807637916554,0.469337065877217,0.768080255882505,0.768080255882505,0.469337065877217,-0.469337065877217,0.469337065877217,0.327287685413339,-0.768080255882505
"FUS",0.837405983339854,0.141506699436242,1,1,0.00658077957275885,1,0.82550204807982,0.989425390633414,1,0.262555511125666,0.198243076795449,0.198243076795449,0.834103243334438,0.834103243334438,-1,0.175747237765859,0.175747237765859,0.469337065877217,1,1,1,-0.967612355691118,0.469337065877217,0.83872799958683,0.0123748666395603,0.0330867054927479,0.0330867054927479,0.163842186948763,0.163842186948763,0.834099006629069,0.83872799958683,0.426311908540455,1,-0.701243475537323,0.426311908540455,0.426311908540455,0.729774831126005,0.0330867054927479,0.834103243334438,0.831452256070993,1,1,1,0.241153886780474,0.241153886780474,0.426311908540455,-1,0.989425390633414,0.989425390633414,-0.834103243334438,1,0.83872799958683,1,1,0.976237032401987,0.833439934598926,0.729774831126005,0.729774831126005,-0.999339241654237,1,1,1,1,-0.810299472304257,1,0.701243475537323,0.701243475537323,1,-1,1,0.834103243334438,-0.701243475537323
"Frizzled",0.837405983339854,0.141506699436242,1,1,0.00658077957275885,1,0.82550204807982,0.989425390633414,1,0.262555511125666,0.198243076795449,0.198243076795449,0.834103243334438,0.834103243334438,-1,0.175747237765859,0.175747237765859,0.469337065877217,1,1,1,-0.967612355691118,0.469337065877217,0.83872799958683,0.0123748666395603,0.0330867054927479,0.0330867054927479,0.163842186948763,0.163842186948763,0.834099006629069,0.83872799958683,0.426311908540455,1,-0.701243475537323,0.426311908540455,0.426311908540455,0.729774831126005,0.0330867054927479,0.834103243334438,0.831452256070993,1,1,1,0.241153886780474,0.241153886780474,0.426311908540455,-1,0.989425390633414,0.989425390633414,-0.834103243334438,1,0.83872799958683,1,1,0.976237032401987,0.833439934598926,0.729774831126005,0.729774831126005,-0.999339241654237,1,1,1,1,-0.810299472304257,1,0.701243475537323,0.701243475537323,1,-1,1,0.834103243334438,-0.701243475537323
"GLI",0.837405983339854,0.141506699436242,1,1,0.00658077957275885,1,0.82550204807982,0.989425390633414,1,0.262555511125666,0.198243076795449,0.198243076795449,0.834103243334438,0.834103243334438,-1,0.175747237765859,0.175747237765859,0.469337065877217,1,1,1,-0.967612355691118,0.469337065877217,0.83872799958683,0.0123748666395603,0.0330867054927479,0.0330867054927479,0.163842186948763,0.163842186948763,0.834099006629069,0.83872799958683,0.426311908540455,1,-0.701243475537323,0.426311908540455,0.426311908540455,0.729774831126005,0.0330867054927479,0.834103243334438,0.831452256070993,1,1,1,0.241153886780474,0.241153886780474,0.426311908540455,-1,0.989425390633414,0.989425390633414,-0.834103243334438,1,0.83872799958683,1,1,0.976237032401987,0.833439934598926,0.729774831126005,0.729774831126005,-0.999339241654237,1,1,1,1,-0.810299472304257,1,0.701243475537323,0.701243475537323,1,-1,1,0.834103243334438,-0.701243475537323
"GSK3",-0.869791450337632,-0.173900678236367,-0.967612355691118,-0.967612355691118,-0.00327336889730976,-0.967612355691118,-0.85788871840118,-0.978189922447091,-0.967612355691118,-0.294959181926905,-0.210798205551169,-0.210798205551169,-0.866488532730471,-0.866488532730471,0.967612355691118,-0.194910022867727,-0.194910022867727,-0.43695607824837,-0.967612355691118,-0.967612355691118,-0.967612355691118,1,-0.43695607824837,-0.871113473226365,-0.0183084969786201,-0.0112784040662636,-0.0112784040662636,-0.196224445144662,-0.196224445144662,-0.866484632168734,-0.871113473226365,-0.458700627305231,-0.967612355691118,0.668855487029248,-0.458700627305231,-0.458700627305231,-0.718519502324113,-0.0112784040662636,-0.866488532730471,-0.863838261065026,-0.967612355691118,-0.967612355691118,-0.967612355691118,-0.249736477228796,-0.249736477228796,-0.458700627305231,0.967612355691118,-0.978189922447091,-0.978189922447091,0.866488532730471,-0.967612355691118,-0.871113473226365,-0.967612355691118,-0.967612355691118,-0.9570745493118,-0.865825381671431,-0.718519502324113,-0.718519502324113,0.966950994419021,-0.967612355691118,-0.967612355691118,-0.967612355691118,-0.967612355691118,0.842685820362715,-0.967612355691118,-0.668855487029248,-0.668855487029248,-0.967612355691118,0.967612355691118,-0.967612355691118,-0.866488532730471,0.668855487029248
"Goosecoid",0.322653492525164,0.0574522934680126,0.469337065877217,0.469337065877217,-0.00327857966980632,0.469337065877217,0.312038110426526,0.458748793459483,0.469337065877217,0.137387761730003,0.0839865464955404,0.0839865464955404,0.327287685413339,0.327287685413339,-0.469337065877217,0.0549320639849624,0.0549320639849624,1,0.469337065877217,0.469337065877217,0.469337065877217,-0.43695607824837,1,0.322653492525164,0.0147162263356876,0.0997703451232132,0.0997703451232132,0.0271796281338947,0.0271796281338947,0.320663516561759,0.322653492525164,0.134838803702021,0.469337065877217,-0.768080255882505,0.134838803702021,0.134838803702021,0.306322748182762,0.0997703451232132,0.327287685413339,0.318006056128058,0.469337065877217,0.469337065877217,0.469337065877217,0.0569791091787451,0.0569791091787451,0.134838803702021,-0.469337065877217,0.458748793459483,0.458748793459483,-0.327287685413339,0.469337065877217,0.322653492525164,0.469337065877217,0.469337065877217,0.44547803018429,0.327941533256565,0.306322748182762,0.306322748182762,-0.468682818679367,0.469337065877217,0.469337065877217,0.469337065877217,0.469337065877217,-0.300807637916554,0.469337065877217,0.768080255882505,0.768080255882505,0.469337065877217,-0.469337065877217,0.469337065877217,0.327287685413339,-0.768080255882505
"HEY1",0.998677914442801,0.0714888464405928,0.83872799958683,0.83872799958683,0.0105261295681689,0.83872799958683,0.985465533715669,0.849313310584725,0.83872799958683,0.16613885086068,0.262997018477508,0.262997018477508,0.99537287961849,0.99537287961849,-0.83872799958683,0.272210560741425,0.272210560741425,0.322653492525164,0.83872799958683,0.83872799958683,0.83872799958683,-0.871113473226365,0.322653492525164,1,0.012239165371484,-0.0184415912180222,-0.0184415912180222,0.323758921886043,0.323758921886043,0.995372956436156,1,0.587612518789416,0.83872799958683,-0.539964211643002,0.587612518789416,0.587612518789416,0.693958989507157,-0.0184415912180222,0.99405078279735,0.991408607294734,0.83872799958683,0.83872799958683,0.83872799958683,0.30188747015559,0.30188747015559,0.587612518789416,-0.83872799958683,0.849313310584725,0.849313310584725,-0.99537287961849,0.83872799958683,1,0.83872799958683,0.83872799958683,0.862601291970488,0.993389572214008,0.693958989507157,0.693958989507157,-0.838062901008029,0.83872799958683,0.83872799958683,0.83872799958683,0.83872799958683,-0.970259608942666,0.83872799958683,0.539964211643002,0.539964211643002,0.83872799958683,-0.83872799958683,0.83872799958683,0.99537287961849,-0.539964211643002
"HGF",0.012239165371484,-0.0116967068486191,0.0123748666395603,0.0123748666395603,-0.00274690894359375,0.0123748666395603,0.00969617981027105,0.0190205430920326,0.0123748666395603,-0.00552511793312968,-0.00545980911741539,-0.00545980911741539,0.0155283056880444,0.0155283056880444,-0.0123748666395603,-0.000272693851928252,-0.000272693851928252,0.0147162263356876,0.0123748666395603,0.0123748666395603,0.0123748666395603,-0.0183084969786201,0.0147162263356876,0.012239165371484,1,0.00542568088299825,0.00542568088299825,0.0208517752051928,0.0208517752051928,0.010272495032344,0.012239165371484,0.00990033300418223,0.0123748666395603,-0.00976416428912318,0.00990033300418223,0.00990033300418223,0.0151578572090464,0.00542568088299825,0.0155283056880444,0.0129512099290796,0.0123748666395603,0.0123748666395603,0.0123748666395603,0.0226504686966035,0.0226504686966035,0.00990033300418223,-0.0123748666395603,0.0190205430920326,0.0190205430920326,-0.0155283056880444,0.0123748666395603,0.012239165371484,0.0123748666395603,0.0123748666395603,0.00596746766883442,0.0148840067921875,0.0151578572090464,0.0151578572090464,-0.0130190648746193,0.0123748666395603,0.0123748666395603,0.0123748666395603,0.0123748666395603,-0.00769563428478141,0.0123748666395603,0.00976416428912318,0.00976416428912318,0.0123748666395603,-0.0123748666395603,0.0123748666395603,0.0155283056880444,-0.00976416428912318
"HIF1",-0.0197635910054224,-0.0192100268042688,0.0330867054927479,0.0330867054927479,-0.00724951389609293,0.0330867054927479,-0.0224276201675158,0.0225040752979855,0.0330867054927479,-0.00537568524471703,-0.00591371144933265,-0.00591371144933265,-0.0138112145878853,-0.0138112145878853,-0.0330867054927479,-0.0283664240975481,-0.0283664240975481,0.0997703451232132,0.0330867054927479,0.0330867054927479,0.0330867054927479,-0.0112784040662636,0.0997703451232132,-0.0184415912180222,0.00542568088299825,1,1,-0.0415797464600951,-0.0415797464600951,-0.0191059317251309,-0.0184415912180222,-0.00660598439692509,0.0330867054927479,-0.331833105334457,-0.00660598439692509,-0.00660598439692509,-0.00183677094116416,1,-0.0151332256384955,-0.0177906683791171,0.0330867054927479,0.0330867054927479,0.0330867054927479,-0.0223749864772562,-0.0223749864772562,-0.00660598439692509,-0.0330867054927479,0.0225040752979855,0.0225040752979855,0.0138112145878853,0.0330867054927479,-0.0184415912180222,0.0330867054927479,0.0330867054927479,0.025112526057508,-0.0144755918558218,-0.00183677094116416,-0.00183677094116416,-0.0337513351572785,0.0330867054927479,0.0330867054927479,0.0330867054927479,0.0330867054927479,0.0257291378716051,0.0330867054927479,0.331833105334457,0.331833105334457,0.0330867054927479,-0.0330867054927479,0.0330867054927479,-0.0138112145878853,-0.331833105334457
"Hypoxia",-0.0197635910054224,-0.0192100268042688,0.0330867054927479,0.0330867054927479,-0.00724951389609293,0.0330867054927479,-0.0224276201675158,0.0225040752979855,0.0330867054927479,-0.00537568524471703,-0.00591371144933265,-0.00591371144933265,-0.0138112145878853,-0.0138112145878853,-0.0330867054927479,-0.0283664240975481,-0.0283664240975481,0.0997703451232132,0.0330867054927479,0.0330867054927479,0.0330867054927479,-0.0112784040662636,0.0997703451232132,-0.0184415912180222,0.00542568088299825,1,1,-0.0415797464600951,-0.0415797464600951,-0.0191059317251309,-0.0184415912180222,-0.00660598439692509,0.0330867054927479,-0.331833105334457,-0.00660598439692509,-0.00660598439692509,-0.00183677094116416,1,-0.0151332256384955,-0.0177906683791171,0.0330867054927479,0.0330867054927479,0.0330867054927479,-0.0223749864772562,-0.0223749864772562,-0.00660598439692509,-0.0330867054927479,0.0225040752979855,0.0225040752979855,0.0138112145878853,0.0330867054927479,-0.0184415912180222,0.0330867054927479,0.0330867054927479,0.025112526057508,-0.0144755918558218,-0.00183677094116416,-0.00183677094116416,-0.0337513351572785,0.0330867054927479,0.0330867054927479,0.0330867054927479,0.0330867054927479,0.0257291378716051,0.0330867054927479,0.331833105334457,0.331833105334457,0.0330867054927479,-0.0330867054927479,0.0330867054927479,-0.0138112145878853,-0.331833105334457
"IGF1",0.325080996757205,-0.0137867611026063,0.163842186948763,0.163842186948763,-0.00996204002951659,0.163842186948763,0.3251145464412,0.174432435145942,0.163842186948763,0.00416307201358682,0.0508183422140512,0.0508183422140512,0.328381117369698,0.328381117369698,-0.163842186948763,0.0825019583913496,0.0825019583913496,0.0271796281338947,0.163842186948763,0.163842186948763,0.163842186948763,-0.196224445144662,0.0271796281338947,0.323758921886043,0.0208517752051928,-0.0415797464600951,-0.0415797464600951,1,1,0.324425201357016,0.323758921886043,0.0568368854888861,0.163842186948763,-0.0805708603685607,0.0568368854888861,0.0568368854888861,0.120676542439903,-0.0415797464600951,0.328381117369698,0.325758155010493,0.163842186948763,0.163842186948763,0.163842186948763,0.0394383173088546,0.0394383173088546,0.0568368854888861,-0.163842186948763,0.174432435145942,0.174432435145942,-0.328381117369698,0.163842186948763,0.323758921886043,0.163842186948763,0.163842186948763,0.187727733000993,0.32904722137069,0.120676542439903,0.120676542439903,-0.163174140064579,0.163842186948763,0.163842186948763,0.163842186948763,0.163842186948763,-0.315193395754055,0.163842186948763,0.0805708603685607,0.0805708603685607,0.163842186948763,-0.163842186948763,0.163842186948763,0.328381117369698,-0.0805708603685607
"IGF1R",0.325080996757205,-0.0137867611026063,0.163842186948763,0.163842186948763,-0.00996204002951659,0.163842186948763,0.3251145464412,0.174432435145942,0.163842186948763,0.00416307201358682,0.0508183422140512,0.0508183422140512,0.328381117369698,0.328381117369698,-0.163842186948763,0.0825019583913496,0.0825019583913496,0.0271796281338947,0.163842186948763,0.163842186948763,0.163842186948763,-0.196224445144662,0.0271796281338947,0.323758921886043,0.0208517752051928,-0.0415797464600951,-0.0415797464600951,1,1,0.324425201357016,0.323758921886043,0.0568368854888861,0.163842186948763,-0.0805708603685607,0.0568368854888861,0.0568368854888861,0.120676542439903,-0.0415797464600951,0.328381117369698,0.325758155010493,0.163842186948763,0.163842186948763,0.163842186948763,0.0394383173088546,0.0394383173088546,0.0568368854888861,-0.163842186948763,0.174432435145942,0.174432435145942,-0.328381117369698,0.163842186948763,0.323758921886043,0.163842186948763,0.163842186948763,0.187727733000993,0.32904722137069,0.120676542439903,0.120676542439903,-0.163174140064579,0.163842186948763,0.163842186948763,0.163842186948763,0.163842186948763,-0.315193395754055,0.163842186948763,0.0805708603685607,0.0805708603685607,0.163842186948763,-0.163842186948763,0.163842186948763,0.328381117369698,-0.0805708603685607
"IKK",0.996695031307317,0.0681779954959983,0.834099006629069,0.834099006629069,0.00854569420766452,0.834099006629069,0.990090315988865,0.844683398697103,0.834099006629069,0.162821206939452,0.258372263309433,0.258372263309433,0.990746271010412,0.990746271010412,-0.834099006629069,0.268910239496237,0.268910239496237,0.320663516561759,0.834099006629069,0.834099006629069,0.834099006629069,-0.866484632168734,0.320663516561759,0.995372956436156,0.010272495032344,-0.0191059317251309,-0.0191059317251309,0.324425201357016,0.324425201357016,1,0.995372956436156,0.585625249791328,0.834099006629069,-0.535336800135028,0.585625249791328,0.585625249791328,0.689343055160511,-0.0191059317251309,0.989424184875401,0.99603474025998,0.834099006629069,0.834099006629069,0.834099006629069,0.303881021947986,0.303881021947986,0.585625249791328,-0.834099006629069,0.844683398697103,0.844683398697103,-0.990746271010412,0.834099006629069,0.995372956436156,0.834099006629069,0.834099006629069,0.857966984754339,0.988762582080348,0.689343055160511,0.689343055160511,-0.833434327088652,0.834099006629069,0.834099006629069,0.834099006629069,0.834099006629069,-0.974884978333467,0.834099006629069,0.535336800135028,0.535336800135028,0.834099006629069,-0.834099006629069,0.834099006629069,0.990746271010412,-0.535336800135028
"ILK",0.998677914442801,0.0714888464405928,0.83872799958683,0.83872799958683,0.0105261295681689,0.83872799958683,0.985465533715669,0.849313310584725,0.83872799958683,0.16613885086068,0.262997018477508,0.262997018477508,0.99537287961849,0.99537287961849,-0.83872799958683,0.272210560741425,0.272210560741425,0.322653492525164,0.83872799958683,0.83872799958683,0.83872799958683,-0.871113473226365,0.322653492525164,1,0.012239165371484,-0.0184415912180222,-0.0184415912180222,0.323758921886043,0.323758921886043,0.995372956436156,1,0.587612518789416,0.83872799958683,-0.539964211643002,0.587612518789416,0.587612518789416,0.693958989507157,-0.0184415912180222,0.99405078279735,0.991408607294734,0.83872799958683,0.83872799958683,0.83872799958683,0.30188747015559,0.30188747015559,0.587612518789416,-0.83872799958683,0.849313310584725,0.849313310584725,-0.99537287961849,0.83872799958683,1,0.83872799958683,0.83872799958683,0.862601291970488,0.993389572214008,0.693958989507157,0.693958989507157,-0.838062901008029,0.83872799958683,0.83872799958683,0.83872799958683,0.83872799958683,-0.970259608942666,0.83872799958683,0.539964211643002,0.539964211643002,0.83872799958683,-0.83872799958683,0.83872799958683,0.99537287961849,-0.539964211643002
"JAK",0.586290537193463,0.0198340262291903,0.426311908540455,0.426311908540455,0.00396304218541555,0.426311908540455,0.582302790503739,0.436884263419381,0.426311908540455,0.0773513063490485,0.0211461311466913,0.0211461311466913,0.592244063275194,0.592244063275194,-0.426311908540455,0.0462613047537904,0.0462613047537904,0.134838803702021,0.426311908540455,0.426311908540455,0.426311908540455,-0.458700627305231,0.134838803702021,0.587612518789416,0.00990033300418223,-0.00660598439692509,-0.00660598439692509,0.0568368854888861,0.0568368854888861,0.585625249791328,0.587612518789416,1,0.426311908540455,-0.266359067773006,1,1,0.281650067778008,-0.00660598439692509,0.592244063275194,0.582973521905826,0.426311908540455,0.426311908540455,0.426311908540455,0.041634116820387,0.041634116820387,1,-0.426311908540455,0.436884263419381,0.436884263419381,-0.592244063275194,0.426311908540455,0.587612518789416,0.426311908540455,0.426311908540455,0.450099774241122,0.592900445173226,0.281650067778008,0.281650067778008,-0.425652653994843,0.426311908540455,0.426311908540455,0.426311908540455,0.426311908540455,-0.580322887043019,0.426311908540455,0.266359067773006,0.266359067773006,0.426311908540455,-0.426311908540455,0.426311908540455,0.592244063275194,-0.266359067773006
