"","AKT","AXIN2","CD44","CDC42","CHD1L","Csl","Csn","DELTA","DSH","Destcompl","EGF","EGFR","EGR1","ERK","Ecadherin","FGF","FGFR","FOXC2","FUS","Frizzled","GLI","GSK3","Goosecoid","HEY1","HGF","HIF1","Hypoxia","IGF1","IGF1R","IKK","ILK","JAK","Jagged","KLF4","LIF","LIFR","LIV1","LOXL23","MEK","NFB","NOTCH","NOTCHic","PAK1","PDGF","PDGFR","PI3K","Patched","RAF","RAS","RKIP","SHH","SMAD","SMO","SNAI1","SNAI2","SOSGRB2","SRC","STAT","SUFU","TCFLEF","TGF","TGFR","TWIST1","TrCP","Wnt","ZEB1","ZEB2","cMet","cateninmemb","cateninnuc","cfos","miR200"
"AKT",1,0.431890970331957,0.431890970331957,0.0616743066555083,-0.00257169193070441,0.999573724474738,1,0.418054678196115,0.426313388710176,-0.282091607823993,0.109367372839796,0.109367372839796,0.997442111374382,0.997442111374382,-0.362551080542011,0.325896396822783,0.325896396822783,0.0616743066555083,1,0.429723895819858,0.431890970331957,-0.999573724474738,0.0616743066555083,0.998294862113537,0.471908591152789,0.0628155967959579,0.0628155967959579,0.185668940079046,0.185668940079046,1,1,0.755258344751437,1,-0.35571292463241,0.755258344751437,0.755258344751437,0.418054678196115,0.0628155967959579,0.996163411520811,1,1,1,0.0616743066555083,0.0403428881552795,0.0403428881552795,0.755258344751437,-1,0.418054678196115,0.418054678196115,-0.43446361445489,1,1,1,0.43446361445489,0.432310025870423,0.996589360635228,0.418054678196115,0.418054678196115,-0.999573724474738,0.431890970331957,0.0616743066555083,0.0616743066555083,0.35571292463241,-0.996165072092338,0.431457397853653,0.363420865282027,0.35571292463241,0.471908591152789,-0.431890970331957,0.431890970331957,0.997442111374382,-0.363420865282027
"AXIN2",0.431890970331957,1,1,0.626228323881524,-0.0183273020893636,0.431460806823142,0.431890970331957,0.266879980136479,0.991903361075698,0.286011628940277,0.0882146300014655,0.0882146300014655,0.430193628552743,0.430193628552743,-0.927138793426248,0.132197550299732,0.132197550299732,0.626228323881524,0.431890970331957,0.997870979062401,1,-0.432313429726131,0.626228323881524,0.43104626935374,0.193524209808917,0.455243161792156,0.455243161792156,0.121524028875751,0.121524028875751,0.431890970331957,0.431890970331957,0.274166265221176,0.431890970331957,-0.918607317303067,0.274166265221176,0.274166265221176,0.266879980136479,0.455243161792156,0.431476674392611,0.431890970331957,0.431890970331957,0.431890970331957,0.626228323881524,0.0264501887188363,0.0264501887188363,0.274166265221176,-0.431890970331957,0.266879980136479,0.266879980136479,-0.997442801444824,0.431890970331957,0.431890970331957,0.431890970331957,0.997442801444824,0.995311241329,0.431898910154736,0.266879980136479,0.266879980136479,-0.431460806823142,1,0.626228323881524,0.626228323881524,0.918607317303067,-0.430593593801774,0.999573831801167,0.926292830980688,0.918607317303067,0.193524209808917,-1,1,0.430193628552743,-0.926292830980688
"CD44",0.431890970331957,1,1,0.626228323881524,-0.0183273020893636,0.431460806823142,0.431890970331957,0.266879980136479,0.991903361075698,0.286011628940277,0.0882146300014655,0.0882146300014655,0.430193628552743,0.430193628552743,-0.927138793426248,0.132197550299732,0.132197550299732,0.626228323881524,0.431890970331957,0.997870979062401,1,-0.432313429726131,0.626228323881524,0.43104626935374,0.193524209808917,0.455243161792156,0.455243161792156,0.121524028875751,0.121524028875751,0.431890970331957,0.431890970331957,0.274166265221176,0.431890970331957,-0.918607317303067,0.274166265221176,0.274166265221176,0.266879980136479,0.455243161792156,0.431476674392611,0.431890970331957,0.431890970331957,0.431890970331957,0.626228323881524,0.0264501887188363,0.0264501887188363,0.274166265221176,-0.431890970331957,0.266879980136479,0.266879980136479,-0.997442801444824,0.431890970331957,0.431890970331957,0.431890970331957,0.997442801444824,0.995311241329,0.431898910154736,0.266879980136479,0.266879980136479,-0.431460806823142,1,0.626228323881524,0.626228323881524,0.918607317303067,-0.430593593801774,0.999573831801167,0.926292830980688,0.918607317303067,0.193524209808917,-1,1,0.430193628552743,-0.926292830980688
"CDC42",0.0616743066555083,0.626228323881524,0.626228323881524,1,-0.0144803282111697,0.061240244085375,0.0616743066555083,0.0227926990583924,0.624984287665567,0.421073523288097,0.0117054291339249,0.0117054291339249,0.0642480093113268,0.0642480093113268,-0.695615261756651,0.0322769107775441,0.0322769107775441,1,0.0616743066555083,0.626689565394532,0.626228323881524,-0.0620929890127801,1,0.0608369579994315,-0.0447417703469504,0.239022131479665,0.239022131479665,0.0275196078309439,0.0275196078309439,0.0616743066555083,0.0616743066555083,-0.0312473532550133,0.0616743066555083,-0.702445396524241,-0.0312473532550133,-0.0312473532550133,0.0227926990583924,0.239022131479665,0.0655349058750227,0.0616743066555083,0.0616743066555083,0.0616743066555083,1,0.00229889173608418,0.00229889173608418,-0.0312473532550133,-0.0616743066555083,0.0227926990583924,0.0227926990583924,-0.623657223494074,0.0616743066555083,0.0616743066555083,0.0616743066555083,0.623657223494074,0.625808760689305,0.0651007721393006,0.0227926990583924,0.0227926990583924,-0.061240244085375,0.626228323881524,1,1,0.702445396524241,-0.0586514379023519,0.626661400793154,0.694754352137252,0.702445396524241,-0.0447417703469504,-0.626228323881524,0.626228323881524,0.0642480093113268,-0.694754352137252
"CHD1L",-0.00257169193070441,-0.0183273020893636,-0.0183273020893636,-0.0144803282111697,1,-0.00299762160585682,-0.00257169193070441,-0.010666958390949,-0.0179028198049547,-0.0110758326479135,-0.000840964954561622,-0.000840964954561622,-0.000867176926656566,-0.000867176926656566,0.0230103939202596,-0.00385180583309168,-0.00385180583309168,-0.0144803282111697,-0.00257169193070441,-0.0179028198049547,-0.0183273020893636,0.00299762160585682,-0.0144803282111697,-0.00342509444962761,-0.00383741184014203,-0.0106492358074359,-0.0106492358074359,-0.0102427641656719,-0.0102427641656719,-0.00257169193070441,-0.00257169193070441,0.00254269077793276,-0.00257169193070441,0.0204532702459526,0.00254269077793276,0.00254269077793276,-0.010666958390949,-0.0106492358074359,-0.00129386948158203,-0.00257169193070441,-0.00257169193070441,-0.00257169193070441,-0.0144803282111697,0.0038281445162648,0.0038281445162648,0.00254269077793276,0.00257169193070441,-0.010666958390949,-0.010666958390949,0.0183266152643318,-0.00257169193070441,-0.00257169193070441,-0.00257169193070441,-0.0183266152643318,-0.0170488757938843,-0.00171981610098025,-0.010666958390949,-0.010666958390949,0.00214500032950618,-0.0183273020893636,-0.0144803282111697,-0.0144803282111697,-0.0204532702459526,0.00299609163048941,-0.0179013922618793,-0.0221573085733679,-0.0204532702459526,-0.00383741184014203,0.0183273020893636,-0.0183273020893636,-0.000867176926656566,0.0221573085733679
"Csl",0.999573724474738,0.431460806823142,0.431460806823142,0.061240244085375,-0.00299762160585682,1,0.999573724474738,0.418483074460768,0.425884172774653,-0.282519645754349,0.109787162098535,0.109787162098535,0.997016210824398,0.997016210824398,-0.362117915394897,0.325475251716958,0.325475251716958,0.061240244085375,0.999573724474738,0.429294656640717,0.431460806823142,-0.999147272972788,0.061240244085375,0.998721700679208,0.472332230942027,0.0623850248937132,0.0623850248937132,0.18609984035553,0.18609984035553,0.999573724474738,0.999573724474738,0.754834452003824,0.999573724474738,-0.355280173141455,0.754834452003824,0.754834452003824,0.418483074460768,0.0623850248937132,0.99573769834636,0.999573724474738,0.999573724474738,0.999573724474738,0.061240244085375,0.0399204619493897,0.0399204619493897,0.754834452003824,-0.999573724474738,0.418483074460768,0.418483074460768,-0.434033069043583,0.999573724474738,0.999573724474738,0.999573724474738,0.434033069043582,0.431880041573217,0.996163465896992,0.418483074460768,0.418483074460768,-0.999147272972788,0.431460806823142,0.061240244085375,0.061240244085375,0.355280173141455,-0.995737927554108,0.43102741936736,0.362987326835481,0.355280173141455,0.472332230942027,-0.431460806823143,0.431460806823142,0.997016210824398,-0.362987326835481
"Csn",1,0.431890970331957,0.431890970331957,0.0616743066555083,-0.00257169193070441,0.999573724474738,1,0.418054678196115,0.426313388710176,-0.282091607823993,0.109367372839796,0.109367372839796,0.997442111374382,0.997442111374382,-0.362551080542011,0.325896396822783,0.325896396822783,0.0616743066555083,1,0.429723895819858,0.431890970331957,-0.999573724474738,0.0616743066555083,0.998294862113537,0.471908591152789,0.0628155967959579,0.0628155967959579,0.185668940079046,0.185668940079046,1,1,0.755258344751437,1,-0.35571292463241,0.755258344751437,0.755258344751437,0.418054678196115,0.0628155967959579,0.996163411520811,1,1,1,0.0616743066555083,0.0403428881552795,0.0403428881552795,0.755258344751437,-1,0.418054678196115,0.418054678196115,-0.43446361445489,1,1,1,0.43446361445489,0.432310025870423,0.996589360635228,0.418054678196115,0.418054678196115,-0.999573724474738,0.431890970331957,0.0616743066555083,0.0616743066555083,0.35571292463241,-0.996165072092338,0.431457397853653,0.363420865282027,0.35571292463241,0.471908591152789,-0.431890970331957,0.431890970331957,0.997442111374382,-0.363420865282027
"DELTA",0.418054678196115,0.266879980136479,0.266879980136479,0.0227926990583924,-0.010666958390949,0.418483074460768,0.418054678196115,1,0.263018272260977,-0.0719467745303558,0.407297723439899,0.407297723439899,0.416345400342956,0.416345400342956,-0.236718693165338,0.124293254944697,0.124293254944697,0.0227926990583924,0.418054678196115,0.265575986415865,0.266879980136479,-0.418483074460768,0.0227926990583924,0.418050791020243,0.585702302052995,-0.0425272449593008,-0.0425272449593008,0.40442575161414,0.40442575161414,0.418054678196115,0.418054678196115,0.17331999826946,0.418054678196115,-0.231591248605131,0.17331999826946,0.17331999826946,1,-0.0425272449593008,0.415917207355529,0.418054678196115,0.418054678196115,0.418054678196115,0.0227926990583924,0.109021536475628,0.109021536475628,0.17331999826946,-0.418054678196115,1,1,-0.269448099818518,0.418054678196115,0.418054678196115,0.418054678196115,0.269448099818518,0.267301142130503,0.416345400342956,1,1,-0.418483074460768,0.266879980136479,0.0227926990583924,0.0227926990583924,0.231591248605131,-0.415934086226264,0.266448569506271,0.237583280508972,0.231591248605131,0.585702302052995,-0.266879980136479,0.266879980136479,0.416345400342956,-0.237583280508972
"DSH",0.426313388710176,0.991903361075698,0.991903361075698,0.624984287665567,-0.0179028198049547,0.425884172774653,0.426313388710176,0.263018272260977,1,0.291570697906498,0.0869646122642865,0.0869646122642865,0.424614154512214,0.424614154512214,-0.919059176739611,0.128323093669271,0.128323093669271,0.624984287665567,0.426313388710176,0.994032395566922,0.991903361075698,-0.426736793741169,0.624984287665567,0.425466793376696,0.19053724018789,0.449719637635119,0.449719637635119,0.119363193303923,0.119363193303923,0.426313388710176,0.426313388710176,0.269437896735561,0.426313388710176,-0.910525970476935,0.269437896735561,0.269437896735561,0.263018272260977,0.449719637635119,0.425896247759476,0.426313388710176,0.426313388710176,0.426313388710176,0.624984287665567,0.0251503988287817,0.0251503988287817,0.269437896735561,-0.426313388710176,0.263018272260977,0.263018272260977,-0.989347967642073,0.426313388710176,0.426313388710176,0.426313388710176,0.989347967642073,0.98721371119357,0.426319432241178,0.263018272260977,0.263018272260977,-0.425884172774653,0.991903361075698,0.624984287665567,0.624984287665567,0.910525970476935,-0.425020737850688,0.992328808142759,0.918214959890191,0.910525970476935,0.19053724018789,-0.991903361075698,0.991903361075698,0.424614154512214,-0.918214959890191
"Destcompl",-0.282091607823993,0.286011628940277,0.286011628940277,0.421073523288097,-0.0110758326479135,-0.282519645754349,-0.282091607823993,-0.0719467745303558,0.291570697906498,1,-0.0180214297789703,-0.0180214297789703,-0.282941007541606,-0.282941007541606,-0.355443023667216,-0.0855449323131648,-0.0855449323131648,0.421073523288097,-0.282091607823993,0.288160514305253,0.286011628940277,0.281666993802679,0.421073523288097,-0.282941007541606,-0.146200839320071,0.229694007891957,0.229694007891957,-0.0322834583230423,-0.0322834583230423,-0.282091607823993,-0.282091607823993,-0.264178938880034,-0.282091607823993,-0.350331820668233,-0.264178938880034,-0.264178938880034,-0.0719467745303558,0.229694007891957,-0.281660441452398,-0.282091607823993,-0.282091607823993,-0.282091607823993,0.421073523288097,-0.00460564086553937,-0.00460564086553937,-0.264178938880034,0.282091607823993,-0.0719467745303558,-0.0719467745303558,-0.283447335349415,-0.282091607823993,-0.282091607823993,-0.282091607823993,0.283447335349415,0.282178567005818,-0.281235667841032,-0.0719467745303558,-0.0719467745303558,0.282519645754349,0.286011628940277,0.421073523288097,0.421073523288097,0.350331820668233,0.283379625545174,0.286441302703536,0.35458638637775,0.350331820668233,-0.146200839320071,-0.286011628940277,0.286011628940277,-0.282941007541606,-0.35458638637775
"EGF",0.109367372839796,0.0882146300014655,0.0882146300014655,0.0117054291339249,-0.000840964954561622,0.109787162098535,0.109367372839796,0.407297723439899,0.0869646122642865,-0.0180214297789703,1,1,0.110233272735124,0.110233272735124,-0.0842716843913659,0.0407428553928733,0.0407428553928733,0.0117054291339249,0.109367372839796,0.0886698007400569,0.0882146300014655,-0.108934461803279,0.0117054291339249,0.110233272735124,-0.00722961254978621,-0.0227167681268509,-0.0227167681268509,0.0342930333007917,0.0342930333007917,0.109367372839796,0.109367372839796,0.000244260514567969,0.109367372839796,-0.0808720831682415,0.000244260514567969,0.000244260514567969,0.407297723439899,-0.0227167681268509,0.110666262068144,0.109367372839796,0.109367372839796,0.109367372839796,0.0117054291339249,0.0372233785610721,0.0372233785610721,0.000244260514567969,-0.109367372839796,0.407297723439899,0.407297723439899,-0.0890557907338747,0.109367372839796,0.109367372839796,0.109367372839796,0.0890557907338746,0.0894992658930464,0.110233272735124,0.407297723439899,0.407297723439899,-0.109787162098535,0.0882146300014655,0.0117054291339249,0.0117054291339249,0.0808720831682415,-0.108908428735315,0.0886466704158588,0.0842608197676984,0.0808720831682415,-0.00722961254978621,-0.0882146300014655,0.0882146300014655,0.110233272735124,-0.0842608197676984
"EGFR",0.109367372839796,0.0882146300014655,0.0882146300014655,0.0117054291339249,-0.000840964954561622,0.109787162098535,0.109367372839796,0.407297723439899,0.0869646122642865,-0.0180214297789703,1,1,0.110233272735124,0.110233272735124,-0.0842716843913659,0.0407428553928733,0.0407428553928733,0.0117054291339249,0.109367372839796,0.0886698007400569,0.0882146300014655,-0.108934461803279,0.0117054291339249,0.110233272735124,-0.00722961254978621,-0.0227167681268509,-0.0227167681268509,0.0342930333007917,0.0342930333007917,0.109367372839796,0.109367372839796,0.000244260514567969,0.109367372839796,-0.0808720831682415,0.000244260514567969,0.000244260514567969,0.407297723439899,-0.0227167681268509,0.110666262068144,0.109367372839796,0.109367372839796,0.109367372839796,0.0117054291339249,0.0372233785610721,0.0372233785610721,0.000244260514567969,-0.109367372839796,0.407297723439899,0.407297723439899,-0.0890557907338747,0.109367372839796,0.109367372839796,0.109367372839796,0.0890557907338746,0.0894992658930464,0.110233272735124,0.407297723439899,0.407297723439899,-0.109787162098535,0.0882146300014655,0.0117054291339249,0.0117054291339249,0.0808720831682415,-0.108908428735315,0.0886466704158588,0.0842608197676984,0.0808720831682415,-0.00722961254978621,-0.0882146300014655,0.0882146300014655,0.110233272735124,-0.0842608197676984
"EGR1",0.997442111374382,0.430193628552743,0.430193628552743,0.0642480093113268,-0.000867176926656566,0.997016210824398,0.997442111374382,0.416345400342956,0.424614154512214,-0.282941007541606,0.110233272735124,0.110233272735124,1,1,-0.360859576296205,0.325033344244086,0.325033344244086,0.0642480093113268,0.997442111374382,0.428024709970143,0.430193628552743,-0.997016210824398,0.0642480093113268,0.995736185860131,0.471061551159857,0.0645294659624656,0.0645294659624656,0.185659940891169,0.185659940891169,0.997442111374382,0.997442111374382,0.756959335486211,0.997442111374382,-0.358283992498301,0.756959335486211,0.756959335486211,0.416345400342956,0.0645294659624656,0.99786816813923,0.997442111374382,0.997442111374382,0.997442111374382,0.0642480093113268,0.040335100460386,0.040335100460386,0.756959335486211,-0.997442111374382,0.416345400342956,0.416345400342956,-0.432767032322577,0.997442111374382,0.997442111374382,0.997442111374382,0.432767032322576,0.434875528499702,0.997441711516079,0.416345400342956,0.416345400342956,-0.997016210824398,0.430193628552743,0.0642480093113268,0.0642480093113268,0.358283992498301,-0.993609029469221,0.429759687876604,0.361730084883072,0.358283992498301,0.471061551159857,-0.430193628552743,0.430193628552743,1,-0.361730084883072
"ERK",0.997442111374382,0.430193628552743,0.430193628552743,0.0642480093113268,-0.000867176926656566,0.997016210824398,0.997442111374382,0.416345400342956,0.424614154512214,-0.282941007541606,0.110233272735124,0.110233272735124,1,1,-0.360859576296205,0.325033344244086,0.325033344244086,0.0642480093113268,0.997442111374382,0.428024709970143,0.430193628552743,-0.997016210824398,0.0642480093113268,0.995736185860131,0.471061551159857,0.0645294659624656,0.0645294659624656,0.185659940891169,0.185659940891169,0.997442111374382,0.997442111374382,0.756959335486211,0.997442111374382,-0.358283992498301,0.756959335486211,0.756959335486211,0.416345400342956,0.0645294659624656,0.99786816813923,0.997442111374382,0.997442111374382,0.997442111374382,0.0642480093113268,0.040335100460386,0.040335100460386,0.756959335486211,-0.997442111374382,0.416345400342956,0.416345400342956,-0.432767032322577,0.997442111374382,0.997442111374382,0.997442111374382,0.432767032322576,0.434875528499702,0.997441711516079,0.416345400342956,0.416345400342956,-0.997016210824398,0.430193628552743,0.0642480093113268,0.0642480093113268,0.358283992498301,-0.993609029469221,0.429759687876604,0.361730084883072,0.358283992498301,0.471061551159857,-0.430193628552743,0.430193628552743,1,-0.361730084883072
"Ecadherin",-0.362551080542011,-0.927138793426248,-0.927138793426248,-0.695615261756651,0.0230103939202596,-0.362117915394897,-0.362551080542011,-0.236718693165338,-0.919059176739611,-0.355443023667216,-0.0842716843913659,-0.0842716843913659,-0.360859576296205,-0.360859576296205,1,-0.115718287661893,-0.115718287661893,-0.695615261756651,-0.362551080542011,-0.925027093471686,-0.927138793426248,0.362970580981105,-0.695615261756651,-0.361712259781317,-0.156457885013294,-0.528090209249535,-0.528090209249535,-0.11439316909826,-0.11439316909826,-0.362551080542011,-0.362551080542011,-0.212504540046215,-0.362551080542011,0.991474393231596,-0.212504540046215,-0.212504540046215,-0.236718693165338,-0.528090209249535,-0.362145628769197,-0.362551080542011,-0.362551080542011,-0.362551080542011,-0.695615261756651,-0.0278098224778158,-0.0278098224778158,-0.212504540046215,0.362551080542011,-0.236718693165338,-0.236718693165338,0.927984656377428,-0.362551080542011,-0.362551080542011,-0.362551080542011,-0.927984656377428,-0.925863555133859,-0.362564943266428,-0.236718693165338,-0.236718693165338,0.362117915394897,-0.927138793426248,-0.695615261756651,-0.695615261756651,-0.991474393231596,0.361238612839882,-0.926716115906264,-0.999147751577196,-0.991474393231596,-0.156457885013294,0.927138793426248,-0.927138793426248,-0.360859576296205,0.999147751577196
"FGF",0.325896396822783,0.132197550299732,0.132197550299732,0.0322769107775441,-0.00385180583309168,0.325475251716958,0.325896396822783,0.124293254944697,0.128323093669271,-0.0855449323131648,0.0407428553928733,0.0407428553928733,0.325033344244086,0.325033344244086,-0.115718287661893,1,1,0.0322769107775441,0.325896396822783,0.13258631937257,0.132197550299732,-0.325475251716958,0.0322769107775441,0.325886113349149,-0.0767604773716319,0.0137993387704647,0.0137993387704647,0.135771110238604,0.135771110238604,0.325896396822783,0.325896396822783,0.0828332494418549,0.325896396822783,-0.113144370542332,0.0828332494418549,0.0828332494418549,0.124293254944697,0.0137993387704647,0.325454672680199,0.325896396822783,0.325896396822783,0.325896396822783,0.0322769107775441,0.0381995022275072,0.0381995022275072,0.0828332494418549,-0.325896396822783,0.124293254944697,0.124293254944697,-0.13391803777754,0.325896396822783,0.325896396822783,0.325896396822783,0.13391803777754,0.133468961119788,0.325886113349149,0.124293254944697,0.124293254944697,-0.325475251716958,0.132197550299732,0.0322769107775441,0.0322769107775441,0.113144370542332,-0.327202235308107,0.131763668359716,0.116586938785066,0.113144370542332,-0.0767604773716319,-0.132197550299732,0.132197550299732,0.325033344244086,-0.116586938785066
"FGFR",0.325896396822783,0.132197550299732,0.132197550299732,0.0322769107775441,-0.00385180583309168,0.325475251716958,0.325896396822783,0.124293254944697,0.128323093669271,-0.0855449323131648,0.0407428553928733,0.0407428553928733,0.325033344244086,0.325033344244086,-0.115718287661893,1,1,0.0322769107775441,0.325896396822783,0.13258631937257,0.132197550299732,-0.325475251716958,0.0322769107775441,0.325886113349149,-0.0767604773716319,0.0137993387704647,0.0137993387704647,0.135771110238604,0.135771110238604,0.325896396822783,0.325896396822783,0.0828332494418549,0.325896396822783,-0.113144370542332,0.0828332494418549,0.0828332494418549,0.124293254944697,0.0137993387704647,0.325454672680199,0.325896396822783,0.325896396822783,0.325896396822783,0.0322769107775441,0.0381995022275072,0.0381995022275072,0.0828332494418549,-0.325896396822783,0.124293254944697,0.124293254944697,-0.13391803777754,0.325896396822783,0.325896396822783,0.325896396822783,0.13391803777754,0.133468961119788,0.325886113349149,0.124293254944697,0.124293254944697,-0.325475251716958,0.132197550299732,0.0322769107775441,0.0322769107775441,0.113144370542332,-0.327202235308107,0.131763668359716,0.116586938785066,0.113144370542332,-0.0767604773716319,-0.132197550299732,0.132197550299732,0.325033344244086,-0.116586938785066
"FOXC2",0.0616743066555083,0.626228323881524,0.626228323881524,1,-0.0144803282111697,0.061240244085375,0.0616743066555083,0.0227926990583924,0.624984287665567,0.421073523288097,0.0117054291339249,0.0117054291339249,0.0642480093113268,0.0642480093113268,-0.695615261756651,0.0322769107775441,0.0322769107775441,1,0.0616743066555083,0.626689565394532,0.626228323881524,-0.0620929890127801,1,0.0608369579994315,-0.0447417703469504,0.239022131479665,0.239022131479665,0.0275196078309439,0.0275196078309439,0.0616743066555083,0.0616743066555083,-0.0312473532550133,0.0616743066555083,-0.702445396524241,-0.0312473532550133,-0.0312473532550133,0.0227926990583924,0.239022131479665,0.0655349058750227,0.0616743066555083,0.0616743066555083,0.0616743066555083,1,0.00229889173608418,0.00229889173608418,-0.0312473532550133,-0.0616743066555083,0.0227926990583924,0.0227926990583924,-0.623657223494074,0.0616743066555083,0.0616743066555083,0.0616743066555083,0.623657223494074,0.625808760689305,0.0651007721393006,0.0227926990583924,0.0227926990583924,-0.061240244085375,0.626228323881524,1,1,0.702445396524241,-0.0586514379023519,0.626661400793154,0.694754352137252,0.702445396524241,-0.0447417703469504,-0.626228323881524,0.626228323881524,0.0642480093113268,-0.694754352137252
"FUS",1,0.431890970331957,0.431890970331957,0.0616743066555083,-0.00257169193070441,0.999573724474738,1,0.418054678196115,0.426313388710176,-0.282091607823993,0.109367372839796,0.109367372839796,0.997442111374382,0.997442111374382,-0.362551080542011,0.325896396822783,0.325896396822783,0.0616743066555083,1,0.429723895819858,0.431890970331957,-0.999573724474738,0.0616743066555083,0.998294862113537,0.471908591152789,0.0628155967959579,0.0628155967959579,0.185668940079046,0.185668940079046,1,1,0.755258344751437,1,-0.35571292463241,0.755258344751437,0.755258344751437,0.418054678196115,0.0628155967959579,0.996163411520811,1,1,1,0.0616743066555083,0.0403428881552795,0.0403428881552795,0.755258344751437,-1,0.418054678196115,0.418054678196115,-0.43446361445489,1,1,1,0.43446361445489,0.432310025870423,0.996589360635228,0.418054678196115,0.418054678196115,-0.999573724474738,0.431890970331957,0.0616743066555083,0.0616743066555083,0.35571292463241,-0.996165072092338,0.431457397853653,0.363420865282027,0.35571292463241,0.471908591152789,-0.431890970331957,0.431890970331957,0.997442111374382,-0.363420865282027
"Frizzled",0.429723895819858,0.997870979062401,0.997870979062401,0.626689565394532,-0.0179028198049547,0.429294656640717,0.429723895819858,0.265575986415865,0.994032395566922,0.288160514305253,0.0886698007400569,0.0886698007400569,0.428024709970143,0.428024709970143,-0.925027093471686,0.13258631937257,0.13258631937257,0.626689565394532,0.429723895819858,1,0.997870979062401,-0.430147277607232,0.626689565394532,0.428877348834625,0.192242271419996,0.453129833939461,0.453129833939461,0.121068381779693,0.121068381779693,0.429723895819858,0.429723895819858,0.271995851451405,0.429723895819858,-0.91649383732463,0.271995851451405,0.271995851451405,0.265575986415865,0.453129833939461,0.429306828322114,0.429723895819858,0.429723895819858,0.429723895819858,0.626689565394532,0.0268555106137838,0.0268555106137838,0.271995851451405,-0.429723895819858,0.265575986415865,0.265575986415865,-0.995315598640345,0.429723895819858,0.429723895819858,0.429723895819858,0.995315598640344,0.993181324300958,0.429729987699108,0.265575986415865,0.265575986415865,-0.429294656640717,0.997870979062401,0.626689565394532,0.626689565394532,0.91649383732463,-0.428431134944776,0.998296421250147,0.924182930845837,0.91649383732463,0.192242271419996,-0.997870979062401,0.997870979062401,0.428024709970143,-0.924182930845837
"GLI",0.431890970331957,1,1,0.626228323881524,-0.0183273020893636,0.431460806823142,0.431890970331957,0.266879980136479,0.991903361075698,0.286011628940277,0.0882146300014655,0.0882146300014655,0.430193628552743,0.430193628552743,-0.927138793426248,0.132197550299732,0.132197550299732,0.626228323881524,0.431890970331957,0.997870979062401,1,-0.432313429726131,0.626228323881524,0.43104626935374,0.193524209808917,0.455243161792156,0.455243161792156,0.121524028875751,0.121524028875751,0.431890970331957,0.431890970331957,0.274166265221176,0.431890970331957,-0.918607317303067,0.274166265221176,0.274166265221176,0.266879980136479,0.455243161792156,0.431476674392611,0.431890970331957,0.431890970331957,0.431890970331957,0.626228323881524,0.0264501887188363,0.0264501887188363,0.274166265221176,-0.431890970331957,0.266879980136479,0.266879980136479,-0.997442801444824,0.431890970331957,0.431890970331957,0.431890970331957,0.997442801444824,0.995311241329,0.431898910154736,0.266879980136479,0.266879980136479,-0.431460806823142,1,0.626228323881524,0.626228323881524,0.918607317303067,-0.430593593801774,0.999573831801167,0.926292830980688,0.918607317303067,0.193524209808917,-1,1,0.430193628552743,-0.926292830980688
"GSK3",-0.999573724474738,-0.432313429726131,-0.432313429726131,-0.0620929890127801,0.00299762160585682,-0.999147272972788,-0.999573724474738,-0.418483074460768,-0.426736793741169,0.281666993802679,-0.108934461803279,-0.108934461803279,-0.997016210824398,-0.997016210824398,0.362970580981105,-0.325475251716958,-0.325475251716958,-0.0620929890127801,-0.999573724474738,-0.430147277607232,-0.432313429726131,1,-0.0620929890127801,-0.997868955751803,-0.472332230942027,-0.0632376800215524,-0.0632376800215524,-0.18609984035553,-0.18609984035553,-0.999573724474738,-0.999573724474738,-0.754834452003824,-0.999573724474738,0.356132831600437,-0.754834452003824,-0.754834452003824,-0.418483074460768,-0.0632376800215524,-0.99573769834636,-0.999573724474738,-0.999573724474738,-0.999573724474738,-0.0620929890127801,-0.0399204619493897,-0.0399204619493897,-0.754834452003824,0.999573724474738,-0.418483074460768,-0.418483074460768,0.434885693805598,-0.999573724474738,-0.999573724474738,-0.999573724474738,-0.434885693805598,-0.432732663779074,-0.996163465896992,-0.418483074460768,-0.418483074460768,0.999147272972788,-0.432313429726131,-0.0620929890127801,-0.0620929890127801,-0.356132831600437,0.995737927554108,-0.431880041573217,-0.363840000168877,-0.356132831600437,-0.472332230942027,0.432313429726131,-0.432313429726131,-0.997016210824398,0.363840000168877
"Goosecoid",0.0616743066555083,0.626228323881524,0.626228323881524,1,-0.0144803282111697,0.061240244085375,0.0616743066555083,0.0227926990583924,0.624984287665567,0.421073523288097,0.0117054291339249,0.0117054291339249,0.0642480093113268,0.0642480093113268,-0.695615261756651,0.0322769107775441,0.0322769107775441,1,0.0616743066555083,0.626689565394532,0.626228323881524,-0.0620929890127801,1,0.0608369579994315,-0.0447417703469504,0.239022131479665,0.239022131479665,0.0275196078309439,0.0275196078309439,0.0616743066555083,0.0616743066555083,-0.0312473532550133,0.0616743066555083,-0.702445396524241,-0.0312473532550133,-0.0312473532550133,0.0227926990583924,0.239022131479665,0.0655349058750227,0.0616743066555083,0.0616743066555083,0.0616743066555083,1,0.00229889173608418,0.00229889173608418,-0.0312473532550133,-0.0616743066555083,0.0227926990583924,0.0227926990583924,-0.623657223494074,0.0616743066555083,0.0616743066555083,0.0616743066555083,0.623657223494074,0.625808760689305,0.0651007721393006,0.0227926990583924,0.0227926990583924,-0.061240244085375,0.626228323881524,1,1,0.702445396524241,-0.0586514379023519,0.626661400793154,0.694754352137252,0.702445396524241,-0.0447417703469504,-0.626228323881524,0.626228323881524,0.0642480093113268,-0.694754352137252
"HEY1",0.998294862113537,0.43104626935374,0.43104626935374,0.0608369579994315,-0.00342509444962761,0.998721700679208,0.998294862113537,0.418050791020243,0.425466793376696,-0.282941007541606,0.110233272735124,0.110233272735124,0.995736185860131,0.995736185860131,-0.361712259781317,0.325886113349149,0.325886113349149,0.0608369579994315,0.998294862113537,0.428877348834625,0.43104626935374,-0.997868955751803,0.0608369579994315,1,0.471914190721483,0.0619714468828971,0.0619714468828971,0.185659940891169,0.185659940891169,0.998294862113537,0.998294862113537,0.753548233337063,0.998294862113537,-0.35487328706736,0.753548233337063,0.753548233337063,0.418050791020243,0.0619714468828971,0.994457091718976,0.998294862113537,0.998294862113537,0.998294862113537,0.0608369579994315,0.0386297407725272,0.0386297407725272,0.753548233337063,-0.998294862113537,0.418050791020243,0.418050791020243,-0.433619674982638,0.998294862113537,0.998294862113537,0.998294862113537,0.433619674982638,0.431464968084303,0.994883423032157,0.418050791020243,0.418050791020243,-0.997868955751803,0.43104626935374,0.0608369579994315,0.0608369579994315,0.35487328706736,-0.994461752700478,0.430612327980454,0.362582776115533,0.35487328706736,0.471914190721483,-0.43104626935374,0.43104626935374,0.995736185860131,-0.362582776115533
"HGF",0.471908591152789,0.193524209808917,0.193524209808917,-0.0447417703469504,-0.00383741184014203,0.472332230942027,0.471908591152789,0.585702302052995,0.19053724018789,-0.146200839320071,-0.00722961254978621,-0.00722961254978621,0.471061551159857,0.471061551159857,-0.156457885013294,-0.0767604773716319,-0.0767604773716319,-0.0447417703469504,0.471908591152789,0.192242271419996,0.193524209808917,-0.472332230942027,-0.0447417703469504,0.471914190721483,1,-0.014481898864082,-0.014481898864082,-0.0098222861500564,-0.0098222861500564,0.471908591152789,0.471908591152789,0.228061584673163,0.471908591152789,-0.152192721478683,0.228061584673163,0.228061584673163,0.585702302052995,-0.014481898864082,0.47149079633904,0.471908591152789,0.471908591152789,0.471908591152789,-0.0447417703469504,-0.000865094186482229,-0.000865094186482229,0.228061584673163,-0.471908591152789,0.585702302052995,0.585702302052995,-0.195230760762212,0.471908591152789,0.471908591152789,0.471908591152789,0.195230760762212,0.193949764917426,0.471914190721483,0.585702302052995,0.585702302052995,-0.471479609278382,0.193524209808917,-0.0447417703469504,-0.0447417703469504,0.152192721478683,-0.469764594177474,0.193097248062185,0.157312964782353,0.152192721478683,1,-0.193524209808917,0.193524209808917,0.471061551159857,-0.157312964782353
"HIF1",0.0628155967959579,0.455243161792156,0.455243161792156,0.239022131479665,-0.0106492358074359,0.0623850248937132,0.0628155967959579,-0.0425272449593008,0.449719637635119,0.229694007891957,-0.0227167681268509,-0.0227167681268509,0.0645294659624656,0.0645294659624656,-0.528090209249535,0.0137993387704647,0.0137993387704647,0.239022131479665,0.0628155967959579,0.453129833939461,0.455243161792156,-0.0632376800215524,0.239022131479665,0.0619714468828971,-0.014481898864082,1,1,-0.0173567665856174,-0.0173567665856174,0.0628155967959579,0.0628155967959579,0.0508950886744372,0.0628155967959579,-0.536619292573482,0.0508950886744372,0.0508950886744372,-0.0425272449593008,1,0.0666654555534611,0.0628155967959579,0.0628155967959579,0.0628155967959579,0.239022131479665,-0.00247000353073212,-0.00247000353073212,0.0508950886744372,-0.0628155967959579,-0.0425272449593008,-0.0425272449593008,-0.457794181453446,0.0628155967959579,0.0628155967959579,0.0628155967959579,0.457794181453446,0.459935632067283,0.0662348120155112,-0.0425272449593008,-0.0425272449593008,-0.0623850248937132,0.455243161792156,0.239022131479665,0.239022131479665,0.536619292573482,-0.0623681731120043,0.454820330175349,0.528939976852107,0.536619292573482,-0.014481898864082,-0.455243161792156,0.455243161792156,0.0645294659624656,-0.528939976852107
"Hypoxia",0.0628155967959579,0.455243161792156,0.455243161792156,0.239022131479665,-0.0106492358074359,0.0623850248937132,0.0628155967959579,-0.0425272449593008,0.449719637635119,0.229694007891957,-0.0227167681268509,-0.0227167681268509,0.0645294659624656,0.0645294659624656,-0.528090209249535,0.0137993387704647,0.0137993387704647,0.239022131479665,0.0628155967959579,0.453129833939461,0.455243161792156,-0.0632376800215524,0.239022131479665,0.0619714468828971,-0.014481898864082,1,1,-0.0173567665856174,-0.0173567665856174,0.0628155967959579,0.0628155967959579,0.0508950886744372,0.0628155967959579,-0.536619292573482,0.0508950886744372,0.0508950886744372,-0.0425272449593008,1,0.0666654555534611,0.0628155967959579,0.0628155967959579,0.0628155967959579,0.239022131479665,-0.00247000353073212,-0.00247000353073212,0.0508950886744372,-0.0628155967959579,-0.0425272449593008,-0.0425272449593008,-0.457794181453446,0.0628155967959579,0.0628155967959579,0.0628155967959579,0.457794181453446,0.459935632067283,0.0662348120155112,-0.0425272449593008,-0.0425272449593008,-0.0623850248937132,0.455243161792156,0.239022131479665,0.239022131479665,0.536619292573482,-0.0623681731120043,0.454820330175349,0.528939976852107,0.536619292573482,-0.014481898864082,-0.455243161792156,0.455243161792156,0.0645294659624656,-0.528939976852107
"IGF1",0.185668940079046,0.121524028875751,0.121524028875751,0.0275196078309439,-0.0102427641656719,0.18609984035553,0.185668940079046,0.40442575161414,0.119363193303923,-0.0322834583230423,0.0342930333007917,0.0342930333007917,0.185659940891169,0.185659940891169,-0.11439316909826,0.135771110238604,0.135771110238604,0.0275196078309439,0.185668940079046,0.121068381779693,0.121524028875751,-0.18609984035553,0.0275196078309439,0.185659940891169,-0.0098222861500564,-0.0173567665856174,-0.0173567665856174,1,1,0.185668940079046,0.185668940079046,0.00828304852079591,0.185668940079046,-0.113527951083794,0.00828304852079591,0.00828304852079591,0.40442575161414,-0.0173567665856174,0.184376405122634,0.185668940079046,0.185668940079046,0.185668940079046,0.0275196078309439,-0.0372233785610721,-0.0372233785610721,0.00828304852079591,-0.185668940079046,0.40442575161414,0.40442575161414,-0.123241119549362,0.185668940079046,0.185668940079046,0.185668940079046,0.123241119549362,0.122797007926671,0.184807222696281,0.40442575161414,0.40442575161414,-0.18609984035553,0.121524028875751,0.0275196078309439,0.0275196078309439,0.113527951083794,-0.184413009748777,0.121091816972296,0.115258485363276,0.113527951083794,-0.0098222861500564,-0.121524028875751,0.121524028875751,0.185659940891169,-0.115258485363276
"IGF1R",0.185668940079046,0.121524028875751,0.121524028875751,0.0275196078309439,-0.0102427641656719,0.18609984035553,0.185668940079046,0.40442575161414,0.119363193303923,-0.0322834583230423,0.0342930333007917,0.0342930333007917,0.185659940891169,0.185659940891169,-0.11439316909826,0.135771110238604,0.135771110238604,0.0275196078309439,0.185668940079046,0.121068381779693,0.121524028875751,-0.18609984035553,0.0275196078309439,0.185659940891169,-0.0098222861500564,-0.0173567665856174,-0.0173567665856174,1,1,0.185668940079046,0.185668940079046,0.00828304852079591,0.185668940079046,-0.113527951083794,0.00828304852079591,0.00828304852079591,0.40442575161414,-0.0173567665856174,0.184376405122634,0.185668940079046,0.185668940079046,0.185668940079046,0.0275196078309439,-0.0372233785610721,-0.0372233785610721,0.00828304852079591,-0.185668940079046,0.40442575161414,0.40442575161414,-0.123241119549362,0.185668940079046,0.185668940079046,0.185668940079046,0.123241119549362,0.122797007926671,0.184807222696281,0.40442575161414,0.40442575161414,-0.18609984035553,0.121524028875751,0.0275196078309439,0.0275196078309439,0.113527951083794,-0.184413009748777,0.121091816972296,0.115258485363276,0.113527951083794,-0.0098222861500564,-0.121524028875751,0.121524028875751,0.185659940891169,-0.115258485363276
"IKK",1,0.431890970331957,0.431890970331957,0.0616743066555083,-0.00257169193070441,0.999573724474738,1,0.418054678196115,0.426313388710176,-0.282091607823993,0.109367372839796,0.109367372839796,0.997442111374382,0.997442111374382,-0.362551080542011,0.325896396822783,0.325896396822783,0.0616743066555083,1,0.429723895819858,0.431890970331957,-0.999573724474738,0.0616743066555083,0.998294862113537,0.471908591152789,0.0628155967959579,0.0628155967959579,0.185668940079046,0.185668940079046,1,1,0.755258344751437,1,-0.35571292463241,0.755258344751437,0.755258344751437,0.418054678196115,0.0628155967959579,0.996163411520811,1,1,1,0.0616743066555083,0.0403428881552795,0.0403428881552795,0.755258344751437,-1,0.418054678196115,0.418054678196115,-0.43446361445489,1,1,1,0.43446361445489,0.432310025870423,0.996589360635228,0.418054678196115,0.418054678196115,-0.999573724474738,0.431890970331957,0.0616743066555083,0.0616743066555083,0.35571292463241,-0.996165072092338,0.431457397853653,0.363420865282027,0.35571292463241,0.471908591152789,-0.431890970331957,0.431890970331957,0.997442111374382,-0.363420865282027
"ILK",1,0.431890970331957,0.431890970331957,0.0616743066555083,-0.00257169193070441,0.999573724474738,1,0.418054678196115,0.426313388710176,-0.282091607823993,0.109367372839796,0.109367372839796,0.997442111374382,0.997442111374382,-0.362551080542011,0.325896396822783,0.325896396822783,0.0616743066555083,1,0.429723895819858,0.431890970331957,-0.999573724474738,0.0616743066555083,0.998294862113537,0.471908591152789,0.0628155967959579,0.0628155967959579,0.185668940079046,0.185668940079046,1,1,0.755258344751437,1,-0.35571292463241,0.755258344751437,0.755258344751437,0.418054678196115,0.0628155967959579,0.996163411520811,1,1,1,0.0616743066555083,0.0403428881552795,0.0403428881552795,0.755258344751437,-1,0.418054678196115,0.418054678196115,-0.43446361445489,1,1,1,0.43446361445489,0.432310025870423,0.996589360635228,0.418054678196115,0.418054678196115,-0.999573724474738,0.431890970331957,0.0616743066555083,0.0616743066555083,0.35571292463241,-0.996165072092338,0.431457397853653,0.363420865282027,0.35571292463241,0.471908591152789,-0.431890970331957,0.431890970331957,0.997442111374382,-0.363420865282027
