"","AKT","AXIN2","CD44","CDC42","CHD1L","Csl","Csn","DELTA","DSH","Destcompl","EGF","EGFR","EGR1","ERK","Ecadherin","FGF","FGFR","FOXC2","FUS","Frizzled","GLI","GSK3","Goosecoid","HEY1","HGF","HIF1","Hypoxia","IGF1","IGF1R","IKK","ILK","JAK","Jagged","KLF4","LIF","LIFR","LIV1","LOXL23","MEK","NFB","NOTCH","NOTCHic","PAK1","PDGF","PDGFR","PI3K","Patched","RAF","RAS","RKIP","SHH","SMAD","SMO","SNAI1","SNAI2","SOSGRB2","SRC","STAT","SUFU","TCFLEF","TGF","TGFR","TWIST1","TrCP","Wnt","ZEB1","ZEB2","cMet","cateninmemb","cateninnuc","cfos","miR200"
"AKT",1,-0.311305237644465,0.887821498587396,0.125466814343344,0.125466814343344,1,0.999290247823688,1,0.732363478407256,-0.301372196982672,0.474597494748389,0.474597494748389,1,1,-0.915510870820546,0.301474606514323,0.301474606514323,0.88853305272475,0.73946452304452,0.736624105189614,0.73946452304452,-1,0.444099713960761,0.999290247823688,0.000258622907672515,0.304918639349967,0.304918639349967,0.537790138845491,0.537790138845491,1,0.740895961419511,0.309265545564279,0.887821498587396,0.774236174515038,0.309265545564279,0.309265545564279,0.774236174515038,0.304918639349967,1,1,1,1,0.125466814343344,0.0450284688981355,0.0450284688981355,1,-0.740895961419511,1,1,-0.999290253903663,0.740895961419511,0.740895961419511,0.740895961419511,1,1,0.904158156514353,0.774236174515038,0.774236174515038,-0.73946452304452,0.887821498587396,0.740895961419511,0.740895961419511,0.88853305272475,-0.999290247823688,0.737339590893263,0.304918639349967,0.441220015847,0.887821498587396,-0.887821498587396,0.887821498587396,1,-0.441220015847
"AXIN2",-0.311305237644465,1,-0.359579447998565,-0.0231761773633869,-0.0231761773633869,-0.311305237644465,-0.310593374576491,-0.311305237644465,-0.189867944470172,0.988641226807063,-0.0798003540159503,-0.0798003540159503,-0.311305237644465,-0.311305237644465,0.331890300697602,-0.071408371486055,-0.071408371486055,-0.358868512543459,-0.196968935415299,-0.194128539037248,-0.196968935415299,0.311305237644465,-0.104724094708544,-0.312013372298146,-0.00880218679360516,-0.0393863202403613,-0.0393863202403613,-0.101819695080303,-0.101819695080303,-0.311305237644465,-0.196967645301007,-0.0493866990025787,-0.359579447998565,-0.19626384097079,-0.0493866990025787,-0.0493866990025787,-0.19626384097079,-0.0393863202403613,-0.311305237644465,-0.311305237644465,-0.311305237644465,-0.311305237644465,-0.0231761773633869,0.00607936444303151,0.00607936444303151,-0.311305237644465,0.196967645301007,-0.311305237644465,-0.311305237644465,0.312017251541016,-0.196967645301007,-0.196967645301007,-0.196967645301007,-0.311305237644465,-0.311305237644465,-0.259463607031883,-0.19626384097079,-0.19626384097079,0.196968935415299,-0.359579447998565,-0.196967645301007,-0.196967645301007,-0.358868512543459,0.310593374576491,-0.194837915476979,-0.0393863202403613,-0.0777024438923886,-0.359579447998565,0.359579447998565,-0.359579447998565,-0.311305237644465,0.0777024438923886
"CD44",0.887821498587396,-0.359579447998565,1,0.129789919106978,0.129789919106978,0.887821498587396,0.887109205974896,0.887821498587396,0.830324049818706,-0.348229948626385,0.362353748914299,0.362353748914299,0.887821498587396,0.887821498587396,-0.972309207731751,0.195005328540226,0.195005328540226,0.999290216349205,0.837425244800434,0.834584766807743,0.837425244800434,-0.887821498587396,0.554870617035263,0.887109205974896,0.0115747544867258,0.361714687151062,0.361714687151062,0.425558025793339,0.425558025793339,0.887821498587396,0.837435020691491,0.197112389071823,1,0.662018852192607,0.197112389071823,0.197112389071823,0.662018852192607,0.361714687151062,0.887821498587396,0.887821498587396,0.887821498587396,0.887821498587396,0.129789919106978,0.0450022004311719,0.0450022004311719,0.887821498587396,-0.837435020691491,0.887821498587396,0.887821498587396,-0.888534232646329,0.837435020691491,0.837435020691491,0.837435020691491,0.887821498587396,0.887821498587396,0.791958759530108,0.662018852192607,0.662018852192607,-0.837425244800434,1,0.837435020691491,0.837435020691491,0.999290216349205,-0.887109205974896,0.835299535047605,0.361714687151062,0.498004993701786,1,-1,1,0.887821498587396,-0.498004993701786
"CDC42",0.125466814343344,-0.0231761773633869,0.129789919106978,1,1,0.125466814343344,0.126192404143329,0.125466814343344,0.0980383358575267,-0.0203057641771509,0.0518878153001487,0.0518878153001487,0.125466814343344,0.125466814343344,-0.131904724092323,0.0256908001306161,0.0256908001306161,0.129095479987471,0.0980383358575267,0.0980383358575267,0.0980383358575267,-0.125466814343344,0.0166806411273401,0.12477210999348,-0.0291395050803911,0.0366538243651348,0.0366538243651348,0.0667560527992924,0.0667560527992924,0.125466814343344,0.0966501753498886,0.0193434474653842,0.129789919106978,0.0873051854953071,0.0193434474653842,0.0193434474653842,0.0873051854953071,0.0366538243651348,0.125466814343344,0.125466814343344,0.125466814343344,0.125466814343344,1,-0.00157461181607973,-0.00157461181607973,0.125466814343344,-0.0966501753498886,0.125466814343344,0.125466814343344,-0.126161575987776,0.0966501753498886,0.0966501753498886,0.0966501753498886,0.125466814343344,0.125466814343344,0.0921980713654583,0.0873051854953071,0.0873051854953071,-0.0980383358575267,0.129789919106978,0.0966501753498886,0.0966501753498886,0.129095479987471,-0.126192404143329,0.0987647536091259,0.0366538243651348,0.0964279570365831,0.129789919106978,-0.129789919106978,0.129789919106978,0.125466814343344,-0.0964279570365831
"CHD1L",0.125466814343344,-0.0231761773633869,0.129789919106978,1,1,0.125466814343344,0.126192404143329,0.125466814343344,0.0980383358575267,-0.0203057641771509,0.0518878153001487,0.0518878153001487,0.125466814343344,0.125466814343344,-0.131904724092323,0.0256908001306161,0.0256908001306161,0.129095479987471,0.0980383358575267,0.0980383358575267,0.0980383358575267,-0.125466814343344,0.0166806411273401,0.12477210999348,-0.0291395050803911,0.0366538243651348,0.0366538243651348,0.0667560527992924,0.0667560527992924,0.125466814343344,0.0966501753498886,0.0193434474653842,0.129789919106978,0.0873051854953071,0.0193434474653842,0.0193434474653842,0.0873051854953071,0.0366538243651348,0.125466814343344,0.125466814343344,0.125466814343344,0.125466814343344,1,-0.00157461181607973,-0.00157461181607973,0.125466814343344,-0.0966501753498886,0.125466814343344,0.125466814343344,-0.126161575987776,0.0966501753498886,0.0966501753498886,0.0966501753498886,0.125466814343344,0.125466814343344,0.0921980713654583,0.0873051854953071,0.0873051854953071,-0.0980383358575267,0.129789919106978,0.0966501753498886,0.0966501753498886,0.129095479987471,-0.126192404143329,0.0987647536091259,0.0366538243651348,0.0964279570365831,0.129789919106978,-0.129789919106978,0.129789919106978,0.125466814343344,-0.0964279570365831
"Csl",1,-0.311305237644465,0.887821498587396,0.125466814343344,0.125466814343344,1,0.999290247823688,1,0.732363478407256,-0.301372196982672,0.474597494748389,0.474597494748389,1,1,-0.915510870820546,0.301474606514323,0.301474606514323,0.88853305272475,0.73946452304452,0.736624105189614,0.73946452304452,-1,0.444099713960761,0.999290247823688,0.000258622907672515,0.304918639349967,0.304918639349967,0.537790138845491,0.537790138845491,1,0.740895961419511,0.309265545564279,0.887821498587396,0.774236174515038,0.309265545564279,0.309265545564279,0.774236174515038,0.304918639349967,1,1,1,1,0.125466814343344,0.0450284688981355,0.0450284688981355,1,-0.740895961419511,1,1,-0.999290253903663,0.740895961419511,0.740895961419511,0.740895961419511,1,1,0.904158156514353,0.774236174515038,0.774236174515038,-0.73946452304452,0.887821498587396,0.740895961419511,0.740895961419511,0.88853305272475,-0.999290247823688,0.737339590893263,0.304918639349967,0.441220015847,0.887821498587396,-0.887821498587396,0.887821498587396,1,-0.441220015847
"Csn",0.999290247823688,-0.310593374576491,0.887109205974896,0.126192404143329,0.126192404143329,0.999290247823688,1,0.999290247823688,0.731643837243167,-0.300661300963158,0.47529640450346,0.47529640450346,0.999290247823688,0.999290247823688,-0.914799212254744,0.302193822186669,0.302193822186669,0.887820254546728,0.738744914096298,0.735904483355045,0.738744914096298,-0.999290247823688,0.443391989435721,0.998579985099169,0.000957362826111144,0.305627246971652,0.305627246971652,0.537070641099761,0.537070641099761,0.999290247823688,0.740175331299444,0.309983269095578,0.887109205974896,0.773519285884447,0.309983269095578,0.309983269095578,0.773519285884447,0.305627246971652,0.999290247823688,0.999290247823688,0.999290247823688,0.999290247823688,0.126192404143329,0.0443118439266279,0.0443118439266279,0.999290247823688,-0.740175331299444,0.999290247823688,0.999290247823688,-0.998581005471188,0.740175331299444,0.740175331299444,0.740175331299444,0.999290247823688,0.999290247823688,0.904864479120615,0.773519285884447,0.773519285884447,-0.738744914096298,0.887109205974896,0.740175331299444,0.740175331299444,0.887820254546728,-1,0.736619458661047,0.305627246971652,0.441925236138123,0.887109205974896,-0.887109205974896,0.887109205974896,0.999290247823688,-0.441925236138123
"DELTA",1,-0.311305237644465,0.887821498587396,0.125466814343344,0.125466814343344,1,0.999290247823688,1,0.732363478407256,-0.301372196982672,0.474597494748389,0.474597494748389,1,1,-0.915510870820546,0.301474606514323,0.301474606514323,0.88853305272475,0.73946452304452,0.736624105189614,0.73946452304452,-1,0.444099713960761,0.999290247823688,0.000258622907672515,0.304918639349967,0.304918639349967,0.537790138845491,0.537790138845491,1,0.740895961419511,0.309265545564279,0.887821498587396,0.774236174515038,0.309265545564279,0.309265545564279,0.774236174515038,0.304918639349967,1,1,1,1,0.125466814343344,0.0450284688981355,0.0450284688981355,1,-0.740895961419511,1,1,-0.999290253903663,0.740895961419511,0.740895961419511,0.740895961419511,1,1,0.904158156514353,0.774236174515038,0.774236174515038,-0.73946452304452,0.887821498587396,0.740895961419511,0.740895961419511,0.88853305272475,-0.999290247823688,0.737339590893263,0.304918639349967,0.441220015847,0.887821498587396,-0.887821498587396,0.887821498587396,1,-0.441220015847
"DSH",0.732363478407256,-0.189867944470172,0.830324049818706,0.0980383358575267,0.0980383358575267,0.732363478407256,0.731643837243167,0.732363478407256,1,-0.178531080824529,0.281970617149317,0.281970617149317,0.732363478407256,0.732363478407256,-0.802637390311544,0.134769770416434,0.134769770416434,0.829606510782799,0.992897920656386,0.995738752393832,0.992897920656386,-0.732363478407256,0.694831036774058,0.731643837243167,0.0149796248158756,0.267280793289311,0.267280793289311,0.328160901963796,0.328160901963796,0.732363478407256,0.991478285865791,0.139699184685259,0.830324049818706,0.524904744755957,0.139699184685259,0.139699184685259,0.524904744755957,0.267280793289311,0.732363478407256,0.732363478407256,0.732363478407256,0.732363478407256,0.0980383358575267,0.0626724267465871,0.0626724267465871,0.732363478407256,-0.991478285865791,0.732363478407256,0.732363478407256,-0.733083482588503,0.991478285865791,0.991478285865791,0.991478285865791,0.732363478407256,0.732363478407256,0.663421445320807,0.524904744755957,0.524904744755957,-0.992897920656386,0.830324049818706,0.991478285865791,0.991478285865791,0.829606510782799,-0.731643837243167,0.995028731486744,0.267280793289311,0.40353201965157,0.830324049818706,-0.830324049818706,0.830324049818706,0.732363478407256,-0.40353201965157
"Destcompl",-0.301372196982672,0.988641226807063,-0.348229948626385,-0.0203057641771509,-0.0203057641771509,-0.301372196982672,-0.300661300963158,-0.301372196982672,-0.178531080824529,1,-0.0755660050360114,-0.0755660050360114,-0.301372196982672,-0.301372196982672,0.320540015330889,-0.0671322179016925,-0.0671322179016925,-0.347519950929156,-0.185632032396196,-0.182791651767529,-0.185632032396196,0.301372196982672,-0.0976232217777549,-0.302081290811233,-0.00456440763675589,-0.0280318996375107,-0.0280318996375107,-0.101842824972754,-0.101842824972754,-0.301372196982672,-0.185632455990119,-0.0465337960454529,-0.348229948626385,-0.19060298979949,-0.0465337960454529,-0.0465337960454529,-0.19060298979949,-0.0280318996375107,-0.301372196982672,-0.301372196982672,-0.301372196982672,-0.301372196982672,-0.0203057641771509,0.00606572029232744,0.00606572029232744,-0.301372196982672,0.185632455990119,-0.301372196982672,-0.301372196982672,0.302083238831812,-0.185632455990119,-0.185632455990119,-0.185632455990119,-0.301372196982672,-0.301372196982672,-0.250957534178017,-0.19060298979949,-0.19060298979949,0.185632032396196,-0.348229948626385,-0.185632455990119,-0.185632455990119,-0.347519950929156,0.300661300963158,-0.183501883971801,-0.0280318996375107,-0.0663554412831572,-0.348229948626385,0.348229948626385,-0.348229948626385,-0.301372196982672,0.0663554412831572
"EGF",0.474597494748389,-0.0798003540159503,0.362353748914299,0.0518878153001487,0.0518878153001487,0.474597494748389,0.47529640450346,0.474597494748389,0.281970617149317,-0.0755660050360114,1,1,0.474597494748389,0.474597494748389,-0.390059773469386,0.0289679194422476,0.0289679194422476,0.3630528963396,0.287652355112165,0.284811486130741,0.287652355112165,-0.474597494748389,0.141671807054112,0.47529640450346,-0.0198309053784036,0.0890448541794684,0.0890448541794684,0.161256425821662,0.161256425821662,0.474597494748389,0.287633317442497,0.110592037219007,0.362353748914299,0.48868231076685,0.110592037219007,0.110592037219007,0.48868231076685,0.0890448541794684,0.474597494748389,0.474597494748389,0.474597494748389,0.474597494748389,0.0518878153001487,-0.0133178384046585,-0.0133178384046585,0.474597494748389,-0.287633317442497,0.474597494748389,0.474597494748389,-0.473898830226884,0.287633317442497,0.287633317442497,0.287633317442497,0.474597494748389,0.474597494748389,0.560451470751065,0.48868231076685,0.48868231076685,-0.287652355112165,0.362353748914299,0.287633317442497,0.287633317442497,0.3630528963396,-0.47529640450346,0.285512084188446,0.0890448541794684,0.155693925499367,0.362353748914299,-0.362353748914299,0.362353748914299,0.474597494748389,-0.155693925499367
"EGFR",0.474597494748389,-0.0798003540159503,0.362353748914299,0.0518878153001487,0.0518878153001487,0.474597494748389,0.47529640450346,0.474597494748389,0.281970617149317,-0.0755660050360114,1,1,0.474597494748389,0.474597494748389,-0.390059773469386,0.0289679194422476,0.0289679194422476,0.3630528963396,0.287652355112165,0.284811486130741,0.287652355112165,-0.474597494748389,0.141671807054112,0.47529640450346,-0.0198309053784036,0.0890448541794684,0.0890448541794684,0.161256425821662,0.161256425821662,0.474597494748389,0.287633317442497,0.110592037219007,0.362353748914299,0.48868231076685,0.110592037219007,0.110592037219007,0.48868231076685,0.0890448541794684,0.474597494748389,0.474597494748389,0.474597494748389,0.474597494748389,0.0518878153001487,-0.0133178384046585,-0.0133178384046585,0.474597494748389,-0.287633317442497,0.474597494748389,0.474597494748389,-0.473898830226884,0.287633317442497,0.287633317442497,0.287633317442497,0.474597494748389,0.474597494748389,0.560451470751065,0.48868231076685,0.48868231076685,-0.287652355112165,0.362353748914299,0.287633317442497,0.287633317442497,0.3630528963396,-0.47529640450346,0.285512084188446,0.0890448541794684,0.155693925499367,0.362353748914299,-0.362353748914299,0.362353748914299,0.474597494748389,-0.155693925499367
"EGR1",1,-0.311305237644465,0.887821498587396,0.125466814343344,0.125466814343344,1,0.999290247823688,1,0.732363478407256,-0.301372196982672,0.474597494748389,0.474597494748389,1,1,-0.915510870820546,0.301474606514323,0.301474606514323,0.88853305272475,0.73946452304452,0.736624105189614,0.73946452304452,-1,0.444099713960761,0.999290247823688,0.000258622907672515,0.304918639349967,0.304918639349967,0.537790138845491,0.537790138845491,1,0.740895961419511,0.309265545564279,0.887821498587396,0.774236174515038,0.309265545564279,0.309265545564279,0.774236174515038,0.304918639349967,1,1,1,1,0.125466814343344,0.0450284688981355,0.0450284688981355,1,-0.740895961419511,1,1,-0.999290253903663,0.740895961419511,0.740895961419511,0.740895961419511,1,1,0.904158156514353,0.774236174515038,0.774236174515038,-0.73946452304452,0.887821498587396,0.740895961419511,0.740895961419511,0.88853305272475,-0.999290247823688,0.737339590893263,0.304918639349967,0.441220015847,0.887821498587396,-0.887821498587396,0.887821498587396,1,-0.441220015847
"ERK",1,-0.311305237644465,0.887821498587396,0.125466814343344,0.125466814343344,1,0.999290247823688,1,0.732363478407256,-0.301372196982672,0.474597494748389,0.474597494748389,1,1,-0.915510870820546,0.301474606514323,0.301474606514323,0.88853305272475,0.73946452304452,0.736624105189614,0.73946452304452,-1,0.444099713960761,0.999290247823688,0.000258622907672515,0.304918639349967,0.304918639349967,0.537790138845491,0.537790138845491,1,0.740895961419511,0.309265545564279,0.887821498587396,0.774236174515038,0.309265545564279,0.309265545564279,0.774236174515038,0.304918639349967,1,1,1,1,0.125466814343344,0.0450284688981355,0.0450284688981355,1,-0.740895961419511,1,1,-0.999290253903663,0.740895961419511,0.740895961419511,0.740895961419511,1,1,0.904158156514353,0.774236174515038,0.774236174515038,-0.73946452304452,0.887821498587396,0.740895961419511,0.740895961419511,0.88853305272475,-0.999290247823688,0.737339590893263,0.304918639349967,0.441220015847,0.887821498587396,-0.887821498587396,0.887821498587396,1,-0.441220015847
"Ecadherin",-0.915510870820546,0.331890300697602,-0.972309207731751,-0.131904724092323,-0.131904724092323,-0.915510870820546,-0.914799212254744,-0.915510870820546,-0.802637390311544,0.320540015330889,-0.390059773469386,-0.390059773469386,-0.915510870820546,-0.915510870820546,1,-0.222687965819023,-0.222687965819023,-0.973019813911415,-0.809738542336736,-0.806898081526659,-0.809738542336736,0.915510870820546,-0.528597050608951,-0.914799212254744,-0.0094557594797568,-0.389405436487654,-0.389405436487654,-0.453261107741601,-0.453261107741601,-0.915510870820546,-0.811168855086014,-0.224795939770049,-0.972309207731751,-0.689718069407817,-0.224795939770049,-0.224795939770049,-0.689718069407817,-0.389405436487654,-0.915510870820546,-0.915510870820546,-0.915510870820546,-0.915510870820546,-0.131904724092323,-0.0528190793578315,-0.0528190793578315,-0.915510870820546,0.811168855086014,-0.915510870820546,-0.915510870820546,0.916222984796414,-0.811168855086014,-0.811168855086014,-0.811168855086014,-0.915510870820546,-0.915510870820546,-0.819653413192633,-0.689718069407817,-0.689718069407817,0.809738542336736,-0.972309207731751,-0.811168855086014,-0.811168855086014,-0.973019813911415,0.914799212254744,-0.807612986700676,-0.389405436487654,-0.525700012392312,-0.972309207731751,0.972309207731751,-0.972309207731751,-0.915510870820546,0.525700012392312
"FGF",0.301474606514323,-0.071408371486055,0.195005328540226,0.0256908001306161,0.0256908001306161,0.301474606514323,0.302193822186669,0.301474606514323,0.134769770416434,-0.0671322179016925,0.0289679194422476,0.0289679194422476,0.301474606514323,0.301474606514323,-0.222687965819023,1,1,0.195724471087293,0.140450846685026,0.13761030855073,0.140450846685026,-0.301474606514323,0.0592826120478595,0.300773753596896,0.0133128375962692,0.091991025148812,0.091991025148812,0.0509570069477045,0.0509570069477045,0.301474606514323,0.14189053722646,0.0719720075133318,0.195005328540226,0.378284906884948,0.0719720075133318,0.0719720075133318,0.378284906884948,0.091991025148812,0.301474606514323,0.301474606514323,0.301474606514323,0.301474606514323,0.0256908001306161,0.00401076595287713,0.00401076595287713,0.301474606514323,-0.14189053722646,0.301474606514323,0.301474606514323,-0.300755548978396,0.14189053722646,0.14189053722646,0.14189053722646,0.301474606514323,0.301474606514323,0.271009441267332,0.378284906884948,0.378284906884948,-0.140450846685026,0.195005328540226,0.14189053722646,0.14189053722646,0.195724471087293,-0.302193822186669,0.138330071357633,0.091991025148812,0.117618887514012,0.195005328540226,-0.195005328540226,0.195005328540226,0.301474606514323,-0.117618887514012
"FGFR",0.301474606514323,-0.071408371486055,0.195005328540226,0.0256908001306161,0.0256908001306161,0.301474606514323,0.302193822186669,0.301474606514323,0.134769770416434,-0.0671322179016925,0.0289679194422476,0.0289679194422476,0.301474606514323,0.301474606514323,-0.222687965819023,1,1,0.195724471087293,0.140450846685026,0.13761030855073,0.140450846685026,-0.301474606514323,0.0592826120478595,0.300773753596896,0.0133128375962692,0.091991025148812,0.091991025148812,0.0509570069477045,0.0509570069477045,0.301474606514323,0.14189053722646,0.0719720075133318,0.195005328540226,0.378284906884948,0.0719720075133318,0.0719720075133318,0.378284906884948,0.091991025148812,0.301474606514323,0.301474606514323,0.301474606514323,0.301474606514323,0.0256908001306161,0.00401076595287713,0.00401076595287713,0.301474606514323,-0.14189053722646,0.301474606514323,0.301474606514323,-0.300755548978396,0.14189053722646,0.14189053722646,0.14189053722646,0.301474606514323,0.301474606514323,0.271009441267332,0.378284906884948,0.378284906884948,-0.140450846685026,0.195005328540226,0.14189053722646,0.14189053722646,0.195724471087293,-0.302193822186669,0.138330071357633,0.091991025148812,0.117618887514012,0.195005328540226,-0.195005328540226,0.195005328540226,0.301474606514323,-0.117618887514012
"FOXC2",0.88853305272475,-0.358868512543459,0.999290216349205,0.129095479987471,0.129095479987471,0.88853305272475,0.887820254546728,0.88853305272475,0.829606510782799,-0.347519950929156,0.3630528963396,0.3630528963396,0.88853305272475,0.88853305272475,-0.973019813911415,0.195724471087293,0.195724471087293,1,0.836707752301653,0.833867255694111,0.836707752301653,-0.88853305272475,0.555584513189512,0.887820254546728,0.0122735852890384,0.362424298293057,0.362424298293057,0.426259073547841,0.426259073547841,0.88853305272475,0.838136786827259,0.197830017905113,0.999290216349205,0.66272293876329,0.197830017905113,0.197830017905113,0.66272293876329,0.362424298293057,0.88853305272475,0.88853305272475,0.88853305272475,0.88853305272475,0.129095479987471,0.0457057302300259,0.0457057302300259,0.88853305272475,-0.838136786827259,0.88853305272475,0.88853305272475,-0.889246292703568,0.838136786827259,0.838136786827259,0.838136786827259,0.88853305272475,0.88853305272475,0.792666186494583,0.66272293876329,0.66272293876329,-0.836707752301653,0.999290216349205,0.838136786827259,0.838136786827259,1,-0.887820254546728,0.834581514962595,0.362424298293057,0.498711492219046,0.999290216349205,-0.999290216349205,0.999290216349205,0.88853305272475,-0.498711492219046
"FUS",0.73946452304452,-0.196968935415299,0.837425244800434,0.0980383358575267,0.0980383358575267,0.73946452304452,0.738744914096298,0.73946452304452,0.992897920656386,-0.185632032396196,0.287652355112165,0.287652355112165,0.73946452304452,0.73946452304452,-0.809738542336736,0.140450846685026,0.140450846685026,0.836707752301653,1,0.997159168262554,1,-0.73946452304452,0.70193195255224,0.738744914096298,0.0163999891198347,0.272961568864202,0.272961568864202,0.332422044290074,0.332422044290074,0.73946452304452,0.998580555014325,0.145380140670641,0.837425244800434,0.530586078800017,0.145380140670641,0.145380140670641,0.530586078800017,0.272961568864202,0.73946452304452,0.73946452304452,0.73946452304452,0.73946452304452,0.0980383358575267,0.0655129233541287,0.0655129233541287,0.73946452304452,-0.998580555014325,0.73946452304452,0.73946452304452,-0.740184498589809,0.998580555014325,0.998580555014325,0.998580555014325,0.73946452304452,0.73946452304452,0.670522790656547,0.530586078800017,0.530586078800017,-1,0.837425244800434,0.998580555014325,0.998580555014325,0.836707752301653,-0.738744914096298,0.997869600468168,0.272961568864202,0.409213012866653,0.837425244800434,-0.837425244800434,0.837425244800434,0.73946452304452,-0.409213012866653
"Frizzled",0.736624105189614,-0.194128539037248,0.834584766807743,0.0980383358575267,0.0980383358575267,0.736624105189614,0.735904483355045,0.736624105189614,0.995738752393832,-0.182791651767529,0.284811486130741,0.284811486130741,0.736624105189614,0.736624105189614,-0.806898081526659,0.13761030855073,0.13761030855073,0.833867255694111,0.997159168262554,1,0.997159168262554,-0.736624105189614,0.699091586240967,0.735904483355045,0.0135592605119165,0.271541374970479,0.271541374970479,0.329581282739222,0.329581282739222,0.736624105189614,0.995739647354912,0.143959901674295,0.834584766807743,0.527745411777987,0.143959901674295,0.143959901674295,0.527745411777987,0.271541374970479,0.736624105189614,0.736624105189614,0.736624105189614,0.736624105189614,0.0980383358575267,0.0640926750503579,0.0640926750503579,0.736624105189614,-0.995739647354912,0.736624105189614,0.736624105189614,-0.737344092189286,0.995739647354912,0.995739647354912,0.995739647354912,0.736624105189614,0.736624105189614,0.667682252522251,0.527745411777987,0.527745411777987,-0.997159168262554,0.834584766807743,0.995739647354912,0.995739647354912,0.833867255694111,-0.735904483355045,0.99929003495888,0.271541374970479,0.407792764562883,0.834584766807743,-0.834584766807743,0.834584766807743,0.736624105189614,-0.407792764562883
"GLI",0.73946452304452,-0.196968935415299,0.837425244800434,0.0980383358575267,0.0980383358575267,0.73946452304452,0.738744914096298,0.73946452304452,0.992897920656386,-0.185632032396196,0.287652355112165,0.287652355112165,0.73946452304452,0.73946452304452,-0.809738542336736,0.140450846685026,0.140450846685026,0.836707752301653,1,0.997159168262554,1,-0.73946452304452,0.70193195255224,0.738744914096298,0.0163999891198347,0.272961568864202,0.272961568864202,0.332422044290074,0.332422044290074,0.73946452304452,0.998580555014325,0.145380140670641,0.837425244800434,0.530586078800017,0.145380140670641,0.145380140670641,0.530586078800017,0.272961568864202,0.73946452304452,0.73946452304452,0.73946452304452,0.73946452304452,0.0980383358575267,0.0655129233541287,0.0655129233541287,0.73946452304452,-0.998580555014325,0.73946452304452,0.73946452304452,-0.740184498589809,0.998580555014325,0.998580555014325,0.998580555014325,0.73946452304452,0.73946452304452,0.670522790656547,0.530586078800017,0.530586078800017,-1,0.837425244800434,0.998580555014325,0.998580555014325,0.836707752301653,-0.738744914096298,0.997869600468168,0.272961568864202,0.409213012866653,0.837425244800434,-0.837425244800434,0.837425244800434,0.73946452304452,-0.409213012866653
"GSK3",-1,0.311305237644465,-0.887821498587396,-0.125466814343344,-0.125466814343344,-1,-0.999290247823688,-1,-0.732363478407256,0.301372196982672,-0.474597494748389,-0.474597494748389,-1,-1,0.915510870820546,-0.301474606514323,-0.301474606514323,-0.88853305272475,-0.73946452304452,-0.736624105189614,-0.73946452304452,1,-0.444099713960761,-0.999290247823688,-0.000258622907672515,-0.304918639349967,-0.304918639349967,-0.537790138845491,-0.537790138845491,-1,-0.740895961419511,-0.309265545564279,-0.887821498587396,-0.774236174515038,-0.309265545564279,-0.309265545564279,-0.774236174515038,-0.304918639349967,-1,-1,-1,-1,-0.125466814343344,-0.0450284688981355,-0.0450284688981355,-1,0.740895961419511,-1,-1,0.999290253903663,-0.740895961419511,-0.740895961419511,-0.740895961419511,-1,-1,-0.904158156514353,-0.774236174515038,-0.774236174515038,0.73946452304452,-0.887821498587396,-0.740895961419511,-0.740895961419511,-0.88853305272475,0.999290247823688,-0.737339590893263,-0.304918639349967,-0.441220015847,-0.887821498587396,0.887821498587396,-0.887821498587396,-1,0.441220015847
"Goosecoid",0.444099713960761,-0.104724094708544,0.554870617035263,0.0166806411273401,0.0166806411273401,0.444099713960761,0.443391989435721,0.444099713960761,0.694831036774058,-0.0976232217777549,0.141671807054112,0.141671807054112,0.444099713960761,0.444099713960761,-0.528597050608951,0.0592826120478595,0.0592826120478595,0.555584513189512,0.70193195255224,0.699091586240967,0.70193195255224,-0.444099713960761,1,0.443391989435721,0.0365740601345825,0.143772459410206,0.143772459410206,0.167938432636821,0.167938432636821,0.444099713960761,0.703371437137806,0.0883922424080035,0.554870617035263,0.286510505915219,0.0883922424080035,0.0883922424080035,0.286510505915219,0.143772459410206,0.444099713960761,0.444099713960761,0.444099713960761,0.444099713960761,0.0166806411273401,0.0301787344787496,0.0301787344787496,0.444099713960761,-0.703371437137806,0.444099713960761,0.444099713960761,-0.444807656291469,0.703371437137806,0.703371437137806,0.703371437137806,0.444099713960761,0.444099713960761,0.405069283595023,0.286510505915219,0.286510505915219,-0.70193195255224,0.554870617035263,0.703371437137806,0.703371437137806,0.555584513189512,-0.443391989435721,0.699811104461929,0.143772459410206,0.280101483270896,0.554870617035263,-0.554870617035263,0.554870617035263,0.444099713960761,-0.280101483270896
"HEY1",0.999290247823688,-0.312013372298146,0.887109205974896,0.12477210999348,0.12477210999348,0.999290247823688,0.998579985099169,0.999290247823688,0.731643837243167,-0.302081290811233,0.47529640450346,0.47529640450346,0.999290247823688,0.999290247823688,-0.914799212254744,0.300773753596896,0.300773753596896,0.887820254546728,0.738744914096298,0.735904483355045,0.738744914096298,-0.999290247823688,0.443391989435721,1,-0.000462800987030031,0.304207253544693,0.304207253544693,0.538490821382044,0.538490821382044,0.999290247823688,0.740175331299444,0.308563230572363,0.887109205974896,0.77493941890899,0.308563230572363,0.308563230572363,0.77493941890899,0.304207253544693,0.999290247823688,0.999290247823688,0.999290247823688,0.999290247823688,0.12477210999348,0.0457318917559547,0.0457318917559547,0.999290247823688,-0.740175331299444,0.999290247823688,0.999290247823688,-0.998581005471188,0.740175331299444,0.740175331299444,0.740175331299444,0.999290247823688,0.999290247823688,0.903444410530841,0.77493941890899,0.77493941890899,-0.738744914096298,0.887109205974896,0.740175331299444,0.740175331299444,0.887820254546728,-0.998579985099169,0.736619458661047,0.304207253544693,0.440505188308796,0.887109205974896,-0.887109205974896,0.887109205974896,0.999290247823688,-0.440505188308796
"HGF",0.000258622907672515,-0.00880218679360516,0.0115747544867258,-0.0291395050803911,-0.0291395050803911,0.000258622907672515,0.000957362826111144,0.000258622907672515,0.0149796248158756,-0.00456440763675589,-0.0198309053784036,-0.0198309053784036,0.000258622907672515,0.000258622907672515,-0.0094557594797568,0.0133128375962692,0.0133128375962692,0.0122735852890384,0.0163999891198347,0.0135592605119165,0.0163999891198347,-0.000258622907672515,0.0365740601345825,-0.000462800987030031,1,-0.0146188453989449,-0.0146188453989449,-0.02192661582133,-0.02192661582133,0.000258622907672515,0.016377737281811,0.0296106812153557,0.0115747544867258,-0.0183411490058526,0.0296106812153557,0.0296106812153557,-0.0183411490058526,-0.0146188453989449,0.000258622907672515,0.000258622907672515,0.000258622907672515,0.000258622907672515,-0.0291395050803911,-0.0260717268283972,-0.0260717268283972,0.000258622907672515,-0.016377737281811,0.000258622907672515,0.000258622907672515,-0.000980040750591351,0.016377737281811,0.016377737281811,0.016377737281811,0.000258622907672515,0.000258622907672515,-0.000530880026845093,-0.0183411490058526,-0.0183411490058526,-0.0163999891198347,0.0115747544867258,0.016377737281811,0.016377737281811,0.0122735852890384,-0.000957362826111144,0.0142582848281336,-0.0146188453989449,-0.010449562632405,0.0115747544867258,-0.0115747544867258,0.0115747544867258,0.000258622907672515,0.010449562632405
"HIF1",0.304918639349967,-0.0393863202403613,0.361714687151062,0.0366538243651348,0.0366538243651348,0.304918639349967,0.305627246971652,0.304918639349967,0.267280793289311,-0.0280318996375107,0.0890448541794684,0.0890448541794684,0.304918639349967,0.304918639349967,-0.389405436487654,0.091991025148812,0.091991025148812,0.362424298293057,0.272961568864202,0.271541374970479,0.272961568864202,-0.304918639349967,0.143772459410206,0.304207253544693,-0.0146188453989449,1,1,0.0982808373782576,0.0982808373782576,0.304918639349967,0.274383549870757,0.0202698990261906,0.361714687151062,0.223965757086128,0.0202698990261906,0.0202698990261906,0.223965757086128,1,0.304918639349967,0.304918639349967,0.304918639349967,0.304918639349967,0.0366538243651348,0.0272980785232437,0.0272980785232437,0.304918639349967,-0.274383549870757,0.304918639349967,0.304918639349967,-0.305630172768428,0.274383549870757,0.274383549870757,0.274383549870757,0.304918639349967,0.304918639349967,0.260180659393358,0.223965757086128,0.223965757086128,-0.272961568864202,0.361714687151062,0.274383549870757,0.274383549870757,0.362424298293057,-0.305627246971652,0.272252268330898,1,0.863693601592819,0.361714687151062,-0.361714687151062,0.361714687151062,0.304918639349967,-0.863693601592819
"Hypoxia",0.304918639349967,-0.0393863202403613,0.361714687151062,0.0366538243651348,0.0366538243651348,0.304918639349967,0.305627246971652,0.304918639349967,0.267280793289311,-0.0280318996375107,0.0890448541794684,0.0890448541794684,0.304918639349967,0.304918639349967,-0.389405436487654,0.091991025148812,0.091991025148812,0.362424298293057,0.272961568864202,0.271541374970479,0.272961568864202,-0.304918639349967,0.143772459410206,0.304207253544693,-0.0146188453989449,1,1,0.0982808373782576,0.0982808373782576,0.304918639349967,0.274383549870757,0.0202698990261906,0.361714687151062,0.223965757086128,0.0202698990261906,0.0202698990261906,0.223965757086128,1,0.304918639349967,0.304918639349967,0.304918639349967,0.304918639349967,0.0366538243651348,0.0272980785232437,0.0272980785232437,0.304918639349967,-0.274383549870757,0.304918639349967,0.304918639349967,-0.305630172768428,0.274383549870757,0.274383549870757,0.274383549870757,0.304918639349967,0.304918639349967,0.260180659393358,0.223965757086128,0.223965757086128,-0.272961568864202,0.361714687151062,0.274383549870757,0.274383549870757,0.362424298293057,-0.305627246971652,0.272252268330898,1,0.863693601592819,0.361714687151062,-0.361714687151062,0.361714687151062,0.304918639349967,-0.863693601592819
"IGF1",0.537790138845491,-0.101819695080303,0.425558025793339,0.0667560527992924,0.0667560527992924,0.537790138845491,0.537070641099761,0.537790138845491,0.328160901963796,-0.101842824972754,0.161256425821662,0.161256425821662,0.537790138845491,0.537790138845491,-0.453261107741601,0.0509570069477045,0.0509570069477045,0.426259073547841,0.332422044290074,0.329581282739222,0.332422044290074,-0.537790138845491,0.167938432636821,0.538490821382044,-0.02192661582133,0.0982808373782576,0.0982808373782576,1,1,0.537790138845491,0.333827648234149,0.115539662933139,0.425558025793339,0.672623483647975,0.115539662933139,0.115539662933139,0.672623483647975,0.0982808373782576,0.537790138845491,0.537790138845491,0.537790138845491,0.537790138845491,0.0667560527992924,-0.01400702298247,-0.01400702298247,0.537790138845491,-0.333827648234149,0.537790138845491,0.537790138845491,-0.537089733413074,0.333827648234149,0.333827648234149,0.333827648234149,0.537790138845491,0.537790138845491,0.451805821079603,0.672623483647975,0.672623483647975,-0.332422044290074,0.425558025793339,0.333827648234149,0.333827648234149,0.426259073547841,-0.537070641099761,0.330283954059325,0.0982808373782576,0.186243040278091,0.425558025793339,-0.425558025793339,0.425558025793339,0.537790138845491,-0.186243040278091
"IGF1R",0.537790138845491,-0.101819695080303,0.425558025793339,0.0667560527992924,0.0667560527992924,0.537790138845491,0.537070641099761,0.537790138845491,0.328160901963796,-0.101842824972754,0.161256425821662,0.161256425821662,0.537790138845491,0.537790138845491,-0.453261107741601,0.0509570069477045,0.0509570069477045,0.426259073547841,0.332422044290074,0.329581282739222,0.332422044290074,-0.537790138845491,0.167938432636821,0.538490821382044,-0.02192661582133,0.0982808373782576,0.0982808373782576,1,1,0.537790138845491,0.333827648234149,0.115539662933139,0.425558025793339,0.672623483647975,0.115539662933139,0.115539662933139,0.672623483647975,0.0982808373782576,0.537790138845491,0.537790138845491,0.537790138845491,0.537790138845491,0.0667560527992924,-0.01400702298247,-0.01400702298247,0.537790138845491,-0.333827648234149,0.537790138845491,0.537790138845491,-0.537089733413074,0.333827648234149,0.333827648234149,0.333827648234149,0.537790138845491,0.537790138845491,0.451805821079603,0.672623483647975,0.672623483647975,-0.332422044290074,0.425558025793339,0.333827648234149,0.333827648234149,0.426259073547841,-0.537070641099761,0.330283954059325,0.0982808373782576,0.186243040278091,0.425558025793339,-0.425558025793339,0.425558025793339,0.537790138845491,-0.186243040278091
"IKK",1,-0.311305237644465,0.887821498587396,0.125466814343344,0.125466814343344,1,0.999290247823688,1,0.732363478407256,-0.301372196982672,0.474597494748389,0.474597494748389,1,1,-0.915510870820546,0.301474606514323,0.301474606514323,0.88853305272475,0.73946452304452,0.736624105189614,0.73946452304452,-1,0.444099713960761,0.999290247823688,0.000258622907672515,0.304918639349967,0.304918639349967,0.537790138845491,0.537790138845491,1,0.740895961419511,0.309265545564279,0.887821498587396,0.774236174515038,0.309265545564279,0.309265545564279,0.774236174515038,0.304918639349967,1,1,1,1,0.125466814343344,0.0450284688981355,0.0450284688981355,1,-0.740895961419511,1,1,-0.999290253903663,0.740895961419511,0.740895961419511,0.740895961419511,1,1,0.904158156514353,0.774236174515038,0.774236174515038,-0.73946452304452,0.887821498587396,0.740895961419511,0.740895961419511,0.88853305272475,-0.999290247823688,0.737339590893263,0.304918639349967,0.441220015847,0.887821498587396,-0.887821498587396,0.887821498587396,1,-0.441220015847
"ILK",0.740895961419511,-0.196967645301007,0.837435020691491,0.0966501753498886,0.0966501753498886,0.740895961419511,0.740175331299444,0.740895961419511,0.991478285865791,-0.185632455990119,0.287633317442497,0.287633317442497,0.740895961419511,0.740895961419511,-0.811168855086014,0.14189053722646,0.14189053722646,0.838136786827259,0.998580555014325,0.995739647354912,0.998580555014325,-0.740895961419511,0.703371437137806,0.740175331299444,0.016377737281811,0.274383549870757,0.274383549870757,0.333827648234149,0.333827648234149,0.740895961419511,1,0.145396630509574,0.837435020691491,0.531999957537816,0.145396630509574,0.145396630509574,0.531999957537816,0.274383549870757,0.740895961419511,0.740895961419511,0.740895961419511,0.740895961419511,0.0966501753498886,0.0669213474970002,0.0669213474970002,0.740895961419511,-1,0.740895961419511,0.740895961419511,-0.741616958849481,1,1,1,0.740895961419511,0.740895961419511,0.671945387645284,0.531999957537816,0.531999957537816,-0.998580555014325,0.837435020691491,1,1,0.838136786827259,-0.740175331299444,0.996449071087232,0.274383549870757,0.410630622483966,0.837435020691491,-0.837435020691491,0.837435020691491,0.740895961419511,-0.410630622483966
