"","AKT","AXIN2","CD44","CDC42","CHD1L","Csl","Csn","DELTA","DSH","Destcompl","EGF","EGFR","EGR1","ERK","Ecadherin","FGF","FGFR","FOXC2","FUS","Frizzled","GLI","GSK3","Goosecoid","HEY1","HGF","HIF1","Hypoxia","IGF1","IGF1R","IKK","ILK","JAK","Jagged","KLF4","LIF","LIFR","LIV1","LOXL23","MEK","NFB","NOTCH","NOTCHic","PAK1","PDGF","PDGFR","PI3K","Patched","RAF","RAS","RKIP","SHH","SMAD","SMO","SNAI1","SNAI2","SOSGRB2","SRC","STAT","SUFU","TCFLEF","TGF","TGFR","TWIST1","TrCP","Wnt","ZEB1","ZEB2","cMet","cateninmemb","cateninnuc","cfos","miR200"
"AKT",1,0.310452741410635,0.310452741410635,0.999636208052991,-0.0149604038991608,1,1,0.408470932679523,0.310452741410635,-0.241659115496917,0.107897236796442,0.107897236796442,0.408442129493037,0.409911499208266,-1,0.112550054489839,0.112550054489839,1,1,0.310452741410635,0.310452741410635,-0.693990280816002,0.829715127084109,0.999636208052991,0.135247512512714,0.140038749911212,0.140038749911212,0.0362771934657847,0.0362771934657847,1,1,0.12397119600906,1,-0.841371077437601,0.12397119600906,0.12397119600906,0.12397119600906,0.140038749911212,0.408478674342895,1,1,1,0.99854483625664,0.131195927374684,0.131195927374684,0.12397119600906,-1,0.408470932679523,0.408110922897302,-0.409544074070809,1,1,1,1,0.639482270437938,0.429919655363558,0.260372460941516,0.12397119600906,-1,0.310452741410635,1,1,1,-0.998908485264151,0.310452741410635,0.829715127084109,0.841371077437601,0.135247512512714,-0.310452741410635,0.310452741410635,0.409544074070809,-0.841371077437601
"AXIN2",0.310452741410635,1,1,0.31082148800573,0.00227523768706056,0.310452741410635,0.310452741410635,0.331771521975546,1,-0.931223262817276,0.0144049793429785,0.0144049793429785,0.331721408705622,0.333201648177582,-0.310452741410635,0.0553696344699118,0.0553696344699118,0.310452741410635,0.310452741410635,1,1,-0.616460947188992,0.159811818323337,0.310093704947223,0.0745576002534243,-0.00794921379815441,-0.00794921379815441,0.019245582557683,0.019245582557683,0.310452741410635,0.310452741410635,-0.0218688489429923,0.310452741410635,-0.167871557402505,-0.0218688489429923,-0.0218688489429923,-0.0218688489429923,-0.00794921379815441,0.331784489710669,0.310452741410635,0.310452741410635,0.310452741410635,0.311918054687129,0.0726492840514924,0.0726492840514924,-0.0218688489429923,-0.310452741410635,0.331771521975546,0.331414096914806,-0.332831520823425,0.310452741410635,0.310452741410635,0.310452741410635,0.310452741410635,0.56278003966161,0.0810244495063144,0.150174204656583,-0.0218688489429923,-0.310452741410635,1,0.310452741410635,0.310452741410635,0.310452741410635,-0.309356246326706,1,0.159811818323337,0.167871557402505,0.0745576002534243,-1,1,0.332831520823425,-0.167871557402505
"CD44",0.310452741410635,1,1,0.31082148800573,0.00227523768706056,0.310452741410635,0.310452741410635,0.331771521975546,1,-0.931223262817276,0.0144049793429785,0.0144049793429785,0.331721408705622,0.333201648177582,-0.310452741410635,0.0553696344699118,0.0553696344699118,0.310452741410635,0.310452741410635,1,1,-0.616460947188992,0.159811818323337,0.310093704947223,0.0745576002534243,-0.00794921379815441,-0.00794921379815441,0.019245582557683,0.019245582557683,0.310452741410635,0.310452741410635,-0.0218688489429923,0.310452741410635,-0.167871557402505,-0.0218688489429923,-0.0218688489429923,-0.0218688489429923,-0.00794921379815441,0.331784489710669,0.310452741410635,0.310452741410635,0.310452741410635,0.311918054687129,0.0726492840514924,0.0726492840514924,-0.0218688489429923,-0.310452741410635,0.331771521975546,0.331414096914806,-0.332831520823425,0.310452741410635,0.310452741410635,0.310452741410635,0.310452741410635,0.56278003966161,0.0810244495063144,0.150174204656583,-0.0218688489429923,-0.310452741410635,1,0.310452741410635,0.310452741410635,0.310452741410635,-0.309356246326706,1,0.159811818323337,0.167871557402505,0.0745576002534243,-1,1,0.332831520823425,-0.167871557402505
"CDC42",0.999636208052991,0.31082148800573,0.31082148800573,1,-0.0153305496074923,0.999636208052991,0.999636208052991,0.408103839371581,0.31082148800573,-0.24202981556984,0.107532347781042,0.107532347781042,0.408076099767776,0.409544933844326,-0.999636208052991,0.112188715863163,0.112188715863163,0.999636208052991,0.999636208052991,0.31082148800573,0.31082148800573,-0.693628298123666,0.829351568370483,0.999272285832675,0.134880014769212,0.140396735100111,0.140396735100111,0.0359099839683405,0.0359099839683405,0.999636208052991,0.999636208052991,0.124331320729974,0.999636208052991,-0.841006168378879,0.124331320729974,0.124331320729974,0.124331320729974,0.140396735100111,0.408111314648912,0.999636208052991,0.999636208052991,0.999636208052991,0.998908497979253,0.130830439532716,0.130830439532716,0.124331320729974,-0.999636208052991,0.408103839371581,0.407743697480644,-0.409177642689806,0.999636208052991,0.999636208052991,0.999636208052991,0.999636208052991,0.639115700538201,0.429553164639703,0.260006198140874,0.124331320729974,-0.999636208052991,0.31082148800573,0.999636208052991,0.999636208052991,0.999636208052991,-0.99854482778196,0.31082148800573,0.829351568370483,0.841006168378879,0.134880014769212,-0.31082148800573,0.31082148800573,0.409177642689806,-0.841006168378879
"CHD1L",-0.0149604038991608,0.00227523768706056,0.00227523768706056,-0.0153305496074923,1,-0.0149604038991608,-0.0149604038991608,-0.0130157485518965,0.00227523768706056,-0.00126530683834443,-0.0267804955808403,-0.0267804955808403,-0.0115097174618095,-0.0122627154346692,0.0149604038991608,-0.0131471478147886,-0.0131471478147886,-0.0149604038991608,-0.0149604038991608,0.00227523768706056,0.00227523768706056,0.00145206562141853,-0.00623931377321109,-0.0153305496074923,-0.00761410571007259,-0.00226263306914483,-0.00226263306914483,0.00766984645055984,0.00766984645055984,-0.0149604038991608,-0.0149604038991608,-0.0116233730695288,-0.0149604038991608,0.00702985773541688,-0.0116233730695288,-0.0116233730695288,-0.0116233730695288,-0.00226263306914483,-0.013028383244141,-0.0149604038991608,-0.0149604038991608,-0.0149604038991608,-0.0157006952384087,-0.00715562495183553,-0.00715562495183553,-0.0116233730695288,0.0149604038991608,-0.0130157485518965,-0.0133859607445444,0.0118925169234386,-0.0149604038991608,-0.0149604038991608,-0.0149604038991608,-0.0149604038991608,0.000504958033931659,-0.0249926224564925,-0.0119051308397806,-0.0116233730695288,0.0149604038991608,0.00227523768706056,-0.0149604038991608,-0.0149604038991608,-0.0149604038991608,0.0138624530331022,0.00227523768706056,-0.00623931377321109,-0.00702985773541688,-0.00761410571007259,-0.00227523768706056,0.00227523768706056,-0.0118925169234386,0.00702985773541688
"Csl",1,0.310452741410635,0.310452741410635,0.999636208052991,-0.0149604038991608,1,1,0.408470932679523,0.310452741410635,-0.241659115496917,0.107897236796442,0.107897236796442,0.408442129493037,0.409911499208266,-1,0.112550054489839,0.112550054489839,1,1,0.310452741410635,0.310452741410635,-0.693990280816002,0.829715127084109,0.999636208052991,0.135247512512714,0.140038749911212,0.140038749911212,0.0362771934657847,0.0362771934657847,1,1,0.12397119600906,1,-0.841371077437601,0.12397119600906,0.12397119600906,0.12397119600906,0.140038749911212,0.408478674342895,1,1,1,0.99854483625664,0.131195927374684,0.131195927374684,0.12397119600906,-1,0.408470932679523,0.408110922897302,-0.409544074070809,1,1,1,1,0.639482270437938,0.429919655363558,0.260372460941516,0.12397119600906,-1,0.310452741410635,1,1,1,-0.998908485264151,0.310452741410635,0.829715127084109,0.841371077437601,0.135247512512714,-0.310452741410635,0.310452741410635,0.409544074070809,-0.841371077437601
"Csn",1,0.310452741410635,0.310452741410635,0.999636208052991,-0.0149604038991608,1,1,0.408470932679523,0.310452741410635,-0.241659115496917,0.107897236796442,0.107897236796442,0.408442129493037,0.409911499208266,-1,0.112550054489839,0.112550054489839,1,1,0.310452741410635,0.310452741410635,-0.693990280816002,0.829715127084109,0.999636208052991,0.135247512512714,0.140038749911212,0.140038749911212,0.0362771934657847,0.0362771934657847,1,1,0.12397119600906,1,-0.841371077437601,0.12397119600906,0.12397119600906,0.12397119600906,0.140038749911212,0.408478674342895,1,1,1,0.99854483625664,0.131195927374684,0.131195927374684,0.12397119600906,-1,0.408470932679523,0.408110922897302,-0.409544074070809,1,1,1,1,0.639482270437938,0.429919655363558,0.260372460941516,0.12397119600906,-1,0.310452741410635,1,1,1,-0.998908485264151,0.310452741410635,0.829715127084109,0.841371077437601,0.135247512512714,-0.310452741410635,0.310452741410635,0.409544074070809,-0.841371077437601
"DELTA",0.408470932679523,0.331771521975546,0.331771521975546,0.408103839371581,-0.0130157485518965,0.408470932679523,0.408470932679523,1,0.331771521975546,-0.289248411621971,0.315984912628516,0.315984912628516,0.994182764833125,0.994907246003944,-0.408470932679523,0.270567882769533,0.270567882769533,0.408470932679523,0.408470932679523,0.331771521975546,0.331771521975546,-0.714502713663632,0.23818236409215,0.408103839371581,0.518625116512023,0.0241129969885154,0.0241129969885154,0.167868838009637,0.167868838009637,0.408470932679523,0.408470932679523,0.246096438614935,0.408470932679523,-0.249799942477401,0.246096438614935,0.246096438614935,0.246096438614935,0.0241129969885154,0.997817176890739,0.408470932679523,0.408470932679523,0.408470932679523,0.407009100731807,0.398206427877817,0.398206427877817,0.246096438614935,-0.408470932679523,0.999272307218998,0.999636219031217,-0.994544005876313,0.408470932679523,0.408470932679523,0.408470932679523,0.408470932679523,0.768965931331806,0.748585962283591,0.818442256316351,0.246096438614935,-0.408470932679523,0.331771521975546,0.408470932679523,0.408470932679523,0.408470932679523,-0.407382666634925,0.331771521975546,0.23818236409215,0.249799942477401,0.518625116512023,-0.331771521975546,0.331771521975546,0.994544005876313,-0.249799942477401
"DSH",0.310452741410635,1,1,0.31082148800573,0.00227523768706056,0.310452741410635,0.310452741410635,0.331771521975546,1,-0.931223262817276,0.0144049793429785,0.0144049793429785,0.331721408705622,0.333201648177582,-0.310452741410635,0.0553696344699118,0.0553696344699118,0.310452741410635,0.310452741410635,1,1,-0.616460947188992,0.159811818323337,0.310093704947223,0.0745576002534243,-0.00794921379815441,-0.00794921379815441,0.019245582557683,0.019245582557683,0.310452741410635,0.310452741410635,-0.0218688489429923,0.310452741410635,-0.167871557402505,-0.0218688489429923,-0.0218688489429923,-0.0218688489429923,-0.00794921379815441,0.331784489710669,0.310452741410635,0.310452741410635,0.310452741410635,0.311918054687129,0.0726492840514924,0.0726492840514924,-0.0218688489429923,-0.310452741410635,0.331771521975546,0.331414096914806,-0.332831520823425,0.310452741410635,0.310452741410635,0.310452741410635,0.310452741410635,0.56278003966161,0.0810244495063144,0.150174204656583,-0.0218688489429923,-0.310452741410635,1,0.310452741410635,0.310452741410635,0.310452741410635,-0.309356246326706,1,0.159811818323337,0.167871557402505,0.0745576002534243,-1,1,0.332831520823425,-0.167871557402505
"Destcompl",-0.241659115496917,-0.931223262817276,-0.931223262817276,-0.24202981556984,-0.00126530683834443,-0.241659115496917,-0.241659115496917,-0.289248411621971,-0.931223262817276,1,-0.00313440034004898,-0.00313440034004898,-0.289185042222327,-0.290672080047563,0.241659115496917,-0.0375051727923636,-0.0375051727923636,-0.241659115496917,-0.241659115496917,-0.931223262817276,-0.931223262817276,0.547679953867211,-0.0946482784566869,-0.241301969866005,-0.0604130693412521,0.0206168203370751,0.0206168203370751,-0.0276597134822179,-0.0276597134822179,-0.241659115496917,-0.241659115496917,0.0192793459478832,-0.241659115496917,0.102727261263994,0.0192793459478832,0.0192793459478832,0.0192793459478832,0.0206168203370751,-0.289264637150834,-0.241659115496917,-0.241659115496917,-0.241659115496917,-0.243128389255661,-0.0613905588116256,-0.0613905588116256,0.0192793459478832,0.241659115496917,-0.289248411621971,-0.288892586946884,0.290300261544063,-0.241659115496917,-0.241659115496917,-0.241659115496917,-0.241659115496917,-0.494787988729141,-0.0523002616214066,-0.125826309797141,0.0192793459478832,0.241659115496917,-0.931223262817276,-0.241659115496917,-0.241659115496917,-0.241659115496917,0.240560595169962,-0.931223262817276,-0.0946482784566869,-0.102727261263994,-0.0604130693412521,0.931223262817276,-0.931223262817276,-0.290300261544063,0.102727261263994
"EGF",0.107897236796442,0.0144049793429785,0.0144049793429785,0.107532347781042,-0.0267804955808403,0.107897236796442,0.107897236796442,0.315984912628516,0.0144049793429785,-0.00313440034004898,1,1,0.314531541290891,0.314530211197781,-0.107897236796442,0.0267583848996988,0.0267583848996988,0.107897236796442,0.107897236796442,0.0144049793429785,0.0144049793429785,-0.183223230121647,0.0511352421865451,0.108260041140333,0.0456453370269575,0.0256231122631724,0.0256231122631724,0.0245420368387963,0.0245420368387963,0.107897236796442,0.107897236796442,0.000891061479888565,0.107897236796442,-0.0540376178394594,0.000891061479888565,0.000891061479888565,0.000891061479888565,0.0256231122631724,0.315257151018891,0.107897236796442,0.107897236796442,0.107897236796442,0.106439783742882,0.0358310988127035,0.0358310988127035,0.000891061479888565,-0.107897236796442,0.316712595294872,0.316348695934376,-0.314166643063838,0.107897236796442,0.107897236796442,0.107897236796442,0.107897236796442,0.207200191257504,0.38184054872393,0.295246499322765,0.000891061479888565,-0.107897236796442,0.0144049793429785,0.107897236796442,0.107897236796442,0.107897236796442,-0.108262142270545,0.0144049793429785,0.0511352421865451,0.0540376178394594,0.0456453370269575,-0.0144049793429785,0.0144049793429785,0.314166643063838,-0.0540376178394594
"EGFR",0.107897236796442,0.0144049793429785,0.0144049793429785,0.107532347781042,-0.0267804955808403,0.107897236796442,0.107897236796442,0.315984912628516,0.0144049793429785,-0.00313440034004898,1,1,0.314531541290891,0.314530211197781,-0.107897236796442,0.0267583848996988,0.0267583848996988,0.107897236796442,0.107897236796442,0.0144049793429785,0.0144049793429785,-0.183223230121647,0.0511352421865451,0.108260041140333,0.0456453370269575,0.0256231122631724,0.0256231122631724,0.0245420368387963,0.0245420368387963,0.107897236796442,0.107897236796442,0.000891061479888565,0.107897236796442,-0.0540376178394594,0.000891061479888565,0.000891061479888565,0.000891061479888565,0.0256231122631724,0.315257151018891,0.107897236796442,0.107897236796442,0.107897236796442,0.106439783742882,0.0358310988127035,0.0358310988127035,0.000891061479888565,-0.107897236796442,0.316712595294872,0.316348695934376,-0.314166643063838,0.107897236796442,0.107897236796442,0.107897236796442,0.107897236796442,0.207200191257504,0.38184054872393,0.295246499322765,0.000891061479888565,-0.107897236796442,0.0144049793429785,0.107897236796442,0.107897236796442,0.107897236796442,-0.108262142270545,0.0144049793429785,0.0511352421865451,0.0540376178394594,0.0456453370269575,-0.0144049793429785,0.0144049793429785,0.314166643063838,-0.0540376178394594
"EGR1",0.408442129493037,0.331721408705622,0.331721408705622,0.408076099767776,-0.0115097174618095,0.408442129493037,0.408442129493037,0.994182764833125,0.331721408705622,-0.289185042222327,0.314531541290891,0.314531541290891,1,0.998545701598436,-0.408442129493037,0.271269512791437,0.271269512791437,0.408442129493037,0.408442129493037,0.331721408705622,0.331721408705622,-0.714462769324616,0.238157753020071,0.408076099767776,0.518644747093012,0.0241566572544673,0.0241566572544673,0.167165039100025,0.167165039100025,0.408442129493037,0.408442129493037,0.246848151059639,0.408442129493037,-0.249785780542116,0.246848151059639,0.246848151059639,0.246848151059639,0.0241566572544673,0.995640496499133,0.408442129493037,0.408442129493037,0.408442129493037,0.406982433563441,0.397483962189353,0.397483962189353,0.246848151059639,-0.408442129493037,0.994910448751748,0.993820035028353,-0.998909079218138,0.408442129493037,0.408442129493037,0.408442129493037,0.408442129493037,0.768963449883793,0.743494221539904,0.818445526487763,0.246848151059639,-0.408442129493037,0.331721408705622,0.408442129493037,0.408442129493037,0.408442129493037,-0.407352817580731,0.331721408705622,0.238157753020071,0.249785780542116,0.518644747093012,-0.331721408705622,0.331721408705622,0.998909079218138,-0.249785780542116
"ERK",0.409911499208266,0.333201648177582,0.333201648177582,0.409544933844326,-0.0122627154346692,0.409911499208266,0.409911499208266,0.994907246003944,0.333201648177582,-0.290672080047563,0.314530211197781,0.314530211197781,0.998545701598436,1,-0.409911499208266,0.271282262138027,0.271282262138027,0.409911499208266,0.409911499208266,0.333201648177582,0.333201648177582,-0.715937420554716,0.239625198746844,0.409544933844326,0.517178972766394,0.0255903196368005,0.0255903196368005,0.167880611463882,0.167880611463882,0.409911499208266,0.409911499208266,0.248291304420674,0.409911499208266,-0.251247959560406,0.248291304420674,0.248291304420674,0.248291304420674,0.0255903196368005,0.997091619867101,0.409911499208266,0.409911499208266,0.409911499208266,0.40845072853827,0.396753250966798,0.396753250966798,0.248291304420674,-0.409911499208266,0.995634933583075,0.994543986381154,-0.999636225531171,0.409911499208266,0.409911499208266,0.409911499208266,0.409911499208266,0.770419232317968,0.743492401707881,0.816987657577544,0.248291304420674,-0.409911499208266,0.333201648177582,0.409911499208266,0.409911499208266,0.409911499208266,-0.408822715811197,0.333201648177582,0.239625198746844,0.251247959560406,0.517178972766394,-0.333201648177582,0.333201648177582,0.999636225531171,-0.251247959560406
"Ecadherin",-1,-0.310452741410635,-0.310452741410635,-0.999636208052991,0.0149604038991608,-1,-1,-0.408470932679523,-0.310452741410635,0.241659115496917,-0.107897236796442,-0.107897236796442,-0.408442129493037,-0.409911499208266,1,-0.112550054489839,-0.112550054489839,-1,-1,-0.310452741410635,-0.310452741410635,0.693990280816002,-0.829715127084109,-0.999636208052991,-0.135247512512714,-0.140038749911212,-0.140038749911212,-0.0362771934657847,-0.0362771934657847,-1,-1,-0.12397119600906,-1,0.841371077437601,-0.12397119600906,-0.12397119600906,-0.12397119600906,-0.140038749911212,-0.408478674342895,-1,-1,-1,-0.99854483625664,-0.131195927374684,-0.131195927374684,-0.12397119600906,1,-0.408470932679523,-0.408110922897303,0.409544074070809,-1,-1,-1,-1,-0.639482270437938,-0.429919655363558,-0.260372460941516,-0.12397119600906,1,-0.310452741410635,-1,-1,-1,0.998908485264151,-0.310452741410635,-0.829715127084109,-0.841371077437601,-0.135247512512714,0.310452741410635,-0.310452741410635,-0.409544074070809,0.841371077437601
"FGF",0.112550054489839,0.0553696344699118,0.0553696344699118,0.112188715863163,-0.0131471478147886,0.112550054489839,0.112550054489839,0.270567882769533,0.0553696344699118,-0.0375051727923636,0.0267583848996988,0.0267583848996988,0.271269512791437,0.271282262138027,-0.112550054489839,1,1,0.112550054489839,0.112550054489839,0.0553696344699118,0.0553696344699118,-0.184942357247202,0.0652538169146547,0.112188715863163,0.0038902681209997,0.00284728511971267,0.00284728511971267,-0.00848098572910923,-0.00848098572910923,0.112550054489839,0.112550054489839,0.0333659178261231,0.112550054489839,-0.0674640314952864,0.0333659178261231,0.0333659178261231,0.0333659178261231,0.00284728511971267,0.270574757211665,0.112550054489839,0.112550054489839,0.112550054489839,0.111827394146248,0.00566668467214832,0.00566668467214832,0.0333659178261231,-0.112550054489839,0.269840179295448,0.270935154580967,-0.271642869528001,0.112550054489839,0.112550054489839,0.112550054489839,0.112550054489839,0.204682419989074,0.278192144440468,0.249090706719121,0.0333659178261231,-0.112550054489839,0.0553696344699118,0.112550054489839,0.112550054489839,0.112550054489839,-0.112183691667516,0.0553696344699118,0.0652538169146547,0.0674640314952864,0.0038902681209997,-0.0553696344699118,0.0553696344699118,0.271642869528001,-0.0674640314952864
"FGFR",0.112550054489839,0.0553696344699118,0.0553696344699118,0.112188715863163,-0.0131471478147886,0.112550054489839,0.112550054489839,0.270567882769533,0.0553696344699118,-0.0375051727923636,0.0267583848996988,0.0267583848996988,0.271269512791437,0.271282262138027,-0.112550054489839,1,1,0.112550054489839,0.112550054489839,0.0553696344699118,0.0553696344699118,-0.184942357247202,0.0652538169146547,0.112188715863163,0.0038902681209997,0.00284728511971267,0.00284728511971267,-0.00848098572910923,-0.00848098572910923,0.112550054489839,0.112550054489839,0.0333659178261231,0.112550054489839,-0.0674640314952864,0.0333659178261231,0.0333659178261231,0.0333659178261231,0.00284728511971267,0.270574757211665,0.112550054489839,0.112550054489839,0.112550054489839,0.111827394146248,0.00566668467214832,0.00566668467214832,0.0333659178261231,-0.112550054489839,0.269840179295448,0.270935154580967,-0.271642869528001,0.112550054489839,0.112550054489839,0.112550054489839,0.112550054489839,0.204682419989074,0.278192144440468,0.249090706719121,0.0333659178261231,-0.112550054489839,0.0553696344699118,0.112550054489839,0.112550054489839,0.112550054489839,-0.112183691667516,0.0553696344699118,0.0652538169146547,0.0674640314952864,0.0038902681209997,-0.0553696344699118,0.0553696344699118,0.271642869528001,-0.0674640314952864
"FOXC2",1,0.310452741410635,0.310452741410635,0.999636208052991,-0.0149604038991608,1,1,0.408470932679523,0.310452741410635,-0.241659115496917,0.107897236796442,0.107897236796442,0.408442129493037,0.409911499208266,-1,0.112550054489839,0.112550054489839,1,1,0.310452741410635,0.310452741410635,-0.693990280816002,0.829715127084109,0.999636208052991,0.135247512512714,0.140038749911212,0.140038749911212,0.0362771934657847,0.0362771934657847,1,1,0.12397119600906,1,-0.841371077437601,0.12397119600906,0.12397119600906,0.12397119600906,0.140038749911212,0.408478674342895,1,1,1,0.99854483625664,0.131195927374684,0.131195927374684,0.12397119600906,-1,0.408470932679523,0.408110922897302,-0.409544074070809,1,1,1,1,0.639482270437938,0.429919655363558,0.260372460941516,0.12397119600906,-1,0.310452741410635,1,1,1,-0.998908485264151,0.310452741410635,0.829715127084109,0.841371077437601,0.135247512512714,-0.310452741410635,0.310452741410635,0.409544074070809,-0.841371077437601
"FUS",1,0.310452741410635,0.310452741410635,0.999636208052991,-0.0149604038991608,1,1,0.408470932679523,0.310452741410635,-0.241659115496917,0.107897236796442,0.107897236796442,0.408442129493037,0.409911499208266,-1,0.112550054489839,0.112550054489839,1,1,0.310452741410635,0.310452741410635,-0.693990280816002,0.829715127084109,0.999636208052991,0.135247512512714,0.140038749911212,0.140038749911212,0.0362771934657847,0.0362771934657847,1,1,0.12397119600906,1,-0.841371077437601,0.12397119600906,0.12397119600906,0.12397119600906,0.140038749911212,0.408478674342895,1,1,1,0.99854483625664,0.131195927374684,0.131195927374684,0.12397119600906,-1,0.408470932679523,0.408110922897302,-0.409544074070809,1,1,1,1,0.639482270437938,0.429919655363558,0.260372460941516,0.12397119600906,-1,0.310452741410635,1,1,1,-0.998908485264151,0.310452741410635,0.829715127084109,0.841371077437601,0.135247512512714,-0.310452741410635,0.310452741410635,0.409544074070809,-0.841371077437601
"Frizzled",0.310452741410635,1,1,0.31082148800573,0.00227523768706056,0.310452741410635,0.310452741410635,0.331771521975546,1,-0.931223262817276,0.0144049793429785,0.0144049793429785,0.331721408705622,0.333201648177582,-0.310452741410635,0.0553696344699118,0.0553696344699118,0.310452741410635,0.310452741410635,1,1,-0.616460947188992,0.159811818323337,0.310093704947223,0.0745576002534243,-0.00794921379815441,-0.00794921379815441,0.019245582557683,0.019245582557683,0.310452741410635,0.310452741410635,-0.0218688489429923,0.310452741410635,-0.167871557402505,-0.0218688489429923,-0.0218688489429923,-0.0218688489429923,-0.00794921379815441,0.331784489710669,0.310452741410635,0.310452741410635,0.310452741410635,0.311918054687129,0.0726492840514924,0.0726492840514924,-0.0218688489429923,-0.310452741410635,0.331771521975546,0.331414096914806,-0.332831520823425,0.310452741410635,0.310452741410635,0.310452741410635,0.310452741410635,0.56278003966161,0.0810244495063144,0.150174204656583,-0.0218688489429923,-0.310452741410635,1,0.310452741410635,0.310452741410635,0.310452741410635,-0.309356246326706,1,0.159811818323337,0.167871557402505,0.0745576002534243,-1,1,0.332831520823425,-0.167871557402505
"GLI",0.310452741410635,1,1,0.31082148800573,0.00227523768706056,0.310452741410635,0.310452741410635,0.331771521975546,1,-0.931223262817276,0.0144049793429785,0.0144049793429785,0.331721408705622,0.333201648177582,-0.310452741410635,0.0553696344699118,0.0553696344699118,0.310452741410635,0.310452741410635,1,1,-0.616460947188992,0.159811818323337,0.310093704947223,0.0745576002534243,-0.00794921379815441,-0.00794921379815441,0.019245582557683,0.019245582557683,0.310452741410635,0.310452741410635,-0.0218688489429923,0.310452741410635,-0.167871557402505,-0.0218688489429923,-0.0218688489429923,-0.0218688489429923,-0.00794921379815441,0.331784489710669,0.310452741410635,0.310452741410635,0.310452741410635,0.311918054687129,0.0726492840514924,0.0726492840514924,-0.0218688489429923,-0.310452741410635,0.331771521975546,0.331414096914806,-0.332831520823425,0.310452741410635,0.310452741410635,0.310452741410635,0.310452741410635,0.56278003966161,0.0810244495063144,0.150174204656583,-0.0218688489429923,-0.310452741410635,1,0.310452741410635,0.310452741410635,0.310452741410635,-0.309356246326706,1,0.159811818323337,0.167871557402505,0.0745576002534243,-1,1,0.332831520823425,-0.167871557402505
"GSK3",-0.693990280816002,-0.616460947188992,-0.616460947188992,-0.693628298123666,0.00145206562141853,-0.693990280816002,-0.693990280816002,-0.714502713663632,-0.616460947188992,0.547679953867211,-0.183223230121647,-0.183223230121647,-0.714462769324616,-0.715937420554716,0.693990280816002,-0.184942357247202,-0.184942357247202,-0.693990280816002,-0.693990280816002,-0.616460947188992,-0.616460947188992,1,-0.523704900421078,-0.693628298123666,-0.295012508789733,-0.0545647294457319,-0.0545647294457319,-0.0883342157178657,-0.0883342157178657,-0.693990280816002,-0.693990280816002,-0.101073913903789,-0.693990280816002,0.535376677888079,-0.101073913903789,-0.101073913903789,-0.101073913903789,-0.0545647294457319,-0.714513645796418,-0.693990280816002,-0.693990280816002,-0.693990280816002,-0.692538677524622,-0.264016044256838,-0.264016044256838,-0.101073913903789,0.693990280816002,-0.714502713663632,-0.714144270088464,0.715568614266575,-0.693990280816002,-0.693990280816002,-0.693990280816002,-0.693990280816002,-0.945507266906176,-0.464506295596793,-0.532921114231747,-0.101073913903789,0.693990280816002,-0.616460947188992,-0.693990280816002,-0.693990280816002,-0.693990280816002,0.692896881232197,-0.616460947188992,-0.523704900421078,-0.535376677888079,-0.295012508789733,0.616460947188992,-0.616460947188992,-0.715568614266575,0.535376677888079
"Goosecoid",0.829715127084109,0.159811818323337,0.159811818323337,0.829351568370483,-0.00623931377321109,0.829715127084109,0.829715127084109,0.23818236409215,0.159811818323337,-0.0946482784566869,0.0511352421865451,0.0511352421865451,0.238157753020071,0.239625198746844,-0.829715127084109,0.0652538169146547,0.0652538169146547,0.829715127084109,0.829715127084109,0.159811818323337,0.159811818323337,-0.523704900421078,1,0.830079280514727,0.0588297826470036,0.0898106377325778,0.0898106377325778,0.00497859206770225,0.00497859206770225,0.829715127084109,0.829715127084109,0.0468252914480369,0.829715127084109,-0.988363496200313,0.0468252914480369,0.0468252914480369,0.0468252914480369,0.0898106377325778,0.238188832275828,0.829715127084109,0.829715127084109,0.829715127084109,0.828260411404437,0.0613340196071729,0.0613340196071729,0.0468252914480369,-0.829715127084109,0.23818236409215,0.237821730914602,-0.239258288421793,0.829715127084109,0.829715127084109,0.829715127084109,0.829715127084109,0.469197001320139,0.280736914221117,0.131565228554403,0.0468252914480369,-0.829715127084109,0.159811818323337,0.829715127084109,0.829715127084109,0.829715127084109,-0.830078797812818,0.159811818323337,1,0.988363496200313,0.0588297826470036,-0.159811818323337,0.159811818323337,0.239258288421793,-0.988363496200313
"HEY1",0.999636208052991,0.310093704947223,0.310093704947223,0.999272285832675,-0.0153305496074923,0.999636208052991,0.999636208052991,0.408103839371581,0.310093704947223,-0.241301969866005,0.108260041140333,0.108260041140333,0.408076099767776,0.409544933844326,-0.999636208052991,0.112188715863163,0.112188715863163,0.999636208052991,0.999636208052991,0.310093704947223,0.310093704947223,-0.693628298123666,0.830079280514727,1,0.135607735583924,0.13966896023249,0.13966896023249,0.0359099839683405,0.0359099839683405,0.999636208052991,0.999636208052991,0.123603597506743,0.999636208052991,-0.841733865591375,0.123603597506743,0.123603597506743,0.123603597506743,0.13966896023249,0.408111314648912,0.999636208052991,0.999636208052991,0.999636208052991,0.998180785835009,0.130830439532716,0.130830439532716,0.123603597506743,-0.999636208052991,0.408103839371581,0.407743697480644,-0.409177642689806,0.999636208052991,0.999636208052991,0.999636208052991,0.999636208052991,0.639115700538201,0.429553164639703,0.260006198140874,0.123603597506743,-0.999636208052991,0.310093704947223,0.999636208052991,0.999636208052991,0.999636208052991,-0.99854482778196,0.310093704947223,0.830079280514727,0.841733865591375,0.135607735583924,-0.310093704947223,0.310093704947223,0.409177642689806,-0.841733865591375
"HGF",0.135247512512714,0.0745576002534243,0.0745576002534243,0.134880014769212,-0.00761410571007259,0.135247512512714,0.135247512512714,0.518625116512023,0.0745576002534243,-0.0604130693412521,0.0456453370269575,0.0456453370269575,0.518644747093012,0.517178972766394,-0.135247512512714,0.0038902681209997,0.0038902681209997,0.135247512512714,0.135247512512714,0.0745576002534243,0.0745576002534243,-0.295012508789733,0.0588297826470036,0.135607735583924,1,-0.00977771884433912,-0.00977771884433912,0.0350333851758063,0.0350333851758063,0.135247512512714,0.135247512512714,0.0754192654738075,0.135247512512714,-0.0668008843998545,0.0754192654738075,0.0754192654738075,0.0754192654738075,-0.00977771884433912,0.517165468758134,0.135247512512714,0.135247512512714,0.135247512512714,0.133784818183058,0.0114305087485453,0.0114305087485453,0.0754192654738075,-0.135247512512714,0.517897406390648,0.518986827442441,-0.517545314962101,0.135247512512714,0.135247512512714,0.135247512512714,0.135247512512714,0.342180118108443,0.474610787238121,0.514629579693652,0.0754192654738075,-0.135247512512714,0.0745576002534243,0.135247512512714,0.135247512512714,0.135247512512714,-0.134887305201486,0.0745576002534243,0.0588297826470036,0.0668008843998545,1,-0.0745576002534243,0.0745576002534243,0.517545314962101,-0.0668008843998545
"HIF1",0.140038749911212,-0.00794921379815441,-0.00794921379815441,0.140396735100111,-0.00226263306914483,0.140038749911212,0.140038749911212,0.0241129969885154,-0.00794921379815441,0.0206168203370751,0.0256231122631724,0.0256231122631724,0.0241566572544673,0.0255903196368005,-0.140038749911212,0.00284728511971267,0.00284728511971267,0.140038749911212,0.140038749911212,-0.00794921379815441,-0.00794921379815441,-0.0545647294457319,0.0898106377325778,0.13966896023249,-0.00977771884433912,1,1,0.0135112896536654,0.0135112896536654,0.140038749911212,0.140038749911212,-0.0210638964892672,0.140038749911212,-0.101397978901037,-0.0210638964892672,-0.0210638964892672,-0.0210638964892672,1,0.0248298810157851,0.140038749911212,0.140038749911212,0.140038749911212,0.140754736838532,0.0168681536293314,0.0168681536293314,-0.0210638964892672,-0.140038749911212,0.0241129969885154,0.0244714365993832,-0.0252318976787281,0.140038749911212,0.140038749911212,0.140038749911212,0.140038749911212,0.0499974186800409,0.0397870559062873,0.0244932258194564,-0.0210638964892672,-0.140038749911212,-0.00794921379815441,0.140038749911212,0.140038749911212,0.140038749911212,-0.139680781129959,-0.00794921379815441,0.0898106377325778,0.101397978901037,-0.00977771884433912,0.00794921379815441,-0.00794921379815441,0.0252318976787281,-0.101397978901037
"Hypoxia",0.140038749911212,-0.00794921379815441,-0.00794921379815441,0.140396735100111,-0.00226263306914483,0.140038749911212,0.140038749911212,0.0241129969885154,-0.00794921379815441,0.0206168203370751,0.0256231122631724,0.0256231122631724,0.0241566572544673,0.0255903196368005,-0.140038749911212,0.00284728511971267,0.00284728511971267,0.140038749911212,0.140038749911212,-0.00794921379815441,-0.00794921379815441,-0.0545647294457319,0.0898106377325778,0.13966896023249,-0.00977771884433912,1,1,0.0135112896536654,0.0135112896536654,0.140038749911212,0.140038749911212,-0.0210638964892672,0.140038749911212,-0.101397978901037,-0.0210638964892672,-0.0210638964892672,-0.0210638964892672,1,0.0248298810157851,0.140038749911212,0.140038749911212,0.140038749911212,0.140754736838532,0.0168681536293314,0.0168681536293314,-0.0210638964892672,-0.140038749911212,0.0241129969885154,0.0244714365993832,-0.0252318976787281,0.140038749911212,0.140038749911212,0.140038749911212,0.140038749911212,0.0499974186800409,0.0397870559062873,0.0244932258194564,-0.0210638964892672,-0.140038749911212,-0.00794921379815441,0.140038749911212,0.140038749911212,0.140038749911212,-0.139680781129959,-0.00794921379815441,0.0898106377325778,0.101397978901037,-0.00977771884433912,0.00794921379815441,-0.00794921379815441,0.0252318976787281,-0.101397978901037
"IGF1",0.0362771934657847,0.019245582557683,0.019245582557683,0.0359099839683405,0.00766984645055984,0.0362771934657847,0.0362771934657847,0.167868838009637,0.019245582557683,-0.0276597134822179,0.0245420368387963,0.0245420368387963,0.167165039100025,0.167880611463882,-0.0362771934657847,-0.00848098572910923,-0.00848098572910923,0.0362771934657847,0.0362771934657847,0.019245582557683,0.019245582557683,-0.0883342157178657,0.00497859206770225,0.0359099839683405,0.0350333851758063,0.0135112896536654,0.0135112896536654,1,1,0.0362771934657847,0.0362771934657847,-0.0162746982344605,0.0362771934657847,-0.00858457562157751,-0.0162746982344605,-0.0162746982344605,-0.0162746982344605,0.0135112896536654,0.168590797854317,0.0362771934657847,0.0362771934657847,0.0362771934657847,0.0348150625238016,-0.0162222013151368,-0.0162222013151368,-0.0162746982344605,-0.0362771934657847,0.167868838009637,0.16750209434519,-0.168247462292439,0.0362771934657847,0.0362771934657847,0.0362771934657847,0.0362771934657847,0.0984004223108463,0.0634581064915402,0.253383098636088,-0.0162746982344605,-0.0362771934657847,0.019245582557683,0.0362771934657847,0.0362771934657847,0.0362771934657847,-0.0366444099536963,0.019245582557683,0.00497859206770225,0.00858457562157751,0.0350333851758063,-0.019245582557683,0.019245582557683,0.168247462292439,-0.00858457562157751
"IGF1R",0.0362771934657847,0.019245582557683,0.019245582557683,0.0359099839683405,0.00766984645055984,0.0362771934657847,0.0362771934657847,0.167868838009637,0.019245582557683,-0.0276597134822179,0.0245420368387963,0.0245420368387963,0.167165039100025,0.167880611463882,-0.0362771934657847,-0.00848098572910923,-0.00848098572910923,0.0362771934657847,0.0362771934657847,0.019245582557683,0.019245582557683,-0.0883342157178657,0.00497859206770225,0.0359099839683405,0.0350333851758063,0.0135112896536654,0.0135112896536654,1,1,0.0362771934657847,0.0362771934657847,-0.0162746982344605,0.0362771934657847,-0.00858457562157751,-0.0162746982344605,-0.0162746982344605,-0.0162746982344605,0.0135112896536654,0.168590797854317,0.0362771934657847,0.0362771934657847,0.0362771934657847,0.0348150625238016,-0.0162222013151368,-0.0162222013151368,-0.0162746982344605,-0.0362771934657847,0.167868838009637,0.16750209434519,-0.168247462292439,0.0362771934657847,0.0362771934657847,0.0362771934657847,0.0362771934657847,0.0984004223108463,0.0634581064915402,0.253383098636088,-0.0162746982344605,-0.0362771934657847,0.019245582557683,0.0362771934657847,0.0362771934657847,0.0362771934657847,-0.0366444099536963,0.019245582557683,0.00497859206770225,0.00858457562157751,0.0350333851758063,-0.019245582557683,0.019245582557683,0.168247462292439,-0.00858457562157751
"IKK",1,0.310452741410635,0.310452741410635,0.999636208052991,-0.0149604038991608,1,1,0.408470932679523,0.310452741410635,-0.241659115496917,0.107897236796442,0.107897236796442,0.408442129493037,0.409911499208266,-1,0.112550054489839,0.112550054489839,1,1,0.310452741410635,0.310452741410635,-0.693990280816002,0.829715127084109,0.999636208052991,0.135247512512714,0.140038749911212,0.140038749911212,0.0362771934657847,0.0362771934657847,1,1,0.12397119600906,1,-0.841371077437601,0.12397119600906,0.12397119600906,0.12397119600906,0.140038749911212,0.408478674342895,1,1,1,0.99854483625664,0.131195927374684,0.131195927374684,0.12397119600906,-1,0.408470932679523,0.408110922897302,-0.409544074070809,1,1,1,1,0.639482270437938,0.429919655363558,0.260372460941516,0.12397119600906,-1,0.310452741410635,1,1,1,-0.998908485264151,0.310452741410635,0.829715127084109,0.841371077437601,0.135247512512714,-0.310452741410635,0.310452741410635,0.409544074070809,-0.841371077437601
"ILK",1,0.310452741410635,0.310452741410635,0.999636208052991,-0.0149604038991608,1,1,0.408470932679523,0.310452741410635,-0.241659115496917,0.107897236796442,0.107897236796442,0.408442129493037,0.409911499208266,-1,0.112550054489839,0.112550054489839,1,1,0.310452741410635,0.310452741410635,-0.693990280816002,0.829715127084109,0.999636208052991,0.135247512512714,0.140038749911212,0.140038749911212,0.0362771934657847,0.0362771934657847,1,1,0.12397119600906,1,-0.841371077437601,0.12397119600906,0.12397119600906,0.12397119600906,0.140038749911212,0.408478674342895,1,1,1,0.99854483625664,0.131195927374684,0.131195927374684,0.12397119600906,-1,0.408470932679523,0.408110922897302,-0.409544074070809,1,1,1,1,0.639482270437938,0.429919655363558,0.260372460941516,0.12397119600906,-1,0.310452741410635,1,1,1,-0.998908485264151,0.310452741410635,0.829715127084109,0.841371077437601,0.135247512512714,-0.310452741410635,0.310452741410635,0.409544074070809,-0.841371077437601
"JAK",0.12397119600906,-0.0218688489429923,-0.0218688489429923,0.124331320729974,-0.0116233730695288,0.12397119600906,0.12397119600906,0.246096438614935,-0.0218688489429923,0.0192793459478832,0.000891061479888565,0.000891061479888565,0.246848151059639,0.248291304420674,-0.12397119600906,0.0333659178261231,0.0333659178261231,0.12397119600906,0.12397119600906,-0.0218688489429923,-0.0218688489429923,-0.101073913903789,0.0468252914480369,0.123603597506743,0.0754192654738075,-0.0210638964892672,-0.0210638964892672,-0.0162746982344605,-0.0162746982344605,0.12397119600906,0.12397119600906,1,0.12397119600906,-0.0497013982021175,1,1,1,-0.0210638964892672,0.24754619352985,0.12397119600906,0.12397119600906,0.12397119600906,0.124691459861305,0.027074953003039,0.027074953003039,1,-0.12397119600906,0.246824151144793,0.245729727044475,-0.247930465487944,0.12397119600906,0.12397119600906,0.12397119600906,0.12397119600906,0.122777937765051,0.46405922714063,0.0667250563612608,1,-0.12397119600906,-0.0218688489429923,0.12397119600906,0.12397119600906,0.12397119600906,-0.122883357997282,-0.0218688489429923,0.0468252914480369,0.0497013982021175,0.0754192654738075,0.0218688489429923,-0.0218688489429923,0.247930465487944,-0.0497013982021175
