"","AKT","AXIN2","CD44","CDC42","CHD1L","Csl","Csn","DELTA","DSH","Destcompl","EGF","EGFR","EGR1","ERK","Ecadherin","FGF","FGFR","FOXC2","FUS","Frizzled","GLI","GSK3","Goosecoid","HEY1","HGF","HIF1","Hypoxia","IGF1","IGF1R","IKK","ILK","JAK","Jagged","KLF4","LIF","LIFR","LIV1","LOXL23","MEK","NFB","NOTCH","NOTCHic","PAK1","PDGF","PDGFR","PI3K","Patched","RAF","RAS","RKIP","SHH","SMAD","SMO","SNAI1","SNAI2","SOSGRB2","SRC","STAT","SUFU","TCFLEF","TGF","TGFR","TWIST1","TrCP","Wnt","ZEB1","ZEB2","cMet","cateninmemb","cateninnuc","cfos","miR200"
"AKT",1,0.08075290841551,0.0477376412804716,-0.0379327152410363,-0.0418683557511697,0.0477376412804716,1,0.0832316221480359,0.0154035903729728,0.0783659578986541,0.0748312643857148,0.0748312643857148,0.0899427920979937,0.0887939376429139,-0.0890550617641993,0.0484866868461335,0.0484866868461335,-0.0600880704055591,0.0154035903729728,0.0153088594993458,0.0154035903729728,-0.400327398937893,-0.0600880704055591,0.0154035903729728,-0.00743351063517412,0.002831694051402,0.002831694051402,0.0265205439897668,0.0265205439897668,1,0.0154035903729728,1,0.0477376412804716,1,1,1,1,0.002831694051402,0.094356043453978,1,0.0477376412804716,0.0477376412804716,-0.0379327152410363,-0.0275759484432943,-0.0275759484432943,1,-0.0154035903729728,0.0832316221480359,0.0832316221480359,-0.483478182836599,0.0154035903729728,0.0154035903729728,0.0154035903729728,0.484553900035739,0.0573486957118838,0.097620687020422,-0.00618639924949935,1,-0.0154035903729728,0.0477376412804716,-0.0379327152410363,-0.0379327152410363,0.0195183163045467,-1,0.0153088594993458,0.002831694051402,0.0435088754674448,0.0477376412804716,-0.0477376412804716,0.0477376412804716,0.0899427920979937,-0.0435088754674448
"AXIN2",0.08075290841551,1,0.305052359828341,0.06018190983615,-0.0475022925787928,0.305052359828341,0.08075290841551,0.309573154205224,0.140469885289282,0.719759132438969,0.0785457141384461,0.0785457141384461,0.234633070431741,0.235705480717245,-0.140781674253824,0.113408176047535,0.113408176047535,0.0204157288581624,0.151503843352488,0.144822158138849,0.149297051739847,-0.45257126368039,0.0204157288581624,0.151503843352488,0.0290143359412428,0.0301364508102136,0.0301364508102136,0.0960905839027134,0.0960905839027134,0.08075290841551,0.151503843352488,0.08075290841551,0.305052359828341,0.08075290841551,0.08075290841551,0.08075290841551,0.08075290841551,0.0301364508102136,0.236838850986651,0.08075290841551,0.305052359828341,0.305052359828341,0.06018190983615,0.0219276475450638,0.0219276475450638,0.08075290841551,-0.151503843352488,0.309573154205224,0.309573154205224,-0.308234352214264,0.151503843352488,0.151503843352488,0.151503843352488,0.307106664537083,0.30597925623737,0.237911322914922,0.213251836559811,0.08075290841551,-0.151503843352488,0.305052359828341,0.06018190983615,0.06018190983615,0.17051301323211,-0.08075290841551,0.144822158138849,0.0301364508102136,0.0642114115845061,0.305052359828341,-0.305052359828341,0.305052359828341,0.234633070431741,-0.0642114115845061
"CD44",0.0477376412804716,0.305052359828341,1,0.203493446583525,-0.021067417403173,1,0.0477376412804716,0.951483267298101,0.621592203179769,0.585192494977896,0.330238248093838,0.330238248093838,0.764020297640003,0.762904172247728,-0.330386911844849,0.351524461098806,0.351524461098806,0.0490773308800029,0.634832003310869,0.625991746057073,0.632625369955686,-0.609408904702612,0.0490773308800029,0.634832003310869,0.0422555278588121,-0.0449207028093767,-0.0449207028093767,0.351899873448651,0.351899873448651,0.0477376412804716,0.634832003310869,0.0477376412804716,1,0.0477376412804716,0.0477376412804716,0.0477376412804716,0.0477376412804716,-0.0449207028093767,0.76843154237992,0.0477376412804716,1,1,0.203493446583525,0.0130776456818024,0.0130776456818024,0.0477376412804716,-0.634832003310869,0.951483267298101,0.951483267298101,-0.524525622953621,0.634832003310869,0.634832003310869,0.634832003310869,0.525615930135895,0.981273440074649,0.769521224272643,0.702742121791624,0.0477376412804716,-0.634832003310869,1,0.203493446583525,0.203493446583525,0.415241683740005,-0.0477376412804716,0.628198575334028,-0.0449207028093767,-0.00421791218635732,1,-1,1,0.764020297640003,0.00421791218635732
"CDC42",-0.0379327152410363,0.06018190983615,0.203493446583525,1,0.0390843682364236,0.203493446583525,-0.0379327152410363,0.221092436765714,0.513450374632217,0.0910800057762592,0.226781971702178,0.226781971702178,0.311459992496159,0.312574035407565,-0.873280893020539,0.193370233221539,0.193370233221539,0.845731847257701,0.509039268060104,0.513502039123803,0.511244821346161,-0.267711471183234,0.845731847257701,0.509039268060104,0.00828134220973898,0.327870068575675,0.327870068575675,0.148251726468548,0.148251726468548,-0.0379327152410363,0.509039268060104,-0.0379327152410363,0.203493446583525,-0.0379327152410363,-0.0379327152410363,-0.0379327152410363,-0.0379327152410363,0.327870068575675,0.309255449700486,-0.0379327152410363,0.203493446583525,0.203493446583525,1,-0.0369526174536467,-0.0369526174536467,-0.0379327152410363,-0.509039268060104,0.221092436765714,0.221092436765714,-0.478115328512445,0.509039268060104,0.509039268060104,0.509039268060104,0.477035403477337,0.209084021156413,0.308164826599865,0.139402586363912,-0.0379327152410363,-0.509039268060104,0.203493446583525,1,1,0.788428776667952,0.0379327152410363,0.515707788235733,0.327870068575675,0.364225675371826,0.203493446583525,-0.203493446583525,0.203493446583525,0.311459992496159,-0.364225675371826
"CHD1L",-0.0418683557511697,-0.0475022925787928,-0.021067417403173,0.0390843682364236,1,-0.021067417403173,-0.0418683557511697,-0.0145108353653582,0.0242511429694786,-0.0165697950876396,-0.0418683557511697,-0.0418683557511697,-0.018949862252093,-0.0200376098176796,-0.0225086009380439,0.00369797783300669,0.00369797783300669,0.0369105187222375,0.0242511429694786,0.022077731142622,0.0242511429694786,0.00315541268992077,0.0369105187222375,0.0242511429694786,0.0347981634680145,-0.0251768156506528,-0.0251768156506528,0.029365222989196,0.029365222989196,-0.0418683557511697,0.0242511429694786,-0.0418683557511697,-0.021067417403173,-0.0418683557511697,-0.0418683557511697,-0.0418683557511697,-0.0418683557511697,-0.0251768156506528,-0.0167451186631476,-0.0418683557511697,-0.021067417403173,-0.021067417403173,0.0390843682364236,0.000376482247080343,0.000376482247080343,-0.0418683557511697,-0.0242511429694786,-0.0145108353653582,-0.0145108353653582,0.00445366984919037,0.0242511429694786,0.0242511429694786,0.0242511429694786,-0.00554149362666935,-0.0198639404578365,-0.0156279994122127,-0.00161510671910652,-0.0418683557511697,-0.0242511429694786,-0.021067417403173,0.0390843682364236,0.0390843682364236,0.00158476104044047,0.0418683557511697,0.022077731142622,-0.0251768156506528,-0.0240268113234555,-0.021067417403173,0.021067417403173,-0.021067417403173,-0.018949862252093,0.0240268113234555
"Csl",0.0477376412804716,0.305052359828341,1,0.203493446583525,-0.021067417403173,1,0.0477376412804716,0.951483267298101,0.621592203179769,0.585192494977896,0.330238248093838,0.330238248093838,0.764020297640003,0.762904172247728,-0.330386911844849,0.351524461098806,0.351524461098806,0.0490773308800029,0.634832003310869,0.625991746057073,0.632625369955686,-0.609408904702612,0.0490773308800029,0.634832003310869,0.0422555278588121,-0.0449207028093767,-0.0449207028093767,0.351899873448651,0.351899873448651,0.0477376412804716,0.634832003310869,0.0477376412804716,1,0.0477376412804716,0.0477376412804716,0.0477376412804716,0.0477376412804716,-0.0449207028093767,0.76843154237992,0.0477376412804716,1,1,0.203493446583525,0.0130776456818024,0.0130776456818024,0.0477376412804716,-0.634832003310869,0.951483267298101,0.951483267298101,-0.524525622953621,0.634832003310869,0.634832003310869,0.634832003310869,0.525615930135895,0.981273440074649,0.769521224272643,0.702742121791624,0.0477376412804716,-0.634832003310869,1,0.203493446583525,0.203493446583525,0.415241683740005,-0.0477376412804716,0.628198575334028,-0.0449207028093767,-0.00421791218635732,1,-1,1,0.764020297640003,0.00421791218635732
"Csn",1,0.08075290841551,0.0477376412804716,-0.0379327152410363,-0.0418683557511697,0.0477376412804716,1,0.0832316221480359,0.0154035903729728,0.0783659578986541,0.0748312643857148,0.0748312643857148,0.0899427920979937,0.0887939376429139,-0.0890550617641993,0.0484866868461335,0.0484866868461335,-0.0600880704055591,0.0154035903729728,0.0153088594993458,0.0154035903729728,-0.400327398937893,-0.0600880704055591,0.0154035903729728,-0.00743351063517412,0.002831694051402,0.002831694051402,0.0265205439897668,0.0265205439897668,1,0.0154035903729728,1,0.0477376412804716,1,1,1,1,0.002831694051402,0.094356043453978,1,0.0477376412804716,0.0477376412804716,-0.0379327152410363,-0.0275759484432943,-0.0275759484432943,1,-0.0154035903729728,0.0832316221480359,0.0832316221480359,-0.483478182836599,0.0154035903729728,0.0154035903729728,0.0154035903729728,0.484553900035739,0.0573486957118838,0.097620687020422,-0.00618639924949935,1,-0.0154035903729728,0.0477376412804716,-0.0379327152410363,-0.0379327152410363,0.0195183163045467,-1,0.0153088594993458,0.002831694051402,0.0435088754674448,0.0477376412804716,-0.0477376412804716,0.0477376412804716,0.0899427920979937,-0.0435088754674448
"DELTA",0.0832316221480359,0.309573154205224,0.951483267298101,0.221092436765714,-0.0145108353653582,0.951483267298101,0.0832316221480359,1,0.654779989132602,0.580872352917816,0.378936349602515,0.378936349602515,0.81254867976237,0.811438917451167,-0.347955236881408,0.39993393421644,0.39993393421644,0.0667058650604547,0.66801808381504,0.659191644887394,0.665811734701301,-0.658122959377883,0.0667058650604547,0.66801808381504,0.0400721076535978,-0.0251848215457449,-0.0251848215457449,0.400411338905459,0.400411338905459,0.0832316221480359,0.66801808381504,0.0832316221480359,0.951483267298101,0.0832316221480359,0.0832316221480359,0.0832316221480359,0.0832316221480359,-0.0251848215457449,0.816959356279855,0.0832316221480359,0.951483267298101,0.951483267298101,0.221092436765714,0.0615265030506619,0.0615265030506619,0.0832316221480359,-0.66801808381504,1,1,-0.57315654492774,0.66801808381504,0.66801808381504,0.66801808381504,0.574253587290076,0.943811723032511,0.818055117118613,0.751166458236504,0.0832316221480359,-0.66801808381504,0.951483267298101,0.221092436765714,0.221092436765714,0.419575705720054,-0.0832316221480359,0.661398189897667,-0.0251848215457449,0.0155256523737506,0.951483267298101,-0.951483267298101,0.951483267298101,0.81254867976237,-0.0155256523737506
"DSH",0.0154035903729728,0.140469885289282,0.621592203179769,0.513450374632217,0.0242511429694786,0.621592203179769,0.0154035903729728,0.654779989132602,1,0.299233520593142,0.459138652116189,0.459138652116189,0.789408511268798,0.790490561245421,-0.386766113081992,0.458685616759709,0.458685616759709,0.358974059110073,0.986756593732671,0.995587575665368,0.988963828110559,-0.614699944718305,0.358974059110073,0.986756593732671,-0.0029942493029089,-0.153938740313676,-0.153938740313676,0.454471103370995,0.454471103370995,0.0154035903729728,0.986756593732671,0.0154035903729728,0.621592203179769,0.0154035903729728,0.0154035903729728,0.0154035903729728,0.0154035903729728,-0.153938740313676,0.784996065034197,0.0154035903729728,0.621592203179769,0.621592203179769,0.513450374632217,-0.0165982101550881,-0.0165982101550881,0.0154035903729728,-0.986756593732671,0.654779989132602,0.654779989132602,-0.527693909064121,0.986756593732671,0.986756593732671,0.986756593732671,0.528776125907755,0.635806327648438,0.783871706928114,0.527570776386475,0.0154035903729728,-0.986756593732671,0.621592203179769,0.513450374632217,0.513450374632217,0.301806102311472,-0.0154035903729728,0.993380145312346,-0.153938740313676,-0.117653579253144,0.621592203179769,-0.621592203179769,0.621592203179769,0.789408511268798,0.117653579253144
"Destcompl",0.0783659578986541,0.719759132438969,0.585192494977896,0.0910800057762592,-0.0165697950876396,0.585192494977896,0.0783659578986541,0.580872352917816,0.299233520593142,1,0.177705400269137,0.177705400269137,0.446349168512552,0.445216610896344,-0.218022864879575,0.217140279050418,0.217140279050418,0.00718867789145393,0.310269222771729,0.303590846368497,0.308062082336012,-0.677668391219984,0.00718867789145393,0.310269222771729,0.0642800537800182,0.0434978712989994,0.0434978712989994,0.195306674886136,0.195306674886136,0.0783659578986541,0.310269222771729,0.0783659578986541,0.585192494977896,0.0783659578986541,0.0783659578986541,0.0783659578986541,0.0783659578986541,0.0434978712989994,0.446349168512552,0.0783659578986541,0.585192494977896,0.585192494977896,0.0910800057762592,0.024192641969611,0.024192641969611,0.0783659578986541,-0.310269222771729,0.580872352917816,0.580872352917816,-0.473641780560415,0.310269222771729,0.310269222771729,0.310269222771729,0.472515887086772,0.581747496364974,0.447422801767025,0.41176474094286,0.0783659578986541,-0.310269222771729,0.585192494977896,0.0910800057762592,0.0910800057762592,0.27201383382318,-0.0783659578986541,0.303590846368497,0.0434978712989994,0.0907989344150901,0.585192494977896,-0.585192494977896,0.585192494977896,0.446349168512552,-0.0907989344150901
"EGF",0.0748312643857148,0.0785457141384461,0.330238248093838,0.226781971702178,-0.0418683557511697,0.330238248093838,0.0748312643857148,0.378936349602515,0.459138652116189,0.177705400269137,1,1,0.557747435832328,0.558818341995224,-0.239062236812138,0.145554867927887,0.145554867927887,0.134035326207963,0.46355392636239,0.45908331943211,0.461346289239289,-0.349523873541211,0.134035326207963,0.46355392636239,0.0256563073901064,0.0602072381843606,0.0602072381843606,0.143443580292788,0.143443580292788,0.0748312643857148,0.46355392636239,0.0748312643857148,0.330238248093838,0.0748312643857148,0.0748312643857148,0.0748312643857148,0.0748312643857148,0.0602072381843606,0.555540810154336,0.0748312643857148,0.330238248093838,0.330238248093838,0.226781971702178,0.0165465414624483,0.0165465414624483,0.0748312643857148,-0.46355392636239,0.378936349602515,0.378936349602515,-0.328956549800548,0.46355392636239,0.46355392636239,0.46355392636239,0.330025878570544,0.34875679596116,0.556611654650847,0.22764490755034,0.0748312643857148,-0.46355392636239,0.330238248093838,0.226781971702178,0.226781971702178,0.244527712746463,-0.0748312643857148,0.461291152566104,0.0602072381843606,0.0832270760240956,0.330238248093838,-0.330238248093838,0.330238248093838,0.557747435832328,-0.0832270760240956
"EGFR",0.0748312643857148,0.0785457141384461,0.330238248093838,0.226781971702178,-0.0418683557511697,0.330238248093838,0.0748312643857148,0.378936349602515,0.459138652116189,0.177705400269137,1,1,0.557747435832328,0.558818341995224,-0.239062236812138,0.145554867927887,0.145554867927887,0.134035326207963,0.46355392636239,0.45908331943211,0.461346289239289,-0.349523873541211,0.134035326207963,0.46355392636239,0.0256563073901064,0.0602072381843606,0.0602072381843606,0.143443580292788,0.143443580292788,0.0748312643857148,0.46355392636239,0.0748312643857148,0.330238248093838,0.0748312643857148,0.0748312643857148,0.0748312643857148,0.0748312643857148,0.0602072381843606,0.555540810154336,0.0748312643857148,0.330238248093838,0.330238248093838,0.226781971702178,0.0165465414624483,0.0165465414624483,0.0748312643857148,-0.46355392636239,0.378936349602515,0.378936349602515,-0.328956549800548,0.46355392636239,0.46355392636239,0.46355392636239,0.330025878570544,0.34875679596116,0.556611654650847,0.22764490755034,0.0748312643857148,-0.46355392636239,0.330238248093838,0.226781971702178,0.226781971702178,0.244527712746463,-0.0748312643857148,0.461291152566104,0.0602072381843606,0.0832270760240956,0.330238248093838,-0.330238248093838,0.330238248093838,0.557747435832328,-0.0832270760240956
"EGR1",0.0899427920979937,0.234633070431741,0.764020297640003,0.311459992496159,-0.018949862252093,0.764020297640003,0.0899427920979937,0.81254867976237,0.789408511268798,0.446349168512552,0.557747435832328,0.557747435832328,1,0.998897970930505,-0.378786054249122,0.582874193291164,0.582874193291164,0.157086766483883,0.802645849972601,0.793836734390556,0.800439626855301,-0.642746445567061,0.157086766483883,0.802645849972601,0.0246511559114508,0.0320958733359099,0.0320958733359099,0.583402588152228,0.583402588152228,0.0899427920979937,0.802645849972601,0.0899427920979937,0.764020297640003,0.0899427920979937,0.0899427920979937,0.0899427920979937,0.0899427920979937,0.0320958733359099,0.988973938399854,0.0899427920979937,0.764020297640003,0.764020297640003,0.311459992496159,-0.0288981187844558,-0.0288981187844558,0.0899427920979937,-0.802645849972601,0.81254867976237,0.81254867976237,-0.557762982995475,0.802645849972601,0.802645849972601,0.802645849972601,0.55886175863922,0.782789841916897,0.985666327249006,0.660743380395772,0.0899427920979937,-0.802645849972601,0.764020297640003,0.311459992496159,0.311459992496159,0.42394993666103,-0.0899427920979937,0.796043153393203,0.0320958733359099,0.0706013568931494,0.764020297640003,-0.764020297640003,0.764020297640003,1,-0.0706013568931494
"ERK",0.0887939376429139,0.235705480717245,0.762904172247728,0.312574035407565,-0.0200376098176796,0.762904172247728,0.0887939376429139,0.811438917451167,0.790490561245421,0.445216610896344,0.558818341995224,0.558818341995224,0.998897970930505,1,-0.377701002261023,0.584005608824068,0.584005608824068,0.158194061945689,0.803728269880033,0.794916570848635,0.801521985107598,-0.641604104169008,0.158194061945689,0.803728269880033,0.0257474823601596,0.0310238402037191,0.0310238402037191,0.582303765402787,0.582303765402787,0.0887939376429139,0.803728269880033,0.0887939376429139,0.762904172247728,0.0887939376429139,0.0887939376429139,0.0887939376429139,0.0887939376429139,0.0310238402037191,0.990076875142839,0.0887939376429139,0.762904172247728,0.762904172247728,0.312574035407565,-0.0299873432706669,-0.0299873432706669,0.0887939376429139,-0.803728269880033,0.811438917451167,0.811438917451167,-0.55663480177021,0.803728269880033,0.803728269880033,0.803728269880033,0.557732345301065,0.781665422155679,0.986767986546845,0.659656506690269,0.0887939376429139,-0.803728269880033,0.762904172247728,0.312574035407565,0.312574035407565,0.422864938806928,-0.0887939376429139,0.797123051511892,0.0310238402037191,0.0695268447996786,0.762904172247728,-0.762904172247728,0.762904172247728,0.998897970930505,-0.0695268447996786
"Ecadherin",-0.0890550617641993,-0.140781674253824,-0.330386911844849,-0.873280893020539,-0.0225086009380439,-0.330386911844849,-0.0890550617641993,-0.347955236881408,-0.386766113081992,-0.218022864879575,-0.239062236812138,-0.239062236812138,-0.378786054249122,-0.377701002261023,1,-0.223089403118847,-0.223089403118847,-0.719018239648325,-0.382354942233956,-0.386813821504183,-0.384560527657974,0.394775761401252,-0.719018239648325,-0.382354942233956,-0.0270349691448722,-0.454555862043263,-0.454555862043263,-0.158210340131706,-0.158210340131706,-0.0890550617641993,-0.382354942233956,-0.0890550617641993,-0.330386911844849,-0.0890550617641993,-0.0890550617641993,-0.0890550617641993,-0.0890550617641993,-0.454555862043263,-0.376581479330212,-0.0890550617641993,-0.330386911844849,-0.330386911844849,-0.873280893020539,0.0623419048525523,0.0623419048525523,-0.0890550617641993,0.382354942233956,-0.347955236881408,-0.347955236881408,0.605054934005031,-0.382354942233956,-0.382354942233956,-0.382354942233956,-0.603983886484488,-0.336037648329584,-0.377701002261023,-0.191205506020022,-0.0890550617641993,0.382354942233956,-0.330386911844849,-0.873280893020539,-0.873280893020539,-0.915149520799934,0.0890550617641993,-0.389019602756928,-0.454555862043263,-0.490912309955799,-0.330386911844849,0.330386911844849,-0.330386911844849,-0.378786054249122,0.490912309955799
"FGF",0.0484866868461335,0.113408176047535,0.351524461098806,0.193370233221539,0.00369797783300669,0.351524461098806,0.0484866868461335,0.39993393421644,0.458685616759709,0.217140279050418,0.145554867927887,0.145554867927887,0.582874193291164,0.584005608824068,-0.223089403118847,1,1,0.116254868195086,0.467508387002518,0.46316364184735,0.467508387002518,-0.363077542332324,0.116254868195086,0.467508387002518,0.0215595650939356,0.0322084171110869,0.0322084171110869,0.172608768516697,0.172608768516697,0.0484866868461335,0.467508387002518,0.0484866868461335,0.351524461098806,0.0484866868461335,0.0484866868461335,0.0484866868461335,0.0484866868461335,0.0322084171110869,0.582874193291164,0.0484866868461335,0.351524461098806,0.351524461098806,0.193370233221539,-0.0502917655961856,-0.0502917655961856,0.0484866868461335,-0.467508387002518,0.39993393421644,0.39993393421644,-0.308647104301277,0.467508387002518,0.467508387002518,0.467508387002518,0.309775423784831,0.370457914331622,0.581800865205492,0.251840320697155,0.0484866868461335,-0.467508387002518,0.351524461098806,0.193370233221539,0.193370233221539,0.228610877691538,-0.0484866868461335,0.465369530246293,0.0322084171110869,0.0531878982601241,0.351524461098806,-0.351524461098806,0.351524461098806,0.582874193291164,-0.0531878982601241
"FGFR",0.0484866868461335,0.113408176047535,0.351524461098806,0.193370233221539,0.00369797783300669,0.351524461098806,0.0484866868461335,0.39993393421644,0.458685616759709,0.217140279050418,0.145554867927887,0.145554867927887,0.582874193291164,0.584005608824068,-0.223089403118847,1,1,0.116254868195086,0.467508387002518,0.46316364184735,0.467508387002518,-0.363077542332324,0.116254868195086,0.467508387002518,0.0215595650939356,0.0322084171110869,0.0322084171110869,0.172608768516697,0.172608768516697,0.0484866868461335,0.467508387002518,0.0484866868461335,0.351524461098806,0.0484866868461335,0.0484866868461335,0.0484866868461335,0.0484866868461335,0.0322084171110869,0.582874193291164,0.0484866868461335,0.351524461098806,0.351524461098806,0.193370233221539,-0.0502917655961856,-0.0502917655961856,0.0484866868461335,-0.467508387002518,0.39993393421644,0.39993393421644,-0.308647104301277,0.467508387002518,0.467508387002518,0.467508387002518,0.309775423784831,0.370457914331622,0.581800865205492,0.251840320697155,0.0484866868461335,-0.467508387002518,0.351524461098806,0.193370233221539,0.193370233221539,0.228610877691538,-0.0484866868461335,0.465369530246293,0.0322084171110869,0.0531878982601241,0.351524461098806,-0.351524461098806,0.351524461098806,0.582874193291164,-0.0531878982601241
"FOXC2",-0.0600880704055591,0.0204157288581624,0.0490773308800029,0.845731847257701,0.0369105187222375,0.0490773308800029,-0.0600880704055591,0.0667058650604547,0.358974059110073,0.00718867789145393,0.134035326207963,0.134035326207963,0.157086766483883,0.158194061945689,-0.719018239648325,0.116254868195086,0.116254868195086,1,0.354562968606501,0.359007146854453,0.356768513858287,-0.139605579713514,1,0.354562968606501,-0.0380138936679448,0.173602147435631,0.173602147435631,0.0622695055796757,0.0622695055796757,-0.0600880704055591,0.354562968606501,-0.0600880704055591,0.0490773308800029,-0.0600880704055591,-0.0600880704055591,-0.0600880704055591,-0.0600880704055591,0.173602147435631,0.154882231718799,-0.0600880704055591,0.0490773308800029,0.0490773308800029,0.845731847257701,-0.0501487572801558,-0.0501487572801558,-0.0600880704055591,-0.354562968606501,0.0667058650604547,0.0667058650604547,-0.350121284995459,0.354562968606501,0.354562968606501,0.354562968606501,0.349033642024868,0.0546088143636367,0.153784869199618,0.00496021506815846,-0.0600880704055591,-0.354562968606501,0.0490773308800029,0.845731847257701,0.845731847257701,0.634164940438667,0.0600880704055591,0.361212887931399,0.173602147435631,0.225394597885514,0.0490773308800029,-0.0490773308800029,0.0490773308800029,0.157086766483883,-0.225394597885514
"FUS",0.0154035903729728,0.151503843352488,0.634832003310869,0.509039268060104,0.0242511429694786,0.634832003310869,0.0154035903729728,0.66801808381504,0.986756593732671,0.310269222771729,0.46355392636239,0.46355392636239,0.802645849972601,0.803728269880033,-0.382354942233956,0.467508387002518,0.467508387002518,0.354562968606501,1,0.991172714959323,0.997792765622112,-0.614699944718305,0.354562968606501,1,-0.00740542015094433,-0.162764136768635,-0.162764136768635,0.461088181053102,0.461088181053102,0.0154035903729728,1,0.0154035903729728,0.634832003310869,0.0154035903729728,0.0154035903729728,0.0154035903729728,0.0154035903729728,-0.162764136768635,0.798233403738,0.0154035903729728,0.634832003310869,0.634832003310869,0.509039268060104,-0.0121867661030329,-0.0121867661030329,0.0154035903729728,-1,0.66801808381504,0.66801808381504,-0.529900958253214,1,1,1,0.530983266343473,0.649049733915768,0.797109415562727,0.536392989530701,0.0154035903729728,-1,0.634832003310869,0.509039268060104,0.509039268060104,0.297394958245413,-0.0154035903729728,0.993380145312346,-0.162764136768635,-0.126478235843784,0.634832003310869,-0.634832003310869,0.634832003310869,0.802645849972601,0.126478235843784
"Frizzled",0.0153088594993458,0.144822158138849,0.625991746057073,0.513502039123803,0.022077731142622,0.625991746057073,0.0153088594993458,0.659191644887394,0.995587575665368,0.303590846368497,0.45908331943211,0.45908331943211,0.793836734390556,0.794916570848635,-0.386813821504183,0.46316364184735,0.46316364184735,0.359007146854453,0.991172714959323,1,0.993380145312346,-0.614641352388235,0.359007146854453,0.991172714959323,-0.00521366477921656,-0.158305927555258,-0.158305927555258,0.458897708910553,0.458897708910553,0.0153088594993458,0.991172714959323,0.0153088594993458,0.625991746057073,0.0153088594993458,0.0153088594993458,0.0153088594993458,0.0153088594993458,-0.158305927555258,0.78942389638526,0.0153088594993458,0.625991746057073,0.625991746057073,0.513502039123803,-0.0143658122240044,-0.0143658122240044,0.0153088594993458,-0.991172714959323,0.659191644887394,0.659191644887394,-0.52765928218875,0.991172714959323,0.991172714959323,0.991172714959323,0.52873915942462,0.640191288828708,0.788297128858865,0.53202303993142,0.0153088594993458,-0.991172714959323,0.625991746057073,0.513502039123803,0.513502039123803,0.301843836655334,-0.0153088594993458,0.997792373654443,-0.158305927555258,-0.122024473602028,0.625991746057073,-0.625991746057073,0.625991746057073,0.793836734390556,0.122024473602028
"GLI",0.0154035903729728,0.149297051739847,0.632625369955686,0.511244821346161,0.0242511429694786,0.632625369955686,0.0154035903729728,0.665811734701301,0.988963828110559,0.308062082336012,0.461346289239289,0.461346289239289,0.800439626855301,0.801521985107598,-0.384560527657974,0.467508387002518,0.467508387002518,0.356768513858287,0.997792765622112,0.993380145312346,1,-0.614699944718305,0.356768513858287,0.997792765622112,-0.00519983472692662,-0.160557787654895,-0.160557787654895,0.461088181053102,0.461088181053102,0.0154035903729728,0.997792765622112,0.0154035903729728,0.632625369955686,0.0154035903729728,0.0154035903729728,0.0154035903729728,0.0154035903729728,-0.160557787654895,0.7960271806207,0.0154035903729728,0.632625369955686,0.632625369955686,0.511244821346161,-0.0121867661030329,-0.0121867661030329,0.0154035903729728,-0.997792765622112,0.665811734701301,0.665811734701301,-0.529900958253214,0.997792765622112,0.997792765622112,0.997792765622112,0.530983266343473,0.646842499537879,0.794903130790292,0.536392989530701,0.0154035903729728,-0.997792765622112,0.632625369955686,0.511244821346161,0.511244821346161,0.299600530278442,-0.0154035903729728,0.995587575665368,-0.160557787654895,-0.124272071696124,0.632625369955686,-0.632625369955686,0.632625369955686,0.800439626855301,0.124272071696124
"GSK3",-0.400327398937893,-0.45257126368039,-0.609408904702612,-0.267711471183234,0.00315541268992077,-0.609408904702612,-0.400327398937893,-0.658122959377883,-0.614699944718305,-0.677668391219984,-0.349523873541211,-0.349523873541211,-0.642746445567061,-0.641604104169008,0.394775761401252,-0.363077542332324,-0.363077542332324,-0.139605579713514,-0.614699944718305,-0.614641352388235,-0.614699944718305,1,-0.139605579713514,-0.614699944718305,-0.0267222946532406,0.0223456177686798,0.0223456177686798,-0.321062480819838,-0.321062480819838,-0.400327398937893,-0.614699944718305,-0.400327398937893,-0.609408904702612,-0.400327398937893,-0.400327398937893,-0.400327398937893,-0.400327398937893,0.0223456177686798,-0.640539011418741,-0.400327398937893,-0.609408904702612,-0.609408904702612,-0.267711471183234,0.0175569710408579,0.0175569710408579,-0.400327398937893,0.614699944718305,-0.658122959377883,-0.658122959377883,0.789214114641039,-0.614699944718305,-0.614699944718305,-0.614699944718305,-0.79029434170364,-0.619116836646315,-0.641604104169008,-0.445073284471397,-0.400327398937893,0.614699944718305,-0.609408904702612,-0.267711471183234,-0.267711471183234,-0.309755692945757,0.400327398937893,-0.614641352388235,0.0223456177686798,-0.0337746640155275,-0.609408904702612,0.609408904702612,-0.609408904702612,-0.642746445567061,0.0337746640155275
"Goosecoid",-0.0600880704055591,0.0204157288581624,0.0490773308800029,0.845731847257701,0.0369105187222375,0.0490773308800029,-0.0600880704055591,0.0667058650604547,0.358974059110073,0.00718867789145393,0.134035326207963,0.134035326207963,0.157086766483883,0.158194061945689,-0.719018239648325,0.116254868195086,0.116254868195086,1,0.354562968606501,0.359007146854453,0.356768513858287,-0.139605579713514,1,0.354562968606501,-0.0380138936679448,0.173602147435631,0.173602147435631,0.0622695055796757,0.0622695055796757,-0.0600880704055591,0.354562968606501,-0.0600880704055591,0.0490773308800029,-0.0600880704055591,-0.0600880704055591,-0.0600880704055591,-0.0600880704055591,0.173602147435631,0.154882231718799,-0.0600880704055591,0.0490773308800029,0.0490773308800029,0.845731847257701,-0.0501487572801558,-0.0501487572801558,-0.0600880704055591,-0.354562968606501,0.0667058650604547,0.0667058650604547,-0.350121284995459,0.354562968606501,0.354562968606501,0.354562968606501,0.349033642024868,0.0546088143636367,0.153784869199618,0.00496021506815846,-0.0600880704055591,-0.354562968606501,0.0490773308800029,0.845731847257701,0.845731847257701,0.634164940438667,0.0600880704055591,0.361212887931399,0.173602147435631,0.225394597885514,0.0490773308800029,-0.0490773308800029,0.0490773308800029,0.157086766483883,-0.225394597885514
"HEY1",0.0154035903729728,0.151503843352488,0.634832003310869,0.509039268060104,0.0242511429694786,0.634832003310869,0.0154035903729728,0.66801808381504,0.986756593732671,0.310269222771729,0.46355392636239,0.46355392636239,0.802645849972601,0.803728269880033,-0.382354942233956,0.467508387002518,0.467508387002518,0.354562968606501,1,0.991172714959323,0.997792765622112,-0.614699944718305,0.354562968606501,1,-0.00740542015094433,-0.162764136768635,-0.162764136768635,0.461088181053102,0.461088181053102,0.0154035903729728,1,0.0154035903729728,0.634832003310869,0.0154035903729728,0.0154035903729728,0.0154035903729728,0.0154035903729728,-0.162764136768635,0.798233403738,0.0154035903729728,0.634832003310869,0.634832003310869,0.509039268060104,-0.0121867661030329,-0.0121867661030329,0.0154035903729728,-1,0.66801808381504,0.66801808381504,-0.529900958253214,1,1,1,0.530983266343473,0.649049733915768,0.797109415562727,0.536392989530701,0.0154035903729728,-1,0.634832003310869,0.509039268060104,0.509039268060104,0.297394958245413,-0.0154035903729728,0.993380145312346,-0.162764136768635,-0.126478235843784,0.634832003310869,-0.634832003310869,0.634832003310869,0.802645849972601,0.126478235843784
"HGF",-0.00743351063517412,0.0290143359412428,0.0422555278588121,0.00828134220973898,0.0347981634680145,0.0422555278588121,-0.00743351063517412,0.0400721076535978,-0.0029942493029089,0.0642800537800182,0.0256563073901064,0.0256563073901064,0.0246511559114508,0.0257474823601596,-0.0270349691448722,0.0215595650939356,0.0215595650939356,-0.0380138936679448,-0.00740542015094433,-0.00521366477921656,-0.00519983472692662,-0.0267222946532406,-0.0380138936679448,-0.00740542015094433,1,0.0525253268377103,0.0525253268377103,-0.0127433860592408,-0.0127433860592408,-0.00743351063517412,-0.00740542015094433,-0.00743351063517412,0.0422555278588121,-0.00743351063517412,-0.00743351063517412,-0.00743351063517412,-0.00743351063517412,0.0525253268377103,0.026855730830361,-0.00743351063517412,0.0422555278588121,0.0422555278588121,0.00828134220973898,0.0425052370346735,0.0425052370346735,-0.00743351063517412,0.00740542015094433,0.0400721076535978,0.0400721076535978,-0.0102517702213895,-0.00740542015094433,-0.00740542015094433,-0.00740542015094433,0.00914276497931637,0.0433230446014631,0.0301567554161288,0.0335928639636992,-0.00743351063517412,0.00740542015094433,0.0422555278588121,0.00828134220973898,0.00828134220973898,0.0479654074961696,0.00743351063517412,-0.00521366477921656,0.0525253268377103,0.0513986244019258,0.0422555278588121,-0.0422555278588121,0.0422555278588121,0.0246511559114508,-0.0513986244019258
"HIF1",0.002831694051402,0.0301364508102136,-0.0449207028093767,0.327870068575675,-0.0251768156506528,-0.0449207028093767,0.002831694051402,-0.0251848215457449,-0.153938740313676,0.0434978712989994,0.0602072381843606,0.0602072381843606,0.0320958733359099,0.0310238402037191,-0.454555862043263,0.0322084171110869,0.0322084171110869,0.173602147435631,-0.162764136768635,-0.158305927555258,-0.160557787654895,0.0223456177686798,0.173602147435631,-0.162764136768635,0.0525253268377103,1,1,0.0493694757415585,0.0493694757415585,0.002831694051402,-0.162764136768635,0.002831694051402,-0.0449207028093767,0.002831694051402,0.002831694051402,0.002831694051402,0.002831694051402,1,0.0365065498533944,0.002831694051402,-0.0449207028093767,-0.0449207028093767,0.327870068575675,-0.028453942524002,-0.028453942524002,0.002831694051402,0.162764136768635,-0.0251848215457449,-0.0251848215457449,-0.176939214806803,-0.162764136768635,-0.162764136768635,-0.162764136768635,0.175873183853801,-0.0347958881717284,0.0376400398711658,-0.0280351258992538,0.002831694051402,0.162764136768635,-0.0449207028093767,0.327870068575675,0.327870068575675,0.53946332876791,-0.002831694051402,-0.156099382544984,1,0.943770848673786,-0.0449207028093767,0.0449207028093767,-0.0449207028093767,0.0320958733359099,-0.943770848673786
"Hypoxia",0.002831694051402,0.0301364508102136,-0.0449207028093767,0.327870068575675,-0.0251768156506528,-0.0449207028093767,0.002831694051402,-0.0251848215457449,-0.153938740313676,0.0434978712989994,0.0602072381843606,0.0602072381843606,0.0320958733359099,0.0310238402037191,-0.454555862043263,0.0322084171110869,0.0322084171110869,0.173602147435631,-0.162764136768635,-0.158305927555258,-0.160557787654895,0.0223456177686798,0.173602147435631,-0.162764136768635,0.0525253268377103,1,1,0.0493694757415585,0.0493694757415585,0.002831694051402,-0.162764136768635,0.002831694051402,-0.0449207028093767,0.002831694051402,0.002831694051402,0.002831694051402,0.002831694051402,1,0.0365065498533944,0.002831694051402,-0.0449207028093767,-0.0449207028093767,0.327870068575675,-0.028453942524002,-0.028453942524002,0.002831694051402,0.162764136768635,-0.0251848215457449,-0.0251848215457449,-0.176939214806803,-0.162764136768635,-0.162764136768635,-0.162764136768635,0.175873183853801,-0.0347958881717284,0.0376400398711658,-0.0280351258992538,0.002831694051402,0.162764136768635,-0.0449207028093767,0.327870068575675,0.327870068575675,0.53946332876791,-0.002831694051402,-0.156099382544984,1,0.943770848673786,-0.0449207028093767,0.0449207028093767,-0.0449207028093767,0.0320958733359099,-0.943770848673786
"IGF1",0.0265205439897668,0.0960905839027134,0.351899873448651,0.148251726468548,0.029365222989196,0.351899873448651,0.0265205439897668,0.400411338905459,0.454471103370995,0.195306674886136,0.143443580292788,0.143443580292788,0.583402588152228,0.582303765402787,-0.158210340131706,0.172608768516697,0.172608768516697,0.0622695055796757,0.461088181053102,0.458897708910553,0.461088181053102,-0.321062480819838,0.0622695055796757,0.461088181053102,-0.0127433860592408,0.0493694757415585,0.0493694757415585,1,1,0.0265205439897668,0.461088181053102,0.0265205439897668,0.351899873448651,0.0265205439897668,0.0265205439897668,0.0265205439897668,0.0265205439897668,0.0493694757415585,0.57899322413921,0.0265205439897668,0.351899873448651,0.351899873448651,0.148251726468548,-0.0400796662796028,-0.0400796662796028,0.0265205439897668,-0.461088181053102,0.400411338905459,0.400411338905459,-0.255962816023078,0.461088181053102,0.461088181053102,0.461088181053102,0.257063438042411,0.370654786064312,0.577894278165635,0.649600850356042,0.0265205439897668,-0.461088181053102,0.351899873448651,0.148251726468548,0.148251726468548,0.19015508394603,-0.0265205439897668,0.458897708910553,0.0493694757415585,0.0636571248770971,0.351899873448651,-0.351899873448651,0.351899873448651,0.583402588152228,-0.0636571248770971
"IGF1R",0.0265205439897668,0.0960905839027134,0.351899873448651,0.148251726468548,0.029365222989196,0.351899873448651,0.0265205439897668,0.400411338905459,0.454471103370995,0.195306674886136,0.143443580292788,0.143443580292788,0.583402588152228,0.582303765402787,-0.158210340131706,0.172608768516697,0.172608768516697,0.0622695055796757,0.461088181053102,0.458897708910553,0.461088181053102,-0.321062480819838,0.0622695055796757,0.461088181053102,-0.0127433860592408,0.0493694757415585,0.0493694757415585,1,1,0.0265205439897668,0.461088181053102,0.0265205439897668,0.351899873448651,0.0265205439897668,0.0265205439897668,0.0265205439897668,0.0265205439897668,0.0493694757415585,0.57899322413921,0.0265205439897668,0.351899873448651,0.351899873448651,0.148251726468548,-0.0400796662796028,-0.0400796662796028,0.0265205439897668,-0.461088181053102,0.400411338905459,0.400411338905459,-0.255962816023078,0.461088181053102,0.461088181053102,0.461088181053102,0.257063438042411,0.370654786064312,0.577894278165635,0.649600850356042,0.0265205439897668,-0.461088181053102,0.351899873448651,0.148251726468548,0.148251726468548,0.19015508394603,-0.0265205439897668,0.458897708910553,0.0493694757415585,0.0636571248770971,0.351899873448651,-0.351899873448651,0.351899873448651,0.583402588152228,-0.0636571248770971
"IKK",1,0.08075290841551,0.0477376412804716,-0.0379327152410363,-0.0418683557511697,0.0477376412804716,1,0.0832316221480359,0.0154035903729728,0.0783659578986541,0.0748312643857148,0.0748312643857148,0.0899427920979937,0.0887939376429139,-0.0890550617641993,0.0484866868461335,0.0484866868461335,-0.0600880704055591,0.0154035903729728,0.0153088594993458,0.0154035903729728,-0.400327398937893,-0.0600880704055591,0.0154035903729728,-0.00743351063517412,0.002831694051402,0.002831694051402,0.0265205439897668,0.0265205439897668,1,0.0154035903729728,1,0.0477376412804716,1,1,1,1,0.002831694051402,0.094356043453978,1,0.0477376412804716,0.0477376412804716,-0.0379327152410363,-0.0275759484432943,-0.0275759484432943,1,-0.0154035903729728,0.0832316221480359,0.0832316221480359,-0.483478182836599,0.0154035903729728,0.0154035903729728,0.0154035903729728,0.484553900035739,0.0573486957118838,0.097620687020422,-0.00618639924949935,1,-0.0154035903729728,0.0477376412804716,-0.0379327152410363,-0.0379327152410363,0.0195183163045467,-1,0.0153088594993458,0.002831694051402,0.0435088754674448,0.0477376412804716,-0.0477376412804716,0.0477376412804716,0.0899427920979937,-0.0435088754674448
