"","AKT","AXIN2","CD44","CDC42","CHD1L","Csl","Csn","DELTA","DSH","Destcompl","EGF","EGFR","EGR1","ERK","Ecadherin","FGF","FGFR","FOXC2","FUS","Frizzled","GLI","GSK3","Goosecoid","HEY1","HGF","HIF1","Hypoxia","IGF1","IGF1R","IKK","ILK","JAK","Jagged","KLF4","LIF","LIFR","LIV1","LOXL23","MEK","NFB","NOTCH","NOTCHic","PAK1","PDGF","PDGFR","PI3K","Patched","RAF","RAS","RKIP","SHH","SMAD","SMO","SNAI1","SNAI2","SOSGRB2","SRC","STAT","SUFU","TCFLEF","TGF","TGFR","TWIST1","TrCP","Wnt","ZEB1","ZEB2","cMet","cateninmemb","cateninnuc","cfos","miR200"
"AKT",1,0.908148343506382,0.908148343506382,0.0845477063187737,0.0845477063187737,0.907750545892259,0.996041561852584,0.983766101239807,0.908148343506382,0.908148343506382,0.0493065320805892,0.0493065320805892,0.878146134876879,0.879709419350014,-0.994459158163091,0.096255982770066,0.096255982770066,0.167326369600249,0.908148343506382,0.908148343506382,0.908148343506382,-0.99010201727293,0.167326369600249,0.907750545892259,0.0602985125159463,0.150774864236123,0.150774864236123,0.0314376435409257,0.0314376435409257,0.999208412663691,1,0.0364385167492002,0.908148343506382,-0.743041062685798,0.0364385167492002,0.0364385167492002,0.0364385167492002,0.150774864236123,0.88051106592868,0.997624261215606,0.908148343506382,0.908148343506382,0.0845477063187737,0.142945053422176,0.142945053422176,0.983766101239807,-0.908148343506382,0.983766101239807,0.983766101239807,-0.879709419350014,0.908148343506382,1,0.908148343506382,1,0.941424604276199,-0.0784635267612729,0.182822494689162,0.0364385167492002,-0.908148343506382,0.908148343506382,1,1,1,-0.991688272329915,0.908148343506382,0.743041062685798,0.743041062685798,0.0602985125159463,-0.994064149260403,0.908148343506382,0.879709419350014,-0.743041062685798
"AXIN2",0.908148343506382,1,1,0.0449769168311729,0.0449769168311729,0.999603995406555,0.904174994915696,0.924375662262361,1,1,0.0334838832167875,0.0334838832167875,0.806177856134172,0.807729233363586,-0.902585114570528,0.0740461236720852,0.0740461236720852,0.113529033061922,1,1,1,-0.918059911990101,0.113529033061922,0.999603995406555,0.042068031134405,0.105560390918915,0.105560390918915,0.0187598528300817,0.0187598528300817,0.90736366712133,0.908148343506382,0.0151397708413837,1,-0.651171382740356,0.0151397708413837,0.0151397708413837,0.0151397708413837,0.105560390918915,0.808537117551572,0.90577221256251,1,1,0.0449769168311729,0.0947405878358586,0.0947405878358586,0.924375662262361,-1,0.924375662262361,0.924375662262361,-0.807729233363586,1,0.908148343506382,1,0.908148343506382,0.878128595954897,-0.129114770978162,0.122711502309092,0.0151397708413837,-1,1,0.908148343506382,0.908148343506382,0.908148343506382,-0.899810141883767,1,0.651171382740356,0.651171382740356,0.042068031134405,-0.902186410996537,1,0.807729233363586,-0.651171382740356
"CD44",0.908148343506382,1,1,0.0449769168311729,0.0449769168311729,0.999603995406555,0.904174994915696,0.924375662262361,1,1,0.0334838832167875,0.0334838832167875,0.806177856134172,0.807729233363586,-0.902585114570528,0.0740461236720852,0.0740461236720852,0.113529033061922,1,1,1,-0.918059911990101,0.113529033061922,0.999603995406555,0.042068031134405,0.105560390918915,0.105560390918915,0.0187598528300817,0.0187598528300817,0.90736366712133,0.908148343506382,0.0151397708413837,1,-0.651171382740356,0.0151397708413837,0.0151397708413837,0.0151397708413837,0.105560390918915,0.808537117551572,0.90577221256251,1,1,0.0449769168311729,0.0947405878358586,0.0947405878358586,0.924375662262361,-1,0.924375662262361,0.924375662262361,-0.807729233363586,1,0.908148343506382,1,0.908148343506382,0.878128595954897,-0.129114770978162,0.122711502309092,0.0151397708413837,-1,1,0.908148343506382,0.908148343506382,0.908148343506382,-0.899810141883767,1,0.651171382740356,0.651171382740356,0.042068031134405,-0.902186410996537,1,0.807729233363586,-0.651171382740356
"CDC42",0.0845477063187737,0.0449769168311729,0.0449769168311729,1,1,0.0453718379349983,0.0861362042795238,0.0722787786583214,0.0449769168311729,0.0449769168311729,0.00692521752044861,0.00692521752044861,0.0576005833107344,0.0583951189191189,-0.0869305735105876,0.0120825157391311,0.0120825157391311,-0.0112851628348335,0.0449769168311729,0.0449769168311729,0.0449769168311729,-0.0746473554234433,-0.0112851628348335,0.0453718379349983,-0.0112753090129535,0.00655030765326209,0.00655030765326209,0.00020037015997971,0.00020037015997971,0.0853370738789543,0.0845477063187737,-0.0045671050074605,0.0449769168311729,-0.0786016882889294,-0.0045671050074605,-0.0045671050074605,-0.0045671050074605,0.00655030765326209,0.0591852804394923,0.086131229682379,0.0449769168311729,0.0449769168311729,1,0.0219529391183404,0.0219529391183404,0.0722787786583214,-0.0449769168311729,0.0722787786583214,0.0722787786583214,-0.0583951189191189,0.0449769168311729,0.0845477063187737,0.0449769168311729,0.0845477063187737,0.0679048702673018,-0.00218546669383614,0.00810565313780559,-0.0045671050074605,-0.0449769168311729,0.0449769168311729,0.0845477063187737,0.0845477063187737,0.0845477063187737,-0.0873277888456894,0.0449769168311729,0.0786016882889294,0.0786016882889294,-0.0112753090129535,-0.0873277888456894,0.0449769168311729,0.0583951189191189,-0.0786016882889294
"CHD1L",0.0845477063187737,0.0449769168311729,0.0449769168311729,1,1,0.0453718379349983,0.0861362042795238,0.0722787786583214,0.0449769168311729,0.0449769168311729,0.00692521752044861,0.00692521752044861,0.0576005833107344,0.0583951189191189,-0.0869305735105876,0.0120825157391311,0.0120825157391311,-0.0112851628348335,0.0449769168311729,0.0449769168311729,0.0449769168311729,-0.0746473554234433,-0.0112851628348335,0.0453718379349983,-0.0112753090129535,0.00655030765326209,0.00655030765326209,0.00020037015997971,0.00020037015997971,0.0853370738789543,0.0845477063187737,-0.0045671050074605,0.0449769168311729,-0.0786016882889294,-0.0045671050074605,-0.0045671050074605,-0.0045671050074605,0.00655030765326209,0.0591852804394923,0.086131229682379,0.0449769168311729,0.0449769168311729,1,0.0219529391183404,0.0219529391183404,0.0722787786583214,-0.0449769168311729,0.0722787786583214,0.0722787786583214,-0.0583951189191189,0.0449769168311729,0.0845477063187737,0.0449769168311729,0.0845477063187737,0.0679048702673018,-0.00218546669383614,0.00810565313780559,-0.0045671050074605,-0.0449769168311729,0.0449769168311729,0.0845477063187737,0.0845477063187737,0.0845477063187737,-0.0873277888456894,0.0449769168311729,0.0786016882889294,0.0786016882889294,-0.0112753090129535,-0.0873277888456894,0.0449769168311729,0.0583951189191189,-0.0786016882889294
"Csl",0.907750545892259,0.999603995406555,0.999603995406555,0.0453718379349983,0.0453718379349983,1,0.903777853503271,0.923978155140287,0.999603995406555,0.999603995406555,0.0338790815689219,0.0338790815689219,0.805776179777986,0.807328162791749,-0.902188296741642,0.0744441974975667,0.0744441974975667,0.113130564615421,0.999603995406555,0.999603995406555,0.999603995406555,-0.917661548804321,0.113130564615421,1,0.0416731336262638,0.10516871077006,0.10516871077006,0.0191563032818423,0.0191563032818423,0.906965570164961,0.907750545892259,0.0147393367817016,0.999603995406555,-0.650775206745565,0.0147393367817016,0.0147393367817016,0.0147393367817016,0.10516871077006,0.808135727575513,0.90537443990639,0.999603995406555,0.999603995406555,0.0453718379349983,0.0943391591970821,0.0943391591970821,0.923978155140287,-0.999603995406555,0.923978155140287,0.923978155140287,-0.807328162791749,0.999603995406555,0.907750545892259,0.999603995406555,0.907750545892259,0.877728646386119,-0.129511793040768,0.123103733358092,0.0147393367817016,-0.999603995406555,0.999603995406555,0.907750545892259,0.907750545892259,0.907750545892259,-0.899413506557041,0.999603995406555,0.650775206745565,0.650775206745565,0.0416731336262638,-0.901789750710357,0.999603995406555,0.807328162791749,-0.650775206745565
"Csn",0.996041561852584,0.904174994915696,0.904174994915696,0.0861362042795238,0.0861362042795238,0.903777853503271,1,0.979805162505771,0.904174994915696,0.904174994915696,0.0501014778356926,0.0501014778356926,0.874204490439584,0.875765269638456,-0.990496582478319,0.0938720715301242,0.0938720715301242,0.168128890597045,0.904174994915696,0.904174994915696,0.904174994915696,-0.986145230291125,0.168128890597045,0.903777853503271,0.0571273364914282,0.149966245753526,0.149966245753526,0.0306440502626177,0.0306440502626177,0.996835116330998,0.996041561852584,0.034873264039643,0.904174994915696,-0.740662714881424,0.034873264039643,0.034873264039643,0.034873264039643,0.149966245753526,0.876568221224814,0.998417377340459,0.904174994915696,0.904174994915696,0.0861362042795238,0.14138385935277,0.14138385935277,0.979805162505771,-0.904174994915696,0.979805162505771,0.979805162505771,-0.875765269638456,0.904174994915696,0.996041561852584,0.904174994915696,0.996041561852584,0.937474719621945,-0.0792481460787572,0.178879105749918,0.034873264039643,-0.904174994915696,0.904174994915696,0.996041561852584,0.996041561852584,0.996041561852584,-0.995644790640424,0.904174994915696,0.740662714881424,0.740662714881424,0.0571273364914282,-0.990100898817421,0.904174994915696,0.875765269638456,-0.740662714881424
"DELTA",0.983766101239807,0.924375662262361,0.924375662262361,0.0722787786583214,0.0722787786583214,0.923978155140287,0.979805162505771,1,0.924375662262361,0.924375662262361,0.0576225827291917,0.0576225827291917,0.881722060517809,0.883283545510889,-0.97822150268105,0.109314312839874,0.109314312839874,0.154269935285812,0.924375662262361,0.924375662262361,0.924375662262361,-0.993667509703549,0.154269935285812,0.923978155140287,0.0551488868037575,0.1361129660977,0.1361129660977,0.0326239537509833,0.0326239537509833,0.982975682404272,0.983766101239807,0.0233871761717384,0.924375662262361,-0.726805113689649,0.0233871761717384,0.0233871761717384,0.0233871761717384,0.1361129660977,0.884086128687572,0.981390305487032,0.924375662262361,0.924375662262361,0.0722787786583214,0.144149624843702,0.144149624843702,1,-0.924375662262361,1,1,-0.883283545510889,0.924375662262361,0.983766101239807,0.924375662262361,0.983766101239807,0.933117009720908,-0.0891473517188486,0.19827416385725,0.0233871761717384,-0.924375662262361,0.924375662262361,0.983766101239807,0.983766101239807,0.983766101239807,-0.975449937468204,0.924375662262361,0.726805113689649,0.726805113689649,0.0551488868037575,-0.977825871370386,0.924375662262361,0.883283545510889,-0.726805113689649
"DSH",0.908148343506382,1,1,0.0449769168311729,0.0449769168311729,0.999603995406555,0.904174994915696,0.924375662262361,1,1,0.0334838832167875,0.0334838832167875,0.806177856134172,0.807729233363586,-0.902585114570528,0.0740461236720852,0.0740461236720852,0.113529033061922,1,1,1,-0.918059911990101,0.113529033061922,0.999603995406555,0.042068031134405,0.105560390918915,0.105560390918915,0.0187598528300817,0.0187598528300817,0.90736366712133,0.908148343506382,0.0151397708413837,1,-0.651171382740356,0.0151397708413837,0.0151397708413837,0.0151397708413837,0.105560390918915,0.808537117551572,0.90577221256251,1,1,0.0449769168311729,0.0947405878358586,0.0947405878358586,0.924375662262361,-1,0.924375662262361,0.924375662262361,-0.807729233363586,1,0.908148343506382,1,0.908148343506382,0.878128595954897,-0.129114770978162,0.122711502309092,0.0151397708413837,-1,1,0.908148343506382,0.908148343506382,0.908148343506382,-0.899810141883767,1,0.651171382740356,0.651171382740356,0.042068031134405,-0.902186410996537,1,0.807729233363586,-0.651171382740356
"Destcompl",0.908148343506382,1,1,0.0449769168311729,0.0449769168311729,0.999603995406555,0.904174994915696,0.924375662262361,1,1,0.0334838832167875,0.0334838832167875,0.806177856134172,0.807729233363586,-0.902585114570528,0.0740461236720852,0.0740461236720852,0.113529033061922,1,1,1,-0.918059911990101,0.113529033061922,0.999603995406555,0.042068031134405,0.105560390918915,0.105560390918915,0.0187598528300817,0.0187598528300817,0.90736366712133,0.908148343506382,0.0151397708413837,1,-0.651171382740356,0.0151397708413837,0.0151397708413837,0.0151397708413837,0.105560390918915,0.808537117551572,0.90577221256251,1,1,0.0449769168311729,0.0947405878358586,0.0947405878358586,0.924375662262361,-1,0.924375662262361,0.924375662262361,-0.807729233363586,1,0.908148343506382,1,0.908148343506382,0.878128595954897,-0.129114770978162,0.122711502309092,0.0151397708413837,-1,1,0.908148343506382,0.908148343506382,0.908148343506382,-0.899810141883767,1,0.651171382740356,0.651171382740356,0.042068031134405,-0.902186410996537,1,0.807729233363586,-0.651171382740356
"EGF",0.0493065320805892,0.0334838832167875,0.0334838832167875,0.00692521752044861,0.00692521752044861,0.0338790815689219,0.0501014778356926,0.0576225827291917,0.0334838832167875,0.0334838832167875,1,1,0.0777843368412343,0.076203578070626,-0.0485195164737731,0.00693401313848696,0.00693401313848696,0.00573587107214547,0.0334838832167875,0.0334838832167875,0.0334838832167875,-0.051283602821034,0.00573587107214547,0.0338790815689219,-0.0282965129783662,-0.0136430209949676,-0.0136430209949676,-0.00732063550053556,-0.00732063550053556,0.050096748370134,0.0493065320805892,-0.00337531007640385,0.0334838832167875,-0.0227786366294291,-0.00337531007640385,-0.00337531007640385,-0.00337531007640385,-0.0136430209949676,0.076202305246434,0.0493065320805892,0.0334838832167875,0.0334838832167875,0.00692521752044861,-0.016438101660062,-0.016438101660062,0.0576225827291917,-0.0334838832167875,0.0576225827291917,0.0576225827291917,-0.076203578070626,0.0334838832167875,0.0493065320805892,0.0334838832167875,0.0493065320805892,0.0564202452616259,0.119331281992273,0.374234284175597,-0.00337531007640385,-0.0334838832167875,0.0334838832167875,0.0493065320805892,0.0493065320805892,0.0493065320805892,-0.0497080451233366,0.0334838832167875,0.0227786366294291,0.0227786366294291,-0.0282965129783662,-0.0489162377737676,0.0334838832167875,0.076203578070626,-0.0227786366294291
"EGFR",0.0493065320805892,0.0334838832167875,0.0334838832167875,0.00692521752044861,0.00692521752044861,0.0338790815689219,0.0501014778356926,0.0576225827291917,0.0334838832167875,0.0334838832167875,1,1,0.0777843368412343,0.076203578070626,-0.0485195164737731,0.00693401313848696,0.00693401313848696,0.00573587107214547,0.0334838832167875,0.0334838832167875,0.0334838832167875,-0.051283602821034,0.00573587107214547,0.0338790815689219,-0.0282965129783662,-0.0136430209949676,-0.0136430209949676,-0.00732063550053556,-0.00732063550053556,0.050096748370134,0.0493065320805892,-0.00337531007640385,0.0334838832167875,-0.0227786366294291,-0.00337531007640385,-0.00337531007640385,-0.00337531007640385,-0.0136430209949676,0.076202305246434,0.0493065320805892,0.0334838832167875,0.0334838832167875,0.00692521752044861,-0.016438101660062,-0.016438101660062,0.0576225827291917,-0.0334838832167875,0.0576225827291917,0.0576225827291917,-0.076203578070626,0.0334838832167875,0.0493065320805892,0.0334838832167875,0.0493065320805892,0.0564202452616259,0.119331281992273,0.374234284175597,-0.00337531007640385,-0.0334838832167875,0.0334838832167875,0.0493065320805892,0.0493065320805892,0.0493065320805892,-0.0497080451233366,0.0334838832167875,0.0227786366294291,0.0227786366294291,-0.0282965129783662,-0.0489162377737676,0.0334838832167875,0.076203578070626,-0.0227786366294291
"EGR1",0.878146134876879,0.806177856134172,0.806177856134172,0.0576005833107344,0.0576005833107344,0.805776179777986,0.874204490439584,0.881722060517809,0.806177856134172,0.806177856134172,0.0777843368412343,0.0777843368412343,1,0.998417940238283,-0.883715768982294,0.187372216734325,0.187372216734325,0.122132604168433,0.806177856134172,0.806177856134172,0.806177856134172,-0.888031569559041,0.122132604168433,0.805776179777986,0.170373072013689,0.0978784964996235,0.0978784964996235,0.067869865765933,0.067869865765933,0.877346501992579,0.878146134876879,0.0442112714528657,0.806177856134172,-0.640994898619919,0.0442112714528657,0.0442112714528657,0.0442112714528657,0.0978784964996235,0.997625358809741,0.875770795128577,0.806177856134172,0.806177856134172,0.0576005833107344,0.26232158078015,0.26232158078015,0.881722060517809,-0.806177856134172,0.881722060517809,0.881722060517809,-0.998417940238283,0.806177856134172,0.878146134876879,0.806177856134172,0.878146134876879,0.915308420781402,0.0275520846311075,0.303835433548755,0.0442112714528657,-0.806177856134172,0.806177856134172,0.878146134876879,0.878146134876879,0.878146134876879,-0.869863829118068,0.806177856134172,0.640994898619919,0.640994898619919,0.170373072013689,-0.883324870388159,0.806177856134172,0.998417940238283,-0.640994898619919
"ERK",0.879709419350014,0.807729233363586,0.807729233363586,0.0583951189191189,0.0583951189191189,0.807328162791749,0.875765269638456,0.883283545510889,0.807729233363586,0.807729233363586,0.076203578070626,0.076203578070626,0.998417940238283,1,-0.88527543725739,0.187362912836504,0.187362912836504,0.122931065468498,0.807729233363586,0.807729233363586,0.807729233363586,-0.889596820120068,0.122931065468498,0.807328162791749,0.171160843861241,0.0994414934237949,0.0994414934237949,0.068659514019071,0.068659514019071,0.878911006648957,0.879709419350014,0.0442290461063194,0.807729233363586,-0.642559593964401,0.0442290461063194,0.0442290461063194,0.0442290461063194,0.0994414934237949,0.999208652173963,0.877334050574153,0.807729233363586,0.807729233363586,0.0583951189191189,0.2607592716448,0.2607592716448,0.883283545510889,-0.807729233363586,0.883283545510889,0.883283545510889,-1,0.807729233363586,0.879709419350014,0.807729233363586,0.879709419350014,0.916882025413936,0.0259788298403133,0.302265555046128,0.0442290461063194,-0.807729233363586,0.807729233363586,0.879709419350014,0.879709419350014,0.879709419350014,-0.871422714887998,0.807729233363586,0.642559593964401,0.642559593964401,0.171160843861241,-0.884883920657161,0.807729233363586,1,-0.642559593964401
"Ecadherin",-0.994459158163091,-0.902585114570528,-0.902585114570528,-0.0869305735105876,-0.0869305735105876,-0.902188296741642,-0.990496582478319,-0.97822150268105,-0.902585114570528,-0.902585114570528,-0.0485195164737731,-0.0485195164737731,-0.883715768982294,-0.88527543725739,1,-0.100994268397519,-0.100994268397519,-0.172885253795858,-0.902585114570528,-0.902585114570528,-0.902585114570528,0.984563633978583,-0.172885253795858,-0.902188296741642,-0.0658351968676098,-0.156292985316803,-0.156292985316803,-0.0322267660334137,-0.0322267660334137,-0.99366949744606,-0.994459158163091,-0.0364661726163605,-0.902585114570528,0.748581167820648,-0.0364661726163605,-0.0364661726163605,-0.0364661726163605,-0.156292985316803,-0.886078968383583,-0.992083302086387,-0.902585114570528,-0.902585114570528,-0.0869305735105876,-0.148521860737937,-0.148521860737937,-0.97822150268105,0.902585114570528,-0.97822150268105,-0.97822150268105,0.88527543725739,-0.902585114570528,-0.994459158163091,-0.902585114570528,-0.994459158163091,-0.946982671347526,0.072910122901149,-0.188388798469549,-0.0364661726163605,0.902585114570528,-0.902585114570528,-0.994459158163091,-0.994459158163091,-0.994459158163091,0.986140112068176,-0.902585114570528,-0.748581167820648,-0.748581167820648,-0.0658351968676098,0.999604079369346,-0.902585114570528,-0.88527543725739,0.748581167820648
"FGF",0.096255982770066,0.0740461236720852,0.0740461236720852,0.0120825157391311,0.0120825157391311,0.0744441974975667,0.0938720715301242,0.109314312839874,0.0740461236720852,0.0740461236720852,0.00693401313848696,0.00693401313848696,0.187372216734325,0.187362912836504,-0.100994268397519,1,1,-0.00175654218787696,0.0740461236720852,0.0740461236720852,0.0740461236720852,-0.102992503338631,-0.00175654218787696,0.0744441974975667,-0.0239745160070561,-0.0125693387567102,-0.0125693387567102,0.0176007567632533,0.0176007567632533,0.0954685470541015,0.096255982770066,0.000277627500810697,0.0740461236720852,-0.0642058577789828,0.000277627500810697,0.000277627500810697,0.000277627500810697,-0.0125693387567102,0.187367506100387,0.0946724184721494,0.0740461236720852,0.0740461236720852,0.0120825157391311,-0.0032820352150093,-0.0032820352150093,0.109314312839874,-0.0740461236720852,0.109314312839874,0.109314312839874,-0.187362912836504,0.0740461236720852,0.096255982770066,0.0740461236720852,0.096255982770066,0.12875203511088,0.158571849119047,0.632767243680654,0.000277627500810697,-0.0740461236720852,0.0740461236720852,0.096255982770066,0.096255982770066,0.096255982770066,-0.0926780598322258,0.0740461236720852,0.0642058577789828,0.0642058577789828,-0.0239745160070561,-0.101388169922795,0.0740461236720852,0.187362912836504,-0.0642058577789828
"FGFR",0.096255982770066,0.0740461236720852,0.0740461236720852,0.0120825157391311,0.0120825157391311,0.0744441974975667,0.0938720715301242,0.109314312839874,0.0740461236720852,0.0740461236720852,0.00693401313848696,0.00693401313848696,0.187372216734325,0.187362912836504,-0.100994268397519,1,1,-0.00175654218787696,0.0740461236720852,0.0740461236720852,0.0740461236720852,-0.102992503338631,-0.00175654218787696,0.0744441974975667,-0.0239745160070561,-0.0125693387567102,-0.0125693387567102,0.0176007567632533,0.0176007567632533,0.0954685470541015,0.096255982770066,0.000277627500810697,0.0740461236720852,-0.0642058577789828,0.000277627500810697,0.000277627500810697,0.000277627500810697,-0.0125693387567102,0.187367506100387,0.0946724184721494,0.0740461236720852,0.0740461236720852,0.0120825157391311,-0.0032820352150093,-0.0032820352150093,0.109314312839874,-0.0740461236720852,0.109314312839874,0.109314312839874,-0.187362912836504,0.0740461236720852,0.096255982770066,0.0740461236720852,0.096255982770066,0.12875203511088,0.158571849119047,0.632767243680654,0.000277627500810697,-0.0740461236720852,0.0740461236720852,0.096255982770066,0.096255982770066,0.096255982770066,-0.0926780598322258,0.0740461236720852,0.0642058577789828,0.0642058577789828,-0.0239745160070561,-0.101388169922795,0.0740461236720852,0.187362912836504,-0.0642058577789828
"FOXC2",0.167326369600249,0.113529033061922,0.113529033061922,-0.0112851628348335,-0.0112851628348335,0.113130564615421,0.168128890597045,0.154269935285812,0.113529033061922,0.113529033061922,0.00573587107214547,0.00573587107214547,0.122132604168433,0.122931065468498,-0.172885253795858,-0.00175654218787696,-0.00175654218787696,1,0.113529033061922,0.113529033061922,0.113529033061922,-0.15742175377922,1,0.113130564615421,0.0192094118222296,-0.0207358446161582,-0.0207358446161582,-0.00652482878380937,-0.00652482878380937,0.167321162241861,0.167326369600249,-0.00498449894398345,0.113529033061922,-0.424223512096267,-0.00498449894398345,-0.00498449894398345,-0.00498449894398345,-0.0207358446161582,0.123719249489555,0.16890990040622,0.113529033061922,0.113529033061922,-0.0112851628348335,0.0144099104704759,0.0144099104704759,0.154269935285812,-0.113529033061922,0.154269935285812,0.154269935285812,-0.122931065468498,0.113529033061922,0.167326369600249,0.113529033061922,0.167326369600249,0.146703893342548,-0.00813483092625311,0.0195721603777911,-0.00498449894398345,-0.113529033061922,0.113529033061922,0.167326369600249,0.167326369600249,0.167326369600249,-0.170116763184743,0.113529033061922,0.424223512096267,0.424223512096267,0.0192094118222296,-0.173284008957164,0.113529033061922,0.122931065468498,-0.424223512096267
"FUS",0.908148343506382,1,1,0.0449769168311729,0.0449769168311729,0.999603995406555,0.904174994915696,0.924375662262361,1,1,0.0334838832167875,0.0334838832167875,0.806177856134172,0.807729233363586,-0.902585114570528,0.0740461236720852,0.0740461236720852,0.113529033061922,1,1,1,-0.918059911990101,0.113529033061922,0.999603995406555,0.042068031134405,0.105560390918915,0.105560390918915,0.0187598528300817,0.0187598528300817,0.90736366712133,0.908148343506382,0.0151397708413837,1,-0.651171382740356,0.0151397708413837,0.0151397708413837,0.0151397708413837,0.105560390918915,0.808537117551572,0.90577221256251,1,1,0.0449769168311729,0.0947405878358586,0.0947405878358586,0.924375662262361,-1,0.924375662262361,0.924375662262361,-0.807729233363586,1,0.908148343506382,1,0.908148343506382,0.878128595954897,-0.129114770978162,0.122711502309092,0.0151397708413837,-1,1,0.908148343506382,0.908148343506382,0.908148343506382,-0.899810141883767,1,0.651171382740356,0.651171382740356,0.042068031134405,-0.902186410996537,1,0.807729233363586,-0.651171382740356
"Frizzled",0.908148343506382,1,1,0.0449769168311729,0.0449769168311729,0.999603995406555,0.904174994915696,0.924375662262361,1,1,0.0334838832167875,0.0334838832167875,0.806177856134172,0.807729233363586,-0.902585114570528,0.0740461236720852,0.0740461236720852,0.113529033061922,1,1,1,-0.918059911990101,0.113529033061922,0.999603995406555,0.042068031134405,0.105560390918915,0.105560390918915,0.0187598528300817,0.0187598528300817,0.90736366712133,0.908148343506382,0.0151397708413837,1,-0.651171382740356,0.0151397708413837,0.0151397708413837,0.0151397708413837,0.105560390918915,0.808537117551572,0.90577221256251,1,1,0.0449769168311729,0.0947405878358586,0.0947405878358586,0.924375662262361,-1,0.924375662262361,0.924375662262361,-0.807729233363586,1,0.908148343506382,1,0.908148343506382,0.878128595954897,-0.129114770978162,0.122711502309092,0.0151397708413837,-1,1,0.908148343506382,0.908148343506382,0.908148343506382,-0.899810141883767,1,0.651171382740356,0.651171382740356,0.042068031134405,-0.902186410996537,1,0.807729233363586,-0.651171382740356
"GLI",0.908148343506382,1,1,0.0449769168311729,0.0449769168311729,0.999603995406555,0.904174994915696,0.924375662262361,1,1,0.0334838832167875,0.0334838832167875,0.806177856134172,0.807729233363586,-0.902585114570528,0.0740461236720852,0.0740461236720852,0.113529033061922,1,1,1,-0.918059911990101,0.113529033061922,0.999603995406555,0.042068031134405,0.105560390918915,0.105560390918915,0.0187598528300817,0.0187598528300817,0.90736366712133,0.908148343506382,0.0151397708413837,1,-0.651171382740356,0.0151397708413837,0.0151397708413837,0.0151397708413837,0.105560390918915,0.808537117551572,0.90577221256251,1,1,0.0449769168311729,0.0947405878358586,0.0947405878358586,0.924375662262361,-1,0.924375662262361,0.924375662262361,-0.807729233363586,1,0.908148343506382,1,0.908148343506382,0.878128595954897,-0.129114770978162,0.122711502309092,0.0151397708413837,-1,1,0.908148343506382,0.908148343506382,0.908148343506382,-0.899810141883767,1,0.651171382740356,0.651171382740356,0.042068031134405,-0.902186410996537,1,0.807729233363586,-0.651171382740356
"GSK3",-0.99010201727293,-0.918059911990101,-0.918059911990101,-0.0746473554234433,-0.0746473554234433,-0.917661548804321,-0.986145230291125,-0.993667509703549,-0.918059911990101,-0.918059911990101,-0.051283602821034,-0.051283602821034,-0.888031569559041,-0.889596820120068,0.984563633978583,-0.102992503338631,-0.102992503338631,-0.15742175377922,-0.918059911990101,-0.918059911990101,-0.918059911990101,1,-0.15742175377922,-0.917661548804321,-0.0614892403616676,-0.140889969359577,-0.140889969359577,-0.0334184101472231,-0.0334184101472231,-0.989309657630284,-0.99010201727293,-0.0265273924423398,-0.918059911990101,0.733146086189205,-0.0265273924423398,-0.0265273924423398,-0.0265273924423398,-0.140889969359577,-0.890397444814202,-0.987726332102091,-0.918059911990101,-0.918059911990101,-0.0746473554234433,-0.150450467526477,-0.150450467526477,-0.993667509703549,0.918059911990102,-0.993667509703549,-0.993667509703549,0.889596820120068,-0.918059911990101,-0.99010201727293,-0.918059911990101,-0.99010201727293,-0.938647763225016,0.082823710932134,-0.191916299274448,-0.0265273924423398,0.918059911990102,-0.918059911990101,-0.99010201727293,-0.99010201727293,-0.99010201727293,0.98179319419727,-0.918059911990101,-0.733146086189205,-0.733146086189205,-0.0614892403616676,0.984169017511085,-0.918059911990101,-0.889596820120068,0.733146086189205
"Goosecoid",0.167326369600249,0.113529033061922,0.113529033061922,-0.0112851628348335,-0.0112851628348335,0.113130564615421,0.168128890597045,0.154269935285812,0.113529033061922,0.113529033061922,0.00573587107214547,0.00573587107214547,0.122132604168433,0.122931065468498,-0.172885253795858,-0.00175654218787696,-0.00175654218787696,1,0.113529033061922,0.113529033061922,0.113529033061922,-0.15742175377922,1,0.113130564615421,0.0192094118222296,-0.0207358446161582,-0.0207358446161582,-0.00652482878380937,-0.00652482878380937,0.167321162241861,0.167326369600249,-0.00498449894398345,0.113529033061922,-0.424223512096267,-0.00498449894398345,-0.00498449894398345,-0.00498449894398345,-0.0207358446161582,0.123719249489555,0.16890990040622,0.113529033061922,0.113529033061922,-0.0112851628348335,0.0144099104704759,0.0144099104704759,0.154269935285812,-0.113529033061922,0.154269935285812,0.154269935285812,-0.122931065468498,0.113529033061922,0.167326369600249,0.113529033061922,0.167326369600249,0.146703893342548,-0.00813483092625311,0.0195721603777911,-0.00498449894398345,-0.113529033061922,0.113529033061922,0.167326369600249,0.167326369600249,0.167326369600249,-0.170116763184743,0.113529033061922,0.424223512096267,0.424223512096267,0.0192094118222296,-0.173284008957164,0.113529033061922,0.122931065468498,-0.424223512096267
"HEY1",0.907750545892259,0.999603995406555,0.999603995406555,0.0453718379349983,0.0453718379349983,1,0.903777853503271,0.923978155140287,0.999603995406555,0.999603995406555,0.0338790815689219,0.0338790815689219,0.805776179777986,0.807328162791749,-0.902188296741642,0.0744441974975667,0.0744441974975667,0.113130564615421,0.999603995406555,0.999603995406555,0.999603995406555,-0.917661548804321,0.113130564615421,1,0.0416731336262638,0.10516871077006,0.10516871077006,0.0191563032818423,0.0191563032818423,0.906965570164961,0.907750545892259,0.0147393367817016,0.999603995406555,-0.650775206745565,0.0147393367817016,0.0147393367817016,0.0147393367817016,0.10516871077006,0.808135727575513,0.90537443990639,0.999603995406555,0.999603995406555,0.0453718379349983,0.0943391591970821,0.0943391591970821,0.923978155140287,-0.999603995406555,0.923978155140287,0.923978155140287,-0.807328162791749,0.999603995406555,0.907750545892259,0.999603995406555,0.907750545892259,0.877728646386119,-0.129511793040768,0.123103733358092,0.0147393367817016,-0.999603995406555,0.999603995406555,0.907750545892259,0.907750545892259,0.907750545892259,-0.899413506557041,0.999603995406555,0.650775206745565,0.650775206745565,0.0416731336262638,-0.901789750710357,0.999603995406555,0.807328162791749,-0.650775206745565
"HGF",0.0602985125159463,0.042068031134405,0.042068031134405,-0.0112753090129535,-0.0112753090129535,0.0416731336262638,0.0571273364914282,0.0551488868037575,0.042068031134405,0.042068031134405,-0.0282965129783662,-0.0282965129783662,0.170373072013689,0.171160843861241,-0.0658351968676098,-0.0239745160070561,-0.0239745160070561,0.0192094118222296,0.042068031134405,0.042068031134405,0.042068031134405,-0.0614892403616676,0.0192094118222296,0.0416731336262638,1,0.00845929897750515,0.00845929897750515,0.0116696356830134,0.0116696356830134,0.0595088185071337,0.0602985125159463,-0.0215318437606939,0.042068031134405,-0.0519927603944569,-0.0215318437606939,-0.0215318437606939,-0.0215318437606939,0.00845929897750515,0.171162721079695,0.057923212957894,0.042068031134405,0.042068031134405,-0.0112753090129535,-0.017967957732243,-0.017967957732243,0.0551488868037575,-0.042068031134405,0.0551488868037575,0.0551488868037575,-0.171160843861241,0.042068031134405,0.0602985125159463,0.042068031134405,0.0602985125159463,0.103858681039233,0.295102942397174,0.0979872120501848,-0.0215318437606939,-0.042068031134405,0.042068031134405,0.0602985125159463,0.0602985125159463,0.0602985125159463,-0.0575202541888188,0.042068031134405,0.0519927603944569,0.0519927603944569,1,-0.0654383797841729,0.042068031134405,0.171160843861241,-0.0519927603944569
"HIF1",0.150774864236123,0.105560390918915,0.105560390918915,0.00655030765326209,0.00655030765326209,0.10516871077006,0.149966245753526,0.1361129660977,0.105560390918915,0.105560390918915,-0.0136430209949676,-0.0136430209949676,0.0978784964996235,0.0994414934237949,-0.156292985316803,-0.0125693387567102,-0.0125693387567102,-0.0207358446161582,0.105560390918915,0.105560390918915,0.105560390918915,-0.140889969359577,-0.0207358446161582,0.10516871077006,0.00845929897750515,1,1,-0.00299313901226158,-0.00299313901226158,0.149991562040499,0.150774864236123,0.0153894509358365,0.105560390918915,-0.40774250937219,0.0153894509358365,0.0153894509358365,0.0153894509358365,1,0.100243371952679,0.149983029485496,0.105560390918915,0.105560390918915,0.00655030765326209,0.00470652679430985,0.00470652679430985,0.1361129660977,-0.105560390918915,0.1361129660977,0.1361129660977,-0.0994414934237949,0.105560390918915,0.150774864236123,0.105560390918915,0.150774864236123,0.124717841270855,-0.0187190354372621,-0.00526017524093277,0.0153894509358365,-0.105560390918915,0.105560390918915,0.150774864236123,0.150774864236123,0.150774864236123,-0.149557963736849,0.105560390918915,0.40774250937219,0.40774250937219,0.00845929897750515,-0.156684890889861,0.105560390918915,0.0994414934237949,-0.40774250937219
"Hypoxia",0.150774864236123,0.105560390918915,0.105560390918915,0.00655030765326209,0.00655030765326209,0.10516871077006,0.149966245753526,0.1361129660977,0.105560390918915,0.105560390918915,-0.0136430209949676,-0.0136430209949676,0.0978784964996235,0.0994414934237949,-0.156292985316803,-0.0125693387567102,-0.0125693387567102,-0.0207358446161582,0.105560390918915,0.105560390918915,0.105560390918915,-0.140889969359577,-0.0207358446161582,0.10516871077006,0.00845929897750515,1,1,-0.00299313901226158,-0.00299313901226158,0.149991562040499,0.150774864236123,0.0153894509358365,0.105560390918915,-0.40774250937219,0.0153894509358365,0.0153894509358365,0.0153894509358365,1,0.100243371952679,0.149983029485496,0.105560390918915,0.105560390918915,0.00655030765326209,0.00470652679430985,0.00470652679430985,0.1361129660977,-0.105560390918915,0.1361129660977,0.1361129660977,-0.0994414934237949,0.105560390918915,0.150774864236123,0.105560390918915,0.150774864236123,0.124717841270855,-0.0187190354372621,-0.00526017524093277,0.0153894509358365,-0.105560390918915,0.105560390918915,0.150774864236123,0.150774864236123,0.150774864236123,-0.149557963736849,0.105560390918915,0.40774250937219,0.40774250937219,0.00845929897750515,-0.156684890889861,0.105560390918915,0.0994414934237949,-0.40774250937219
"IGF1",0.0314376435409257,0.0187598528300817,0.0187598528300817,0.00020037015997971,0.00020037015997971,0.0191563032818423,0.0306440502626177,0.0326239537509833,0.0187598528300817,0.0187598528300817,-0.00732063550053556,-0.00732063550053556,0.067869865765933,0.068659514019071,-0.0322267660334137,0.0176007567632533,0.0176007567632533,-0.00652482878380937,0.0187598528300817,0.0187598528300817,0.0187598528300817,-0.0334184101472231,-0.00652482878380937,0.0191563032818423,0.0116696356830134,-0.00299313901226158,-0.00299313901226158,1,1,0.0306468256979376,0.0314376435409257,0.0105088445490473,0.0187598528300817,-0.0278782427028381,0.0105088445490473,0.0105088445490473,0.0105088445490473,-0.00299313901226158,0.0694521167588963,0.0314376435409257,0.0187598528300817,0.0187598528300817,0.00020037015997971,-0.00413612489135769,-0.00413612489135769,0.0326239537509833,-0.0187598528300817,0.0326239537509833,0.0326239537509833,-0.068659514019071,0.0187598528300817,0.0314376435409257,0.0187598528300817,0.0314376435409257,0.0488626087207795,0.130035349769398,0.130826974867901,0.0105088445490473,-0.0187598528300817,0.0187598528300817,0.0314376435409257,0.0314376435409257,0.0314376435409257,-0.0334140560739524,0.0187598528300817,0.0278782427028381,0.0278782427028381,0.0116696356830134,-0.0318304396381733,0.0187598528300817,0.068659514019071,-0.0278782427028381
"IGF1R",0.0314376435409257,0.0187598528300817,0.0187598528300817,0.00020037015997971,0.00020037015997971,0.0191563032818423,0.0306440502626177,0.0326239537509833,0.0187598528300817,0.0187598528300817,-0.00732063550053556,-0.00732063550053556,0.067869865765933,0.068659514019071,-0.0322267660334137,0.0176007567632533,0.0176007567632533,-0.00652482878380937,0.0187598528300817,0.0187598528300817,0.0187598528300817,-0.0334184101472231,-0.00652482878380937,0.0191563032818423,0.0116696356830134,-0.00299313901226158,-0.00299313901226158,1,1,0.0306468256979376,0.0314376435409257,0.0105088445490473,0.0187598528300817,-0.0278782427028381,0.0105088445490473,0.0105088445490473,0.0105088445490473,-0.00299313901226158,0.0694521167588963,0.0314376435409257,0.0187598528300817,0.0187598528300817,0.00020037015997971,-0.00413612489135769,-0.00413612489135769,0.0326239537509833,-0.0187598528300817,0.0326239537509833,0.0326239537509833,-0.068659514019071,0.0187598528300817,0.0314376435409257,0.0187598528300817,0.0314376435409257,0.0488626087207795,0.130035349769398,0.130826974867901,0.0105088445490473,-0.0187598528300817,0.0187598528300817,0.0314376435409257,0.0314376435409257,0.0314376435409257,-0.0334140560739524,0.0187598528300817,0.0278782427028381,0.0278782427028381,0.0116696356830134,-0.0318304396381733,0.0187598528300817,0.068659514019071,-0.0278782427028381
"IKK",0.999208412663691,0.90736366712133,0.90736366712133,0.0853370738789543,0.0853370738789543,0.906965570164961,0.996835116330998,0.982975682404272,0.90736366712133,0.90736366712133,0.050096748370134,0.050096748370134,0.877346501992579,0.878911006648957,-0.99366949744606,0.0954685470541015,0.0954685470541015,0.167321162241861,0.90736366712133,0.90736366712133,0.90736366712133,-0.989309657630284,0.167321162241861,0.906965570164961,0.0595088185071337,0.149991562040499,0.149991562040499,0.0306468256979376,0.0306468256979376,1,0.999208412663691,0.0356375486345002,0.90736366712133,-0.742251226764543,0.0356375486345002,0.0356375486345002,0.0356375486345002,0.149991562040499,0.879712019309836,0.998416511773922,0.90736366712133,0.90736366712133,0.0853370738789543,0.142142149326072,0.142142149326072,0.982975682404272,-0.90736366712133,0.982975682404272,0.982975682404272,-0.878911006648957,0.90736366712133,0.999208412663691,0.90736366712133,0.999208412663691,0.940628973676554,-0.0792589552211386,0.182023094257629,0.0356375486345002,-0.90736366712133,0.90736366712133,0.999208412663691,0.999208412663691,0.999208412663691,-0.992482854268063,0.90736366712133,0.742251226764543,0.742251226764543,0.0595088185071337,-0.993274801205831,0.90736366712133,0.878911006648957,-0.742251226764543
"ILK",1,0.908148343506382,0.908148343506382,0.0845477063187737,0.0845477063187737,0.907750545892259,0.996041561852584,0.983766101239807,0.908148343506382,0.908148343506382,0.0493065320805892,0.0493065320805892,0.878146134876879,0.879709419350014,-0.994459158163091,0.096255982770066,0.096255982770066,0.167326369600249,0.908148343506382,0.908148343506382,0.908148343506382,-0.99010201727293,0.167326369600249,0.907750545892259,0.0602985125159463,0.150774864236123,0.150774864236123,0.0314376435409257,0.0314376435409257,0.999208412663691,1,0.0364385167492002,0.908148343506382,-0.743041062685798,0.0364385167492002,0.0364385167492002,0.0364385167492002,0.150774864236123,0.88051106592868,0.997624261215606,0.908148343506382,0.908148343506382,0.0845477063187737,0.142945053422176,0.142945053422176,0.983766101239807,-0.908148343506382,0.983766101239807,0.983766101239807,-0.879709419350014,0.908148343506382,1,0.908148343506382,1,0.941424604276199,-0.0784635267612729,0.182822494689162,0.0364385167492002,-0.908148343506382,0.908148343506382,1,1,1,-0.991688272329915,0.908148343506382,0.743041062685798,0.743041062685798,0.0602985125159463,-0.994064149260403,0.908148343506382,0.879709419350014,-0.743041062685798
