"","AKT","AXIN2","CD44","CDC42","CHD1L","Csl","Csn","DELTA","DSH","Destcompl","EGF","EGFR","EGR1","ERK","Ecadherin","FGF","FGFR","FOXC2","FUS","Frizzled","GLI","GSK3","Goosecoid","HEY1","HGF","HIF1","Hypoxia","IGF1","IGF1R","IKK","ILK","JAK","Jagged","KLF4","LIF","LIFR","LIV1","LOXL23","MEK","NFB","NOTCH","NOTCHic","PAK1","PDGF","PDGFR","PI3K","Patched","RAF","RAS","RKIP","SHH","SMAD","SMO","SNAI1","SNAI2","SOSGRB2","SRC","STAT","SUFU","TCFLEF","TGF","TGFR","TWIST1","TrCP","Wnt","ZEB1","ZEB2","cMet","cateninmemb","cateninnuc","cfos","miR200"
"AKT",1,-0.160973134284393,0.663078349532671,0.663614406489523,-0.0101865232330638,1,0.998933814367192,1,0.634289674591891,-0.175343284833752,0.392280283803154,0.392280283803154,0.660945981915618,0.662013108167987,-0.664677907430111,0.301070283857076,0.301070283857076,0.676406427661912,0.638556411136724,0.637488672673777,0.63642217917779,-0.82568753159298,0.489923672182398,0.999467051775732,0.246434719384047,0.257331500270113,0.257331500270113,0.22072671498198,0.22072671498198,1,0.639088846089313,0.024684491846311,0.639088846089313,-0.338383743057713,0.024684491846311,0.024684491846311,0.760642589804313,0.257331500270113,0.662545707403485,1,1,1,0.662550711211822,0.47761767039467,0.47761767039467,1,-0.639088846089313,1,1,-0.662545707403485,0.639088846089313,0.639088846089313,0.639088846089313,0.662545707403485,0.676406427661912,0.924312150554035,0.760642589804313,0.760642589804313,-0.637488915119411,0.663078349532671,0.664683093081544,0.664148658295176,0.676406427661912,-0.997335849948971,0.636955339338549,0.631624898669167,0.338383743057713,0.246434719384047,-0.663078349532671,0.663078349532671,0.661479446777139,-0.338383743057713
"AXIN2",-0.160973134284393,1,-0.172702134953629,-0.172167796009635,0.0122706237442829,-0.160973134284393,-0.160973134284393,-0.160973134284393,-0.144981525376258,0.985611078472508,-0.0351696195302141,-0.0351696195302141,-0.143915315499542,-0.144982127788931,0.171102504943092,-0.0250284653446437,-0.0250284653446437,-0.184962931999818,-0.147115385141588,-0.14711347606928,-0.146047735252975,-0.0122872875528786,-0.0794299293896043,-0.160440162878093,-0.0309431042819168,-0.0740767822032338,-0.0740767822032338,-0.0213281043333357,-0.0213281043333357,-0.160973134284393,-0.14551560871807,-0.00216066322371787,-0.14551560871807,0.0911381247178473,-0.00216066322371787,-0.00216066322371787,-0.0772813816854296,-0.0740767822032338,-0.145514915078246,-0.160973134284393,-0.160973134284393,-0.160973134284393,-0.172167641797622,-0.0586329871252415,-0.0586329871252415,-0.160973134284393,0.14551560871807,-0.160973134284393,-0.160973134284393,0.145514915078246,-0.14551560871807,-0.14551560871807,-0.14551560871807,-0.145514915078246,-0.184962931999818,-0.128991845331897,-0.0772813816854296,-0.0772813816854296,0.146048354635005,-0.172702134953629,-0.173233790318691,-0.172700771501194,-0.184962931999818,0.161506629195088,-0.146580588765752,-0.140184429789997,-0.0911381247178473,-0.0309431042819168,0.172702134953629,-0.172702134953629,-0.144448696868465,0.0911381247178473
"CD44",0.663078349532671,-0.172702134953629,1,0.973880345671655,-0.00381700269277981,0.663078349532671,0.664144586068459,0.663078349532671,0.97121038212509,-0.187061696404596,0.276046185800516,0.276046185800516,0.968011472527756,0.969078989146159,-0.998400722093568,0.155981316837169,0.155981316837169,0.986671641906156,0.974412996342017,0.974409101411268,0.973342988523312,-0.811796465335274,0.800224381827728,0.66361546075787,0.0876286945924246,0.592120377675681,0.592120377675681,0.069352741136806,0.069352741136806,0.663078349532671,0.972812160987151,-0.0114954616098208,0.972812160987151,-0.673169597085627,-0.0114954616098208,-0.0114954616098208,0.423713365035928,0.592120377675681,0.969611400459182,0.663078349532671,0.663078349532671,0.663078349532671,0.972817796443261,0.206820346799428,0.206820346799428,0.663078349532671,-0.972812160987151,0.663078349532671,0.663078349532671,-0.969611400459182,0.972812160987151,0.972812160987151,0.972812160987151,0.969611400459182,0.986671641906156,0.587415031437678,0.423713365035928,0.423713365035928,-0.973344269825975,1,0.974950280119449,0.974415177319747,0.986671641906156,-0.662557789876443,0.973875910493724,0.965347857215209,0.673169597085627,0.0876286945924246,-1,1,0.968545088926276,-0.673169597085627
"CDC42",0.663614406489523,-0.172167796009635,0.973880345671655,1,-0.0107300040081163,0.663614406489523,0.664680608937687,0.663614406489523,0.968552024944833,-0.186533998252988,0.273393191199137,0.273393191199137,0.942961566320267,0.944031492532532,-0.973346125557568,0.155491477900322,0.155491477900322,0.987207322621883,0.96962752555336,0.971747838967762,0.970684563163546,-0.786755208273454,0.826311294886111,0.664150077091642,0.0891869315372339,0.58629849319488,0.58629849319488,0.0730721596725149,0.0730721596725149,0.663614406489523,0.968025361621532,-0.00247823622388259,0.968025361621532,-0.667339714158202,-0.00247823622388259,-0.00247823622388259,0.424255651048946,0.58629849319488,0.944562668509287,0.663614406489523,0.663614406489523,0.663614406489523,0.99893436064902,0.209483397196629,0.209483397196629,0.663614406489523,-0.968025361621532,0.663614406489523,0.663614406489523,-0.944562668509287,0.968025361621532,0.968025361621532,0.968025361621532,0.944562668509287,0.987207322621883,0.610331714196876,0.424255651048946,0.424255651048946,-0.969622358444301,0.973880345671655,0.99893436064902,0.999467035423603,0.987207322621883,-0.663089593632252,0.971216066959638,0.96056129648367,0.667339714158202,0.0891869315372339,-0.973880345671655,0.973880345671655,0.943496391066402,-0.667339714158202
"CHD1L",-0.0101865232330638,0.0122706237442829,-0.00381700269277981,-0.0107300040081163,1,-0.0101865232330638,-0.0101865232330638,-0.0101865232330638,-0.00595633999175277,0.014953092572384,-0.0208411505895195,-0.0208411505895195,-0.00382387933821685,-0.00489700783913668,0.0032804624991039,-0.0246407367031355,-0.0246407367031355,-0.00647908393793909,-0.00597017728839229,-0.00808186097250282,-0.00808880064528868,0.000102306035452759,-0.0127730454431074,-0.00964998624800227,-0.0196331878506782,0.0115804747816069,0.0115804747816069,0.0165488418880356,0.0165488418880356,-0.0101865232330638,-0.00543358721626874,-0.00148688765093767,-0.00543358721626874,-0.00412902765236955,-0.00148688765093767,-0.00148688765093767,-0.00964998624800227,0.0115804747816069,-0.00542667735906948,-0.0101865232330638,-0.0101865232330638,-0.0101865232330638,-0.0107230682968578,0.00905180136156626,0.00905180136156626,-0.0101865232330638,0.00543358721626874,-0.0101865232330638,-0.0101865232330638,0.00542667735906948,-0.00543358721626874,-0.00543358721626874,-0.00543358721626874,-0.00542667735906948,-0.00647908393793909,-0.0154896045727135,-0.00964998624800227,-0.00964998624800227,0.00702950243203835,-0.00381700269277981,-0.0107230682968578,-0.0112596218969959,-0.00647908393793909,0.00857693468379622,-0.00755221848575019,-0.00756609968859513,0.00412902765236955,-0.0196331878506782,0.00381700269277981,-0.00381700269277981,-0.00436043869907636,-0.00412902765236955
"Csl",1,-0.160973134284393,0.663078349532671,0.663614406489523,-0.0101865232330638,1,0.998933814367192,1,0.634289674591891,-0.175343284833752,0.392280283803154,0.392280283803154,0.660945981915618,0.662013108167987,-0.664677907430111,0.301070283857076,0.301070283857076,0.676406427661912,0.638556411136724,0.637488672673777,0.63642217917779,-0.82568753159298,0.489923672182398,0.999467051775732,0.246434719384047,0.257331500270113,0.257331500270113,0.22072671498198,0.22072671498198,1,0.639088846089313,0.024684491846311,0.639088846089313,-0.338383743057713,0.024684491846311,0.024684491846311,0.760642589804313,0.257331500270113,0.662545707403485,1,1,1,0.662550711211822,0.47761767039467,0.47761767039467,1,-0.639088846089313,1,1,-0.662545707403485,0.639088846089313,0.639088846089313,0.639088846089313,0.662545707403485,0.676406427661912,0.924312150554035,0.760642589804313,0.760642589804313,-0.637488915119411,0.663078349532671,0.664683093081544,0.664148658295176,0.676406427661912,-0.997335849948971,0.636955339338549,0.631624898669167,0.338383743057713,0.246434719384047,-0.663078349532671,0.663078349532671,0.661479446777139,-0.338383743057713
"Csn",0.998933814367192,-0.160973134284393,0.664144586068459,0.664680608937687,-0.0101865232330638,0.998933814367192,1,0.998933814367192,0.635355926884841,-0.175343284833752,0.392280283803154,0.392280283803154,0.662012234208567,0.663079377430969,-0.665744136542093,0.300003966861534,0.300003966861534,0.677472656773894,0.639622698582782,0.638554909209564,0.637488431470739,-0.826753809795858,0.490989819491285,0.998400871141931,0.246434719384047,0.258397935488163,0.258397935488163,0.21966056570398,0.21966056570398,0.998933814367192,0.640155124292191,0.0257507986886767,0.640155124292191,-0.339450127344323,0.0257507986886767,0.0257507986886767,0.759576409170512,0.258397935488163,0.663611968029831,0.998933814367192,0.998933814367192,0.998933814367192,0.663616902146683,0.47761767039467,0.47761767039467,0.998933814367192,-0.640155124292191,0.998933814367192,0.998933814367192,-0.663611968029831,0.640155124292191,0.640155124292191,0.640155124292191,0.663611968029831,0.677472656773894,0.923245996428943,0.759576409170512,0.759576409170512,-0.638555184382393,0.664144586068459,0.665749284016405,0.665214854835151,0.677472656773894,-0.998402021493849,0.638021583601318,0.632691176872045,0.339450127344323,0.246434719384047,-0.664144586068458,0.664144586068459,0.662545707403485,-0.339450127344323
"DELTA",1,-0.160973134284393,0.663078349532671,0.663614406489523,-0.0101865232330638,1,0.998933814367192,1,0.634289674591891,-0.175343284833752,0.392280283803154,0.392280283803154,0.660945981915618,0.662013108167987,-0.664677907430111,0.301070283857076,0.301070283857076,0.676406427661912,0.638556411136724,0.637488672673777,0.63642217917779,-0.82568753159298,0.489923672182398,0.999467051775732,0.246434719384047,0.257331500270113,0.257331500270113,0.22072671498198,0.22072671498198,1,0.639088846089313,0.024684491846311,0.639088846089313,-0.338383743057713,0.024684491846311,0.024684491846311,0.760642589804313,0.257331500270113,0.662545707403485,1,1,1,0.662550711211822,0.47761767039467,0.47761767039467,1,-0.639088846089313,1,1,-0.662545707403485,0.639088846089313,0.639088846089313,0.639088846089313,0.662545707403485,0.676406427661912,0.924312150554035,0.760642589804313,0.760642589804313,-0.637488915119411,0.663078349532671,0.664683093081544,0.664148658295176,0.676406427661912,-0.997335849948971,0.636955339338549,0.631624898669167,0.338383743057713,0.246434719384047,-0.663078349532671,0.663078349532671,0.661479446777139,-0.338383743057713
"DSH",0.634289674591891,-0.144981525376258,0.97121038212509,0.968552024944833,-0.00595633999175277,0.634289674591891,0.635355926884841,0.634289674591891,1,-0.15933824067545,0.27497549730219,0.27497549730219,0.965877793367735,0.966944154757089,-0.969611849526204,0.150632376873328,0.150632376873328,0.957882596002943,0.992537795431643,0.996801658903761,0.995734724170967,-0.808592375276083,0.794908548015358,0.634827497143698,0.0769821468308699,0.612367650285812,0.612367650285812,0.0672253125982528,0.0672253125982528,0.634289674591891,0.990937347842122,-0.0114768733237636,0.990937347842122,-0.693419374784738,-0.0114768733237636,-0.0114768733237636,0.418379296536826,0.612367650285812,0.967477159750854,0.634289674591891,0.634289674591891,0.634289674591891,0.96749065444181,0.198292019212069,0.198292019212069,0.634289674591891,-0.990937347842122,0.634289674591891,0.634289674591891,-0.967477159750854,0.990937347842122,0.990937347842122,0.990937347842122,0.967477159750854,0.957882596002943,0.579955051817832,0.418379296536826,0.418379296536826,-0.993602552965884,0.97121038212509,0.969623169632478,0.969087462473184,0.957882596002943,-0.633771192839979,0.996268053884345,0.983472933760471,0.693419374784738,0.0769821468308699,-0.97121038212509,0.97121038212509,0.966410832459678,-0.693419374784738
"Destcompl",-0.175343284833752,0.985611078472508,-0.187061696404596,-0.186533998252988,0.014953092572384,-0.175343284833752,-0.175343284833752,-0.175343284833752,-0.15933824067545,1,-0.0442107886453916,-0.0442107886453916,-0.158272022467373,-0.159336229792177,0.185463374759299,-0.029778621613784,-0.029778621613784,-0.199323910121357,-0.161466906748456,-0.161472837570549,-0.160404458883527,0.00206428498592145,-0.0863688103922186,-0.17481166266262,-0.0368459096106688,-0.0820128406431934,-0.0820128406431934,-0.0229373888901486,-0.0229373888901486,-0.175343284833752,-0.15986841432819,-0.0048732529892308,-0.15986841432819,0.101212322052321,-0.0048732529892308,-0.0048732529892308,-0.0895199385650712,-0.0820128406431934,-0.159870325865185,-0.175343284833752,-0.175343284833752,-0.175343284833752,-0.186536530491432,-0.0687572199293042,-0.0687572199293042,-0.175343284833752,0.15986841432819,-0.175343284833752,-0.175343284833752,0.159870325865185,-0.15986841432819,-0.15986841432819,-0.15986841432819,-0.159870325865185,-0.199323910121357,-0.143372687238106,-0.0895199385650712,-0.0895199385650712,0.160402464969744,-0.187061696404596,-0.187602687343382,-0.187068319100865,-0.199323910121357,0.175880856327989,-0.160938629300768,-0.154537193742302,-0.101212322052321,-0.0368459096106688,0.187061696404596,-0.187061696404596,-0.158804099323978,0.101212322052321
"EGF",0.392280283803154,-0.0351696195302141,0.276046185800516,0.273393191199137,-0.0208411505895195,0.392280283803154,0.392280283803154,0.392280283803154,0.27497549730219,-0.0442107886453916,1,1,0.290969136262648,0.292031501245272,-0.277647855523596,-0.00174440144017205,-0.00174440144017205,0.282978952606633,0.278166344827959,0.276046185800516,0.277107982496918,-0.346942515031097,0.174339073594382,0.39174962146623,0.00864503359658988,0.0344712385828238,0.0344712385828238,0.0288156047462829,0.0288156047462829,0.392280283803154,0.27976759908649,0.0150688362439873,0.27976759908649,-0.0846062509054967,0.0150688362439873,0.0150688362439873,0.629505740833647,0.0344712385828238,0.291500273094856,0.392280283803154,0.392280283803154,0.392280283803154,0.273398763887651,0.0362357530548472,0.0362357530548472,0.392280283803154,-0.27976759908649,0.392280283803154,0.392280283803154,-0.291500273094856,0.27976759908649,0.27976759908649,0.27976759908649,0.291500273094856,0.282978952606633,0.318738823949139,0.629505740833647,0.629505740833647,-0.277103867303884,0.276046185800516,0.274464945127485,0.273929032131373,0.282978952606633,-0.392820968497144,0.276577040917274,0.274436256551204,0.0846062509054967,0.00864503359658988,-0.276046185800516,0.276046185800516,0.291500273094856,-0.0846062509054967
"EGFR",0.392280283803154,-0.0351696195302141,0.276046185800516,0.273393191199137,-0.0208411505895195,0.392280283803154,0.392280283803154,0.392280283803154,0.27497549730219,-0.0442107886453916,1,1,0.290969136262648,0.292031501245272,-0.277647855523596,-0.00174440144017205,-0.00174440144017205,0.282978952606633,0.278166344827959,0.276046185800516,0.277107982496918,-0.346942515031097,0.174339073594382,0.39174962146623,0.00864503359658988,0.0344712385828238,0.0344712385828238,0.0288156047462829,0.0288156047462829,0.392280283803154,0.27976759908649,0.0150688362439873,0.27976759908649,-0.0846062509054967,0.0150688362439873,0.0150688362439873,0.629505740833647,0.0344712385828238,0.291500273094856,0.392280283803154,0.392280283803154,0.392280283803154,0.273398763887651,0.0362357530548472,0.0362357530548472,0.392280283803154,-0.27976759908649,0.392280283803154,0.392280283803154,-0.291500273094856,0.27976759908649,0.27976759908649,0.27976759908649,0.291500273094856,0.282978952606633,0.318738823949139,0.629505740833647,0.629505740833647,-0.277103867303884,0.276046185800516,0.274464945127485,0.273929032131373,0.282978952606633,-0.392820968497144,0.276577040917274,0.274436256551204,0.0846062509054967,0.00864503359658988,-0.276046185800516,0.276046185800516,0.291500273094856,-0.0846062509054967
"EGR1",0.660945981915618,-0.143915315499542,0.968011472527756,0.942961566320267,-0.00382387933821685,0.660945981915618,0.662012234208567,0.660945981915618,0.965877793367735,-0.158272022467373,0.290969136262648,0.290969136262648,1,0.998934232607643,-0.969611849526204,0.161296213512297,0.161296213512297,0.95575000445326,0.973343421405464,0.969077775726867,0.970143069196768,-0.835250996996264,0.76931941281618,0.661483679484446,0.0961758880615191,0.59530361998508,0.59530361998508,0.0842847675721429,0.0842847675721429,0.660945981915618,0.974942174810013,-0.00934412630359272,0.974942174810013,-0.676356159437985,-0.00934412630359272,-0.00934412630359272,0.450366715345724,0.59530361998508,0.998400651194962,0.660945981915618,0.660945981915618,0.660945981915618,0.94190047215379,0.22068242662311,0.22068242662311,0.660945981915618,-0.974942174810013,0.660945981915618,0.660945981915618,-0.998400651194962,0.974942174810013,0.974942174810013,0.974942174810013,0.998400651194962,0.95575000445326,0.585286155734153,0.450366715345724,0.450366715345724,-0.972275834398848,0.968011472527756,0.944032987344459,0.943497145654017,0.95575000445326,-0.66042714794345,0.969610280719924,0.967477760728362,0.676356159437985,0.0961758880615191,-0.968011472527756,0.968011472527756,0.999466978486138,-0.676356159437985
"ERK",0.662013108167987,-0.144982127788931,0.969078989146159,0.944031492532532,-0.00489700783913668,0.662013108167987,0.663079377430969,0.662013108167987,0.966944154757089,-0.159336229792177,0.292031501245272,0.292031501245272,0.998934232607643,1,-0.970679952687085,0.161279453546002,0.161279453546002,0.956817886994722,0.97440766255224,0.970145309316113,0.971209498470496,-0.836313599652871,0.77040129804352,0.662551377711635,0.0961927658096285,0.594221561422785,0.594221561422785,0.0832238545894689,0.0832238545894689,0.662013108167987,0.976007000733891,-0.00932551655289191,0.976007000733891,-0.675277716923451,-0.00932551655289191,-0.00932551655289191,0.451431053522235,0.594221561422785,0.99946697000505,0.662013108167987,0.662013108167987,0.662013108167987,0.942971506839933,0.220684233860158,0.220684233860158,0.662013108167987,-0.976007000733891,0.662013108167987,0.662013108167987,-0.99946697000505,0.976007000733891,0.976007000733891,0.976007000733891,0.99946697000505,0.956817886994722,0.586356593447322,0.451431053522235,0.451431053522235,-0.973341177507116,0.969078989146159,0.945104055970835,0.944567642924305,0.956817886994722,-0.661495957075801,0.970677262003846,0.9685424678517,0.675277716923451,0.0961927658096285,-0.969078989146159,0.969078989146159,0.99946697000505,-0.675277716923451
"Ecadherin",-0.664677907430111,0.171102504943092,-0.998400722093568,-0.973346125557568,0.0032804624991039,-0.664677907430111,-0.665744136542093,-0.664677907430111,-0.969611849526204,0.185463374759299,-0.277647855523596,-0.277647855523596,-0.969611849526204,-0.970679952687085,1,-0.156523074219093,-0.156523074219093,-0.986138456291918,-0.973881856708435,-0.972810001684669,-0.971744441075887,0.813398821655821,-0.799684009776164,-0.665214723219269,-0.089219854891751,-0.592662000997101,-0.592662000997101,-0.0709495582276162,-0.0709495582276162,-0.664677907430111,-0.97441339621577,0.0109715852887927,-0.97441339621577,0.673709493111053,0.0109715852887927,0.0109715852887927,-0.425314297845686,-0.592662000997101,-0.971212063074698,-0.664677907430111,-0.664677907430111,-0.664677907430111,-0.972283021067586,-0.208419039326586,-0.208419039326586,-0.664677907430111,0.97441339621577,-0.664677907430111,-0.664677907430111,0.971212063074698,-0.97441339621577,-0.97441339621577,-0.97441339621577,-0.971212063074698,-0.986138456291918,-0.589012795401735,-0.425314297845686,-0.425314297845686,0.972812578178218,-0.998400722093568,-0.97441548989609,-0.973880672225437,-0.986138456291918,0.664156477684411,-0.972277087131905,-0.966949144414978,-0.673709493111053,-0.089219854891751,0.998400722093568,-0.998400722093568,-0.97014575896612,0.673709493111053
"FGF",0.301070283857076,-0.0250284653446437,0.155981316837169,0.155491477900322,-0.0246407367031355,0.301070283857076,0.300003966861534,0.301070283857076,0.150632376873328,-0.029778621613784,-0.00174440144017205,-0.00174440144017205,0.161296213512297,0.161279453546002,-0.156523074219093,1,1,0.160788516139388,0.15273152585187,0.151715845217994,0.151698760537225,-0.232187379003048,0.0938904973268704,0.301611690973834,0.0253209276696631,0.0315717361789887,0.0315717361789887,0.0069984613401973,0.0069984613401973,0.301070283857076,0.153273070303698,-0.00981225485928315,0.153273070303698,-0.0508061688368994,-0.00981225485928315,-0.00981225485928315,0.368789346716783,0.0315717361789887,0.160754614672195,0.301070283857076,0.301070283857076,0.301070283857076,0.154442802210276,0.0154319941540234,0.0154319941540234,0.301070283857076,-0.153273070303698,0.301070283857076,0.301070283857076,-0.160754614672195,0.153273070303698,0.153273070303698,0.153273070303698,0.160754614672195,0.160788516139388,0.23183013024261,0.368789346716783,0.368789346716783,-0.15274824845784,0.155981316837169,0.156575446806774,0.156033443107528,0.160788516139388,-0.300562142223041,0.152240469195656,0.150073841572643,0.0508061688368994,0.0253209276696631,-0.155981316837169,0.155981316837169,0.160754614672195,-0.0508061688368994
"FGFR",0.301070283857076,-0.0250284653446437,0.155981316837169,0.155491477900322,-0.0246407367031355,0.301070283857076,0.300003966861534,0.301070283857076,0.150632376873328,-0.029778621613784,-0.00174440144017205,-0.00174440144017205,0.161296213512297,0.161279453546002,-0.156523074219093,1,1,0.160788516139388,0.15273152585187,0.151715845217994,0.151698760537225,-0.232187379003048,0.0938904973268704,0.301611690973834,0.0253209276696631,0.0315717361789887,0.0315717361789887,0.0069984613401973,0.0069984613401973,0.301070283857076,0.153273070303698,-0.00981225485928315,0.153273070303698,-0.0508061688368994,-0.00981225485928315,-0.00981225485928315,0.368789346716783,0.0315717361789887,0.160754614672195,0.301070283857076,0.301070283857076,0.301070283857076,0.154442802210276,0.0154319941540234,0.0154319941540234,0.301070283857076,-0.153273070303698,0.301070283857076,0.301070283857076,-0.160754614672195,0.153273070303698,0.153273070303698,0.153273070303698,0.160754614672195,0.160788516139388,0.23183013024261,0.368789346716783,0.368789346716783,-0.15274824845784,0.155981316837169,0.156575446806774,0.156033443107528,0.160788516139388,-0.300562142223041,0.152240469195656,0.150073841572643,0.0508061688368994,0.0253209276696631,-0.155981316837169,0.155981316837169,0.160754614672195,-0.0508061688368994
"FOXC2",0.676406427661912,-0.184962931999818,0.986671641906156,0.987207322621883,-0.00647908393793909,0.676406427661912,0.677472656773894,0.676406427661912,0.957882596002943,-0.199323910121357,0.282978952606633,0.282978952606633,0.95575000445326,0.956817886994722,-0.986138456291918,0.160788516139388,0.160788516139388,1,0.962152216485203,0.961080921497258,0.960015187552627,-0.799536639740064,0.813544490000645,0.676943188459755,0.0902861506665928,0.578797777800873,0.578797777800873,0.073081943738999,0.073081943738999,0.676406427661912,0.960551214300013,-0.00670618398286067,0.960551214300013,-0.659845932050537,-0.00670618398286067,-0.00670618398286067,0.437042763086172,0.578797777800873,0.957350109663177,0.676406427661912,0.676406427661912,0.676406427661912,0.986144068452859,0.214816159506613,0.214816159506613,0.676406427661912,-0.960551214300013,0.676406427661912,0.676406427661912,-0.957350109663177,0.960551214300013,0.960551214300013,0.960551214300013,0.957350109663177,1,0.600740969034537,0.437042763086172,0.437042763086172,-0.961083137976988,0.986671641906156,0.988276537281363,0.987741792480164,1,-0.67588484294267,0.96054792194422,0.953086962499221,0.659845932050537,0.0902861506665928,-0.986671641906156,0.986671641906156,0.956283805554599,-0.659845932050537
"FUS",0.638556411136724,-0.147115385141588,0.974412996342017,0.96962752555336,-0.00597017728839229,0.638556411136724,0.639622698582782,0.638556411136724,0.992537795431643,-0.161466906748456,0.278166344827959,0.278166344827959,0.973343421405464,0.97440766255224,-0.973881856708435,0.15273152585187,0.15273152585187,0.962152216485203,1,0.995739763419996,0.996803211881904,-0.81285044776378,0.796007824709426,0.639095368274263,0.0823471500343357,0.616603958105326,0.616603958105326,0.0683017371247858,0.0683017371247858,0.638556411136724,0.998400572108332,-0.00930691679295712,0.998400572108332,-0.697662701345546,-0.00930691679295712,-0.00930691679295712,0.425838878959381,0.616603958105326,0.974941761770343,0.638556411136724,0.638556411136724,0.638556411136724,0.968568382334588,0.201493881591371,0.201493881591371,0.638556411136724,-0.998400572108332,0.638556411136724,0.638556411136724,-0.974941761770343,0.998400572108332,0.998400572108332,0.998400572108332,0.974941761770343,0.962152216485203,0.582096453537546,0.425838878959381,0.425838878959381,-0.998934197489264,0.974412996342017,0.970700967831824,0.970164111730332,0.962152216485203,-0.638041266445254,0.996271342126662,0.990935911933551,0.697662701345546,0.0823471500343357,-0.974412996342017,0.974412996342017,0.973875399323585,-0.697662701345546
"Frizzled",0.637488672673777,-0.14711347606928,0.974409101411268,0.971747838967762,-0.00808186097250282,0.637488672673777,0.638554909209564,0.637488672673777,0.996801658903761,-0.161472837570549,0.276046185800516,0.276046185800516,0.969077775726867,0.970145309316113,-0.972810001684669,0.151715845217994,0.151715845217994,0.961080921497258,0.995739763419996,1,0.998934265301983,-0.811796465335274,0.798091985407654,0.638025903880863,0.0790982689995343,0.614516586467533,0.614516586467533,0.0682865409575624,0.0682865409575624,0.637488672673777,0.994138743192697,-0.00936274610755621,0.994138743192697,-0.695564736266188,-0.00936274610755621,-0.00936274610755621,0.421580901962844,0.614516586467533,0.970677711992088,0.637488672673777,0.637488672673777,0.637488672673777,0.970685312767073,0.200423182078341,0.200423182078341,0.637488672673777,-0.994138743192697,0.637488672673777,0.637488672673777,-0.970677711992088,0.994138743192697,0.994138743192697,0.994138743192697,0.970677711992088,0.961080921497258,0.583150211331407,0.421580901962844,0.421580901962844,-0.996803313564962,0.974409101411268,0.972817796443261,0.972282682432796,0.961080921497258,-0.636968451143997,0.999466994538889,0.986674439420756,0.695564736266188,0.0790982689995343,-0.974409101411268,0.974409101411268,0.969611400459182,-0.695564736266188
"GLI",0.63642217917779,-0.146047735252975,0.973342988523312,0.970684563163546,-0.00808880064528868,0.63642217917779,0.637488431470739,0.63642217917779,0.995734724170967,-0.160404458883527,0.277107982496918,0.277107982496918,0.970143069196768,0.971209498470496,-0.971744441075887,0.151698760537225,0.151698760537225,0.960015187552627,0.996803211881904,0.998934265301983,1,-0.810725065013697,0.797040975948623,0.636959991730958,0.0801811037026448,0.615567155967199,0.615567155967199,0.068291528534121,0.068291528534121,0.63642217917779,0.995202727317351,-0.00934412630359272,0.995202727317351,-0.696618727662254,-0.00934412630359272,-0.00934412630359272,0.422644285711346,0.615567155967199,0.971742468915558,0.63642217917779,0.63642217917779,0.63642217917779,0.969623169632478,0.199358229088785,0.199358229088785,0.63642217917779,-0.995202727317351,0.63642217917779,0.63642217917779,-0.971742468915558,0.995202727317351,0.995202727317351,0.995202727317351,0.971742468915558,0.960015187552627,0.582087493384361,0.422644285711346,0.422644285711346,-0.997867896679291,0.973342988523312,0.971755684823146,0.971219988874782,0.960015187552627,-0.635903669248256,0.999466986664076,0.9877383132357,0.696618727662254,0.0801811037026448,-0.973342988523312,0.973342988523312,0.970676141624382,-0.696618727662254
"GSK3",-0.82568753159298,-0.0122872875528786,-0.811796465335274,-0.786755208273454,0.000102306035452759,-0.82568753159298,-0.826753809795858,-0.82568753159298,-0.808592375276083,0.00206428498592145,-0.346942515031097,-0.346942515031097,-0.835250996996264,-0.836313599652871,0.813398821655821,-0.232187379003048,-0.232187379003048,-0.799536639740064,-0.81285044776378,-0.811796465335274,-0.810725065013697,1,-0.613139080720156,-0.826225322446094,-0.170312214288971,-0.431568545292024,-0.431568545292024,-0.15519786615014,-0.15519786615014,-0.82568753159298,-0.813385113327475,-0.0104121738967801,-0.813385113327475,0.512634285675067,-0.0104121738967801,-0.0104121738967801,-0.608705588944856,-0.431568545292024,-0.836848528506488,-0.82568753159298,-0.82568753159298,-0.82568753159298,-0.785697480496048,-0.345967936413599,-0.345967936413599,-0.82568753159298,0.813385113327475,-0.82568753159298,-0.82568753159298,0.836848528506488,-0.813385113327475,-0.813385113327475,-0.813385113327475,-0.836848528506488,-0.799536639740064,-0.750027819282852,-0.608705588944856,-0.608705588944856,0.811787277325669,-0.811796465335274,-0.787830047506832,-0.787292518917675,-0.799536639740064,0.825169066100364,-0.811260653832191,-0.805920517860574,-0.512634285675067,-0.170312214288971,0.811796465335274,-0.811796465335274,-0.83578217530356,0.512634285675067
"Goosecoid",0.489923672182398,-0.0794299293896043,0.800224381827728,0.826311294886111,-0.0127730454431074,0.489923672182398,0.490989819491285,0.489923672182398,0.794908548015358,-0.0863688103922186,0.174339073594382,0.174339073594382,0.76931941281618,0.77040129804352,-0.799684009776164,0.0938904973268704,0.0938904973268704,0.813544490000645,0.796007824709426,0.798091985407654,0.797040975948623,-0.613139080720156,1,0.49045274132215,0.0537977694240542,0.427700185270693,0.427700185270693,0.0293061171952519,0.0293061171952519,0.489923672182398,0.794399859577276,0.00260940231779283,0.794399859577276,-0.50871523055958,0.00260940231779283,0.00260940231779283,0.260166002349167,0.427700185270693,0.770926464001598,0.489923672182398,0.489923672182398,0.489923672182398,0.827365114769829,0.125272439953316,0.125272439953316,0.489923672182398,-0.794399859577276,0.489923672182398,0.489923672182398,-0.770926464001598,0.794399859577276,0.794399859577276,0.794399859577276,0.770926464001598,0.813544490000645,0.450449270357789,0.260166002349167,0.260166002349167,-0.795990840508839,0.800224381827728,0.825232809548329,0.825771931963676,0.813544490000645,-0.48937901730619,0.797566371206812,0.801863538706687,0.50871523055958,0.0537977694240542,-0.800224381827728,0.800224381827728,0.769860241701868,-0.50871523055958
"HEY1",0.999467051775732,-0.160440162878093,0.66361546075787,0.664150077091642,-0.00964998624800227,0.999467051775732,0.998400871141931,0.999467051775732,0.634827497143698,-0.17481166266262,0.39174962146623,0.39174962146623,0.661483679484446,0.662551377711635,-0.665214723219269,0.301611690973834,0.301611690973834,0.676943188459755,0.639095368274263,0.638025903880863,0.636959991730958,-0.826225322446094,0.49045274132215,1,0.246959014688236,0.257876014944474,0.257876014944474,0.220190618849619,0.220190618849619,0.999467051775732,0.639627511844542,0.0241418467327801,0.639627511844542,-0.338926714776003,0.0241418467327801,0.0241418467327801,0.760110482165996,0.257876014944474,0.663083685881622,0.999467051775732,0.999467051775732,0.999467051775732,0.663085812653885,0.477083214342466,0.477083214342466,0.999467051775732,-0.639627511844542,0.999467051775732,0.999467051775732,-0.663083685881622,0.639627511844542,0.639627511844542,0.639627511844542,0.663083685881622,0.676943188459755,0.923777299578063,0.760110482165996,0.760110482165996,-0.63802729964923,0.66361546075787,0.665218184525544,0.664684039240595,0.676943188459755,-0.996802068717578,0.637492861140132,0.63216359942048,0.338926714776003,0.246959014688236,-0.66361546075787,0.66361546075787,0.662017430254635,-0.338926714776003
"HGF",0.246434719384047,-0.0309431042819168,0.0876286945924246,0.0891869315372339,-0.0196331878506782,0.246434719384047,0.246434719384047,0.246434719384047,0.0769821468308699,-0.0368459096106688,0.00864503359658988,0.00864503359658988,0.0961758880615191,0.0961927658096285,-0.089219854891751,0.0253209276696631,0.0253209276696631,0.0902861506665928,0.0823471500343357,0.0790982689995343,0.0801811037026448,-0.170312214288971,0.0537977694240542,0.246959014688236,1,-0.000195563247049967,-0.000195563247049967,0.0212706100788021,0.0212706100788021,0.246434719384047,0.0839382799155837,0.00401225875316539,0.0839382799155837,-0.0179034149830304,0.00401225875316539,0.00401225875316539,0.149930510967915,-0.000195563247049967,0.0967174768429475,0.246434719384047,0.246434719384047,0.246434719384047,0.089170622534316,0.0277444746517682,0.0277444746517682,0.246434719384047,-0.0839382799155837,0.246434719384047,0.246434719384047,-0.0967174768429475,0.0839382799155837,0.0839382799155837,0.0839382799155837,0.0967174768429475,0.0902861506665928,0.311405522990908,0.149930510967915,0.149930510967915,-0.0823303987410555,0.0876286945924246,0.089170622534316,0.0886456327190611,0.0902861506665928,-0.245875325574571,0.0796396710316962,0.080739245309162,0.0179034149830304,1,-0.0876286945924246,0.0876286945924246,0.0956511495517714,-0.0179034149830304
"HIF1",0.257331500270113,-0.0740767822032338,0.592120377675681,0.58629849319488,0.0115804747816069,0.257331500270113,0.258397935488163,0.257331500270113,0.612367650285812,-0.0820128406431934,0.0344712385828238,0.0344712385828238,0.59530361998508,0.594221561422785,-0.592662000997101,0.0315717361789887,0.0315717361789887,0.578797777800873,0.616603958105326,0.614516586467533,0.615567155967199,-0.431568545292024,0.427700185270693,0.257876014944474,-0.000195563247049967,1,1,-0.0111096477701864,-0.0111096477701864,0.257331500270113,0.618210912005287,-0.0225182132774698,0.618210912005287,-0.918938097618214,-0.0225182132774698,-0.0225182132774698,0.0616528548558723,1,0.59476251047333,0.257331500270113,0.257331500270113,0.257331500270113,0.585250734039803,0.0175579640926171,0.0175579640926171,0.257331500270113,-0.618210912005287,0.257331500270113,0.257331500270113,-0.59476251047333,0.618210912005287,0.618210912005287,0.618210912005287,0.59476251047333,0.578797777800873,0.222232619863736,0.0616528548558723,0.0616528548558723,-0.616618457646602,0.592120377675681,0.587383615082491,0.586840973678106,0.578797777800873,-0.256832407498599,0.615041779923012,0.625676606673817,0.918938097618214,-0.000195563247049967,-0.592120377675681,0.592120377675681,0.59476251047333,-0.918938097618214
"Hypoxia",0.257331500270113,-0.0740767822032338,0.592120377675681,0.58629849319488,0.0115804747816069,0.257331500270113,0.258397935488163,0.257331500270113,0.612367650285812,-0.0820128406431934,0.0344712385828238,0.0344712385828238,0.59530361998508,0.594221561422785,-0.592662000997101,0.0315717361789887,0.0315717361789887,0.578797777800873,0.616603958105326,0.614516586467533,0.615567155967199,-0.431568545292024,0.427700185270693,0.257876014944474,-0.000195563247049967,1,1,-0.0111096477701864,-0.0111096477701864,0.257331500270113,0.618210912005287,-0.0225182132774698,0.618210912005287,-0.918938097618214,-0.0225182132774698,-0.0225182132774698,0.0616528548558723,1,0.59476251047333,0.257331500270113,0.257331500270113,0.257331500270113,0.585250734039803,0.0175579640926171,0.0175579640926171,0.257331500270113,-0.618210912005287,0.257331500270113,0.257331500270113,-0.59476251047333,0.618210912005287,0.618210912005287,0.618210912005287,0.59476251047333,0.578797777800873,0.222232619863736,0.0616528548558723,0.0616528548558723,-0.616618457646602,0.592120377675681,0.587383615082491,0.586840973678106,0.578797777800873,-0.256832407498599,0.615041779923012,0.625676606673817,0.918938097618214,-0.000195563247049967,-0.592120377675681,0.592120377675681,0.59476251047333,-0.918938097618214
"IGF1",0.22072671498198,-0.0213281043333357,0.069352741136806,0.0730721596725149,0.0165488418880356,0.22072671498198,0.21966056570398,0.22072671498198,0.0672253125982528,-0.0229373888901486,0.0288156047462829,0.0288156047462829,0.0842847675721429,0.0832238545894689,-0.0709495582276162,0.0069984613401973,0.0069984613401973,0.073081943738999,0.0683017371247858,0.0682865409575624,0.068291528534121,-0.15519786615014,0.0293061171952519,0.220190618849619,0.0212706100788021,-0.0111096477701864,-0.0111096477701864,1,1,0.22072671498198,0.069898518557046,-0.00646327015046079,0.069898518557046,-0.0219397106664481,-0.00646327015046079,-0.00646327015046079,0.159420394937301,-0.0111096477701864,0.0826880791287219,0.22072671498198,0.22072671498198,0.22072671498198,0.0730673924198373,0.0159975700040119,0.0159975700040119,0.22072671498198,-0.069898518557046,0.22072671498198,0.22072671498198,-0.0826880791287219,0.069898518557046,0.069898518557046,0.069898518557046,0.0826880791287219,0.073081943738999,0.286803581726773,0.159420394937301,0.159420394937301,-0.0682965939149613,0.069352741136806,0.0730673924198373,0.0725366855577081,0.073081943738999,-0.220184763663373,0.0677559210688379,0.0677660348672186,0.0219397106664481,0.0212706100788021,-0.069352741136806,0.069352741136806,0.0837543033977027,-0.0219397106664481
"IGF1R",0.22072671498198,-0.0213281043333357,0.069352741136806,0.0730721596725149,0.0165488418880356,0.22072671498198,0.21966056570398,0.22072671498198,0.0672253125982528,-0.0229373888901486,0.0288156047462829,0.0288156047462829,0.0842847675721429,0.0832238545894689,-0.0709495582276162,0.0069984613401973,0.0069984613401973,0.073081943738999,0.0683017371247858,0.0682865409575624,0.068291528534121,-0.15519786615014,0.0293061171952519,0.220190618849619,0.0212706100788021,-0.0111096477701864,-0.0111096477701864,1,1,0.22072671498198,0.069898518557046,-0.00646327015046079,0.069898518557046,-0.0219397106664481,-0.00646327015046079,-0.00646327015046079,0.159420394937301,-0.0111096477701864,0.0826880791287219,0.22072671498198,0.22072671498198,0.22072671498198,0.0730673924198373,0.0159975700040119,0.0159975700040119,0.22072671498198,-0.069898518557046,0.22072671498198,0.22072671498198,-0.0826880791287219,0.069898518557046,0.069898518557046,0.069898518557046,0.0826880791287219,0.073081943738999,0.286803581726773,0.159420394937301,0.159420394937301,-0.0682965939149613,0.069352741136806,0.0730673924198373,0.0725366855577081,0.073081943738999,-0.220184763663373,0.0677559210688379,0.0677660348672186,0.0219397106664481,0.0212706100788021,-0.069352741136806,0.069352741136806,0.0837543033977027,-0.0219397106664481
"IKK",1,-0.160973134284393,0.663078349532671,0.663614406489523,-0.0101865232330638,1,0.998933814367192,1,0.634289674591891,-0.175343284833752,0.392280283803154,0.392280283803154,0.660945981915618,0.662013108167987,-0.664677907430111,0.301070283857076,0.301070283857076,0.676406427661912,0.638556411136724,0.637488672673777,0.63642217917779,-0.82568753159298,0.489923672182398,0.999467051775732,0.246434719384047,0.257331500270113,0.257331500270113,0.22072671498198,0.22072671498198,1,0.639088846089313,0.024684491846311,0.639088846089313,-0.338383743057713,0.024684491846311,0.024684491846311,0.760642589804313,0.257331500270113,0.662545707403485,1,1,1,0.662550711211822,0.47761767039467,0.47761767039467,1,-0.639088846089313,1,1,-0.662545707403485,0.639088846089313,0.639088846089313,0.639088846089313,0.662545707403485,0.676406427661912,0.924312150554035,0.760642589804313,0.760642589804313,-0.637488915119411,0.663078349532671,0.664683093081544,0.664148658295176,0.676406427661912,-0.997335849948971,0.636955339338549,0.631624898669167,0.338383743057713,0.246434719384047,-0.663078349532671,0.663078349532671,0.661479446777139,-0.338383743057713
