"","AKT","AXIN2","CD44","CDC42","CHD1L","Csl","Csn","DELTA","DSH","Destcompl","EGF","EGFR","EGR1","ERK","Ecadherin","FGF","FGFR","FOXC2","FUS","Frizzled","GLI","GSK3","Goosecoid","HEY1","HGF","HIF1","Hypoxia","IGF1","IGF1R","IKK","ILK","JAK","Jagged","KLF4","LIF","LIFR","LIV1","LOXL23","MEK","NFB","NOTCH","NOTCHic","PAK1","PDGF","PDGFR","PI3K","Patched","RAF","RAS","RKIP","SHH","SMAD","SMO","SNAI1","SNAI2","SOSGRB2","SRC","STAT","SUFU","TCFLEF","TGF","TGFR","TWIST1","TrCP","Wnt","ZEB1","ZEB2","cMet","cateninmemb","cateninnuc","cfos","miR200"
"AKT",1,0.9039183001456,0.9039183001456,0.105271673745653,0.105271673745653,1,0.999522079793597,1,0.859957147959239,-0.496626586859281,0.256163673745741,0.256163673745741,0.999043934238031,0.999043934238031,-0.903441493463268,0.152548494183324,0.152548494183324,0.468435596003692,0.886242927575144,0.865225651420618,0.878599135001394,-0.99952208285066,0.468435596003692,0.99952208285066,-0.000975242371199251,0.358504491710178,0.358504491710178,0.260057335400958,0.260057335400958,1,0.888160561714194,0.0555240208302024,0.899136017131634,-0.95028753505457,0.0555240208302024,0.0555240208302024,0.662051798202973,0.358504491710178,0.999043934238031,1,1,1,0.105271673745653,0.172101094142496,0.172101094142496,1,-0.888160561714194,1,1,-0.95028753505457,0.888160561714194,0.888160561714194,0.888160561714194,0.95028753505457,0.9039183001456,0.70840845336589,0.662538736642908,0.66301363556588,-0.884342123233365,0.9039183001456,0.9039183001456,0.9039183001456,0.904874392670777,-0.998566010863856,0.8742993880018,0.887685478708191,0.95028753505457,0.903439220786855,-0.903441493463268,0.9039183001456,0.999043934238031,-0.95028753505457
"AXIN2",0.9039183001456,1,1,0.0991075105798446,0.0991075105798446,0.9039183001456,0.903438448529991,0.9039183001456,0.956027327664845,-0.400476247615334,0.191597283504158,0.191597283504158,0.9039183001456,0.9039183001456,-0.999522052278271,0.115770004306667,0.115770004306667,0.562568622820338,0.982316699572944,0.961293319619365,0.97467076676857,-0.904398355249715,0.562568622820338,0.903442265673897,-0.00433112965049261,0.452681306190103,0.452681306190103,0.175458564993871,0.175458564993871,0.9039183001456,0.984232461134985,0.020662241546556,0.995219904325404,-0.952672431168873,0.020662241546556,0.020662241546556,0.596574593659099,0.452681306190103,0.9039183001456,0.9039183001456,0.9039183001456,0.9039183001456,0.0991075105798446,0.108533464563311,0.108533464563311,0.9039183001456,-0.984232461134985,0.9039183001456,0.9039183001456,-0.952672431168873,0.984232461134985,0.984232461134985,0.984232461134985,0.952672431168873,1,0.665870011699214,0.598022482826202,0.597539716899704,-0.98041207727652,1,1,1,0.999043880710865,-0.902482352836952,0.970369969190629,0.983756434614694,0.952672431168873,0.999522056864379,-0.999522052278271,1,0.9039183001456,-0.952672431168873
"CD44",0.9039183001456,1,1,0.0991075105798446,0.0991075105798446,0.9039183001456,0.903438448529991,0.9039183001456,0.956027327664845,-0.400476247615334,0.191597283504158,0.191597283504158,0.9039183001456,0.9039183001456,-0.999522052278271,0.115770004306667,0.115770004306667,0.562568622820338,0.982316699572944,0.961293319619365,0.97467076676857,-0.904398355249715,0.562568622820338,0.903442265673897,-0.00433112965049261,0.452681306190103,0.452681306190103,0.175458564993871,0.175458564993871,0.9039183001456,0.984232461134985,0.020662241546556,0.995219904325404,-0.952672431168873,0.020662241546556,0.020662241546556,0.596574593659099,0.452681306190103,0.9039183001456,0.9039183001456,0.9039183001456,0.9039183001456,0.0991075105798446,0.108533464563311,0.108533464563311,0.9039183001456,-0.984232461134985,0.9039183001456,0.9039183001456,-0.952672431168873,0.984232461134985,0.984232461134985,0.984232461134985,0.952672431168873,1,0.665870011699214,0.598022482826202,0.597539716899704,-0.98041207727652,1,1,1,0.999043880710865,-0.902482352836952,0.970369969190629,0.983756434614694,0.952672431168873,0.999522056864379,-0.999522052278271,1,0.9039183001456,-0.952672431168873
"CDC42",0.105271673745653,0.0991075105798446,0.0991075105798446,1,1,0.105271673745653,0.104800805357251,0.105271673745653,0.0857947950825014,-0.0361281924345752,0.0269237062929923,0.0269237062929923,0.106227816416933,0.106227816416933,-0.099592940512519,0.000361528149743818,0.000361528149743818,-0.0101774634573314,0.0833819740443878,0.0843829049626112,0.0843530114060725,-0.105742563177509,-0.0101774634573314,0.104786423455744,-0.0114323688238699,-0.0171827918845535,-0.0171827918845535,0.0085776848092696,0.0085776848092696,0.105271673745653,0.0833967918192946,-0.0183181390827852,0.0943120895213901,-0.146430355825393,-0.0183181390827852,-0.0183181390827852,0.0549975956969895,-0.0171827918845535,0.106227816416933,0.105271673745653,0.105271673745653,0.105271673745653,1,0.000928700742350588,0.000928700742350588,0.105271673745653,-0.0833967918192946,0.105271673745653,0.105271673745653,-0.146430355825393,0.0833967918192946,0.0833967918192946,0.0833967918192946,0.146430355825393,0.0991075105798446,0.0316070771385721,0.0554550331153169,0.0549838343207494,-0.0834116862560318,0.0991075105798446,0.0991075105798446,0.0991075105798446,0.0981513411432031,-0.104800805357251,0.0838823425780918,0.0838823425780918,0.146430355825393,0.098622107956214,-0.099592940512519,0.0991075105798446,0.106227816416933,-0.146430355825393
"CHD1L",0.105271673745653,0.0991075105798446,0.0991075105798446,1,1,0.105271673745653,0.104800805357251,0.105271673745653,0.0857947950825014,-0.0361281924345752,0.0269237062929923,0.0269237062929923,0.106227816416933,0.106227816416933,-0.099592940512519,0.000361528149743818,0.000361528149743818,-0.0101774634573314,0.0833819740443878,0.0843829049626112,0.0843530114060725,-0.105742563177509,-0.0101774634573314,0.104786423455744,-0.0114323688238699,-0.0171827918845535,-0.0171827918845535,0.0085776848092696,0.0085776848092696,0.105271673745653,0.0833967918192946,-0.0183181390827852,0.0943120895213901,-0.146430355825393,-0.0183181390827852,-0.0183181390827852,0.0549975956969895,-0.0171827918845535,0.106227816416933,0.105271673745653,0.105271673745653,0.105271673745653,1,0.000928700742350588,0.000928700742350588,0.105271673745653,-0.0833967918192946,0.105271673745653,0.105271673745653,-0.146430355825393,0.0833967918192946,0.0833967918192946,0.0833967918192946,0.146430355825393,0.0991075105798446,0.0316070771385721,0.0554550331153169,0.0549838343207494,-0.0834116862560318,0.0991075105798446,0.0991075105798446,0.0991075105798446,0.0981513411432031,-0.104800805357251,0.0838823425780918,0.0838823425780918,0.146430355825393,0.098622107956214,-0.099592940512519,0.0991075105798446,0.106227816416933,-0.146430355825393
"Csl",1,0.9039183001456,0.9039183001456,0.105271673745653,0.105271673745653,1,0.999522079793597,1,0.859957147959239,-0.496626586859281,0.256163673745741,0.256163673745741,0.999043934238031,0.999043934238031,-0.903441493463268,0.152548494183324,0.152548494183324,0.468435596003692,0.886242927575144,0.865225651420618,0.878599135001394,-0.99952208285066,0.468435596003692,0.99952208285066,-0.000975242371199251,0.358504491710178,0.358504491710178,0.260057335400958,0.260057335400958,1,0.888160561714194,0.0555240208302024,0.899136017131634,-0.95028753505457,0.0555240208302024,0.0555240208302024,0.662051798202973,0.358504491710178,0.999043934238031,1,1,1,0.105271673745653,0.172101094142496,0.172101094142496,1,-0.888160561714194,1,1,-0.95028753505457,0.888160561714194,0.888160561714194,0.888160561714194,0.95028753505457,0.9039183001456,0.70840845336589,0.662538736642908,0.66301363556588,-0.884342123233365,0.9039183001456,0.9039183001456,0.9039183001456,0.904874392670777,-0.998566010863856,0.8742993880018,0.887685478708191,0.95028753505457,0.903439220786855,-0.903441493463268,0.9039183001456,0.999043934238031,-0.95028753505457
"Csn",0.999522079793597,0.903438448529991,0.903438448529991,0.104800805357251,0.104800805357251,0.999522079793597,1,0.999522079793597,0.859474836735239,-0.49709742611958,0.256637545402314,0.256637545402314,0.998566010863856,0.998566010863856,-0.90296140938205,0.152074844726904,0.152074844726904,0.467947559432882,0.885761398821531,0.864742661248628,0.878117117450849,-0.99904439105052,0.467947559432882,0.99904439105052,-0.00145464233963983,0.358026740918918,0.358026740918918,0.259581086430685,0.259581086430685,0.999522079793597,0.887678575843924,0.0550511819015233,0.898656611104725,-0.949808067849311,0.0550511819015233,0.0550511819015233,0.661575282051818,0.358026740918918,0.998566010863856,0.999522079793597,0.999522079793597,0.999522079793597,0.104800805357251,0.171624553743125,0.171624553743125,0.999522079793597,-0.887678575843924,0.999522079793597,0.999522079793597,-0.949808067849311,0.887678575843924,0.887678575843924,0.887678575843924,0.949808067849311,0.903438448529991,0.70793094528956,0.662062908099893,0.662537580040888,-0.883859660784755,0.903438448529991,0.903438448529991,0.903438448529991,0.90439454422303,-0.999043927902475,0.873817124298546,0.887203259357631,0.949808067849311,0.902959598357114,-0.90296140938205,0.903438448529991,0.998566010863856,-0.949808067849311
"DELTA",1,0.9039183001456,0.9039183001456,0.105271673745653,0.105271673745653,1,0.999522079793597,1,0.859957147959239,-0.496626586859281,0.256163673745741,0.256163673745741,0.999043934238031,0.999043934238031,-0.903441493463268,0.152548494183324,0.152548494183324,0.468435596003692,0.886242927575144,0.865225651420618,0.878599135001394,-0.99952208285066,0.468435596003692,0.99952208285066,-0.000975242371199251,0.358504491710178,0.358504491710178,0.260057335400958,0.260057335400958,1,0.888160561714194,0.0555240208302024,0.899136017131634,-0.95028753505457,0.0555240208302024,0.0555240208302024,0.662051798202973,0.358504491710178,0.999043934238031,1,1,1,0.105271673745653,0.172101094142496,0.172101094142496,1,-0.888160561714194,1,1,-0.95028753505457,0.888160561714194,0.888160561714194,0.888160561714194,0.95028753505457,0.9039183001456,0.70840845336589,0.662538736642908,0.66301363556588,-0.884342123233365,0.9039183001456,0.9039183001456,0.9039183001456,0.904874392670777,-0.998566010863856,0.8742993880018,0.887685478708191,0.95028753505457,0.903439220786855,-0.903441493463268,0.9039183001456,0.999043934238031,-0.95028753505457
"DSH",0.859957147959239,0.956027327664845,0.956027327664845,0.0857947950825014,0.0857947950825014,0.859957147959239,0.859474836735239,0.859957147959239,1,-0.356421376280334,0.172434775025165,0.172434775025165,0.859957147959239,0.859957147959239,-0.955546849879225,0.0928679051487016,0.0928679051487016,0.570138966998747,0.972748941684936,0.993785376253601,0.980397476125875,-0.860439652610237,0.570138966998747,0.859483506223602,-0.00625736198170127,0.458435841721322,0.458435841721322,0.149662630382138,0.149662630382138,0.859957147959239,0.970835213603827,0.0226261080886665,0.960813594643278,-0.908699438207943,0.0226261080886665,0.0226261080886665,0.555489643433127,0.458435841721322,0.859957147959239,0.859957147959239,0.859957147959239,0.859957147959239,0.0857947950825014,0.0836896829369511,0.0836896829369511,0.859957147959239,-0.970835213603827,0.859957147959239,0.859957147959239,-0.908699438207943,0.970835213603827,0.970835213603827,0.970835213603827,0.908699438207943,0.956027327664845,0.621909089781697,0.556944516516667,0.556459432006267,-0.974659759550603,0.956027327664845,0.956027327664845,0.956027327664845,0.955071151563126,-0.858518684231019,0.984700273317148,0.970356779551974,0.908699438207943,0.955551847707002,-0.955546849879225,0.956027327664845,0.859957147959239,-0.908699438207943
"Destcompl",-0.496626586859281,-0.400476247615334,-0.400476247615334,-0.0361281924345752,-0.0361281924345752,-0.496626586859281,-0.49709742611958,-0.496626586859281,-0.356421376280334,1,-0.117899792655488,-0.117899792655488,-0.495670376330713,-0.495670376330713,0.399991180881917,-0.0699556337906394,-0.0699556337906394,-0.0497685028228171,-0.382738464664593,-0.361662311487202,-0.375075410860756,0.496155864097968,-0.0497685028228171,-0.497112071676811,-0.0128551288272041,-0.107535820753084,-0.107535820753084,-0.116212841483033,-0.116212841483033,-0.496626586859281,-0.384638285355996,-0.0197990544787695,-0.395709270688671,0.446860576398179,-0.0197990544787695,-0.0197990544787695,-0.274399819987731,-0.107535820753084,-0.495670376330713,-0.496626586859281,-0.496626586859281,-0.496626586859281,-0.0361281924345752,-0.0856147338268115,-0.0856147338268115,-0.496626586859281,0.384638285355996,-0.496626586859281,-0.496626586859281,0.446860576398179,-0.384638285355996,-0.384638285355996,-0.384638285355996,-0.446860576398179,-0.400476247615334,-0.303520960932872,-0.27490437095836,-0.275373584124627,0.380800703852013,-0.400476247615334,-0.400476247615334,-0.400476247615334,-0.401432484911162,0.4980536398164,-0.370765788011695,-0.384153905627632,-0.446860576398179,-0.400005168401795,0.399991180881917,-0.400476247615334,-0.495670376330713,0.446860576398179
"EGF",0.256163673745741,0.191597283504158,0.191597283504158,0.0269237062929923,0.0269237062929923,0.256163673745741,0.256637545402314,0.256163673745741,0.172434775025165,-0.117899792655488,1,1,0.256163673745741,0.256163673745741,-0.192071261751653,0.0149051290833376,0.0149051290833376,0.045653321964431,0.184398388528365,0.173857837210443,0.180566080886446,-0.255689863658236,0.045653321964431,0.256645957931487,-0.000986242872967978,0.0535202346902659,0.0535202346902659,0.0114930394336067,0.0114930394336067,0.256163673745741,0.185346951558783,-0.0180558412058556,0.188737241198824,-0.238929328976901,-0.0180558412058556,-0.0180558412058556,0.594186647219732,0.0535202346902659,0.256163673745741,0.256163673745741,0.256163673745741,0.256163673745741,0.0269237062929923,0.0143612721155422,0.0143612721155422,0.256163673745741,-0.185346951558783,0.256163673745741,0.256163673745741,-0.238929328976901,0.185346951558783,0.185346951558783,0.185346951558783,0.238929328976901,0.191597283504158,0.349886088529736,0.593723079855797,0.593240082558225,-0.182470959346026,0.191597283504158,0.191597283504158,0.191597283504158,0.190641159517443,-0.256637545402314,0.180084221421786,0.185821306219252,0.238929328976901,0.191123353593405,-0.192071261751653,0.191597283504158,0.256163673745741,-0.238929328976901
"EGFR",0.256163673745741,0.191597283504158,0.191597283504158,0.0269237062929923,0.0269237062929923,0.256163673745741,0.256637545402314,0.256163673745741,0.172434775025165,-0.117899792655488,1,1,0.256163673745741,0.256163673745741,-0.192071261751653,0.0149051290833376,0.0149051290833376,0.045653321964431,0.184398388528365,0.173857837210443,0.180566080886446,-0.255689863658236,0.045653321964431,0.256645957931487,-0.000986242872967978,0.0535202346902659,0.0535202346902659,0.0114930394336067,0.0114930394336067,0.256163673745741,0.185346951558783,-0.0180558412058556,0.188737241198824,-0.238929328976901,-0.0180558412058556,-0.0180558412058556,0.594186647219732,0.0535202346902659,0.256163673745741,0.256163673745741,0.256163673745741,0.256163673745741,0.0269237062929923,0.0143612721155422,0.0143612721155422,0.256163673745741,-0.185346951558783,0.256163673745741,0.256163673745741,-0.238929328976901,0.185346951558783,0.185346951558783,0.185346951558783,0.238929328976901,0.191597283504158,0.349886088529736,0.593723079855797,0.593240082558225,-0.182470959346026,0.191597283504158,0.191597283504158,0.191597283504158,0.190641159517443,-0.256637545402314,0.180084221421786,0.185821306219252,0.238929328976901,0.191123353593405,-0.192071261751653,0.191597283504158,0.256163673745741,-0.238929328976901
"EGR1",0.999043934238031,0.9039183001456,0.9039183001456,0.106227816416933,0.106227816416933,0.999043934238031,0.998566010863856,0.999043934238031,0.859957147959239,-0.495670376330713,0.256163673745741,0.256163673745741,1,1,-0.904397590685894,0.151592418262524,0.151592418262524,0.469391913537911,0.886242927575144,0.865225651420618,0.878599135001394,-0.99952208285066,0.469391913537911,0.998566020037969,-0.0019312906563674,0.359460537810813,0.359460537810813,0.261013381501593,0.261013381501593,0.999043934238031,0.888160561714194,0.056480118052828,0.899136017131634,-0.95124362310085,0.056480118052828,0.056480118052828,0.662051798202973,0.359460537810813,1,0.999043934238031,0.999043934238031,0.999043934238031,0.106227816416933,0.172101094142496,0.172101094142496,0.999043934238031,-0.888160561714194,0.999043934238031,0.999043934238031,-0.95124362310085,0.888160561714194,0.888160561714194,0.888160561714194,0.95124362310085,0.9039183001456,0.709364504709429,0.662538736642908,0.66301363556588,-0.884342123233365,0.9039183001456,0.9039183001456,0.9039183001456,0.904874392670777,-0.997609941934114,0.8742993880018,0.888641628044362,0.95124362310085,0.903439220786855,-0.904397590685894,0.9039183001456,1,-0.95124362310085
"ERK",0.999043934238031,0.9039183001456,0.9039183001456,0.106227816416933,0.106227816416933,0.999043934238031,0.998566010863856,0.999043934238031,0.859957147959239,-0.495670376330713,0.256163673745741,0.256163673745741,1,1,-0.904397590685894,0.151592418262524,0.151592418262524,0.469391913537911,0.886242927575144,0.865225651420618,0.878599135001394,-0.99952208285066,0.469391913537911,0.998566020037969,-0.0019312906563674,0.359460537810813,0.359460537810813,0.261013381501593,0.261013381501593,0.999043934238031,0.888160561714194,0.056480118052828,0.899136017131634,-0.95124362310085,0.056480118052828,0.056480118052828,0.662051798202973,0.359460537810813,1,0.999043934238031,0.999043934238031,0.999043934238031,0.106227816416933,0.172101094142496,0.172101094142496,0.999043934238031,-0.888160561714194,0.999043934238031,0.999043934238031,-0.95124362310085,0.888160561714194,0.888160561714194,0.888160561714194,0.95124362310085,0.9039183001456,0.709364504709429,0.662538736642908,0.66301363556588,-0.884342123233365,0.9039183001456,0.9039183001456,0.9039183001456,0.904874392670777,-0.997609941934114,0.8742993880018,0.888641628044362,0.95124362310085,0.903439220786855,-0.904397590685894,0.9039183001456,1,-0.95124362310085
"Ecadherin",-0.903441493463268,-0.999522052278271,-0.999522052278271,-0.099592940512519,-0.099592940512519,-0.903441493463268,-0.90296140938205,-0.903441493463268,-0.955546849879225,0.399991180881917,-0.192071261751653,-0.192071261751653,-0.904397590685894,-0.904397590685894,1,-0.115296404171368,-0.115296404171368,-0.563038132674062,-0.981837046348749,-0.960812171281521,-0.974190612494434,0.903921780922549,-0.563038132674062,-0.902965686649298,0.00481056185396707,-0.453160655039953,-0.453160655039953,-0.175938379864579,-0.175938379864579,-0.903441493463268,-0.983752353839108,-0.0211454348511648,-0.99474239456593,0.953150601206326,-0.0211454348511648,-0.0211454348511648,-0.597054877607843,-0.453160655039953,-0.904397590685894,-0.903441493463268,-0.903441493463268,-0.903441493463268,-0.099592940512519,-0.109012950619416,-0.109012950619416,-0.903441493463268,0.983752353839108,-0.903441493463268,-0.903441493463268,0.953150601206326,-0.983752353839108,-0.983752353839108,-0.983752353839108,-0.953150601206326,-0.999522052278271,-0.666349496561504,-0.598503458920658,-0.598020462169233,0.979931487270158,-0.999522052278271,-0.999522052278271,-0.999522052278271,-0.998565928291556,0.902005308991547,-0.969889561872889,-0.984232273866553,-0.953150601206326,-0.999044337574482,1,-0.999522052278271,-0.904397590685894,0.953150601206326
"FGF",0.152548494183324,0.115770004306667,0.115770004306667,0.000361528149743818,0.000361528149743818,0.152548494183324,0.152074844726904,0.152548494183324,0.0928679051487016,-0.0699556337906394,0.0149051290833376,0.0149051290833376,0.151592418262524,0.151592418262524,-0.115296404171368,1,1,0.0360565712238433,0.10384998396954,0.0962282625850562,0.101946824759555,-0.152066102497363,0.0360565712238433,0.152066102497363,0.000501336574026398,0.0215268040325341,0.0215268040325341,-0.00240567884738578,-0.00240567884738578,0.152548494183324,0.103859130421411,0.0080414480796408,0.112892894859308,-0.126760706613385,0.0080414480796408,0.0080414480796408,0.168277420701396,0.0215268040325341,0.151592418262524,0.152548494183324,0.152548494183324,0.152548494183324,0.000361528149743818,-0.00718596014367286,-0.00718596014367286,0.152548494183324,-0.103859130421411,0.152548494183324,0.152548494183324,-0.126760706613385,0.103859130421411,0.103859130421411,0.103859130421411,0.126760706613385,0.115770004306667,0.30071241901608,0.168743621301542,0.169225552433658,-0.102912205710182,0.115770004306667,0.115770004306667,0.115770004306667,0.11672610699096,-0.152074844726904,0.101473340611709,0.103385659603488,0.126760706613385,0.116243626354562,-0.115296404171368,0.115770004306667,0.151592418262524,-0.126760706613385
"FGFR",0.152548494183324,0.115770004306667,0.115770004306667,0.000361528149743818,0.000361528149743818,0.152548494183324,0.152074844726904,0.152548494183324,0.0928679051487016,-0.0699556337906394,0.0149051290833376,0.0149051290833376,0.151592418262524,0.151592418262524,-0.115296404171368,1,1,0.0360565712238433,0.10384998396954,0.0962282625850562,0.101946824759555,-0.152066102497363,0.0360565712238433,0.152066102497363,0.000501336574026398,0.0215268040325341,0.0215268040325341,-0.00240567884738578,-0.00240567884738578,0.152548494183324,0.103859130421411,0.0080414480796408,0.112892894859308,-0.126760706613385,0.0080414480796408,0.0080414480796408,0.168277420701396,0.0215268040325341,0.151592418262524,0.152548494183324,0.152548494183324,0.152548494183324,0.000361528149743818,-0.00718596014367286,-0.00718596014367286,0.152548494183324,-0.103859130421411,0.152548494183324,0.152548494183324,-0.126760706613385,0.103859130421411,0.103859130421411,0.103859130421411,0.126760706613385,0.115770004306667,0.30071241901608,0.168743621301542,0.169225552433658,-0.102912205710182,0.115770004306667,0.115770004306667,0.115770004306667,0.11672610699096,-0.152074844726904,0.101473340611709,0.103385659603488,0.126760706613385,0.116243626354562,-0.115296404171368,0.115770004306667,0.151592418262524,-0.126760706613385
"FOXC2",0.468435596003692,0.562568622820338,0.562568622820338,-0.0101774634573314,-0.0101774634573314,0.468435596003692,0.467947559432882,0.468435596003692,0.570138966998747,-0.0497685028228171,0.045653321964431,0.045653321964431,0.469391913537911,0.469391913537911,-0.563038132674062,0.0360565712238433,0.0360565712238433,1,0.578290967873744,0.572508439456309,0.576362986016871,-0.468923736496422,1,0.467967421912258,-0.00867526883476611,0.0477691812502034,0.0477691812502034,0.0497732012559535,0.0497732012559535,0.468435596003692,0.578275774944437,-0.00357396582538523,0.567368015391823,-0.516194934471148,-0.00357396582538523,-0.00357396582538523,0.274901133016453,0.0477691812502034,0.469391913537911,0.468435596003692,0.468435596003692,0.468435596003692,-0.0101774634573314,0.0220405630924383,0.0220405630924383,0.468435596003692,-0.578275774944437,0.468435596003692,0.468435596003692,-0.516194934471148,0.578275774944437,0.578275774944437,0.578275774944437,0.516194934471148,0.562568622820338,0.326007936417482,0.276369578573596,0.27588003401948,-0.577304702340136,0.562568622820338,0.562568622820338,0.562568622820338,0.561612278515863,-0.466991238730057,0.576833774911749,0.578746577172607,0.516194934471148,0.563055585866646,-0.563038132674062,0.562568622820338,0.469391913537911,-0.516194934471148
"FUS",0.886242927575144,0.982316699572944,0.982316699572944,0.0833819740443878,0.0833819740443878,0.886242927575144,0.885761398821531,0.886242927575144,0.972748941684936,-0.382738464664593,0.184398388528365,0.184398388528365,0.886242927575144,0.886242927575144,-0.981837046348749,0.10384998396954,0.10384998396954,0.578290967873744,1,0.978966947245324,0.992350801870331,-0.88672465576745,0.578290967873744,0.88576852871948,-0.0038628408291433,0.467512359937299,0.467512359937299,0.164476571359812,0.164476571359812,0.886242927575144,0.998088043341876,0.0230886483385688,0.987101258119697,-0.934988958529488,0.0230886483385688,0.0230886483385688,0.578905149413715,0.467512359937299,0.886242927575144,0.886242927575144,0.886242927575144,0.886242927575144,0.0833819740443878,0.0956366272548316,0.0956366272548316,0.886242927575144,-0.998088043341876,0.886242927575144,0.886242927575144,-0.934988958529488,0.998088043341876,0.998088043341876,0.998088043341876,0.934988958529488,0.982316699572944,0.64819517408397,0.580357912344568,0.579873525867906,-0.998089387790902,0.982316699572944,0.982316699572944,0.982316699572944,0.981360542810492,-0.8848052656561,0.988048358921142,0.99761049469377,0.934988958529488,0.981840420408937,-0.981837046348749,0.982316699572944,0.886242927575144,-0.934988958529488
"Frizzled",0.865225651420618,0.961293319619365,0.961293319619365,0.0843829049626112,0.0843829049626112,0.865225651420618,0.864742661248628,0.865225651420618,0.993785376253601,-0.361662311487202,0.173857837210443,0.173857837210443,0.865225651420618,0.865225651420618,-0.960812171281521,0.0962282625850562,0.0962282625850562,0.572508439456309,0.978966947245324,1,0.98661436296799,-0.865708836219195,0.572508439456309,0.864752668525891,-0.00387123197928215,0.458921390641372,0.458921390641372,0.152059085204167,0.152059085204167,0.865225651420618,0.977051887361466,0.0212073926200546,0.966081016522373,-0.913965036550233,0.0212073926200546,0.0212073926200546,0.558846490930377,0.458921390641372,0.865225651420618,0.865225651420618,0.865225651420618,0.865225651420618,0.0843829049626112,0.0860846676246013,0.0860846676246013,0.865225651420618,-0.977051887361466,0.865225651420618,0.865225651420618,-0.913965036550233,0.977051887361466,0.977051887361466,0.977051887361466,0.913965036550233,0.961293319619365,0.627176322922103,0.560303449721641,0.559817669208468,-0.9808752350058,0.961293319619365,0.961293319619365,0.961293319619365,0.960337122210316,-0.863786487437603,0.990916613574779,0.976572800180664,0.913965036550233,0.960818490103568,-0.960812171281521,0.961293319619365,0.865225651420618,-0.913965036550233
"GLI",0.878599135001394,0.97467076676857,0.97467076676857,0.0843530114060725,0.0843530114060725,0.878599135001394,0.878117117450849,0.878599135001394,0.980397476125875,-0.375075410860756,0.180566080886446,0.180566080886446,0.878599135001394,0.878599135001394,-0.974190612494434,0.101946824759555,0.101946824759555,0.576362986016871,0.992350801870331,0.98661436296799,1,-0.879081350240785,0.576362986016871,0.87812521051902,-0.0048217594583764,0.466560605816046,0.466560605816046,0.157787718646219,0.157787718646219,0.878599135001394,0.990437804132222,0.0211866614861876,0.979456372855257,-0.927342891316369,0.0211866614861876,0.0211866614861876,0.571262473939914,0.466560605816046,0.878599135001394,0.878599135001394,0.878599135001394,0.878599135001394,0.0843530114060725,0.0937274770857722,0.0937274770857722,0.878599135001394,-0.990437804132222,0.878599135001394,0.878599135001394,-0.927342891316369,0.990437804132222,0.990437804132222,0.990437804132222,0.927342891316369,0.97467076676857,0.640551083799693,0.572716635104739,0.572231784296508,-0.994263058372901,0.97467076676857,0.97467076676857,0.97467076676857,0.973714597331929,-0.877160971611542,0.995697096161153,0.989959738647924,0.927342891316369,0.974194974228164,-0.974190612494434,0.97467076676857,0.878599135001394,-0.927342891316369
"GSK3",-0.99952208285066,-0.904398355249715,-0.904398355249715,-0.105742563177509,-0.105742563177509,-0.99952208285066,-0.99904439105052,-0.99952208285066,-0.860439652610237,0.496155864097968,-0.255689863658236,-0.255689863658236,-0.99952208285066,-0.99952208285066,0.903921780922549,-0.152066102497363,-0.152066102497363,-0.468923736496422,-0.88672465576745,-0.865708836219195,-0.879081350240785,1,-0.468923736496422,-0.999043940136577,0.00145189102882236,-0.358982321368289,-0.358982321368289,-0.260533640751065,-0.260533640751065,-0.99952208285066,-0.888642747458439,-0.0559968694216555,-0.89961562555708,0.95076721634685,-0.0559968694216555,-0.0559968694216555,-0.661572420207076,-0.358982321368289,-0.99952208285066,-0.99952208285066,-0.99952208285066,-0.99952208285066,-0.105742563177509,-0.17162162766912,-0.17162162766912,-0.99952208285066,0.888642747458439,-0.99952208285066,-0.99952208285066,0.95076721634685,-0.888642747458439,-0.888642747458439,-0.888642747458439,-0.95076721634685,-0.904398355249715,-0.708886120268838,-0.662058672137571,-0.662533798040366,0.884824784680333,-0.904398355249715,-0.904398355249715,-0.904398355249715,-0.905354444825533,0.998088325070066,-0.874781848409771,-0.88816789782267,-0.95076721634685,-0.903919046597093,0.903921780922549,-0.904398355249715,-0.99952208285066,0.95076721634685
"Goosecoid",0.468435596003692,0.562568622820338,0.562568622820338,-0.0101774634573314,-0.0101774634573314,0.468435596003692,0.467947559432882,0.468435596003692,0.570138966998747,-0.0497685028228171,0.045653321964431,0.045653321964431,0.469391913537911,0.469391913537911,-0.563038132674062,0.0360565712238433,0.0360565712238433,1,0.578290967873744,0.572508439456309,0.576362986016871,-0.468923736496422,1,0.467967421912258,-0.00867526883476611,0.0477691812502034,0.0477691812502034,0.0497732012559535,0.0497732012559535,0.468435596003692,0.578275774944437,-0.00357396582538523,0.567368015391823,-0.516194934471148,-0.00357396582538523,-0.00357396582538523,0.274901133016453,0.0477691812502034,0.469391913537911,0.468435596003692,0.468435596003692,0.468435596003692,-0.0101774634573314,0.0220405630924383,0.0220405630924383,0.468435596003692,-0.578275774944437,0.468435596003692,0.468435596003692,-0.516194934471148,0.578275774944437,0.578275774944437,0.578275774944437,0.516194934471148,0.562568622820338,0.326007936417482,0.276369578573596,0.27588003401948,-0.577304702340136,0.562568622820338,0.562568622820338,0.562568622820338,0.561612278515863,-0.466991238730057,0.576833774911749,0.578746577172607,0.516194934471148,0.563055585866646,-0.563038132674062,0.562568622820338,0.469391913537911,-0.516194934471148
"HEY1",0.99952208285066,0.903442265673897,0.903442265673897,0.104786423455744,0.104786423455744,0.99952208285066,0.99904439105052,0.99952208285066,0.859483506223602,-0.497112071676811,0.256645957931487,0.256645957931487,0.998566020037969,0.998566020037969,-0.902965686649298,0.152066102497363,0.152066102497363,0.467967421912258,0.88576852871948,0.864752668525891,0.87812521051902,-0.999043940136577,0.467967421912258,1,-0.000495845692877638,0.358026278216871,0.358026278216871,0.260533640751065,0.260533640751065,0.99952208285066,0.887686607736674,0.0559968694216555,0.898659544720489,-0.949811131249916,0.0559968694216555,0.0559968694216555,0.662528462593914,0.358026278216871,0.998566020037969,0.99952208285066,0.99952208285066,0.99952208285066,0.104786423455744,0.17162162766912,0.17162162766912,0.99952208285066,-0.887686607736674,0.99952208285066,0.99952208285066,-0.949811131249916,0.887686607736674,0.887686607736674,0.887686607736674,0.949811131249916,0.903442265673897,0.707930071874532,0.66301471354138,0.6634898395534,-0.88386863141016,0.903442265673897,0.903442265673897,0.903442265673897,0.904398355249715,-0.998088325070066,0.873825702023136,0.887211751436034,0.949811131249916,0.902962961500159,-0.902965686649298,0.903442265673897,0.998566020037969,-0.949811131249916
"HGF",-0.000975242371199251,-0.00433112965049261,-0.00433112965049261,-0.0114323688238699,-0.0114323688238699,-0.000975242371199251,-0.00145464233963983,-0.000975242371199251,-0.00625736198170127,-0.0128551288272041,-0.000986242872967978,-0.000986242872967978,-0.0019312906563674,-0.0019312906563674,0.00481056185396707,0.000501336574026398,0.000501336574026398,-0.00867526883476611,-0.0038628408291433,-0.00387123197928215,-0.0048217594583764,0.00145189102882236,-0.00867526883476611,-0.000495845692877638,1,-0.00574165565696706,-0.00574165565696706,0.00860974152954946,0.00860974152954946,-0.000975242371199251,-0.0048217594583764,0.0162835187969643,-0.00624048061499638,0.00193956190016291,0.0162835187969643,0.0162835187969643,-0.00526226615850105,-0.00574165565696706,-0.0019312906563674,-0.000975242371199251,-0.000975242371199251,-0.000975242371199251,-0.0114323688238699,0.00478562703277293,0.00478562703277293,-0.000975242371199251,0.0048217594583764,-0.000975242371199251,-0.000975242371199251,0.00193956190016291,-0.0048217594583764,-0.0048217594583764,-0.0048217594583764,-0.00193956190016291,-0.00433112965049261,-0.00861527268676887,-0.0057361612596642,-0.00621554638352459,0.0048245700539651,-0.00433112965049261,-0.00433112965049261,-0.00433112965049261,-0.00337505460260504,0.00145464233963983,-0.00243283455033203,-0.00530123012385896,-0.00193956190016291,-0.00480777360737836,0.00481056185396707,-0.00433112965049261,-0.0019312906563674,0.00193956190016291
"HIF1",0.358504491710178,0.452681306190103,0.452681306190103,-0.0171827918845535,-0.0171827918845535,0.358504491710178,0.358026740918918,0.358504491710178,0.458435841721322,-0.107535820753084,0.0535202346902659,0.0535202346902659,0.359460537810813,0.359460537810813,-0.453160655039953,0.0215268040325341,0.0215268040325341,0.0477691812502034,0.467512359937299,0.458921390641372,0.466560605816046,-0.358982321368289,0.0477691812502034,0.358026278216871,-0.00574165565696706,1,1,0.035376634201983,0.035376634201983,0.358504491710178,0.468472851832775,-0.00954066690058742,0.457459317073442,-0.406310782941242,-0.00954066690058742,-0.00954066690058742,0.21558104779644,1,0.359460537810813,0.358504491710178,0.358504491710178,0.358504491710178,-0.0171827918845535,0.0172121318475622,0.0172121318475622,0.358504491710178,-0.468472851832775,0.358504491710178,0.358504491710178,-0.406310782941242,0.468472851832775,0.468472851832775,0.468472851832775,0.406310782941242,0.452681306190103,0.253341083957284,0.216061580420683,0.215582678722858,-0.467521525314174,0.452681306190103,0.452681306190103,0.452681306190103,0.453637379053397,-0.357070691650575,0.463216490086915,0.468953268125627,0.406310782941242,0.452202065396676,-0.453160655039953,0.452681306190103,0.359460537810813,-0.406310782941242
"Hypoxia",0.358504491710178,0.452681306190103,0.452681306190103,-0.0171827918845535,-0.0171827918845535,0.358504491710178,0.358026740918918,0.358504491710178,0.458435841721322,-0.107535820753084,0.0535202346902659,0.0535202346902659,0.359460537810813,0.359460537810813,-0.453160655039953,0.0215268040325341,0.0215268040325341,0.0477691812502034,0.467512359937299,0.458921390641372,0.466560605816046,-0.358982321368289,0.0477691812502034,0.358026278216871,-0.00574165565696706,1,1,0.035376634201983,0.035376634201983,0.358504491710178,0.468472851832775,-0.00954066690058742,0.457459317073442,-0.406310782941242,-0.00954066690058742,-0.00954066690058742,0.21558104779644,1,0.359460537810813,0.358504491710178,0.358504491710178,0.358504491710178,-0.0171827918845535,0.0172121318475622,0.0172121318475622,0.358504491710178,-0.468472851832775,0.358504491710178,0.358504491710178,-0.406310782941242,0.468472851832775,0.468472851832775,0.468472851832775,0.406310782941242,0.452681306190103,0.253341083957284,0.216061580420683,0.215582678722858,-0.467521525314174,0.452681306190103,0.452681306190103,0.452681306190103,0.453637379053397,-0.357070691650575,0.463216490086915,0.468953268125627,0.406310782941242,0.452202065396676,-0.453160655039953,0.452681306190103,0.359460537810813,-0.406310782941242
"IGF1",0.260057335400958,0.175458564993871,0.175458564993871,0.0085776848092696,0.0085776848092696,0.260057335400958,0.259581086430685,0.260057335400958,0.149662630382138,-0.116212841483033,0.0114930394336067,0.0114930394336067,0.261013381501593,0.261013381501593,-0.175938379864579,-0.00240567884738578,-0.00240567884738578,0.0497732012559535,0.164476571359812,0.152059085204167,0.157787718646219,-0.260533640751065,0.0497732012559535,0.260533640751065,0.00860974152954946,0.035376634201983,0.035376634201983,1,1,0.260057335400958,0.166392825721503,0.0238818303102652,0.171630876662929,-0.212265461822623,0.0238818303102652,0.0238818303102652,0.417307949145691,0.035376634201983,0.261013381501593,0.260057335400958,0.260057335400958,0.260057335400958,0.0085776848092696,0.00860058202450937,0.00860058202450937,0.260057335400958,-0.166392825721503,0.260057335400958,0.260057335400958,-0.212265461822623,0.166392825721503,0.166392825721503,0.166392825721503,0.212265461822623,0.175458564993871,0.4416939492218,0.417782790459462,0.418261764572423,-0.162572465442548,0.175458564993871,0.175458564993871,0.175458564993871,0.176414637857165,-0.258625037162342,0.154443278747731,0.166872964498273,0.212265461822623,0.174978794827583,-0.175938379864579,0.175458564993871,0.261013381501593,-0.212265461822623
"IGF1R",0.260057335400958,0.175458564993871,0.175458564993871,0.0085776848092696,0.0085776848092696,0.260057335400958,0.259581086430685,0.260057335400958,0.149662630382138,-0.116212841483033,0.0114930394336067,0.0114930394336067,0.261013381501593,0.261013381501593,-0.175938379864579,-0.00240567884738578,-0.00240567884738578,0.0497732012559535,0.164476571359812,0.152059085204167,0.157787718646219,-0.260533640751065,0.0497732012559535,0.260533640751065,0.00860974152954946,0.035376634201983,0.035376634201983,1,1,0.260057335400958,0.166392825721503,0.0238818303102652,0.171630876662929,-0.212265461822623,0.0238818303102652,0.0238818303102652,0.417307949145691,0.035376634201983,0.261013381501593,0.260057335400958,0.260057335400958,0.260057335400958,0.0085776848092696,0.00860058202450937,0.00860058202450937,0.260057335400958,-0.166392825721503,0.260057335400958,0.260057335400958,-0.212265461822623,0.166392825721503,0.166392825721503,0.166392825721503,0.212265461822623,0.175458564993871,0.4416939492218,0.417782790459462,0.418261764572423,-0.162572465442548,0.175458564993871,0.175458564993871,0.175458564993871,0.176414637857165,-0.258625037162342,0.154443278747731,0.166872964498273,0.212265461822623,0.174978794827583,-0.175938379864579,0.175458564993871,0.261013381501593,-0.212265461822623
"IKK",1,0.9039183001456,0.9039183001456,0.105271673745653,0.105271673745653,1,0.999522079793597,1,0.859957147959239,-0.496626586859281,0.256163673745741,0.256163673745741,0.999043934238031,0.999043934238031,-0.903441493463268,0.152548494183324,0.152548494183324,0.468435596003692,0.886242927575144,0.865225651420618,0.878599135001394,-0.99952208285066,0.468435596003692,0.99952208285066,-0.000975242371199251,0.358504491710178,0.358504491710178,0.260057335400958,0.260057335400958,1,0.888160561714194,0.0555240208302024,0.899136017131634,-0.95028753505457,0.0555240208302024,0.0555240208302024,0.662051798202973,0.358504491710178,0.999043934238031,1,1,1,0.105271673745653,0.172101094142496,0.172101094142496,1,-0.888160561714194,1,1,-0.95028753505457,0.888160561714194,0.888160561714194,0.888160561714194,0.95028753505457,0.9039183001456,0.70840845336589,0.662538736642908,0.66301363556588,-0.884342123233365,0.9039183001456,0.9039183001456,0.9039183001456,0.904874392670777,-0.998566010863856,0.8742993880018,0.887685478708191,0.95028753505457,0.903439220786855,-0.903441493463268,0.9039183001456,0.999043934238031,-0.95028753505457
