"","AKT","AXIN2","CD44","CDC42","CHD1L","Csl","Csn","DELTA","DSH","Destcompl","EGF","EGFR","EGR1","ERK","Ecadherin","FGF","FGFR","FOXC2","FUS","Frizzled","GLI","GSK3","Goosecoid","HEY1","HGF","HIF1","Hypoxia","IGF1","IGF1R","IKK","ILK","JAK","Jagged","KLF4","LIF","LIFR","LIV1","LOXL23","MEK","NFB","NOTCH","NOTCHic","PAK1","PDGF","PDGFR","PI3K","Patched","RAF","RAS","RKIP","SHH","SMAD","SMO","SNAI1","SNAI2","SOSGRB2","SRC","STAT","SUFU","TCFLEF","TGF","TGFR","TWIST1","TrCP","Wnt","ZEB1","ZEB2","cMet","cateninmemb","cateninnuc","cfos","miR200"
"AKT",1,0.77105680113876,0.77105680113876,0.0559425361640995,0.0559425361640995,0.895342924803837,1,0.895342924803837,0.768493595560529,0.77105680113876,0.337450819238156,0.337450819238156,0.895342576839166,0.895342576839166,-0.77105680113876,0.111923108541548,0.111923108541548,1,0.77020239927935,0.769772794985926,0.77105680113876,-1,0.263135512928624,0.77105680113876,0.254616444463306,0.145647264109672,0.145647264109672,0.123018048583171,0.123018048583171,1,0.77105680113876,0.0235002438763615,0.77105680113876,0.832977426838272,0.0235002438763615,0.0235002438763615,0.832977426838272,0.145647264109672,0.895769843399205,1,0.895342924803837,0.895342924803837,0.0559425361640995,0.494230598689772,0.494230598689772,0.895342924803837,-0.77105680113876,0.895342924803837,0.895342924803837,-1,0.77105680113876,0.77105680113876,0.770627192557375,1,0.697988034545112,0.391700329870899,0.832977426838272,0.832977426838272,-0.768498810312538,0.77105680113876,0.77105680113876,0.77105680113876,0.689872049196122,-1,0.77105680113876,0.759954701279302,0.689872049196122,0.355832919276705,-0.77105680113876,0.77105680113876,0.895342576839166,-0.759954701279302
"AXIN2",0.77105680113876,1,1,0.0764082086525719,0.0764082086525719,0.666380710031671,0.77105680113876,0.666380710031671,0.997436626026075,1,0.229769876276131,0.229769876276131,0.666388497330248,0.666388497330248,-1,0.0683671345512257,0.0683671345512257,0.77105680113876,0.999145542008692,0.99871841070679,1,-0.77105680113876,0.492127532682899,1,0.1905998656785,0.374588191950076,0.374588191950076,0.0888319291807626,0.0888319291807626,0.77105680113876,1,0.0200987941654965,1,0.603994342525704,0.0200987941654965,0.0200987941654965,0.603994342525704,0.374588191950076,0.666811745220317,0.77105680113876,0.666380710031671,0.666380710031671,0.0764082086525719,0.332668308788197,0.332668308788197,0.666380710031671,-1,0.666380710031671,0.666380710031671,-0.77105680113876,1,1,0.999572864409855,0.77105680113876,0.92697463238033,0.503583141615136,0.603994342525704,0.603994342525704,-0.995728029877813,1,1,1,0.91884873113715,-0.77105680113876,1,0.988892293591289,0.91884873113715,0.296902912479211,-1,1,0.666388497330248,-0.988892293591289
"CD44",0.77105680113876,1,1,0.0764082086525719,0.0764082086525719,0.666380710031671,0.77105680113876,0.666380710031671,0.997436626026075,1,0.229769876276131,0.229769876276131,0.666388497330248,0.666388497330248,-1,0.0683671345512257,0.0683671345512257,0.77105680113876,0.999145542008692,0.99871841070679,1,-0.77105680113876,0.492127532682899,1,0.1905998656785,0.374588191950076,0.374588191950076,0.0888319291807626,0.0888319291807626,0.77105680113876,1,0.0200987941654965,1,0.603994342525704,0.0200987941654965,0.0200987941654965,0.603994342525704,0.374588191950076,0.666811745220317,0.77105680113876,0.666380710031671,0.666380710031671,0.0764082086525719,0.332668308788197,0.332668308788197,0.666380710031671,-1,0.666380710031671,0.666380710031671,-0.77105680113876,1,1,0.999572864409855,0.77105680113876,0.92697463238033,0.503583141615136,0.603994342525704,0.603994342525704,-0.995728029877813,1,1,1,0.91884873113715,-0.77105680113876,1,0.988892293591289,0.91884873113715,0.296902912479211,-1,1,0.666388497330248,-0.988892293591289
"CDC42",0.0559425361640995,0.0764082086525719,0.0764082086525719,1,1,0.0409850207527213,0.0559425361640995,0.0409850207527213,0.0781170248440554,0.0764082086525719,0.0162043763787175,0.0162043763787175,0.0409892506049241,0.0409892506049241,-0.0764082086525719,0.00855004589765843,0.00855004589765843,0.0559425361640995,0.0772626167483137,0.076837216931945,0.0764082086525719,-0.0559425361640995,0.0367347337272175,0.0764082086525719,0.01797002969554,0.00894014738032705,0.00894014738032705,-0.00428269314820798,-0.00428269314820798,0.0559425361640995,0.0764082086525719,-0.00554450466361946,0.0764082086525719,0.0358504635831441,-0.00554450466361946,-0.00554450466361946,0.0358504635831441,0.00894014738032705,0.0414143093296798,0.0559425361640995,0.0409850207527213,0.0409850207527213,1,-0.00390615234714894,-0.00390615234714894,0.0409850207527213,-0.0764082086525719,0.0409850207527213,0.0409850207527213,-0.0559425361640995,0.0764082086525719,0.0764082086525719,0.076837216931945,0.0559425361640995,0.0495285848550633,0.0328497635768676,0.0358504635831441,0.0358504635831441,-0.0764046376850005,0.0764082086525719,0.0764082086525719,0.0764082086525719,0.050803897950814,-0.0559425361640995,0.0764082086525719,0.0729869691261172,0.050803897950814,0.0175141130581486,-0.0764082086525719,0.0764082086525719,0.0409892506049241,-0.0729869691261172
"CHD1L",0.0559425361640995,0.0764082086525719,0.0764082086525719,1,1,0.0409850207527213,0.0559425361640995,0.0409850207527213,0.0781170248440554,0.0764082086525719,0.0162043763787175,0.0162043763787175,0.0409892506049241,0.0409892506049241,-0.0764082086525719,0.00855004589765843,0.00855004589765843,0.0559425361640995,0.0772626167483137,0.076837216931945,0.0764082086525719,-0.0559425361640995,0.0367347337272175,0.0764082086525719,0.01797002969554,0.00894014738032705,0.00894014738032705,-0.00428269314820798,-0.00428269314820798,0.0559425361640995,0.0764082086525719,-0.00554450466361946,0.0764082086525719,0.0358504635831441,-0.00554450466361946,-0.00554450466361946,0.0358504635831441,0.00894014738032705,0.0414143093296798,0.0559425361640995,0.0409850207527213,0.0409850207527213,1,-0.00390615234714894,-0.00390615234714894,0.0409850207527213,-0.0764082086525719,0.0409850207527213,0.0409850207527213,-0.0559425361640995,0.0764082086525719,0.0764082086525719,0.076837216931945,0.0559425361640995,0.0495285848550633,0.0328497635768676,0.0358504635831441,0.0358504635831441,-0.0764046376850005,0.0764082086525719,0.0764082086525719,0.0764082086525719,0.050803897950814,-0.0559425361640995,0.0764082086525719,0.0729869691261172,0.050803897950814,0.0175141130581486,-0.0764082086525719,0.0764082086525719,0.0409892506049241,-0.0729869691261172
"Csl",0.895342924803837,0.666380710031671,0.666380710031671,0.0409850207527213,0.0409850207527213,1,0.895342924803837,1,0.663817491123323,0.666380710031671,0.442104356538457,0.442104356538457,0.999146013458767,0.999146013458767,-0.666380710031671,0.216582704050711,0.216582704050711,0.895342924803837,0.665526303728888,0.665097770015914,0.666380710031671,-0.895342924803837,0.216574517094411,0.666380710031671,0.2815371735327,0.112747479643834,0.112747479643834,0.161034398700533,0.161034398700533,0.895342924803837,0.666380710031671,0.0222210361378483,0.666380710031671,0.937632980998061,0.0222210361378483,0.0222210361378483,0.937632980998061,0.112747479643834,0.999572914749651,0.895342924803837,1,1,0.0409850207527213,0.598028205809072,0.598028205809072,1,-0.666380710031671,1,1,-0.895342924803837,0.666380710031671,0.666380710031671,0.665952172030713,0.895342924803837,0.600162039064553,0.495498146563464,0.937632980998061,0.937632980998061,-0.663820502918709,0.666380710031671,0.666380710031671,0.666380710031671,0.592043699766923,-0.895342924803837,0.666380710031671,0.658694010838253,0.592043699766923,0.379329262413196,-0.666380710031671,0.666380710031671,0.999146013458767,-0.658694010838253
"Csn",1,0.77105680113876,0.77105680113876,0.0559425361640995,0.0559425361640995,0.895342924803837,1,0.895342924803837,0.768493595560529,0.77105680113876,0.337450819238156,0.337450819238156,0.895342576839166,0.895342576839166,-0.77105680113876,0.111923108541548,0.111923108541548,1,0.77020239927935,0.769772794985926,0.77105680113876,-1,0.263135512928624,0.77105680113876,0.254616444463306,0.145647264109672,0.145647264109672,0.123018048583171,0.123018048583171,1,0.77105680113876,0.0235002438763615,0.77105680113876,0.832977426838272,0.0235002438763615,0.0235002438763615,0.832977426838272,0.145647264109672,0.895769843399205,1,0.895342924803837,0.895342924803837,0.0559425361640995,0.494230598689772,0.494230598689772,0.895342924803837,-0.77105680113876,0.895342924803837,0.895342924803837,-1,0.77105680113876,0.77105680113876,0.770627192557375,1,0.697988034545112,0.391700329870899,0.832977426838272,0.832977426838272,-0.768498810312538,0.77105680113876,0.77105680113876,0.77105680113876,0.689872049196122,-1,0.77105680113876,0.759954701279302,0.689872049196122,0.355832919276705,-0.77105680113876,0.77105680113876,0.895342576839166,-0.759954701279302
"DELTA",0.895342924803837,0.666380710031671,0.666380710031671,0.0409850207527213,0.0409850207527213,1,0.895342924803837,1,0.663817491123323,0.666380710031671,0.442104356538457,0.442104356538457,0.999146013458767,0.999146013458767,-0.666380710031671,0.216582704050711,0.216582704050711,0.895342924803837,0.665526303728888,0.665097770015914,0.666380710031671,-0.895342924803837,0.216574517094411,0.666380710031671,0.2815371735327,0.112747479643834,0.112747479643834,0.161034398700533,0.161034398700533,0.895342924803837,0.666380710031671,0.0222210361378483,0.666380710031671,0.937632980998061,0.0222210361378483,0.0222210361378483,0.937632980998061,0.112747479643834,0.999572914749651,0.895342924803837,1,1,0.0409850207527213,0.598028205809072,0.598028205809072,1,-0.666380710031671,1,1,-0.895342924803837,0.666380710031671,0.666380710031671,0.665952172030713,0.895342924803837,0.600162039064553,0.495498146563464,0.937632980998061,0.937632980998061,-0.663820502918709,0.666380710031671,0.666380710031671,0.666380710031671,0.592043699766923,-0.895342924803837,0.666380710031671,0.658694010838253,0.592043699766923,0.379329262413196,-0.666380710031671,0.666380710031671,0.999146013458767,-0.658694010838253
"DSH",0.768493595560529,0.997436626026075,0.997436626026075,0.0781170248440554,0.0781170248440554,0.663817491123323,0.768493595560529,0.663817491123323,1,0.997436626026075,0.228915466231508,0.228915466231508,0.66382528777639,0.66382528777639,-0.997436626026075,0.0658039418351899,0.0658039418351899,0.768493595560529,0.996582168034767,0.99871841070679,0.997436626026075,-0.768493595560529,0.490418738786108,0.997436626026075,0.189745455633877,0.374588191950076,0.374588191950076,0.0879775303615141,0.0879775303615141,0.768493595560529,0.997436626026075,0.0192443960478193,0.997436626026075,0.601431099295205,0.0192443960478193,0.0192443960478193,0.601431099295205,0.374588191950076,0.664248531223089,0.768493595560529,0.663817491123323,0.663817491123323,0.0781170248440554,0.331813850796889,0.331813850796889,0.663817491123323,-0.997436626026075,0.663817491123323,0.663817491123323,-0.768493595560529,0.997436626026075,0.997436626026075,0.997009503300661,0.768493595560529,0.924411413471983,0.501019857456377,0.601431099295205,0.601431099295205,-0.993164628770366,0.997436626026075,0.997436626026075,0.997436626026075,0.916285494688859,-0.768493595560529,0.997436626026075,0.986328892483842,0.916285494688859,0.296048515608768,-0.997436626026075,0.997436626026075,0.66382528777639,-0.986328892483842
"Destcompl",0.77105680113876,1,1,0.0764082086525719,0.0764082086525719,0.666380710031671,0.77105680113876,0.666380710031671,0.997436626026075,1,0.229769876276131,0.229769876276131,0.666388497330248,0.666388497330248,-1,0.0683671345512257,0.0683671345512257,0.77105680113876,0.999145542008692,0.99871841070679,1,-0.77105680113876,0.492127532682899,1,0.1905998656785,0.374588191950076,0.374588191950076,0.0888319291807626,0.0888319291807626,0.77105680113876,1,0.0200987941654965,1,0.603994342525704,0.0200987941654965,0.0200987941654965,0.603994342525704,0.374588191950076,0.666811745220317,0.77105680113876,0.666380710031671,0.666380710031671,0.0764082086525719,0.332668308788197,0.332668308788197,0.666380710031671,-1,0.666380710031671,0.666380710031671,-0.77105680113876,1,1,0.999572864409855,0.77105680113876,0.92697463238033,0.503583141615136,0.603994342525704,0.603994342525704,-0.995728029877813,1,1,1,0.91884873113715,-0.77105680113876,1,0.988892293591289,0.91884873113715,0.296902912479211,-1,1,0.666388497330248,-0.988892293591289
"EGF",0.337450819238156,0.229769876276131,0.229769876276131,0.0162043763787175,0.0162043763787175,0.442104356538457,0.337450819238156,0.442104356538457,0.228915466231508,0.229769876276131,1,1,0.442107487465337,0.442107487465337,-0.229769876276131,0.0858692542250602,0.0858692542250602,0.337450819238156,0.229769876276131,0.229343892593899,0.229769876276131,-0.337450819238156,0.0593748836790188,0.229769876276131,0.00472983033923394,0.0179084372297866,0.0179084372297866,0.0456959109441605,0.0456959109441605,0.337450819238156,0.229769876276131,0.00940734064257516,0.229769876276131,0.381439043640076,0.00940734064257516,0.00940734064257516,0.381439043640076,0.0179084372297866,0.441678703306192,0.337450819238156,0.442104356538457,0.442104356538457,0.0162043763787175,0.0417996664590197,0.0417996664590197,0.442104356538457,-0.229769876276131,0.442104356538457,0.442104356538457,-0.337450819238156,0.229769876276131,0.229769876276131,0.23019829835052,0.337450819238156,0.207155807814055,0.526250701189415,0.381439043640076,0.381439043640076,-0.228058725486646,0.229769876276131,0.229769876276131,0.229769876276131,0.200742377167735,-0.337450819238156,0.229769876276131,0.226349887309401,0.200742377167735,0.0290478635244053,-0.229769876276131,0.229769876276131,0.442107487465337,-0.226349887309401
"EGFR",0.337450819238156,0.229769876276131,0.229769876276131,0.0162043763787175,0.0162043763787175,0.442104356538457,0.337450819238156,0.442104356538457,0.228915466231508,0.229769876276131,1,1,0.442107487465337,0.442107487465337,-0.229769876276131,0.0858692542250602,0.0858692542250602,0.337450819238156,0.229769876276131,0.229343892593899,0.229769876276131,-0.337450819238156,0.0593748836790188,0.229769876276131,0.00472983033923394,0.0179084372297866,0.0179084372297866,0.0456959109441605,0.0456959109441605,0.337450819238156,0.229769876276131,0.00940734064257516,0.229769876276131,0.381439043640076,0.00940734064257516,0.00940734064257516,0.381439043640076,0.0179084372297866,0.441678703306192,0.337450819238156,0.442104356538457,0.442104356538457,0.0162043763787175,0.0417996664590197,0.0417996664590197,0.442104356538457,-0.229769876276131,0.442104356538457,0.442104356538457,-0.337450819238156,0.229769876276131,0.229769876276131,0.23019829835052,0.337450819238156,0.207155807814055,0.526250701189415,0.381439043640076,0.381439043640076,-0.228058725486646,0.229769876276131,0.229769876276131,0.229769876276131,0.200742377167735,-0.337450819238156,0.229769876276131,0.226349887309401,0.200742377167735,0.0290478635244053,-0.229769876276131,0.229769876276131,0.442107487465337,-0.226349887309401
"EGR1",0.895342576839166,0.666388497330248,0.666388497330248,0.0409892506049241,0.0409892506049241,0.999146013458767,0.895342576839166,0.999146013458767,0.66382528777639,0.666388497330248,0.442107487465337,0.442107487465337,1,1,-0.666388497330249,0.21658081878693,0.21658081878693,0.895342576839166,0.665534094145629,0.665105196973543,0.666388497330248,-0.895342576839166,0.21657409165139,0.666388497330248,0.281531401669903,0.112752177527138,0.112752177527138,0.161035635745724,0.161035635745724,0.895342576839166,0.666388497330248,0.022219495249908,0.666388497330248,0.937635033423213,0.022219495249908,0.022219495249908,0.937635033423213,0.112752177527138,0.99957291630797,0.895342576839166,0.999146013458767,0.999146013458767,0.0409892506049241,0.598036242560695,0.598036242560695,0.999146013458767,-0.666388497330249,0.999146013458767,0.999146013458767,-0.895342576839166,0.666388497330248,0.666388497330248,0.665959595870194,0.895342576839166,0.600163863234767,0.494649264206746,0.937635033423213,0.937635033423213,-0.663829029623871,0.666388497330248,0.666388497330248,0.666388497330248,0.592046648454597,-0.895342576839166,0.666388497330248,0.658702556252592,0.592046648454597,0.379327878047828,-0.666388497330249,0.666388497330248,1,-0.658702556252592
"ERK",0.895342576839166,0.666388497330248,0.666388497330248,0.0409892506049241,0.0409892506049241,0.999146013458767,0.895342576839166,0.999146013458767,0.66382528777639,0.666388497330248,0.442107487465337,0.442107487465337,1,1,-0.666388497330249,0.21658081878693,0.21658081878693,0.895342576839166,0.665534094145629,0.665105196973543,0.666388497330248,-0.895342576839166,0.21657409165139,0.666388497330248,0.281531401669903,0.112752177527138,0.112752177527138,0.161035635745724,0.161035635745724,0.895342576839166,0.666388497330248,0.022219495249908,0.666388497330248,0.937635033423213,0.022219495249908,0.022219495249908,0.937635033423213,0.112752177527138,0.99957291630797,0.895342576839166,0.999146013458767,0.999146013458767,0.0409892506049241,0.598036242560695,0.598036242560695,0.999146013458767,-0.666388497330249,0.999146013458767,0.999146013458767,-0.895342576839166,0.666388497330248,0.666388497330248,0.665959595870194,0.895342576839166,0.600163863234767,0.494649264206746,0.937635033423213,0.937635033423213,-0.663829029623871,0.666388497330248,0.666388497330248,0.666388497330248,0.592046648454597,-0.895342576839166,0.666388497330248,0.658702556252592,0.592046648454597,0.379327878047828,-0.666388497330249,0.666388497330248,1,-0.658702556252592
"Ecadherin",-0.77105680113876,-1,-1,-0.0764082086525719,-0.0764082086525719,-0.666380710031671,-0.77105680113876,-0.666380710031671,-0.997436626026075,-1,-0.229769876276131,-0.229769876276131,-0.666388497330249,-0.666388497330249,1,-0.0683671345512257,-0.0683671345512257,-0.77105680113876,-0.999145542008692,-0.99871841070679,-1,0.77105680113876,-0.492127532682899,-1,-0.1905998656785,-0.374588191950076,-0.374588191950076,-0.0888319291807626,-0.0888319291807626,-0.77105680113876,-1,-0.0200987941654965,-1,-0.603994342525704,-0.0200987941654965,-0.0200987941654965,-0.603994342525704,-0.374588191950076,-0.666811745220317,-0.77105680113876,-0.666380710031671,-0.666380710031671,-0.0764082086525719,-0.332668308788197,-0.332668308788197,-0.666380710031671,1,-0.666380710031671,-0.666380710031671,0.77105680113876,-1,-1,-0.999572864409855,-0.77105680113876,-0.92697463238033,-0.503583141615136,-0.603994342525704,-0.603994342525704,0.995728029877813,-1,-1,-1,-0.91884873113715,0.77105680113876,-1,-0.988892293591289,-0.91884873113715,-0.296902912479211,1,-1,-0.666388497330249,0.988892293591289
"FGF",0.111923108541548,0.0683671345512257,0.0683671345512257,0.00855004589765843,0.00855004589765843,0.216582704050711,0.111923108541548,0.216582704050711,0.0658039418351899,0.0683671345512257,0.0858692542250602,0.0858692542250602,0.21658081878693,0.21658081878693,-0.0683671345512257,1,1,0.111923108541548,0.0683671345512257,0.0670846540589113,0.0683671345512257,-0.111923108541548,0.0115340906187967,0.0683671345512257,0.00981790419126426,0.00513377438419111,0.00513377438419111,0.0363121192702052,0.0363121192702052,0.111923108541548,0.0683671345512257,0.00683251194718062,0.0683671345512257,0.155073461335287,0.00683251194718062,0.00683251194718062,0.155073461335287,0.00513377438419111,0.216154569531173,0.111923108541548,0.216582704050711,0.216582704050711,0.00855004589765843,0.0359000268147722,0.0359000268147722,0.216582704050711,-0.0683671345512257,0.216582704050711,0.216582704050711,-0.111923108541548,0.0683671345512257,0.0683671345512257,0.0679390473429828,0.111923108541548,0.0534026396067745,0.478456824766675,0.155073461335287,0.155073461335287,-0.0692233597639593,0.0683671345512257,0.0683671345512257,0.0683671345512257,0.0521231197198366,-0.111923108541548,0.0683671345512257,0.0692233597639593,0.0521231197198366,0.0179410655648548,-0.0683671345512257,0.0683671345512257,0.21658081878693,-0.0692233597639593
"FGFR",0.111923108541548,0.0683671345512257,0.0683671345512257,0.00855004589765843,0.00855004589765843,0.216582704050711,0.111923108541548,0.216582704050711,0.0658039418351899,0.0683671345512257,0.0858692542250602,0.0858692542250602,0.21658081878693,0.21658081878693,-0.0683671345512257,1,1,0.111923108541548,0.0683671345512257,0.0670846540589113,0.0683671345512257,-0.111923108541548,0.0115340906187967,0.0683671345512257,0.00981790419126426,0.00513377438419111,0.00513377438419111,0.0363121192702052,0.0363121192702052,0.111923108541548,0.0683671345512257,0.00683251194718062,0.0683671345512257,0.155073461335287,0.00683251194718062,0.00683251194718062,0.155073461335287,0.00513377438419111,0.216154569531173,0.111923108541548,0.216582704050711,0.216582704050711,0.00855004589765843,0.0359000268147722,0.0359000268147722,0.216582704050711,-0.0683671345512257,0.216582704050711,0.216582704050711,-0.111923108541548,0.0683671345512257,0.0683671345512257,0.0679390473429828,0.111923108541548,0.0534026396067745,0.478456824766675,0.155073461335287,0.155073461335287,-0.0692233597639593,0.0683671345512257,0.0683671345512257,0.0683671345512257,0.0521231197198366,-0.111923108541548,0.0683671345512257,0.0692233597639593,0.0521231197198366,0.0179410655648548,-0.0683671345512257,0.0683671345512257,0.21658081878693,-0.0692233597639593
"FOXC2",1,0.77105680113876,0.77105680113876,0.0559425361640995,0.0559425361640995,0.895342924803837,1,0.895342924803837,0.768493595560529,0.77105680113876,0.337450819238156,0.337450819238156,0.895342576839166,0.895342576839166,-0.77105680113876,0.111923108541548,0.111923108541548,1,0.77020239927935,0.769772794985926,0.77105680113876,-1,0.263135512928624,0.77105680113876,0.254616444463306,0.145647264109672,0.145647264109672,0.123018048583171,0.123018048583171,1,0.77105680113876,0.0235002438763615,0.77105680113876,0.832977426838272,0.0235002438763615,0.0235002438763615,0.832977426838272,0.145647264109672,0.895769843399205,1,0.895342924803837,0.895342924803837,0.0559425361640995,0.494230598689772,0.494230598689772,0.895342924803837,-0.77105680113876,0.895342924803837,0.895342924803837,-1,0.77105680113876,0.77105680113876,0.770627192557375,1,0.697988034545112,0.391700329870899,0.832977426838272,0.832977426838272,-0.768498810312538,0.77105680113876,0.77105680113876,0.77105680113876,0.689872049196122,-1,0.77105680113876,0.759954701279302,0.689872049196122,0.355832919276705,-0.77105680113876,0.77105680113876,0.895342576839166,-0.759954701279302
"FUS",0.77020239927935,0.999145542008692,0.999145542008692,0.0772626167483137,0.0772626167483137,0.665526303728888,0.77020239927935,0.665526303728888,0.996582168034767,0.999145542008692,0.229769876276131,0.229769876276131,0.665534094145629,0.665534094145629,-0.999145542008692,0.0683671345512257,0.0683671345512257,0.77020239927935,1,0.997863957003725,0.999145542008692,-0.77020239927935,0.492127532682899,0.999145542008692,0.189745455633877,0.374588191950076,0.374588191950076,0.0879775303615141,0.0879775303615141,0.77020239927935,0.999145542008692,0.0200987941654965,0.999145542008692,0.603139928115538,0.0200987941654965,0.0200987941654965,0.603139928115538,0.374588191950076,0.665957340554574,0.77020239927935,0.665526303728888,0.665526303728888,0.0772626167483137,0.331813850796889,0.331813850796889,0.665526303728888,-0.999145542008692,0.665526303728888,0.665526303728888,-0.77020239927935,0.999145542008692,0.999145542008692,0.999572864409855,0.77020239927935,0.926120226077547,0.502728713562216,0.603139928115538,0.603139928115538,-0.996582496913629,0.999145542008692,0.999145542008692,0.999145542008692,0.91799431898772,-0.77020239927935,0.999145542008692,0.988037826555473,0.91799431898772,0.296048515608768,-0.999145542008692,0.999145542008692,0.665534094145629,-0.988037826555473
"Frizzled",0.769772794985926,0.99871841070679,0.99871841070679,0.076837216931945,0.076837216931945,0.665097770015914,0.769772794985926,0.665097770015914,0.99871841070679,0.99871841070679,0.229343892593899,0.229343892593899,0.665105196973543,0.665105196973543,-0.99871841070679,0.0670846540589113,0.0670846540589113,0.769772794985926,0.997863957003725,1,0.99871841070679,-0.769772794985926,0.490843656350558,0.99871841070679,0.189314928150035,0.375870478636431,0.375870478636431,0.0884051985216252,0.0884051985216252,0.769772794985926,0.99871841070679,0.0205251602719304,0.99871841070679,0.602712433417753,0.0205251602719304,0.0205251602719304,0.602712433417753,0.375870478636431,0.66552862300684,0.769772794985926,0.665097770015914,0.665097770015914,0.076837216931945,0.333098976019358,0.333098976019358,0.665097770015914,-0.99871841070679,0.665097770015914,0.665097770015914,-0.769772794985926,0.99871841070679,0.99871841070679,0.998291101170315,0.769772794985926,0.925690384529399,0.502302628473617,0.602712433417753,0.602712433417753,-0.99444681351065,0.99871841070679,0.99871841070679,0.99871841070679,0.917565062774641,-0.769772794985926,0.99871841070679,0.987611111530437,0.917565062774641,0.295619833547399,-0.99871841070679,0.99871841070679,0.665105196973543,-0.987611111530437
"GLI",0.77105680113876,1,1,0.0764082086525719,0.0764082086525719,0.666380710031671,0.77105680113876,0.666380710031671,0.997436626026075,1,0.229769876276131,0.229769876276131,0.666388497330248,0.666388497330248,-1,0.0683671345512257,0.0683671345512257,0.77105680113876,0.999145542008692,0.99871841070679,1,-0.77105680113876,0.492127532682899,1,0.1905998656785,0.374588191950076,0.374588191950076,0.0888319291807626,0.0888319291807626,0.77105680113876,1,0.0200987941654965,1,0.603994342525704,0.0200987941654965,0.0200987941654965,0.603994342525704,0.374588191950076,0.666811745220317,0.77105680113876,0.666380710031671,0.666380710031671,0.0764082086525719,0.332668308788197,0.332668308788197,0.666380710031671,-1,0.666380710031671,0.666380710031671,-0.77105680113876,1,1,0.999572864409855,0.77105680113876,0.92697463238033,0.503583141615136,0.603994342525704,0.603994342525704,-0.995728029877813,1,1,1,0.91884873113715,-0.77105680113876,1,0.988892293591289,0.91884873113715,0.296902912479211,-1,1,0.666388497330248,-0.988892293591289
"GSK3",-1,-0.77105680113876,-0.77105680113876,-0.0559425361640995,-0.0559425361640995,-0.895342924803837,-1,-0.895342924803837,-0.768493595560529,-0.77105680113876,-0.337450819238156,-0.337450819238156,-0.895342576839166,-0.895342576839166,0.77105680113876,-0.111923108541548,-0.111923108541548,-1,-0.77020239927935,-0.769772794985926,-0.77105680113876,1,-0.263135512928624,-0.77105680113876,-0.254616444463306,-0.145647264109672,-0.145647264109672,-0.123018048583171,-0.123018048583171,-1,-0.77105680113876,-0.0235002438763615,-0.77105680113876,-0.832977426838272,-0.0235002438763615,-0.0235002438763615,-0.832977426838272,-0.145647264109672,-0.895769843399205,-1,-0.895342924803837,-0.895342924803837,-0.0559425361640995,-0.494230598689772,-0.494230598689772,-0.895342924803837,0.77105680113876,-0.895342924803837,-0.895342924803837,1,-0.77105680113876,-0.77105680113876,-0.770627192557375,-1,-0.697988034545112,-0.391700329870899,-0.832977426838272,-0.832977426838272,0.768498810312538,-0.77105680113876,-0.77105680113876,-0.77105680113876,-0.689872049196122,1,-0.77105680113876,-0.759954701279302,-0.689872049196122,-0.355832919276705,0.77105680113876,-0.77105680113876,-0.895342576839166,0.759954701279302
"Goosecoid",0.263135512928624,0.492127532682899,0.492127532682899,0.0367347337272175,0.0367347337272175,0.216574517094411,0.263135512928624,0.216574517094411,0.490418738786108,0.492127532682899,0.0593748836790188,0.0593748836790188,0.21657409165139,0.21657409165139,-0.492127532682899,0.0115340906187967,0.0115340906187967,0.263135512928624,0.492127532682899,0.490843656350558,0.492127532682899,-0.263135512928624,1,0.492127532682899,0.0363122048962075,0.0290453830735002,0.0290453830735002,0.0405801322126095,0.0405801322126095,0.263135512928624,0.492127532682899,0.00939843776017493,0.492127532682899,0.184110414171739,0.00939843776017493,0.00939843776017493,0.184110414171739,0.0290453830735002,0.216147112799055,0.263135512928624,0.216574517094411,0.216574517094411,0.0367347337272175,0.0837257913497516,0.0837257913497516,0.216574517094411,-0.492127532682899,0.216574517094411,0.216574517094411,-0.263135512928624,0.492127532682899,0.492127532682899,0.491698049011017,0.263135512928624,0.565147384627921,0.241782214855785,0.184110414171739,0.184110414171739,-0.491277970925763,0.492127532682899,0.492127532682899,0.492127532682899,0.573267040011389,-0.263135512928624,0.492127532682899,0.503239654817358,0.573267040011389,0.0965399490044355,-0.492127532682899,0.492127532682899,0.21657409165139,-0.503239654817358
"HEY1",0.77105680113876,1,1,0.0764082086525719,0.0764082086525719,0.666380710031671,0.77105680113876,0.666380710031671,0.997436626026075,1,0.229769876276131,0.229769876276131,0.666388497330248,0.666388497330248,-1,0.0683671345512257,0.0683671345512257,0.77105680113876,0.999145542008692,0.99871841070679,1,-0.77105680113876,0.492127532682899,1,0.1905998656785,0.374588191950076,0.374588191950076,0.0888319291807626,0.0888319291807626,0.77105680113876,1,0.0200987941654965,1,0.603994342525704,0.0200987941654965,0.0200987941654965,0.603994342525704,0.374588191950076,0.666811745220317,0.77105680113876,0.666380710031671,0.666380710031671,0.0764082086525719,0.332668308788197,0.332668308788197,0.666380710031671,-1,0.666380710031671,0.666380710031671,-0.77105680113876,1,1,0.999572864409855,0.77105680113876,0.92697463238033,0.503583141615136,0.603994342525704,0.603994342525704,-0.995728029877813,1,1,1,0.91884873113715,-0.77105680113876,1,0.988892293591289,0.91884873113715,0.296902912479211,-1,1,0.666388497330248,-0.988892293591289
"HGF",0.254616444463306,0.1905998656785,0.1905998656785,0.01797002969554,0.01797002969554,0.2815371735327,0.254616444463306,0.2815371735327,0.189745455633877,0.1905998656785,0.00472983033923394,0.00472983033923394,0.281531401669903,0.281531401669903,-0.1905998656785,0.00981790419126426,0.00981790419126426,0.254616444463306,0.189745455633877,0.189314928150035,0.1905998656785,-0.254616444463306,0.0363122048962075,0.1905998656785,1,0.0290815940626767,0.0290815940626767,-0.0149392794123456,-0.0149392794123456,0.254616444463306,0.1905998656785,-0.0119703911656308,0.1905998656785,0.343063719465713,-0.0119703911656308,-0.0119703911656308,0.343063719465713,0.0290815940626767,0.281961440270004,0.254616444463306,0.2815371735327,0.2815371735327,0.01797002969554,0.0607295388957683,0.0607295388957683,0.2815371735327,-0.1905998656785,0.2815371735327,0.2815371735327,-0.254616444463306,0.1905998656785,0.1905998656785,0.190169333906656,0.254616444463306,0.162781361632002,0.051310251760645,0.343063719465713,0.343063719465713,-0.190606627938608,0.1905998656785,0.1905998656785,0.1905998656785,0.158090589065621,-0.254616444463306,0.1905998656785,0.183771275229625,0.158090589065621,0.893648977839057,-0.1905998656785,0.1905998656785,0.281531401669903,-0.183771275229625
"HIF1",0.145647264109672,0.374588191950076,0.374588191950076,0.00894014738032705,0.00894014738032705,0.112747479643834,0.145647264109672,0.112747479643834,0.374588191950076,0.374588191950076,0.0179084372297866,0.0179084372297866,0.112752177527138,0.112752177527138,-0.374588191950076,0.00513377438419111,0.00513377438419111,0.145647264109672,0.374588191950076,0.375870478636431,0.374588191950076,-0.145647264109672,0.0290453830735002,0.374588191950076,0.0290815940626767,1,1,0.0290352280133192,0.0290352280133192,0.145647264109672,0.374588191950076,0.0209418494875577,0.374588191950076,0.0990684335177623,0.0209418494875577,0.0209418494875577,0.0990684335177623,1,0.113176997715893,0.145647264109672,0.112747479643834,0.112747479643834,0.00894014738032705,0.0285512714308225,0.0285512714308225,0.112747479643834,-0.374588191950076,0.112747479643834,0.112747479643834,-0.145647264109672,0.374588191950076,0.374588191950076,0.375016070775015,0.145647264109672,0.447656781405422,0.175524449650048,0.0990684335177623,0.0990684335177623,-0.372878204871594,0.374588191950076,0.374588191950076,0.374588191950076,0.455768660522601,-0.145647264109672,0.374588191950076,0.385694522773378,0.455768660522601,0.0781731194138041,-0.374588191950076,0.374588191950076,0.112752177527138,-0.385694522773378
"Hypoxia",0.145647264109672,0.374588191950076,0.374588191950076,0.00894014738032705,0.00894014738032705,0.112747479643834,0.145647264109672,0.112747479643834,0.374588191950076,0.374588191950076,0.0179084372297866,0.0179084372297866,0.112752177527138,0.112752177527138,-0.374588191950076,0.00513377438419111,0.00513377438419111,0.145647264109672,0.374588191950076,0.375870478636431,0.374588191950076,-0.145647264109672,0.0290453830735002,0.374588191950076,0.0290815940626767,1,1,0.0290352280133192,0.0290352280133192,0.145647264109672,0.374588191950076,0.0209418494875577,0.374588191950076,0.0990684335177623,0.0209418494875577,0.0209418494875577,0.0990684335177623,1,0.113176997715893,0.145647264109672,0.112747479643834,0.112747479643834,0.00894014738032705,0.0285512714308225,0.0285512714308225,0.112747479643834,-0.374588191950076,0.112747479643834,0.112747479643834,-0.145647264109672,0.374588191950076,0.374588191950076,0.375016070775015,0.145647264109672,0.447656781405422,0.175524449650048,0.0990684335177623,0.0990684335177623,-0.372878204871594,0.374588191950076,0.374588191950076,0.374588191950076,0.455768660522601,-0.145647264109672,0.374588191950076,0.385694522773378,0.455768660522601,0.0781731194138041,-0.374588191950076,0.374588191950076,0.112752177527138,-0.385694522773378
"IGF1",0.123018048583171,0.0888319291807626,0.0888319291807626,-0.00428269314820798,-0.00428269314820798,0.161034398700533,0.123018048583171,0.161034398700533,0.0879775303615141,0.0888319291807626,0.0456959109441605,0.0456959109441605,0.161035635745724,0.161035635745724,-0.0888319291807626,0.0363121192702052,0.0363121192702052,0.123018048583171,0.0879775303615141,0.0884051985216252,0.0888319291807626,-0.123018048583171,0.0405801322126095,0.0888319291807626,-0.0149392794123456,0.0290352280133192,0.0290352280133192,1,1,0.123018048583171,0.0888319291807626,-0.00683106213655585,0.0888319291807626,0.143090817146547,-0.00683106213655585,-0.00683106213655585,0.143090817146547,0.0290352280133192,0.161462175280186,0.123018048583171,0.161034398700533,0.161034398700533,-0.00428269314820798,0.0247520177371264,0.0247520177371264,0.161034398700533,-0.0888319291807626,0.161034398700533,0.161034398700533,-0.123018048583171,0.0888319291807626,0.0888319291807626,0.0884051985216252,0.123018048583171,0.0824344623447374,0.0136516541798318,0.143090817146547,0.143090817146547,-0.0862678210065967,0.0888319291807626,0.0888319291807626,0.0888319291807626,0.0837138187681998,-0.123018048583171,0.0888319291807626,0.0931030839116319,0.0837138187681998,-0.0128150655392492,-0.0888319291807626,0.0888319291807626,0.161035635745724,-0.0931030839116319
"IGF1R",0.123018048583171,0.0888319291807626,0.0888319291807626,-0.00428269314820798,-0.00428269314820798,0.161034398700533,0.123018048583171,0.161034398700533,0.0879775303615141,0.0888319291807626,0.0456959109441605,0.0456959109441605,0.161035635745724,0.161035635745724,-0.0888319291807626,0.0363121192702052,0.0363121192702052,0.123018048583171,0.0879775303615141,0.0884051985216252,0.0888319291807626,-0.123018048583171,0.0405801322126095,0.0888319291807626,-0.0149392794123456,0.0290352280133192,0.0290352280133192,1,1,0.123018048583171,0.0888319291807626,-0.00683106213655585,0.0888319291807626,0.143090817146547,-0.00683106213655585,-0.00683106213655585,0.143090817146547,0.0290352280133192,0.161462175280186,0.123018048583171,0.161034398700533,0.161034398700533,-0.00428269314820798,0.0247520177371264,0.0247520177371264,0.161034398700533,-0.0888319291807626,0.161034398700533,0.161034398700533,-0.123018048583171,0.0888319291807626,0.0888319291807626,0.0884051985216252,0.123018048583171,0.0824344623447374,0.0136516541798318,0.143090817146547,0.143090817146547,-0.0862678210065967,0.0888319291807626,0.0888319291807626,0.0888319291807626,0.0837138187681998,-0.123018048583171,0.0888319291807626,0.0931030839116319,0.0837138187681998,-0.0128150655392492,-0.0888319291807626,0.0888319291807626,0.161035635745724,-0.0931030839116319
"IKK",1,0.77105680113876,0.77105680113876,0.0559425361640995,0.0559425361640995,0.895342924803837,1,0.895342924803837,0.768493595560529,0.77105680113876,0.337450819238156,0.337450819238156,0.895342576839166,0.895342576839166,-0.77105680113876,0.111923108541548,0.111923108541548,1,0.77020239927935,0.769772794985926,0.77105680113876,-1,0.263135512928624,0.77105680113876,0.254616444463306,0.145647264109672,0.145647264109672,0.123018048583171,0.123018048583171,1,0.77105680113876,0.0235002438763615,0.77105680113876,0.832977426838272,0.0235002438763615,0.0235002438763615,0.832977426838272,0.145647264109672,0.895769843399205,1,0.895342924803837,0.895342924803837,0.0559425361640995,0.494230598689772,0.494230598689772,0.895342924803837,-0.77105680113876,0.895342924803837,0.895342924803837,-1,0.77105680113876,0.77105680113876,0.770627192557375,1,0.697988034545112,0.391700329870899,0.832977426838272,0.832977426838272,-0.768498810312538,0.77105680113876,0.77105680113876,0.77105680113876,0.689872049196122,-1,0.77105680113876,0.759954701279302,0.689872049196122,0.355832919276705,-0.77105680113876,0.77105680113876,0.895342576839166,-0.759954701279302
"ILK",0.77105680113876,1,1,0.0764082086525719,0.0764082086525719,0.666380710031671,0.77105680113876,0.666380710031671,0.997436626026075,1,0.229769876276131,0.229769876276131,0.666388497330248,0.666388497330248,-1,0.0683671345512257,0.0683671345512257,0.77105680113876,0.999145542008692,0.99871841070679,1,-0.77105680113876,0.492127532682899,1,0.1905998656785,0.374588191950076,0.374588191950076,0.0888319291807626,0.0888319291807626,0.77105680113876,1,0.0200987941654965,1,0.603994342525704,0.0200987941654965,0.0200987941654965,0.603994342525704,0.374588191950076,0.666811745220317,0.77105680113876,0.666380710031671,0.666380710031671,0.0764082086525719,0.332668308788197,0.332668308788197,0.666380710031671,-1,0.666380710031671,0.666380710031671,-0.77105680113876,1,1,0.999572864409855,0.77105680113876,0.92697463238033,0.503583141615136,0.603994342525704,0.603994342525704,-0.995728029877813,1,1,1,0.91884873113715,-0.77105680113876,1,0.988892293591289,0.91884873113715,0.296902912479211,-1,1,0.666388497330248,-0.988892293591289
"JAK",0.0235002438763615,0.0200987941654965,0.0200987941654965,-0.00554450466361946,-0.00554450466361946,0.0222210361378483,0.0235002438763615,0.0222210361378483,0.0192443960478193,0.0200987941654965,0.00940734064257516,0.00940734064257516,0.022219495249908,0.022219495249908,-0.0200987941654965,0.00683251194718062,0.00683251194718062,0.0235002438763615,0.0200987941654965,0.0205251602719304,0.0200987941654965,-0.0235002438763615,0.00939843776017493,0.0200987941654965,-0.0119703911656308,0.0209418494875577,0.0209418494875577,-0.00683106213655585,-0.00683106213655585,0.0235002438763615,0.0200987941654965,1,0.0200987941654965,1.09485844458224e-05,1,1,1.09485844458224e-05,0.0209418494875577,0.0226474360630297,0.0235002438763615,0.0222210361378483,0.0222210361378483,-0.00554450466361946,-0.002115556894112,-0.002115556894112,0.0222210361378483,-0.0200987941654965,0.0222210361378483,0.0222210361378483,-0.0235002438763615,0.0200987941654965,0.0200987941654965,0.0205251602719304,0.0235002438763615,0.0256384218689416,0.0542669778637118,1.09485844458224e-05,1.09485844458224e-05,-0.0226636882986909,0.0200987941654965,0.0200987941654965,0.0200987941654965,0.027776667719649,-0.0235002438763615,0.0200987941654965,0.0201004668140387,0.027776667719649,-0.0046988535060256,-0.0200987941654965,0.0200987941654965,0.022219495249908,-0.0201004668140387
