"","AKT","AXIN2","CD44","CDC42","CHD1L","Csl","Csn","DELTA","DSH","Destcompl","EGF","EGFR","EGR1","ERK","Ecadherin","FGF","FGFR","FOXC2","FUS","Frizzled","GLI","GSK3","Goosecoid","HEY1","HGF","HIF1","Hypoxia","IGF1","IGF1R","IKK","ILK","JAK","Jagged","KLF4","LIF","LIFR","LIV1","LOXL23","MEK","NFB","NOTCH","NOTCHic","PAK1","PDGF","PDGFR","PI3K","Patched","RAF","RAS","RKIP","SHH","SMAD","SMO","SNAI1","SNAI2","SOSGRB2","SRC","STAT","SUFU","TCFLEF","TGF","TGFR","TWIST1","TrCP","Wnt","ZEB1","ZEB2","cMet","cateninmemb","cateninnuc","cfos","miR200"
"AKT",1,0.113750519188483,0.113750519188483,0.113750519188483,0.00912420715529051,0.112760943751937,1,0.118151772361887,0.113255718920207,-0.101140735550531,0.011835248968442,0.011835248968442,0.124063340785507,0.126025177813199,-0.113750519188483,-0.00126602137882911,-0.00126602137882911,0.113750519188483,0.113750519188483,0.113255718920207,0.113750519188483,-0.117648657757229,0.0627877667985433,0.113750519188483,-0.00790230412377468,0.0131470825962517,0.0131470825962517,-0.0137236840475198,-0.0137236840475198,1,0.113750519188483,1,0.113750519188483,-0.00380514565756294,1,1,-0.00380514565756294,0.0131470825962517,0.121111794329438,1,0.113750519188483,0.112760943751937,0.113750519188483,-0.00880085680818614,-0.00880085680818614,1,-0.113750519188483,0.11863799515667,0.117665580560465,-0.125539152918193,0.113750519188483,0.113750519188483,0.113750519188483,0.113750519188483,0.114245344913493,0.817597791661483,-0.00380514565756294,-0.00380514565756294,-0.113750519188483,0.113750519188483,0.113750519188483,0.113750519188483,0.496325949819081,-1,0.113750519188483,0.0877693557732111,0.0877693557732111,-0.00790230412377468,-0.113750519188483,0.113750519188483,0.125053159154295,-0.0877693557732111
"AXIN2",0.113750519188483,1,1,1,-0.00204495808881252,0.999019588751375,0.113750519188483,0.995587055820023,0.998528785145186,0.785198234351888,0.212392579892358,0.212392579892358,0.976950320716107,0.982835621571149,-1,-0.00285674665317568,-0.00285674665317568,1,1,0.99950967522717,1,-0.996080715170123,0.688091868976254,1,0.0867863387330884,0.349171577802153,0.349171577802153,0.0828882928579143,0.0828882928579143,0.113750519188483,1,0.113750519188483,1,0.298752439679137,0.113750519188483,0.113750519188483,0.298752439679137,0.349171577802153,0.989700814043438,0.113750519188483,1,0.999019588751375,1,0.0878007327055485,0.0878007327055485,0.113750519188483,-1,0.995097436747741,0.996076911781222,-0.982346040804047,1,1,1,1,0.999509677113722,-0.0568891531526278,0.298752439679137,0.298752439679137,-1,1,1,1,0.617457782739782,-0.113750519188483,1,0.853359002760214,0.853359002760214,0.0867863387330884,-1,1,0.981856697262323,-0.853359002760214
"CD44",0.113750519188483,1,1,1,-0.00204495808881252,0.999019588751375,0.113750519188483,0.995587055820023,0.998528785145186,0.785198234351888,0.212392579892358,0.212392579892358,0.976950320716107,0.982835621571149,-1,-0.00285674665317568,-0.00285674665317568,1,1,0.99950967522717,1,-0.996080715170123,0.688091868976254,1,0.0867863387330884,0.349171577802153,0.349171577802153,0.0828882928579143,0.0828882928579143,0.113750519188483,1,0.113750519188483,1,0.298752439679137,0.113750519188483,0.113750519188483,0.298752439679137,0.349171577802153,0.989700814043438,0.113750519188483,1,0.999019588751375,1,0.0878007327055485,0.0878007327055485,0.113750519188483,-1,0.995097436747741,0.996076911781222,-0.982346040804047,1,1,1,1,0.999509677113722,-0.0568891531526278,0.298752439679137,0.298752439679137,-1,1,1,1,0.617457782739782,-0.113750519188483,1,0.853359002760214,0.853359002760214,0.0867863387330884,-1,1,0.981856697262323,-0.853359002760214
"CDC42",0.113750519188483,1,1,1,-0.00204495808881252,0.999019588751375,0.113750519188483,0.995587055820023,0.998528785145186,0.785198234351888,0.212392579892358,0.212392579892358,0.976950320716107,0.982835621571149,-1,-0.00285674665317568,-0.00285674665317568,1,1,0.99950967522717,1,-0.996080715170123,0.688091868976254,1,0.0867863387330884,0.349171577802153,0.349171577802153,0.0828882928579143,0.0828882928579143,0.113750519188483,1,0.113750519188483,1,0.298752439679137,0.113750519188483,0.113750519188483,0.298752439679137,0.349171577802153,0.989700814043438,0.113750519188483,1,0.999019588751375,1,0.0878007327055485,0.0878007327055485,0.113750519188483,-1,0.995097436747741,0.996076911781222,-0.982346040804047,1,1,1,1,0.999509677113722,-0.0568891531526278,0.298752439679137,0.298752439679137,-1,1,1,1,0.617457782739782,-0.113750519188483,1,0.853359002760214,0.853359002760214,0.0867863387330884,-1,1,0.981856697262323,-0.853359002760214
"CHD1L",0.00912420715529051,-0.00204495808881252,-0.00204495808881252,-0.00204495808881252,1,-0.00206565719643145,0.00912420715529051,-0.000604349403991516,-0.000583656290175169,-0.00218989985640349,0.0227104621512993,0.0227104621512993,0.00338210423231775,0.00240101011797774,0.00204495808881252,-0.0167076396519881,-0.0167076396519881,-0.00204495808881252,-0.00204495808881252,-0.00156475701207721,-0.00204495808881252,-0.00181739513423148,0.00100178165143379,-0.00204495808881252,0.0087058312205533,-0.00561354418721648,-0.00561354418721648,0.0216047060187456,0.0216047060187456,0.00912420715529051,-0.00204495808881252,0.00912420715529051,-0.00204495808881252,0.0395158293535433,0.00912420715529051,0.00912420715529051,0.0395158293535433,-0.00561354418721648,0.00139922997516594,0.00912420715529051,-0.00204495808881252,-0.00206565719643145,-0.00204495808881252,0.00496754734477747,0.00496754734477747,0.00912420715529051,0.00204495808881252,-0.00110525033513574,-0.000103451268863909,-0.00192080601533693,-0.00204495808881252,-0.00204495808881252,-0.00204495808881252,-0.00204495808881252,-0.00252515780937788,-0.00342347448527484,0.0395158293535433,0.0395158293535433,0.00204495808881252,-0.00204495808881252,-0.00204495808881252,-0.00204495808881252,0.000939712962914082,-0.00912420715529051,-0.00204495808881252,0.00240101011797774,0.00240101011797774,0.0087058312205533,0.00204495808881252,-0.00204495808881252,0.00242169552521945,-0.00240101011797774
"Csl",0.112760943751937,0.999019588751375,0.999019588751375,0.999019588751375,-0.00206565719643145,1,0.112760943751937,0.994605175508454,0.998528778775938,0.784210108097718,0.211419326593641,0.211419326593641,0.975971257479795,0.981856583815823,-0.999019588751375,-0.00283510597205512,-0.00283510597205512,0.999019588751375,0.999019588751375,0.999509673104781,0.999019588751375,-0.995097384881207,0.688095810261163,0.999019588751375,0.086780941642852,0.348182049943192,0.348182049943192,0.0819087286093285,0.0819087286093285,0.112760943751937,0.999019588751375,0.112760943751937,0.999019588751375,0.297785277250148,0.112760943751937,0.112760943751937,0.297785277250148,0.348182049943192,0.988720841044454,0.112760943751937,0.999019588751375,1,0.999019588751375,0.0878039992300125,0.0878039992300125,0.112760943751937,-0.999019588751375,0.994115070518338,0.995095517148732,-0.98136748305594,0.999019588751375,0.999019588751375,0.999019588751375,0.999019588751375,0.99852974658317,-0.057869803289537,0.297785277250148,0.297785277250148,-0.999019588751375,0.999019588751375,0.999019588751375,0.999019588751375,0.616477645172257,-0.112760943751937,0.999019588751375,0.853360292145868,0.853360292145868,0.086780941642852,-0.999019588751375,0.999019588751375,0.980878619285139,-0.853360292145868
"Csn",1,0.113750519188483,0.113750519188483,0.113750519188483,0.00912420715529051,0.112760943751937,1,0.118151772361887,0.113255718920207,-0.101140735550531,0.011835248968442,0.011835248968442,0.124063340785507,0.126025177813199,-0.113750519188483,-0.00126602137882911,-0.00126602137882911,0.113750519188483,0.113750519188483,0.113255718920207,0.113750519188483,-0.117648657757229,0.0627877667985433,0.113750519188483,-0.00790230412377468,0.0131470825962517,0.0131470825962517,-0.0137236840475198,-0.0137236840475198,1,0.113750519188483,1,0.113750519188483,-0.00380514565756294,1,1,-0.00380514565756294,0.0131470825962517,0.121111794329438,1,0.113750519188483,0.112760943751937,0.113750519188483,-0.00880085680818614,-0.00880085680818614,1,-0.113750519188483,0.11863799515667,0.117665580560465,-0.125539152918193,0.113750519188483,0.113750519188483,0.113750519188483,0.113750519188483,0.114245344913493,0.817597791661483,-0.00380514565756294,-0.00380514565756294,-0.113750519188483,0.113750519188483,0.113750519188483,0.113750519188483,0.496325949819081,-1,0.113750519188483,0.0877693557732111,0.0877693557732111,-0.00790230412377468,-0.113750519188483,0.113750519188483,0.125053159154295,-0.0877693557732111
"DELTA",0.118151772361887,0.995587055820023,0.995587055820023,0.995587055820023,-0.000604349403991516,0.994605175508454,0.118151772361887,1,0.995095997048138,0.780773491480774,0.216818235127841,0.216818235127841,0.981367415845473,0.987252757045563,-0.995587055820023,-0.00233372347120222,-0.00233372347120222,0.995587055820023,0.995587055820023,0.995095997048138,0.995587055820023,-0.995586985779658,0.683684034436277,0.995587055820023,0.0853069180331251,0.344744590416107,0.344744590416107,0.0833807481263656,0.0833807481263656,0.118151772361887,0.995587055820023,0.118151772361887,0.995587055820023,0.303187602195536,0.118151772361887,0.118151772361887,0.303187602195536,0.344744590416107,0.994116566113092,0.118151772361887,0.995587055820023,0.994605175508454,0.995587055820023,0.0882961099327725,0.0882961099327725,0.118151772361887,-0.995587055820023,0.999509668152471,0.999509670746551,-0.986763889744284,0.995587055820023,0.995587055820023,0.995587055820023,0.995587055820023,0.995097459144314,-0.0554174904927512,0.303187602195536,0.303187602195536,-0.995587055820023,0.995587055820023,0.995587055820023,0.995587055820023,0.61304512804493,-0.118151772361887,0.995587055820023,0.848947238843453,0.848947238843453,0.0853069180331251,-0.995587055820023,0.995587055820023,0.986275260729633,-0.848947238843453
"DSH",0.113255718920207,0.998528785145186,0.998528785145186,0.998528785145186,-0.000583656290175169,0.998528778775938,0.113255718920207,0.995095997048138,1,0.783723138286911,0.211905928810799,0.211905928810799,0.976460672720047,0.982345985607736,-0.998528785145186,-0.00137424374641785,-0.00137424374641785,0.998528785145186,0.998528785145186,0.999019107912561,0.998528785145186,-0.99558893135185,0.686622432352302,0.998528785145186,0.0862931799966969,0.348676773008838,0.348676773008838,0.0814176188799326,0.0814176188799326,0.113255718920207,0.998528785145186,0.113255718920207,0.998528785145186,0.298268823639097,0.113255718920207,0.113255718920207,0.298268823639097,0.348676773008838,0.989210709633597,0.113255718920207,0.998528785145186,0.998528778775938,0.998528785145186,0.0873119120149168,0.0873119120149168,0.113255718920207,-0.998528785145186,0.99460613507638,0.995586095789408,-0.981856644902576,0.998528785145186,0.998528785145186,0.998528785145186,0.998528785145186,0.998038704445875,-0.0573794702586762,0.298268823639097,0.298268823639097,-0.998528785145186,0.998528785145186,0.998528785145186,0.998528785145186,0.615986756395442,-0.113255718920207,0.998528785145186,0.851888216597295,0.851888216597295,0.0862931799966969,-0.998528785145186,0.998528785145186,0.981367541304618,-0.851888216597295
"Destcompl",-0.101140735550531,0.785198234351888,0.785198234351888,0.785198234351888,-0.00218989985640349,0.784210108097718,-0.101140735550531,0.780773491480774,0.783723138286911,1,0.172231375162531,0.172231375162531,0.76313943424947,0.768044099377643,-0.785198234351888,0.0071063779253636,0.0071063779253636,0.785198234351888,0.785198234351888,0.784704077919023,0.785198234351888,-0.781255134656982,0.549822156139452,0.785198234351888,0.0798836815866198,0.27750679958327,0.27750679958327,0.0672043264053768,0.0672043264053768,-0.101140735550531,0.785198234351888,-0.101140735550531,0.785198234351888,0.235089456468254,-0.101140735550531,-0.101140735550531,0.235089456468254,0.27750679958327,0.774902283323979,-0.101140735550531,0.785198234351888,0.784210108097718,0.785198234351888,0.0574164095895094,0.0574164095895094,-0.101140735550531,-0.785198234351888,0.78027988568098,0.781267282476843,-0.767558094012829,0.785198234351888,0.785198234351888,0.785198234351888,0.785198234351888,0.784711641893634,-0.203047258302341,0.235089456468254,0.235089456468254,-0.785198234351888,0.785198234351888,0.785198234351888,0.785198234351888,0.402651403445118,0.101140735550531,0.785198234351888,0.694474122455056,0.694474122455056,0.0798836815866198,-0.785198234351888,0.785198234351888,0.767072274203652,-0.694474122455056
"EGF",0.011835248968442,0.212392579892358,0.212392579892358,0.212392579892358,0.0227104621512993,0.211419326593641,0.011835248968442,0.216818235127841,0.211905928810799,0.172231375162531,1,1,0.233470810786008,0.228566315546889,-0.212392579892358,0.0126031827866717,0.0126031827866717,0.212392579892358,0.212392579892358,0.211905928810799,0.212392579892358,-0.212416157024048,0.0848408184049765,0.212392579892358,0.0162254762711446,0.0540228675647874,0.0540228675647874,-0.00638256265292216,-0.00638256265292216,0.011835248968442,0.212392579892358,0.011835248968442,0.212392579892358,0.740058720263617,0.011835248968442,0.011835248968442,0.740058720263617,0.0540228675647874,0.221707397100385,0.011835248968442,0.212392579892358,0.211419326593641,0.212392579892358,-0.013262359575314,-0.013262359575314,0.011835248968442,-0.212392579892358,0.217312658954625,0.216323866071181,-0.229053149667073,0.212392579892358,0.212392579892358,0.212392579892358,0.212392579892358,0.212879280188876,0.0441369622766176,0.740058720263617,0.740058720263617,-0.212392579892358,0.212392579892358,0.212392579892358,0.212392579892358,0.0946701255689471,-0.011835248968442,0.212392579892358,0.13930450219493,0.13930450219493,0.0162254762711446,-0.212392579892358,0.212392579892358,0.229540037944542,-0.13930450219493
"EGFR",0.011835248968442,0.212392579892358,0.212392579892358,0.212392579892358,0.0227104621512993,0.211419326593641,0.011835248968442,0.216818235127841,0.211905928810799,0.172231375162531,1,1,0.233470810786008,0.228566315546889,-0.212392579892358,0.0126031827866717,0.0126031827866717,0.212392579892358,0.212392579892358,0.211905928810799,0.212392579892358,-0.212416157024048,0.0848408184049765,0.212392579892358,0.0162254762711446,0.0540228675647874,0.0540228675647874,-0.00638256265292216,-0.00638256265292216,0.011835248968442,0.212392579892358,0.011835248968442,0.212392579892358,0.740058720263617,0.011835248968442,0.011835248968442,0.740058720263617,0.0540228675647874,0.221707397100385,0.011835248968442,0.212392579892358,0.211419326593641,0.212392579892358,-0.013262359575314,-0.013262359575314,0.011835248968442,-0.212392579892358,0.217312658954625,0.216323866071181,-0.229053149667073,0.212392579892358,0.212392579892358,0.212392579892358,0.212392579892358,0.212879280188876,0.0441369622766176,0.740058720263617,0.740058720263617,-0.212392579892358,0.212392579892358,0.212392579892358,0.212392579892358,0.0946701255689471,-0.011835248968442,0.212392579892358,0.13930450219493,0.13930450219493,0.0162254762711446,-0.212392579892358,0.212392579892358,0.229540037944542,-0.13930450219493
"EGR1",0.124063340785507,0.976950320716107,0.976950320716107,0.976950320716107,0.00338210423231775,0.975971257479795,0.124063340785507,0.981367415845473,0.976460672720047,0.76313943424947,0.233470810786008,0.233470810786008,1,0.994114726748985,-0.976950320716107,-0.00436088487143659,-0.00436088487143659,0.976950320716107,0.976950320716107,0.976460672720047,0.976950320716107,-0.976958614228478,0.665036603071773,0.976950320716107,0.091208608968251,0.328095143205669,0.328095143205669,0.0902430338957249,0.0902430338957249,0.124063340785507,0.976950320716107,0.124063340785507,0.976950320716107,0.321784734136001,0.124063340785507,0.124063340785507,0.321784734136001,0.328095143205669,0.987249018881876,0.124063340785507,0.976950320716107,0.975971257479795,0.976950320716107,0.0902481917878894,0.0902481917878894,0.124063340785507,-0.976950320716107,0.981859374260569,0.980875696093152,-0.993624414477502,0.976950320716107,0.976950320716107,0.976950320716107,0.976950320716107,0.977440201818438,-0.0563991698875809,0.321784734136001,0.321784734136001,-0.976950320716107,0.976950320716107,0.976950320716107,0.976950320716107,0.595388022202631,-0.124063340785507,0.976950320716107,0.830307954595747,0.830307954595747,0.091208608968251,-0.976950320716107,0.976950320716107,0.995096096121052,-0.830307954595747
"ERK",0.126025177813199,0.982835621571149,0.982835621571149,0.982835621571149,0.00240101011797774,0.981856583815823,0.126025177813199,0.987252757045563,0.982345985607736,0.768044099377643,0.228566315546889,0.228566315546889,0.994114726748985,1,-0.982835621571149,-0.00632311465249346,-0.00632311465249346,0.982835621571149,0.982835621571149,0.982345985607736,0.982835621571149,-0.982844008515421,0.670921861459241,0.982835621571149,0.0882659302282984,0.333980710919675,0.333980710919675,0.0882812810999022,0.0882812810999022,0.126025177813199,0.982835621571149,0.126025177813199,0.982835621571149,0.315899000059181,0.126025177813199,0.126025177813199,0.315899000059181,0.333980710919675,0.993134309119939,0.126025177813199,0.982835621571149,0.981856583815823,0.982835621571149,0.0912290719606772,0.0912290719606772,0.126025177813199,-0.982835621571149,0.987744731740474,0.98676102242918,-0.999509681358411,0.982835621571149,0.982835621571149,0.982835621571149,0.982835621571149,0.983325492056501,-0.0563991698875809,0.315899000059181,0.315899000059181,-0.982835621571149,0.982835621571149,0.982835621571149,0.982835621571149,0.601273289083541,-0.126025177813199,0.982835621571149,0.836193227846762,0.836193227846762,0.0882659302282984,-0.982835621571149,0.982835621571149,0.999019604071984,-0.836193227846762
"Ecadherin",-0.113750519188483,-1,-1,-1,0.00204495808881252,-0.999019588751375,-0.113750519188483,-0.995587055820023,-0.998528785145186,-0.785198234351888,-0.212392579892358,-0.212392579892358,-0.976950320716107,-0.982835621571149,1,0.00285674665317568,0.00285674665317568,-1,-1,-0.99950967522717,-1,0.996080715170123,-0.688091868976254,-1,-0.0867863387330884,-0.349171577802153,-0.349171577802153,-0.0828882928579143,-0.0828882928579143,-0.113750519188483,-1,-0.113750519188483,-1,-0.298752439679137,-0.113750519188483,-0.113750519188483,-0.298752439679137,-0.349171577802153,-0.989700814043438,-0.113750519188483,-1,-0.999019588751375,-1,-0.0878007327055485,-0.0878007327055485,-0.113750519188483,1,-0.995097436747741,-0.996076911781222,0.982346040804047,-1,-1,-1,-1,-0.999509677113722,0.0568891531526278,-0.298752439679137,-0.298752439679137,1,-1,-1,-1,-0.617457782739782,0.113750519188483,-1,-0.853359002760214,-0.853359002760214,-0.0867863387330884,1,-1,-0.981856697262323,0.853359002760214
"FGF",-0.00126602137882911,-0.00285674665317568,-0.00285674665317568,-0.00285674665317568,-0.0167076396519881,-0.00283510597205512,-0.00126602137882911,-0.00233372347120222,-0.00137424374641785,0.0071063779253636,0.0126031827866717,0.0126031827866717,-0.00436088487143659,-0.00632311465249346,0.00285674665317568,1,1,-0.00285674665317568,-0.00285674665317568,-0.00235536524464824,-0.00285674665317568,0.00279183210630228,-0.00394610245038968,-0.00285674665317568,-0.00379459674261069,0.00464260425416363,0.00464260425416363,0.00880835891438037,0.00880835891438037,-0.00126602137882911,-0.00285674665317568,-0.00126602137882911,-0.00285674665317568,0.017379941691814,-0.00126602137882911,-0.00126602137882911,0.017379941691814,0.00464260425416363,-0.00335812681928416,-0.00126602137882911,-0.00285674665317568,-0.00283510597205512,-0.00285674665317568,0.0244629460624196,0.0244629460624196,-0.00126602137882911,0.00285674665317568,-0.00183233887850133,-0.00185398223189551,0.00584337730965288,-0.00285674665317568,-0.00285674665317568,-0.00285674665317568,-0.00285674665317568,-0.00237700909689981,0.181004348433664,0.017379941691814,0.017379941691814,0.00285674665317568,-0.00285674665317568,-0.00285674665317568,-0.00285674665317568,0.00396776097623499,0.00126602137882911,-0.00285674665317568,-0.00828534443355032,-0.00828534443355032,-0.00379459674261069,0.00285674665317568,-0.00285674665317568,-0.00634475529808049,0.00828534443355032
"FGFR",-0.00126602137882911,-0.00285674665317568,-0.00285674665317568,-0.00285674665317568,-0.0167076396519881,-0.00283510597205512,-0.00126602137882911,-0.00233372347120222,-0.00137424374641785,0.0071063779253636,0.0126031827866717,0.0126031827866717,-0.00436088487143659,-0.00632311465249346,0.00285674665317568,1,1,-0.00285674665317568,-0.00285674665317568,-0.00235536524464824,-0.00285674665317568,0.00279183210630228,-0.00394610245038968,-0.00285674665317568,-0.00379459674261069,0.00464260425416363,0.00464260425416363,0.00880835891438037,0.00880835891438037,-0.00126602137882911,-0.00285674665317568,-0.00126602137882911,-0.00285674665317568,0.017379941691814,-0.00126602137882911,-0.00126602137882911,0.017379941691814,0.00464260425416363,-0.00335812681928416,-0.00126602137882911,-0.00285674665317568,-0.00283510597205512,-0.00285674665317568,0.0244629460624196,0.0244629460624196,-0.00126602137882911,0.00285674665317568,-0.00183233887850133,-0.00185398223189551,0.00584337730965288,-0.00285674665317568,-0.00285674665317568,-0.00285674665317568,-0.00285674665317568,-0.00237700909689981,0.181004348433664,0.017379941691814,0.017379941691814,0.00285674665317568,-0.00285674665317568,-0.00285674665317568,-0.00285674665317568,0.00396776097623499,0.00126602137882911,-0.00285674665317568,-0.00828534443355032,-0.00828534443355032,-0.00379459674261069,0.00285674665317568,-0.00285674665317568,-0.00634475529808049,0.00828534443355032
"FOXC2",0.113750519188483,1,1,1,-0.00204495808881252,0.999019588751375,0.113750519188483,0.995587055820023,0.998528785145186,0.785198234351888,0.212392579892358,0.212392579892358,0.976950320716107,0.982835621571149,-1,-0.00285674665317568,-0.00285674665317568,1,1,0.99950967522717,1,-0.996080715170123,0.688091868976254,1,0.0867863387330884,0.349171577802153,0.349171577802153,0.0828882928579143,0.0828882928579143,0.113750519188483,1,0.113750519188483,1,0.298752439679137,0.113750519188483,0.113750519188483,0.298752439679137,0.349171577802153,0.989700814043438,0.113750519188483,1,0.999019588751375,1,0.0878007327055485,0.0878007327055485,0.113750519188483,-1,0.995097436747741,0.996076911781222,-0.982346040804047,1,1,1,1,0.999509677113722,-0.0568891531526278,0.298752439679137,0.298752439679137,-1,1,1,1,0.617457782739782,-0.113750519188483,1,0.853359002760214,0.853359002760214,0.0867863387330884,-1,1,0.981856697262323,-0.853359002760214
"FUS",0.113750519188483,1,1,1,-0.00204495808881252,0.999019588751375,0.113750519188483,0.995587055820023,0.998528785145186,0.785198234351888,0.212392579892358,0.212392579892358,0.976950320716107,0.982835621571149,-1,-0.00285674665317568,-0.00285674665317568,1,1,0.99950967522717,1,-0.996080715170123,0.688091868976254,1,0.0867863387330884,0.349171577802153,0.349171577802153,0.0828882928579143,0.0828882928579143,0.113750519188483,1,0.113750519188483,1,0.298752439679137,0.113750519188483,0.113750519188483,0.298752439679137,0.349171577802153,0.989700814043438,0.113750519188483,1,0.999019588751375,1,0.0878007327055485,0.0878007327055485,0.113750519188483,-1,0.995097436747741,0.996076911781222,-0.982346040804047,1,1,1,1,0.999509677113722,-0.0568891531526278,0.298752439679137,0.298752439679137,-1,1,1,1,0.617457782739782,-0.113750519188483,1,0.853359002760214,0.853359002760214,0.0867863387330884,-1,1,0.981856697262323,-0.853359002760214
"Frizzled",0.113255718920207,0.99950967522717,0.99950967522717,0.99950967522717,-0.00156475701207721,0.999509673104781,0.113255718920207,0.995095997048138,0.999019107912561,0.784704077919023,0.211905928810799,0.211905928810799,0.976460672720047,0.982345985607736,-0.99950967522717,-0.00235536524464824,-0.00235536524464824,0.99950967522717,0.99950967522717,1,0.99950967522717,-0.99558893135185,0.687603315356309,0.99950967522717,0.0872740795162214,0.348676773008838,0.348676773008838,0.0823985018839396,0.0823985018839396,0.113255718920207,0.99950967522717,0.113255718920207,0.99950967522717,0.298268823639097,0.113255718920207,0.113255718920207,0.298268823639097,0.348676773008838,0.989210709633597,0.113255718920207,0.99950967522717,0.999509673104781,0.99950967522717,0.0873119120149168,0.0873119120149168,0.113255718920207,-0.99950967522717,0.99460613507638,0.995586095789408,-0.981856644902576,0.99950967522717,0.99950967522717,0.99950967522717,0.99950967522717,0.99901959275835,-0.0573794702586762,0.298268823639097,0.298268823639097,-0.99950967522717,0.99950967522717,0.99950967522717,0.99950967522717,0.616967640815032,-0.113255718920207,0.99950967522717,0.852869102078576,0.852869102078576,0.0872740795162214,-0.99950967522717,0.99950967522717,0.981367541304618,-0.852869102078576
"GLI",0.113750519188483,1,1,1,-0.00204495808881252,0.999019588751375,0.113750519188483,0.995587055820023,0.998528785145186,0.785198234351888,0.212392579892358,0.212392579892358,0.976950320716107,0.982835621571149,-1,-0.00285674665317568,-0.00285674665317568,1,1,0.99950967522717,1,-0.996080715170123,0.688091868976254,1,0.0867863387330884,0.349171577802153,0.349171577802153,0.0828882928579143,0.0828882928579143,0.113750519188483,1,0.113750519188483,1,0.298752439679137,0.113750519188483,0.113750519188483,0.298752439679137,0.349171577802153,0.989700814043438,0.113750519188483,1,0.999019588751375,1,0.0878007327055485,0.0878007327055485,0.113750519188483,-1,0.995097436747741,0.996076911781222,-0.982346040804047,1,1,1,1,0.999509677113722,-0.0568891531526278,0.298752439679137,0.298752439679137,-1,1,1,1,0.617457782739782,-0.113750519188483,1,0.853359002760214,0.853359002760214,0.0867863387330884,-1,1,0.981856697262323,-0.853359002760214
"GSK3",-0.117648657757229,-0.996080715170123,-0.996080715170123,-0.996080715170123,-0.00181739513423148,-0.995097384881207,-0.117648657757229,-0.995586985779658,-0.99558893135185,-0.781255134656982,-0.212416157024048,-0.212416157024048,-0.976958614228478,-0.982844008515421,0.996080715170123,0.00279183210630228,0.00279183210630228,-0.996080715170123,-0.996080715170123,-0.99558893135185,-0.996080715170123,1,-0.684182092878815,-0.996080715170123,-0.0857894846999868,-0.346203967842521,-0.346203967842521,-0.0828924951530952,-0.0828924951530952,-0.117648657757229,-0.996080715170123,-0.117648657757229,-0.996080715170123,-0.298794708809185,-0.117648657757229,-0.117648657757229,-0.298794708809185,-0.346203967842521,-0.98970642353458,-0.117648657757229,-0.996080715170123,-0.995097384881207,-0.996080715170123,-0.0858489851400282,-0.0858489851400282,-0.117648657757229,0.996080715170123,-0.995095915663821,-0.996078292776715,0.982355863188297,-0.996080715170123,-0.996080715170123,-0.996080715170123,-0.996080715170123,-0.99559183480892,0.0539459244427709,-0.298794708809185,-0.298794708809185,0.996080715170123,-0.996080715170123,-0.996080715170123,-0.996080715170123,-0.614519118394157,0.117648657757229,-0.996080715170123,-0.849441738011393,-0.849441738011393,-0.0857894846999868,0.996080715170123,-0.996080715170123,-0.981867955086153,0.849441738011393
"Goosecoid",0.0627877667985433,0.688091868976254,0.688091868976254,0.688091868976254,0.00100178165143379,0.688095810261163,0.0627877667985433,0.683684034436277,0.686622432352302,0.549822156139452,0.0848408184049765,0.0848408184049765,0.665036603071773,0.670921861459241,-0.688091868976254,-0.00394610245038968,-0.00394610245038968,0.688091868976254,0.688091868976254,0.687603315356309,0.688091868976254,-0.684182092878815,1,0.688091868976254,0.040712725868542,0.150091700382309,0.150091700382309,0.0407053055946614,0.0407053055946614,0.0627877667985433,0.688091868976254,0.0627877667985433,0.688091868976254,0.142716182417331,0.0627877667985433,0.0627877667985433,0.142716182417331,0.150091700382309,0.677790914706265,0.0627877667985433,0.688091868976254,0.688095810261163,0.688091868976254,0.0573784588390397,0.0573784588390397,0.0627877667985433,-0.688091868976254,0.683195961464478,0.684172269279597,-0.670430216541316,0.688091868976254,0.688091868976254,0.688091868976254,0.688091868976254,0.687599706997054,-0.0637572628961284,0.142716182417331,0.142716182417331,-0.688091868976254,0.688091868976254,0.688091868976254,0.688091868976254,0.566457430900953,-0.0627877667985433,0.688091868976254,0.733697950925568,0.733697950925568,0.040712725868542,-0.688091868976254,0.688091868976254,0.669938733827748,-0.733697950925568
"HEY1",0.113750519188483,1,1,1,-0.00204495808881252,0.999019588751375,0.113750519188483,0.995587055820023,0.998528785145186,0.785198234351888,0.212392579892358,0.212392579892358,0.976950320716107,0.982835621571149,-1,-0.00285674665317568,-0.00285674665317568,1,1,0.99950967522717,1,-0.996080715170123,0.688091868976254,1,0.0867863387330884,0.349171577802153,0.349171577802153,0.0828882928579143,0.0828882928579143,0.113750519188483,1,0.113750519188483,1,0.298752439679137,0.113750519188483,0.113750519188483,0.298752439679137,0.349171577802153,0.989700814043438,0.113750519188483,1,0.999019588751375,1,0.0878007327055485,0.0878007327055485,0.113750519188483,-1,0.995097436747741,0.996076911781222,-0.982346040804047,1,1,1,1,0.999509677113722,-0.0568891531526278,0.298752439679137,0.298752439679137,-1,1,1,1,0.617457782739782,-0.113750519188483,1,0.853359002760214,0.853359002760214,0.0867863387330884,-1,1,0.981856697262323,-0.853359002760214
"HGF",-0.00790230412377468,0.0867863387330884,0.0867863387330884,0.0867863387330884,0.0087058312205533,0.086780941642852,-0.00790230412377468,0.0853069180331251,0.0862931799966969,0.0798836815866198,0.0162254762711446,0.0162254762711446,0.091208608968251,0.0882659302282984,-0.0867863387330884,-0.00379459674261069,-0.00379459674261069,0.0867863387330884,0.0867863387330884,0.0872740795162214,0.0867863387330884,-0.0857894846999868,0.040712725868542,0.0867863387330884,1,0.0352532943747262,0.0352532943747262,0.0112860127878121,0.0112860127878121,-0.00790230412377468,0.0867863387330884,-0.00790230412377468,0.0867863387330884,0.276218027940722,-0.00790230412377468,-0.00790230412377468,0.276218027940722,0.0352532943747262,0.0872795164467048,-0.00790230412377468,0.0867863387330884,0.086780941642852,0.0867863387330884,0.0201256497118192,0.0201256497118192,-0.00790230412377468,-0.0867863387330884,0.0857947210464675,0.0858000398819056,-0.0877782751560973,0.0867863387330884,0.0867863387330884,0.0867863387330884,0.0867863387330884,0.0872795164467048,0.170677760675794,0.276218027940722,0.276218027940722,-0.0867863387330884,0.0867863387330884,0.0867863387330884,0.0867863387330884,0.0455999255365171,0.00790230412377468,0.0867863387330884,0.0549155711755024,0.0549155711755024,1,-0.0867863387330884,0.0867863387330884,0.0892524241872398,-0.0549155711755024
"HIF1",0.0131470825962517,0.349171577802153,0.349171577802153,0.349171577802153,-0.00561354418721648,0.348182049943192,0.0131470825962517,0.344744590416107,0.348676773008838,0.27750679958327,0.0540228675647874,0.0540228675647874,0.328095143205669,0.333980710919675,-0.349171577802153,0.00464260425416363,0.00464260425416363,0.349171577802153,0.349171577802153,0.348676773008838,0.349171577802153,-0.346203967842521,0.150091700382309,0.349171577802153,0.0352532943747262,1,1,0.0127621338889377,0.0127621338889377,0.0131470825962517,0.349171577802153,0.0131470825962517,0.349171577802153,0.0766497172219586,0.0131470825962517,0.0131470825962517,0.0766497172219586,1,0.338876226059016,0.0131470825962517,0.349171577802153,0.348182049943192,0.349171577802153,0.0304391150108566,0.0304391150108566,0.0131470825962517,-0.349171577802153,0.344250021598054,0.345239239542354,-0.333494937344726,0.349171577802153,0.349171577802153,0.349171577802153,0.349171577802153,0.349666464679174,-0.0289322397153001,0.0766497172219586,0.0766497172219586,-0.349171577802153,0.349171577802153,0.349171577802153,0.349171577802153,0.516928265886372,-0.0131470825962517,0.349171577802153,0.41637865891576,0.41637865891576,0.0352532943747262,-0.349171577802153,0.349171577802153,0.333009244919926,-0.41637865891576
"Hypoxia",0.0131470825962517,0.349171577802153,0.349171577802153,0.349171577802153,-0.00561354418721648,0.348182049943192,0.0131470825962517,0.344744590416107,0.348676773008838,0.27750679958327,0.0540228675647874,0.0540228675647874,0.328095143205669,0.333980710919675,-0.349171577802153,0.00464260425416363,0.00464260425416363,0.349171577802153,0.349171577802153,0.348676773008838,0.349171577802153,-0.346203967842521,0.150091700382309,0.349171577802153,0.0352532943747262,1,1,0.0127621338889377,0.0127621338889377,0.0131470825962517,0.349171577802153,0.0131470825962517,0.349171577802153,0.0766497172219586,0.0131470825962517,0.0131470825962517,0.0766497172219586,1,0.338876226059016,0.0131470825962517,0.349171577802153,0.348182049943192,0.349171577802153,0.0304391150108566,0.0304391150108566,0.0131470825962517,-0.349171577802153,0.344250021598054,0.345239239542354,-0.333494937344726,0.349171577802153,0.349171577802153,0.349171577802153,0.349171577802153,0.349666464679174,-0.0289322397153001,0.0766497172219586,0.0766497172219586,-0.349171577802153,0.349171577802153,0.349171577802153,0.349171577802153,0.516928265886372,-0.0131470825962517,0.349171577802153,0.41637865891576,0.41637865891576,0.0352532943747262,-0.349171577802153,0.349171577802153,0.333009244919926,-0.41637865891576
"IGF1",-0.0137236840475198,0.0828882928579143,0.0828882928579143,0.0828882928579143,0.0216047060187456,0.0819087286093285,-0.0137236840475198,0.0833807481263656,0.0814176188799326,0.0672043264053768,-0.00638256265292216,-0.00638256265292216,0.0902430338957249,0.0882812810999022,-0.0828882928579143,0.00880835891438037,0.00880835891438037,0.0828882928579143,0.0828882928579143,0.0823985018839396,0.0828882928579143,-0.0828924951530952,0.0407053055946614,0.0828882928579143,0.0112860127878121,0.0127621338889377,0.0127621338889377,1,1,-0.0137236840475198,0.0828882928579143,-0.0137236840475198,0.0828882928579143,0.253563894245403,-0.0137236840475198,-0.0137236840475198,0.253563894245403,0.0127621338889377,0.0843589811135375,-0.0137236840475198,0.0828882928579143,0.0819087286093285,0.0828882928579143,-0.00539771367467288,-0.00539771367467288,-0.0137236840475198,-0.0828882928579143,0.0838719050536125,0.0838704991001111,-0.0877902668207926,0.0828882928579143,0.0828882928579143,0.0828882928579143,0.0828882928579143,0.0823972226553798,-0.022560573091859,0.253563894245403,0.253563894245403,-0.0828882928579143,0.0828882928579143,0.0828882928579143,0.0828882928579143,0.0171672426122443,0.0137236840475198,0.0828882928579143,0.0431609667959803,0.0431609667959803,0.0112860127878121,-0.0828882928579143,0.0828882928579143,0.0882801491131459,-0.0431609667959803
"IGF1R",-0.0137236840475198,0.0828882928579143,0.0828882928579143,0.0828882928579143,0.0216047060187456,0.0819087286093285,-0.0137236840475198,0.0833807481263656,0.0814176188799326,0.0672043264053768,-0.00638256265292216,-0.00638256265292216,0.0902430338957249,0.0882812810999022,-0.0828882928579143,0.00880835891438037,0.00880835891438037,0.0828882928579143,0.0828882928579143,0.0823985018839396,0.0828882928579143,-0.0828924951530952,0.0407053055946614,0.0828882928579143,0.0112860127878121,0.0127621338889377,0.0127621338889377,1,1,-0.0137236840475198,0.0828882928579143,-0.0137236840475198,0.0828882928579143,0.253563894245403,-0.0137236840475198,-0.0137236840475198,0.253563894245403,0.0127621338889377,0.0843589811135375,-0.0137236840475198,0.0828882928579143,0.0819087286093285,0.0828882928579143,-0.00539771367467288,-0.00539771367467288,-0.0137236840475198,-0.0828882928579143,0.0838719050536125,0.0838704991001111,-0.0877902668207926,0.0828882928579143,0.0828882928579143,0.0828882928579143,0.0828882928579143,0.0823972226553798,-0.022560573091859,0.253563894245403,0.253563894245403,-0.0828882928579143,0.0828882928579143,0.0828882928579143,0.0828882928579143,0.0171672426122443,0.0137236840475198,0.0828882928579143,0.0431609667959803,0.0431609667959803,0.0112860127878121,-0.0828882928579143,0.0828882928579143,0.0882801491131459,-0.0431609667959803
"IKK",1,0.113750519188483,0.113750519188483,0.113750519188483,0.00912420715529051,0.112760943751937,1,0.118151772361887,0.113255718920207,-0.101140735550531,0.011835248968442,0.011835248968442,0.124063340785507,0.126025177813199,-0.113750519188483,-0.00126602137882911,-0.00126602137882911,0.113750519188483,0.113750519188483,0.113255718920207,0.113750519188483,-0.117648657757229,0.0627877667985433,0.113750519188483,-0.00790230412377468,0.0131470825962517,0.0131470825962517,-0.0137236840475198,-0.0137236840475198,1,0.113750519188483,1,0.113750519188483,-0.00380514565756294,1,1,-0.00380514565756294,0.0131470825962517,0.121111794329438,1,0.113750519188483,0.112760943751937,0.113750519188483,-0.00880085680818614,-0.00880085680818614,1,-0.113750519188483,0.11863799515667,0.117665580560465,-0.125539152918193,0.113750519188483,0.113750519188483,0.113750519188483,0.113750519188483,0.114245344913493,0.817597791661483,-0.00380514565756294,-0.00380514565756294,-0.113750519188483,0.113750519188483,0.113750519188483,0.113750519188483,0.496325949819081,-1,0.113750519188483,0.0877693557732111,0.0877693557732111,-0.00790230412377468,-0.113750519188483,0.113750519188483,0.125053159154295,-0.0877693557732111
"ILK",0.113750519188483,1,1,1,-0.00204495808881252,0.999019588751375,0.113750519188483,0.995587055820023,0.998528785145186,0.785198234351888,0.212392579892358,0.212392579892358,0.976950320716107,0.982835621571149,-1,-0.00285674665317568,-0.00285674665317568,1,1,0.99950967522717,1,-0.996080715170123,0.688091868976254,1,0.0867863387330884,0.349171577802153,0.349171577802153,0.0828882928579143,0.0828882928579143,0.113750519188483,1,0.113750519188483,1,0.298752439679137,0.113750519188483,0.113750519188483,0.298752439679137,0.349171577802153,0.989700814043438,0.113750519188483,1,0.999019588751375,1,0.0878007327055485,0.0878007327055485,0.113750519188483,-1,0.995097436747741,0.996076911781222,-0.982346040804047,1,1,1,1,0.999509677113722,-0.0568891531526278,0.298752439679137,0.298752439679137,-1,1,1,1,0.617457782739782,-0.113750519188483,1,0.853359002760214,0.853359002760214,0.0867863387330884,-1,1,0.981856697262323,-0.853359002760214
"JAK",1,0.113750519188483,0.113750519188483,0.113750519188483,0.00912420715529051,0.112760943751937,1,0.118151772361887,0.113255718920207,-0.101140735550531,0.011835248968442,0.011835248968442,0.124063340785507,0.126025177813199,-0.113750519188483,-0.00126602137882911,-0.00126602137882911,0.113750519188483,0.113750519188483,0.113255718920207,0.113750519188483,-0.117648657757229,0.0627877667985433,0.113750519188483,-0.00790230412377468,0.0131470825962517,0.0131470825962517,-0.0137236840475198,-0.0137236840475198,1,0.113750519188483,1,0.113750519188483,-0.00380514565756294,1,1,-0.00380514565756294,0.0131470825962517,0.121111794329438,1,0.113750519188483,0.112760943751937,0.113750519188483,-0.00880085680818614,-0.00880085680818614,1,-0.113750519188483,0.11863799515667,0.117665580560465,-0.125539152918193,0.113750519188483,0.113750519188483,0.113750519188483,0.113750519188483,0.114245344913493,0.817597791661483,-0.00380514565756294,-0.00380514565756294,-0.113750519188483,0.113750519188483,0.113750519188483,0.113750519188483,0.496325949819081,-1,0.113750519188483,0.0877693557732111,0.0877693557732111,-0.00790230412377468,-0.113750519188483,0.113750519188483,0.125053159154295,-0.0877693557732111
