"","Ecadherin","Iext","KEAP1","NRF2","SNAIL","ZEB","miR200","miR34"
"Ecadherin",1,-0.108859729588117,-0.406382417174811,-0.776613373866457,-0.0753381067588424,-0.753807267300787,0.300340760039442,0.759063767357031
"Iext",-0.108859729588117,1,0.0767512396774309,0.108837949050776,0.0854379941868277,0.102950828022723,-0.0829945696256445,-0.104965870124404
"KEAP1",-0.406382417174811,0.0767512396774309,1,0.275097054497097,0.146233017548242,0.506784472197095,-0.577662553028004,-0.418316620460774
"NRF2",-0.776613373866457,0.108837949050776,0.275097054497097,1,-0.0220169307167397,0.542098790429101,-0.140363765965069,-0.651174897852061
"SNAIL",-0.0753381067588424,0.0854379941868277,0.146233017548242,-0.0220169307167397,1,0.23026458078552,-0.369825370854595,-0.129675349352935
"ZEB",-0.753807267300787,0.102950828022723,0.506784472197095,0.542098790429101,0.23026458078552,1,-0.525143362736378,-0.748310298151979
"miR200",0.300340760039442,-0.0829945696256445,-0.577662553028004,-0.140363765965069,-0.369825370854595,-0.525143362736378,1,0.3284061590727
"miR34",0.759063767357031,-0.104965870124404,-0.418316620460774,-0.651174897852061,-0.129675349352935,-0.748310298151979,0.3284061590727,1
