"","Ecadherin","Iext","KEAP1","NRF2","SNAIL","ZEB","miR200","miR34"
"Ecadherin",1,-0.049784906769927,0.479740397300494,-1,0.475734589721448,-1,-0.476956055102464,1
"Iext",-0.049784906769927,1,0.470445962188096,0.049784906769927,0.474451342862764,0.049784906769927,-0.473235601481665,-0.049784906769927
"KEAP1",0.479740397300494,0.470445962188096,1,-0.479740397300494,0.528494039939866,-0.479740397300494,-0.768647392759831,0.479740397300494
"NRF2",-1,0.049784906769927,-0.479740397300494,1,-0.475734589721448,1,0.476956055102464,-1
"SNAIL",0.475734589721448,0.474451342862764,0.528494039939866,-0.475734589721448,1,-0.475734589721448,-0.647368212697994,0.475734589721448
"ZEB",-1,0.049784906769927,-0.479740397300494,1,-0.475734589721448,1,0.476956055102464,-1
"miR200",-0.476956055102464,-0.473235601481665,-0.768647392759831,0.476956055102464,-0.647368212697994,0.476956055102464,1,-0.476956055102464
"miR34",1,-0.049784906769927,0.479740397300494,-1,0.475734589721448,-1,-0.476956055102464,1
