"","Ecadherin","Iext","KEAP1","NRF2","SNAIL","ZEB","miR200","miR34"
"Ecadherin",1,-0.0461035433893357,0.470125315105497,-1,0.478333358296964,-1,-0.469521848448589,0.73119078339461
"Iext",-0.0461035433893357,1,0.483746917338628,0.0461035433893357,0.475539960799203,0.0461035433893357,-0.48434591290488,-0.31488250639467
"KEAP1",0.470125315105497,0.483746917338628,1,-0.470125315105497,0.538569798235447,-0.470125315105497,-0.766379313665447,0.201342915826284
"NRF2",-1,0.0461035433893357,-0.470125315105497,1,-0.478333358296964,1,0.469521848448589,-0.73119078339461
"SNAIL",0.478333358296964,0.475539960799203,0.538569798235447,-0.478333358296964,1,-0.478333358296964,-0.652472489396978,0.209550144515377
"ZEB",-1,0.0461035433893357,-0.470125315105497,1,-0.478333358296964,1,0.469521848448589,-0.73119078339461
"miR200",-0.469521848448589,-0.48434591290488,-0.766379313665447,0.469521848448589,-0.652472489396978,0.469521848448589,1,-0.200742021141792
"miR34",0.73119078339461,-0.31488250639467,0.201342915826284,-0.73119078339461,0.209550144515377,-0.73119078339461,-0.200742021141792,1
