"","Ecadherin","Iext","KEAP1","NRF2","SNAIL","ZEB","miR200","miR34"
"Ecadherin",1,-0.300311532758514,-0.43414646247201,-0.675902299290564,0.0407037945065216,-0.634466998622625,0.265862355354791,0.641382982724755
"Iext",-0.300311532758514,1,0.288392458123316,0.30367666018705,0.294833368705761,0.29141704731622,-0.295287732857344,-0.293800753285736
"KEAP1",-0.43414646247201,0.288392458123316,1,0.238348276179342,0.191091538605606,0.594731625927523,-0.598555668599755,-0.445497741418775
"NRF2",-0.675902299290564,0.30367666018705,0.238348276179342,1,-0.21834930327155,0.333761419465237,-0.0237284464445056,-0.490268774241166
"SNAIL",0.0407037945065216,0.294833368705761,0.191091538605606,-0.21834930327155,1,0.163052792867174,-0.452925334929124,-0.0029232858412888
"ZEB",-0.634466998622625,0.29141704731622,0.594731625927523,0.333761419465237,0.163052792867174,1,-0.585847910315783,-0.653874239558242
"miR200",0.265862355354791,-0.295287732857344,-0.598555668599755,-0.0237284464445056,-0.452925334929124,-0.585847910315783,1,0.298256319296712
"miR34",0.641382982724755,-0.293800753285736,-0.445497741418775,-0.490268774241166,-0.0029232858412888,-0.653874239558242,0.298256319296712,1
