"","Ecadherin","Iext","KEAP1","NRF2","SNAIL","ZEB","miR200","miR34"
"Ecadherin",1,-0.00492779270937191,0.494842172351213,-1,0.492651159356259,-1,-0.500051974697229,-0.494059571419101
"Iext",-0.00492779270937191,1,0.500249432917983,0.00492779270937188,0.502468730470189,0.00492779270937188,-0.495049814611799,-0.501076568601088
"KEAP1",0.494842172351213,0.500249432917983,1,-0.494842172351213,0.548106386004205,-0.494842172351213,-0.77495281517708,-0.61358266255985
"NRF2",-1,0.00492779270937188,-0.494842172351213,1,-0.492651159356259,1,0.500051974697229,0.494059571419102
"SNAIL",0.492651159356259,0.502468730470189,0.548106386004205,-0.492651159356259,1,-0.492651159356259,-0.667435477866966,-0.674241182114378
"ZEB",-1,0.00492779270937188,-0.494842172351213,1,-0.492651159356259,1,0.500051974697229,0.494059571419102
"miR200",-0.500051974697229,-0.495049814611799,-0.77495281517708,0.500051974697229,-0.667435477866966,0.500051974697229,1,0.670040925344687
"miR34",-0.494059571419101,-0.501076568601088,-0.61358266255985,0.494059571419102,-0.674241182114378,0.494059571419102,0.670040925344687,1
