"","Ecadherin","Iext","KEAP1","NRF2","SNAIL","ZEB","miR200","miR34"
"Ecadherin",1,-0.293262588330394,-0.440894630138491,-0.705331059864855,-0.00430268650753271,-0.703323651856205,0.290273797714092,0.71178641451768
"Iext",-0.293262588330394,1,0.19496348258054,0.295082354981552,0.201412063645775,0.301916773818483,-0.194555580939848,-0.299936936742607
"KEAP1",-0.440894630138491,0.19496348258054,1,0.225187515508519,0.231436734645405,0.583688476906999,-0.622165172514717,-0.458449614658761
"NRF2",-0.705331059864855,0.295082354981552,0.225187515508519,1,-0.250485449550075,0.411479058202204,-0.0161616040326183,-0.559289704070921
"SNAIL",-0.00430268650753271,0.201412063645775,0.231436734645405,-0.250485449550075,1,0.261496257939241,-0.491196715689229,-0.106962803263236
"ZEB",-0.703323651856205,0.301916773818483,0.583688476906999,0.411479058202204,0.261496257939241,1,-0.575658145347034,-0.722485921573888
"miR200",0.290273797714092,-0.194555580939848,-0.622165172514717,-0.0161616040326183,-0.491196715689229,-0.575658145347034,1,0.340094987950714
"miR34",0.71178641451768,-0.299936936742607,-0.458449614658761,-0.559289704070921,-0.106962803263236,-0.722485921573888,0.340094987950714,1
