"","Ecadherin","Iext","KEAP1","NRF2","SNAIL","ZEB","miR200","miR34"
"Ecadherin",1,-0.00181251281168228,-0.501007434872337,-1,-0.494188749418875,-1,0.499195437073817,1
"Iext",-0.00181251281168228,1,0.500800693713209,0.00181251281168228,0.507621282908165,0.00181251281168228,-0.502611186287579,-0.00181251281168228
"KEAP1",-0.501007434872337,0.500800693713209,1,0.501007434872337,0.552628548095485,0.501007434872337,-0.776914584722908,-0.501007434872337
"NRF2",-1,0.00181251281168228,0.501007434872337,1,0.494188749418875,1,-0.499195437073817,-1
"SNAIL",-0.494188749418875,0.507621282908165,0.552628548095485,0.494188749418875,1,0.494188749418875,-0.670866114698568,-0.494188749418875
"ZEB",-1,0.00181251281168228,0.501007434872337,1,0.494188749418875,1,-0.499195437073817,-1
"miR200",0.499195437073817,-0.502611186287579,-0.776914584722908,-0.499195437073817,-0.670866114698568,-0.499195437073817,1,0.499195437073817
"miR34",1,-0.00181251281168228,-0.501007434872337,-1,-0.494188749418875,-1,0.499195437073817,1
