"","Ecadherin","Iext","KEAP1","NRF2","SNAIL","ZEB","miR200","miR34"
"Ecadherin",1,-0.0542419347731113,-0.529223434774902,-1,-0.527436698108522,-1,0.525420430996204,1
"Iext",-0.0542419347731113,1,0.525017180086657,0.0542419347731112,0.526852281733345,0.0542419347731112,-0.528825134766137,-0.0542419347731113
"KEAP1",-0.529223434774902,0.525017180086657,1,0.529223434774902,0.580691953423215,0.529223434774902,-0.79083458302071,-0.529223434774902
"NRF2",-1,0.0542419347731112,0.529223434774902,1,0.527436698108522,1,-0.525420430996204,-1
"SNAIL",-0.527436698108522,0.526852281733345,0.580691953423215,0.527436698108522,1,0.527436698108522,-0.687764308281596,-0.527436698108522
"ZEB",-1,0.0542419347731112,0.529223434774902,1,0.527436698108522,1,-0.525420430996204,-1
"miR200",0.525420430996204,-0.528825134766137,-0.79083458302071,-0.525420430996204,-0.687764308281596,-0.525420430996204,1,0.525420430996204
"miR34",1,-0.0542419347731113,-0.529223434774902,-1,-0.527436698108522,-1,0.525420430996204,1
