"","Ecadherin","Iext","KEAP1","NRF2","SNAIL","ZEB","miR200","miR34"
"Ecadherin",1,-0.0390292251572588,-0.000393111530096831,-1,0.00261097798766754,-1,-0.00123354624526845,1
"Iext",-0.0390292251572588,1,-0.0020048135967254,0.0390292251572588,0.00299980645246442,0.0390292251572588,-0.00519289078258827,-0.0390292251572588
"KEAP1",-0.000393111530096831,-0.0020048135967254,1,0.000393111530096831,0.110908917580402,0.000393111530096831,-0.560363005073248,-0.000393111530096831
"NRF2",-1,0.0390292251572588,0.000393111530096831,1,-0.00261097798766754,1,0.00123354624526845,-1
"SNAIL",0.00261097798766754,0.00299980645246442,0.110908917580402,-0.00261097798766754,1,-0.00261097798766754,-0.334731670662878,0.00261097798766754
"ZEB",-1,0.0390292251572588,0.000393111530096831,1,-0.00261097798766754,1,0.00123354624526845,-1
"miR200",-0.00123354624526845,-0.00519289078258827,-0.560363005073248,0.00123354624526845,-0.334731670662878,0.00123354624526845,1,-0.00123354624526845
"miR34",1,-0.0390292251572588,-0.000393111530096831,-1,0.00261097798766754,-1,-0.00123354624526845,1
