"","Ecadherin","Iext","KEAP1","NRF2","SNAIL","ZEB","miR200","miR34"
"Ecadherin",1,-0.0220221512600869,-0.690749136180877,0.690749136180877,-0.469703760667466,-1,0.690749136180877,0.576524647680681
"Iext",-0.0220221512600869,1,0.180005325651621,-0.180005325651621,0.401064002361511,0.022022151260087,-0.180005325651621,-0.294238787342445
"KEAP1",-0.690749136180877,0.180005325651621,1,-1,0.77895244547655,0.690749136180877,-1,-0.672129953276657
"NRF2",0.690749136180877,-0.180005325651621,-1,1,-0.77895244547655,-0.690749136180877,1,0.672129953276656
"SNAIL",-0.469703760667466,0.401064002361511,0.77895244547655,-0.77895244547655,1,0.469703760667466,-0.77895244547655,-0.893177168346682
"ZEB",-1,0.022022151260087,0.690749136180877,-0.690749136180877,0.469703760667466,1,-0.690749136180877,-0.576524647680682
"miR200",0.690749136180877,-0.180005325651621,-1,1,-0.77895244547655,-0.690749136180877,1,0.672129953276656
"miR34",0.576524647680681,-0.294238787342445,-0.672129953276657,0.672129953276656,-0.893177168346682,-0.576524647680682,0.672129953276656,1
