"","Ecadherin","KEAP1","NRF2","SNAIL","ZEB","miR200","miR34"
"Ecadherin",1,-0.815538681927626,-0.231975369903087,-0.183184246368313,-1,0.815538681927626,0.59066702038409
"KEAP1",-0.815538681927626,1,0.0475144232763265,0.367634674696353,0.815538681927626,-1,-0.775127776781898
"NRF2",-0.231975369903087,0.0475144232763265,1,-0.584877967411195,0.231975369903087,-0.0475144232763265,0.177355277748569
"SNAIL",-0.183184246368313,0.367634674696353,-0.584877967411195,1,0.183184246368313,-0.367634674696353,-0.592499410944187
"ZEB",-1,0.815538681927626,0.231975369903087,0.183184246368313,1,-0.815538681927626,-0.59066702038409
"miR200",0.815538681927626,-1,-0.0475144232763265,-0.367634674696353,-0.815538681927626,1,0.775127776781898
"miR34",0.59066702038409,-0.775127776781898,0.177355277748569,-0.592499410944187,-0.59066702038409,0.775127776781898,1
