"","Ecadherin","Iext","KEAP1","NRF2","SNAIL","ZEB","miR200","miR34"
"Ecadherin",1,-0.0181985736014217,-0.763862645958096,-0.240541892167658,0.105681833649624,-1,0.763862645958096,0.790476434769745
"Iext",-0.0181985736014217,1,0.254316752312662,-0.0176339843032888,0.514664986366845,0.0181985736014217,-0.254316752312662,-0.227754318477128
"KEAP1",-0.763862645958096,0.254316752312662,1,0.00438974275620939,0.130434306421176,0.763862645958096,-1,-0.748464560223165
"NRF2",-0.240541892167658,-0.0176339843032888,0.00438974275620939,1,-0.502949463169612,0.240541892167658,-0.00438974275620939,-0.0310206328581289
"SNAIL",0.105681833649624,0.514664986366845,0.130434306421176,-0.502949463169612,1,-0.105681833649624,-0.130434306421176,-0.103874832304937
"ZEB",-1,0.0181985736014217,0.763862645958096,0.240541892167658,-0.105681833649624,1,-0.763862645958096,-0.790476434769745
"miR200",0.763862645958096,-0.254316752312662,-1,-0.00438974275620939,-0.130434306421176,-0.763862645958096,1,0.748464560223165
"miR34",0.790476434769745,-0.227754318477128,-0.748464560223165,-0.0310206328581289,-0.103874832304937,-0.790476434769745,0.748464560223165,1
