"","Ecadherin","Iext","KEAP1","NRF2","SNAIL","ZEB","miR200","miR34"
"Ecadherin",1,-0.0320213037501319,-0.064254992063064,-0.407034281860823,-0.064254992063064,-1,0.064254992063064,0.466872527727598
"Iext",-0.0320213037501319,1,0.563141595977124,-0.091853172708328,0.563141595977124,0.0320213037501319,-0.563141595977124,-0.160501061366008
"KEAP1",-0.064254992063064,0.563141595977124,1,-0.528703706482074,1,0.064254992063064,-1,-0.597395263240459
"NRF2",-0.407034281860823,-0.091853172708328,-0.528703706482074,1,-0.528703706482074,0.407034281860823,0.528703706482074,0.126109322391828
"SNAIL",-0.064254992063064,0.563141595977124,1,-0.528703706482074,1,0.064254992063064,-1,-0.597395263240459
"ZEB",-1,0.0320213037501319,0.064254992063064,0.407034281860823,0.064254992063064,1,-0.064254992063064,-0.466872527727598
"miR200",0.064254992063064,-0.563141595977124,-1,0.528703706482074,-1,-0.064254992063064,1,0.597395263240459
"miR34",0.466872527727598,-0.160501061366008,-0.597395263240459,0.126109322391828,-0.597395263240459,-0.466872527727598,0.597395263240459,1
