,Cycles,Nature,Edge_count
0,ZEB1,P,1
1,ZEB2,P,1
2,SNAI1,N,1
3,"FOXC2,ZEB1,miR-34a,TWIST2,ZEB2,miR-200a,TGF-beta,SNAI2,miR-101,SNAI1,TWIST1",P,11
4,"FOXC2,ZEB1,miR-34a,TWIST2,ZEB2,miR-200a,TGF-beta,SNAI2,miR-101,SNAI1",P,10
5,"FOXC2,ZEB1,miR-34a,TWIST2,ZEB2,miR-200a,TGF-beta,SNAI1,TWIST1",P,9
6,"FOXC2,ZEB1,miR-34a,TWIST2,ZEB2,miR-200a,TGF-beta,SNAI1",P,8
7,"FOXC2,ZEB1,miR-34a,TWIST2,ZEB2,miR-200a,TGF-beta,GSC",P,8
8,"FOXC2,ZEB1,miR-34a,TWIST2,ZEB2,miR-200a,TGF-beta,GSC,TWIST1,SNAI2,miR-101,SNAI1",P,12
9,"FOXC2,ZEB1,miR-34a,TWIST2,ZEB2,miR-200a,TGF-beta,GSC,TWIST1,SNAI1",P,10
10,"FOXC2,ZEB1,miR-34a,TWIST2,ZEB2,miR-200a,TGF-beta,GSC,TWIST1",P,9
11,"FOXC2,ZEB1,miR-34a,TWIST2,ZEB2,miR-200a,TGF-beta,GSC,SNAI1,TWIST1",P,10
12,"FOXC2,ZEB1,miR-34a,TWIST2,ZEB2,miR-200a,TGF-beta,GSC,SNAI1",P,9
13,"FOXC2,ZEB1,miR-34a,TWIST2,ZEB2,miR-200c,TGF-beta,SNAI2,miR-101,SNAI1,TWIST1",P,11
14,"FOXC2,ZEB1,miR-34a,TWIST2,ZEB2,miR-200c,TGF-beta,SNAI2,miR-101,SNAI1",P,10
15,"FOXC2,ZEB1,miR-34a,TWIST2,ZEB2,miR-200c,TGF-beta,SNAI1,TWIST1",P,9
16,"FOXC2,ZEB1,miR-34a,TWIST2,ZEB2,miR-200c,TGF-beta,SNAI1",P,8
17,"FOXC2,ZEB1,miR-34a,TWIST2,ZEB2,miR-200c,TGF-beta,GSC",P,8
18,"FOXC2,ZEB1,miR-34a,TWIST2,ZEB2,miR-200c,TGF-beta,GSC,TWIST1,SNAI2,miR-101,SNAI1",P,12
19,"FOXC2,ZEB1,miR-34a,TWIST2,ZEB2,miR-200c,TGF-beta,GSC,TWIST1,SNAI1",P,10
20,"FOXC2,ZEB1,miR-34a,TWIST2,ZEB2,miR-200c,TGF-beta,GSC,TWIST1",P,9
21,"FOXC2,ZEB1,miR-34a,TWIST2,ZEB2,miR-200c,TGF-beta,GSC,SNAI1,TWIST1",P,10
22,"FOXC2,ZEB1,miR-34a,TWIST2,ZEB2,miR-200c,TGF-beta,GSC,SNAI1",P,9
23,"FOXC2,ZEB1,miR-34a,TWIST2,ZEB2,miR-200b,TGF-beta,SNAI2,miR-101,SNAI1,TWIST1",P,11
24,"FOXC2,ZEB1,miR-34a,TWIST2,ZEB2,miR-200b,TGF-beta,SNAI2,miR-101,SNAI1",P,10
25,"FOXC2,ZEB1,miR-34a,TWIST2,ZEB2,miR-200b,TGF-beta,SNAI1,TWIST1",P,9
26,"FOXC2,ZEB1,miR-34a,TWIST2,ZEB2,miR-200b,TGF-beta,SNAI1",P,8
27,"FOXC2,ZEB1,miR-34a,TWIST2,ZEB2,miR-200b,TGF-beta,GSC",P,8
28,"FOXC2,ZEB1,miR-34a,TWIST2,ZEB2,miR-200b,TGF-beta,GSC,TWIST1,SNAI2,miR-101,SNAI1",P,12
29,"FOXC2,ZEB1,miR-34a,TWIST2,ZEB2,miR-200b,TGF-beta,GSC,TWIST1,SNAI1",P,10
30,"FOXC2,ZEB1,miR-34a,TWIST2,ZEB2,miR-200b,TGF-beta,GSC,TWIST1",P,9
31,"FOXC2,ZEB1,miR-34a,TWIST2,ZEB2,miR-200b,TGF-beta,GSC,SNAI1,TWIST1",P,10
32,"FOXC2,ZEB1,miR-34a,TWIST2,ZEB2,miR-200b,TGF-beta,GSC,SNAI1",P,9
33,"FOXC2,ZEB1,miR-34a,TWIST2,TWIST1,ZEB2,miR-200a,TGF-beta,SNAI2,miR-101,SNAI1",P,11
34,"FOXC2,ZEB1,miR-34a,TWIST2,TWIST1,ZEB2,miR-200a,TGF-beta,SNAI1",P,9
35,"FOXC2,ZEB1,miR-34a,TWIST2,TWIST1,ZEB2,miR-200a,TGF-beta,GSC",P,9
36,"FOXC2,ZEB1,miR-34a,TWIST2,TWIST1,ZEB2,miR-200a,TGF-beta,GSC,SNAI1",P,10
37,"FOXC2,ZEB1,miR-34a,TWIST2,TWIST1,ZEB2,miR-200c,TGF-beta,SNAI2,miR-101,SNAI1",P,11
38,"FOXC2,ZEB1,miR-34a,TWIST2,TWIST1,ZEB2,miR-200c,TGF-beta,SNAI1",P,9
39,"FOXC2,ZEB1,miR-34a,TWIST2,TWIST1,ZEB2,miR-200c,TGF-beta,GSC",P,9
40,"FOXC2,ZEB1,miR-34a,TWIST2,TWIST1,ZEB2,miR-200c,TGF-beta,GSC,SNAI1",P,10
41,"FOXC2,ZEB1,miR-34a,TWIST2,TWIST1,ZEB2,miR-200b,TGF-beta,SNAI2,miR-101,SNAI1",P,11
42,"FOXC2,ZEB1,miR-34a,TWIST2,TWIST1,ZEB2,miR-200b,TGF-beta,SNAI1",P,9
43,"FOXC2,ZEB1,miR-34a,TWIST2,TWIST1,ZEB2,miR-200b,TGF-beta,GSC",P,9
44,"FOXC2,ZEB1,miR-34a,TWIST2,TWIST1,ZEB2,miR-200b,TGF-beta,GSC,SNAI1",P,10
45,"FOXC2,ZEB1,miR-34a,TWIST2,TWIST1,SNAI2,miR-200b,TGF-beta,SNAI1",P,9
46,"FOXC2,ZEB1,miR-34a,TWIST2,TWIST1,SNAI2,miR-200b,TGF-beta,GSC",P,9
47,"FOXC2,ZEB1,miR-34a,TWIST2,TWIST1,SNAI2,miR-200b,TGF-beta,GSC,SNAI1",P,10
48,"FOXC2,ZEB1,miR-34a,TWIST2,TWIST1,SNAI2,miR-200b,ZEB2,miR-200a,TGF-beta,SNAI1",P,11
49,"FOXC2,ZEB1,miR-34a,TWIST2,TWIST1,SNAI2,miR-200b,ZEB2,miR-200a,TGF-beta,GSC",P,11
50,"FOXC2,ZEB1,miR-34a,TWIST2,TWIST1,SNAI2,miR-200b,ZEB2,miR-200a,TGF-beta,GSC,SNAI1",P,12
51,"FOXC2,ZEB1,miR-34a,TWIST2,TWIST1,SNAI2,miR-200b,ZEB2,miR-200c,TGF-beta,SNAI1",P,11
52,"FOXC2,ZEB1,miR-34a,TWIST2,TWIST1,SNAI2,miR-200b,ZEB2,miR-200c,TGF-beta,GSC",P,11
53,"FOXC2,ZEB1,miR-34a,TWIST2,TWIST1,SNAI2,miR-200b,ZEB2,miR-200c,TGF-beta,GSC,SNAI1",P,12
54,"FOXC2,ZEB1,miR-34a,TWIST2,TWIST1,SNAI2,miR-101,SNAI1,ZEB2,miR-200a,TGF-beta,GSC",P,12
55,"FOXC2,ZEB1,miR-34a,TWIST2,TWIST1,SNAI2,miR-101,SNAI1,ZEB2,miR-200c,TGF-beta,GSC",P,12
56,"FOXC2,ZEB1,miR-34a,TWIST2,TWIST1,SNAI2,miR-101,SNAI1,ZEB2,miR-200b,TGF-beta,GSC",P,12
57,"FOXC2,ZEB1,miR-34a,TWIST2,TWIST1,SNAI2,miR-101,SNAI1",P,8
58,"FOXC2,ZEB1,miR-34a,TWIST2,TWIST1,SNAI2,miR-101,ZEB2,miR-200a,TGF-beta,SNAI1",P,11
59,"FOXC2,ZEB1,miR-34a,TWIST2,TWIST1,SNAI2,miR-101,ZEB2,miR-200a,TGF-beta,GSC",P,11
60,"FOXC2,ZEB1,miR-34a,TWIST2,TWIST1,SNAI2,miR-101,ZEB2,miR-200a,TGF-beta,GSC,SNAI1",P,12
61,"FOXC2,ZEB1,miR-34a,TWIST2,TWIST1,SNAI2,miR-101,ZEB2,miR-200c,TGF-beta,SNAI1",P,11
62,"FOXC2,ZEB1,miR-34a,TWIST2,TWIST1,SNAI2,miR-101,ZEB2,miR-200c,TGF-beta,GSC",P,11
63,"FOXC2,ZEB1,miR-34a,TWIST2,TWIST1,SNAI2,miR-101,ZEB2,miR-200c,TGF-beta,GSC,SNAI1",P,12
64,"FOXC2,ZEB1,miR-34a,TWIST2,TWIST1,SNAI2,miR-101,ZEB2,miR-200b,TGF-beta,SNAI1",P,11
65,"FOXC2,ZEB1,miR-34a,TWIST2,TWIST1,SNAI2,miR-101,ZEB2,miR-200b,TGF-beta,GSC",P,11
66,"FOXC2,ZEB1,miR-34a,TWIST2,TWIST1,SNAI2,miR-101,ZEB2,miR-200b,TGF-beta,GSC,SNAI1",P,12
67,"FOXC2,ZEB1,miR-34a,TWIST2,TWIST1,SNAI1,miR-101,ZEB2,miR-200a,TGF-beta,GSC",P,11
68,"FOXC2,ZEB1,miR-34a,TWIST2,TWIST1,SNAI1,miR-101,ZEB2,miR-200c,TGF-beta,GSC",P,11
69,"FOXC2,ZEB1,miR-34a,TWIST2,TWIST1,SNAI1,miR-101,ZEB2,miR-200b,TGF-beta,GSC",P,11
70,"FOXC2,ZEB1,miR-34a,TWIST2,TWIST1,SNAI1,ZEB2,miR-200a,TGF-beta,GSC",P,10
71,"FOXC2,ZEB1,miR-34a,TWIST2,TWIST1,SNAI1,ZEB2,miR-200c,TGF-beta,GSC",P,10
72,"FOXC2,ZEB1,miR-34a,TWIST2,TWIST1,SNAI1,ZEB2,miR-200b,TGF-beta,GSC",P,10
73,"FOXC2,ZEB1,miR-34a,TWIST2,TWIST1,SNAI1,SNAI2,miR-200b,TGF-beta,GSC",P,10
74,"FOXC2,ZEB1,miR-34a,TWIST2,TWIST1,SNAI1,SNAI2,miR-200b,ZEB2,miR-200a,TGF-beta,GSC",P,12
75,"FOXC2,ZEB1,miR-34a,TWIST2,TWIST1,SNAI1,SNAI2,miR-200b,ZEB2,miR-200c,TGF-beta,GSC",P,12
76,"FOXC2,ZEB1,miR-34a,TWIST2,TWIST1,SNAI1,SNAI2,miR-101,ZEB2,miR-200a,TGF-beta,GSC",P,12
77,"FOXC2,ZEB1,miR-34a,TWIST2,TWIST1,SNAI1,SNAI2,miR-101,ZEB2,miR-200c,TGF-beta,GSC",P,12
78,"FOXC2,ZEB1,miR-34a,TWIST2,TWIST1,SNAI1,SNAI2,miR-101,ZEB2,miR-200b,TGF-beta,GSC",P,12
79,"FOXC2,ZEB1,miR-34a,TWIST2,TWIST1,SNAI1",P,6
80,"FOXC2,ZEB1,miR-34a,TWIST2,TWIST1",P,5
81,"FOXC2,ZEB1,miR-34a,TWIST2,SNAI2,miR-200b,TGF-beta,SNAI1,TWIST1",P,9
82,"FOXC2,ZEB1,miR-34a,TWIST2,SNAI2,miR-200b,TGF-beta,SNAI1",P,8
83,"FOXC2,ZEB1,miR-34a,TWIST2,SNAI2,miR-200b,TGF-beta,GSC",P,8
84,"FOXC2,ZEB1,miR-34a,TWIST2,SNAI2,miR-200b,TGF-beta,GSC,TWIST1,SNAI1",P,10
85,"FOXC2,ZEB1,miR-34a,TWIST2,SNAI2,miR-200b,TGF-beta,GSC,TWIST1",P,9
86,"FOXC2,ZEB1,miR-34a,TWIST2,SNAI2,miR-200b,TGF-beta,GSC,SNAI1,TWIST1",P,10
87,"FOXC2,ZEB1,miR-34a,TWIST2,SNAI2,miR-200b,TGF-beta,GSC,SNAI1",P,9
88,"FOXC2,ZEB1,miR-34a,TWIST2,SNAI2,miR-200b,ZEB2,miR-200a,TGF-beta,SNAI1,TWIST1",P,11
89,"FOXC2,ZEB1,miR-34a,TWIST2,SNAI2,miR-200b,ZEB2,miR-200a,TGF-beta,SNAI1",P,10
90,"FOXC2,ZEB1,miR-34a,TWIST2,SNAI2,miR-200b,ZEB2,miR-200a,TGF-beta,GSC",P,10
91,"FOXC2,ZEB1,miR-34a,TWIST2,SNAI2,miR-200b,ZEB2,miR-200a,TGF-beta,GSC,TWIST1,SNAI1",P,12
92,"FOXC2,ZEB1,miR-34a,TWIST2,SNAI2,miR-200b,ZEB2,miR-200a,TGF-beta,GSC,TWIST1",P,11
93,"FOXC2,ZEB1,miR-34a,TWIST2,SNAI2,miR-200b,ZEB2,miR-200a,TGF-beta,GSC,SNAI1,TWIST1",P,12
94,"FOXC2,ZEB1,miR-34a,TWIST2,SNAI2,miR-200b,ZEB2,miR-200a,TGF-beta,GSC,SNAI1",P,11
95,"FOXC2,ZEB1,miR-34a,TWIST2,SNAI2,miR-200b,ZEB2,miR-200c,TGF-beta,SNAI1,TWIST1",P,11
96,"FOXC2,ZEB1,miR-34a,TWIST2,SNAI2,miR-200b,ZEB2,miR-200c,TGF-beta,SNAI1",P,10
97,"FOXC2,ZEB1,miR-34a,TWIST2,SNAI2,miR-200b,ZEB2,miR-200c,TGF-beta,GSC",P,10
98,"FOXC2,ZEB1,miR-34a,TWIST2,SNAI2,miR-200b,ZEB2,miR-200c,TGF-beta,GSC,TWIST1,SNAI1",P,12
99,"FOXC2,ZEB1,miR-34a,TWIST2,SNAI2,miR-200b,ZEB2,miR-200c,TGF-beta,GSC,TWIST1",P,11
100,"FOXC2,ZEB1,miR-34a,TWIST2,SNAI2,miR-200b,ZEB2,miR-200c,TGF-beta,GSC,SNAI1,TWIST1",P,12
101,"FOXC2,ZEB1,miR-34a,TWIST2,SNAI2,miR-200b,ZEB2,miR-200c,TGF-beta,GSC,SNAI1",P,11
102,"FOXC2,ZEB1,miR-34a,TWIST2,SNAI2,miR-101,SNAI1,ZEB2,miR-200a,TGF-beta,GSC",P,11
103,"FOXC2,ZEB1,miR-34a,TWIST2,SNAI2,miR-101,SNAI1,ZEB2,miR-200a,TGF-beta,GSC,TWIST1",P,12
104,"FOXC2,ZEB1,miR-34a,TWIST2,SNAI2,miR-101,SNAI1,ZEB2,miR-200c,TGF-beta,GSC",P,11
105,"FOXC2,ZEB1,miR-34a,TWIST2,SNAI2,miR-101,SNAI1,ZEB2,miR-200c,TGF-beta,GSC,TWIST1",P,12
106,"FOXC2,ZEB1,miR-34a,TWIST2,SNAI2,miR-101,SNAI1,ZEB2,miR-200b,TGF-beta,GSC",P,11
107,"FOXC2,ZEB1,miR-34a,TWIST2,SNAI2,miR-101,SNAI1,ZEB2,miR-200b,TGF-beta,GSC,TWIST1",P,12
108,"FOXC2,ZEB1,miR-34a,TWIST2,SNAI2,miR-101,SNAI1,TWIST1,ZEB2,miR-200a,TGF-beta,GSC",P,12
109,"FOXC2,ZEB1,miR-34a,TWIST2,SNAI2,miR-101,SNAI1,TWIST1,ZEB2,miR-200c,TGF-beta,GSC",P,12
110,"FOXC2,ZEB1,miR-34a,TWIST2,SNAI2,miR-101,SNAI1,TWIST1,ZEB2,miR-200b,TGF-beta,GSC",P,12
111,"FOXC2,ZEB1,miR-34a,TWIST2,SNAI2,miR-101,SNAI1,TWIST1",P,8
112,"FOXC2,ZEB1,miR-34a,TWIST2,SNAI2,miR-101,SNAI1",P,7
113,"FOXC2,ZEB1,miR-34a,TWIST2,SNAI2,miR-101,ZEB2,miR-200a,TGF-beta,SNAI1,TWIST1",P,11
114,"FOXC2,ZEB1,miR-34a,TWIST2,SNAI2,miR-101,ZEB2,miR-200a,TGF-beta,SNAI1",P,10
115,"FOXC2,ZEB1,miR-34a,TWIST2,SNAI2,miR-101,ZEB2,miR-200a,TGF-beta,GSC",P,10
116,"FOXC2,ZEB1,miR-34a,TWIST2,SNAI2,miR-101,ZEB2,miR-200a,TGF-beta,GSC,TWIST1,SNAI1",P,12
117,"FOXC2,ZEB1,miR-34a,TWIST2,SNAI2,miR-101,ZEB2,miR-200a,TGF-beta,GSC,TWIST1",P,11
118,"FOXC2,ZEB1,miR-34a,TWIST2,SNAI2,miR-101,ZEB2,miR-200a,TGF-beta,GSC,SNAI1,TWIST1",P,12
119,"FOXC2,ZEB1,miR-34a,TWIST2,SNAI2,miR-101,ZEB2,miR-200a,TGF-beta,GSC,SNAI1",P,11
120,"FOXC2,ZEB1,miR-34a,TWIST2,SNAI2,miR-101,ZEB2,miR-200c,TGF-beta,SNAI1,TWIST1",P,11
121,"FOXC2,ZEB1,miR-34a,TWIST2,SNAI2,miR-101,ZEB2,miR-200c,TGF-beta,SNAI1",P,10
122,"FOXC2,ZEB1,miR-34a,TWIST2,SNAI2,miR-101,ZEB2,miR-200c,TGF-beta,GSC",P,10
123,"FOXC2,ZEB1,miR-34a,TWIST2,SNAI2,miR-101,ZEB2,miR-200c,TGF-beta,GSC,TWIST1,SNAI1",P,12
124,"FOXC2,ZEB1,miR-34a,TWIST2,SNAI2,miR-101,ZEB2,miR-200c,TGF-beta,GSC,TWIST1",P,11
125,"FOXC2,ZEB1,miR-34a,TWIST2,SNAI2,miR-101,ZEB2,miR-200c,TGF-beta,GSC,SNAI1,TWIST1",P,12
126,"FOXC2,ZEB1,miR-34a,TWIST2,SNAI2,miR-101,ZEB2,miR-200c,TGF-beta,GSC,SNAI1",P,11
127,"FOXC2,ZEB1,miR-34a,TWIST2,SNAI2,miR-101,ZEB2,miR-200b,TGF-beta,SNAI1,TWIST1",P,11
128,"FOXC2,ZEB1,miR-34a,TWIST2,SNAI2,miR-101,ZEB2,miR-200b,TGF-beta,SNAI1",P,10
129,"FOXC2,ZEB1,miR-34a,TWIST2,SNAI2,miR-101,ZEB2,miR-200b,TGF-beta,GSC",P,10
130,"FOXC2,ZEB1,miR-34a,TWIST2,SNAI2,miR-101,ZEB2,miR-200b,TGF-beta,GSC,TWIST1,SNAI1",P,12
131,"FOXC2,ZEB1,miR-34a,TWIST2,SNAI2,miR-101,ZEB2,miR-200b,TGF-beta,GSC,TWIST1",P,11
132,"FOXC2,ZEB1,miR-34a,TWIST2,SNAI2,miR-101,ZEB2,miR-200b,TGF-beta,GSC,SNAI1,TWIST1",P,12
133,"FOXC2,ZEB1,miR-34a,TWIST2,SNAI2,miR-101,ZEB2,miR-200b,TGF-beta,GSC,SNAI1",P,11
134,"FOXC2,ZEB1,miR-34a,TWIST2,SNAI1,miR-101,ZEB2,miR-200a,TGF-beta,GSC",P,10
135,"FOXC2,ZEB1,miR-34a,TWIST2,SNAI1,miR-101,ZEB2,miR-200a,TGF-beta,GSC,TWIST1",P,11
136,"FOXC2,ZEB1,miR-34a,TWIST2,SNAI1,miR-101,ZEB2,miR-200c,TGF-beta,GSC",P,10
137,"FOXC2,ZEB1,miR-34a,TWIST2,SNAI1,miR-101,ZEB2,miR-200c,TGF-beta,GSC,TWIST1",P,11
138,"FOXC2,ZEB1,miR-34a,TWIST2,SNAI1,miR-101,ZEB2,miR-200b,TGF-beta,GSC",P,10
139,"FOXC2,ZEB1,miR-34a,TWIST2,SNAI1,miR-101,ZEB2,miR-200b,TGF-beta,GSC,TWIST1",P,11
140,"FOXC2,ZEB1,miR-34a,TWIST2,SNAI1,ZEB2,miR-200a,TGF-beta,GSC",P,9
141,"FOXC2,ZEB1,miR-34a,TWIST2,SNAI1,ZEB2,miR-200a,TGF-beta,GSC,TWIST1",P,10
142,"FOXC2,ZEB1,miR-34a,TWIST2,SNAI1,ZEB2,miR-200c,TGF-beta,GSC",P,9
143,"FOXC2,ZEB1,miR-34a,TWIST2,SNAI1,ZEB2,miR-200c,TGF-beta,GSC,TWIST1",P,10
144,"FOXC2,ZEB1,miR-34a,TWIST2,SNAI1,ZEB2,miR-200b,TGF-beta,GSC",P,9
145,"FOXC2,ZEB1,miR-34a,TWIST2,SNAI1,ZEB2,miR-200b,TGF-beta,GSC,TWIST1",P,10
146,"FOXC2,ZEB1,miR-34a,TWIST2,SNAI1,TWIST1,ZEB2,miR-200a,TGF-beta,GSC",P,10
147,"FOXC2,ZEB1,miR-34a,TWIST2,SNAI1,TWIST1,ZEB2,miR-200c,TGF-beta,GSC",P,10
148,"FOXC2,ZEB1,miR-34a,TWIST2,SNAI1,TWIST1,ZEB2,miR-200b,TGF-beta,GSC",P,10
149,"FOXC2,ZEB1,miR-34a,TWIST2,SNAI1,TWIST1,SNAI2,miR-200b,TGF-beta,GSC",P,10
150,"FOXC2,ZEB1,miR-34a,TWIST2,SNAI1,TWIST1,SNAI2,miR-200b,ZEB2,miR-200a,TGF-beta,GSC",P,12
151,"FOXC2,ZEB1,miR-34a,TWIST2,SNAI1,TWIST1,SNAI2,miR-200b,ZEB2,miR-200c,TGF-beta,GSC",P,12
152,"FOXC2,ZEB1,miR-34a,TWIST2,SNAI1,TWIST1,SNAI2,miR-101,ZEB2,miR-200a,TGF-beta,GSC",P,12
153,"FOXC2,ZEB1,miR-34a,TWIST2,SNAI1,TWIST1,SNAI2,miR-101,ZEB2,miR-200c,TGF-beta,GSC",P,12
154,"FOXC2,ZEB1,miR-34a,TWIST2,SNAI1,TWIST1,SNAI2,miR-101,ZEB2,miR-200b,TGF-beta,GSC",P,12
155,"FOXC2,ZEB1,miR-34a,TWIST2,SNAI1,TWIST1",P,6
156,"FOXC2,ZEB1,miR-34a,TWIST2,SNAI1,SNAI2,miR-200b,TGF-beta,GSC",P,9
157,"FOXC2,ZEB1,miR-34a,TWIST2,SNAI1,SNAI2,miR-200b,TGF-beta,GSC,TWIST1",P,10
158,"FOXC2,ZEB1,miR-34a,TWIST2,SNAI1,SNAI2,miR-200b,ZEB2,miR-200a,TGF-beta,GSC",P,11
159,"FOXC2,ZEB1,miR-34a,TWIST2,SNAI1,SNAI2,miR-200b,ZEB2,miR-200a,TGF-beta,GSC,TWIST1",P,12
160,"FOXC2,ZEB1,miR-34a,TWIST2,SNAI1,SNAI2,miR-200b,ZEB2,miR-200c,TGF-beta,GSC",P,11
161,"FOXC2,ZEB1,miR-34a,TWIST2,SNAI1,SNAI2,miR-200b,ZEB2,miR-200c,TGF-beta,GSC,TWIST1",P,12
162,"FOXC2,ZEB1,miR-34a,TWIST2,SNAI1,SNAI2,miR-101,ZEB2,miR-200a,TGF-beta,GSC",P,11
163,"FOXC2,ZEB1,miR-34a,TWIST2,SNAI1,SNAI2,miR-101,ZEB2,miR-200a,TGF-beta,GSC,TWIST1",P,12
164,"FOXC2,ZEB1,miR-34a,TWIST2,SNAI1,SNAI2,miR-101,ZEB2,miR-200c,TGF-beta,GSC",P,11
165,"FOXC2,ZEB1,miR-34a,TWIST2,SNAI1,SNAI2,miR-101,ZEB2,miR-200c,TGF-beta,GSC,TWIST1",P,12
166,"FOXC2,ZEB1,miR-34a,TWIST2,SNAI1,SNAI2,miR-101,ZEB2,miR-200b,TGF-beta,GSC",P,11
167,"FOXC2,ZEB1,miR-34a,TWIST2,SNAI1,SNAI2,miR-101,ZEB2,miR-200b,TGF-beta,GSC,TWIST1",P,12
168,"FOXC2,ZEB1,miR-34a,TWIST2,SNAI1",P,5
169,"FOXC2,ZEB1,miR-34a,SNAI2,miR-200b,TGF-beta,SNAI1,TWIST1",P,8
170,"FOXC2,ZEB1,miR-34a,SNAI2,miR-200b,TGF-beta,SNAI1",P,7
171,"FOXC2,ZEB1,miR-34a,SNAI2,miR-200b,TGF-beta,GSC",P,7
172,"FOXC2,ZEB1,miR-34a,SNAI2,miR-200b,TGF-beta,GSC,TWIST1,SNAI1",P,9
173,"FOXC2,ZEB1,miR-34a,SNAI2,miR-200b,TGF-beta,GSC,TWIST1",P,8
174,"FOXC2,ZEB1,miR-34a,SNAI2,miR-200b,TGF-beta,GSC,SNAI1,TWIST1",P,9
175,"FOXC2,ZEB1,miR-34a,SNAI2,miR-200b,TGF-beta,GSC,SNAI1",P,8
176,"FOXC2,ZEB1,miR-34a,SNAI2,miR-200b,ZEB2,miR-200a,TGF-beta,SNAI1,TWIST1",P,10
177,"FOXC2,ZEB1,miR-34a,SNAI2,miR-200b,ZEB2,miR-200a,TGF-beta,SNAI1",P,9
178,"FOXC2,ZEB1,miR-34a,SNAI2,miR-200b,ZEB2,miR-200a,TGF-beta,GSC",P,9
179,"FOXC2,ZEB1,miR-34a,SNAI2,miR-200b,ZEB2,miR-200a,TGF-beta,GSC,TWIST1,SNAI1",P,11
180,"FOXC2,ZEB1,miR-34a,SNAI2,miR-200b,ZEB2,miR-200a,TGF-beta,GSC,TWIST1",P,10
181,"FOXC2,ZEB1,miR-34a,SNAI2,miR-200b,ZEB2,miR-200a,TGF-beta,GSC,SNAI1,TWIST1",P,11
182,"FOXC2,ZEB1,miR-34a,SNAI2,miR-200b,ZEB2,miR-200a,TGF-beta,GSC,SNAI1",P,10
183,"FOXC2,ZEB1,miR-34a,SNAI2,miR-200b,ZEB2,miR-200c,TGF-beta,SNAI1,TWIST1",P,10
184,"FOXC2,ZEB1,miR-34a,SNAI2,miR-200b,ZEB2,miR-200c,TGF-beta,SNAI1",P,9
185,"FOXC2,ZEB1,miR-34a,SNAI2,miR-200b,ZEB2,miR-200c,TGF-beta,GSC",P,9
186,"FOXC2,ZEB1,miR-34a,SNAI2,miR-200b,ZEB2,miR-200c,TGF-beta,GSC,TWIST1,SNAI1",P,11
187,"FOXC2,ZEB1,miR-34a,SNAI2,miR-200b,ZEB2,miR-200c,TGF-beta,GSC,TWIST1",P,10
188,"FOXC2,ZEB1,miR-34a,SNAI2,miR-200b,ZEB2,miR-200c,TGF-beta,GSC,SNAI1,TWIST1",P,11
189,"FOXC2,ZEB1,miR-34a,SNAI2,miR-200b,ZEB2,miR-200c,TGF-beta,GSC,SNAI1",P,10
190,"FOXC2,ZEB1,miR-34a,SNAI2,miR-101,SNAI1,ZEB2,miR-200a,TGF-beta,GSC",P,10
191,"FOXC2,ZEB1,miR-34a,SNAI2,miR-101,SNAI1,ZEB2,miR-200a,TGF-beta,GSC,TWIST1",P,11
192,"FOXC2,ZEB1,miR-34a,SNAI2,miR-101,SNAI1,ZEB2,miR-200c,TGF-beta,GSC",P,10
193,"FOXC2,ZEB1,miR-34a,SNAI2,miR-101,SNAI1,ZEB2,miR-200c,TGF-beta,GSC,TWIST1",P,11
194,"FOXC2,ZEB1,miR-34a,SNAI2,miR-101,SNAI1,ZEB2,miR-200b,TGF-beta,GSC",P,10
195,"FOXC2,ZEB1,miR-34a,SNAI2,miR-101,SNAI1,ZEB2,miR-200b,TGF-beta,GSC,TWIST1",P,11
196,"FOXC2,ZEB1,miR-34a,SNAI2,miR-101,SNAI1,TWIST1,ZEB2,miR-200a,TGF-beta,GSC",P,11
197,"FOXC2,ZEB1,miR-34a,SNAI2,miR-101,SNAI1,TWIST1,ZEB2,miR-200c,TGF-beta,GSC",P,11
198,"FOXC2,ZEB1,miR-34a,SNAI2,miR-101,SNAI1,TWIST1,ZEB2,miR-200b,TGF-beta,GSC",P,11
199,"FOXC2,ZEB1,miR-34a,SNAI2,miR-101,SNAI1,TWIST1",P,7
200,"FOXC2,ZEB1,miR-34a,SNAI2,miR-101,SNAI1",P,6
201,"FOXC2,ZEB1,miR-34a,SNAI2,miR-101,ZEB2,miR-200a,TGF-beta,SNAI1,TWIST1",P,10
202,"FOXC2,ZEB1,miR-34a,SNAI2,miR-101,ZEB2,miR-200a,TGF-beta,SNAI1",P,9
203,"FOXC2,ZEB1,miR-34a,SNAI2,miR-101,ZEB2,miR-200a,TGF-beta,GSC",P,9
204,"FOXC2,ZEB1,miR-34a,SNAI2,miR-101,ZEB2,miR-200a,TGF-beta,GSC,TWIST1,SNAI1",P,11
205,"FOXC2,ZEB1,miR-34a,SNAI2,miR-101,ZEB2,miR-200a,TGF-beta,GSC,TWIST1",P,10
206,"FOXC2,ZEB1,miR-34a,SNAI2,miR-101,ZEB2,miR-200a,TGF-beta,GSC,SNAI1,TWIST1",P,11
207,"FOXC2,ZEB1,miR-34a,SNAI2,miR-101,ZEB2,miR-200a,TGF-beta,GSC,SNAI1",P,10
208,"FOXC2,ZEB1,miR-34a,SNAI2,miR-101,ZEB2,miR-200c,TGF-beta,SNAI1,TWIST1",P,10
209,"FOXC2,ZEB1,miR-34a,SNAI2,miR-101,ZEB2,miR-200c,TGF-beta,SNAI1",P,9
210,"FOXC2,ZEB1,miR-34a,SNAI2,miR-101,ZEB2,miR-200c,TGF-beta,GSC",P,9
211,"FOXC2,ZEB1,miR-34a,SNAI2,miR-101,ZEB2,miR-200c,TGF-beta,GSC,TWIST1,SNAI1",P,11
212,"FOXC2,ZEB1,miR-34a,SNAI2,miR-101,ZEB2,miR-200c,TGF-beta,GSC,TWIST1",P,10
213,"FOXC2,ZEB1,miR-34a,SNAI2,miR-101,ZEB2,miR-200c,TGF-beta,GSC,SNAI1,TWIST1",P,11
214,"FOXC2,ZEB1,miR-34a,SNAI2,miR-101,ZEB2,miR-200c,TGF-beta,GSC,SNAI1",P,10
215,"FOXC2,ZEB1,miR-34a,SNAI2,miR-101,ZEB2,miR-200b,TGF-beta,SNAI1,TWIST1",P,10
216,"FOXC2,ZEB1,miR-34a,SNAI2,miR-101,ZEB2,miR-200b,TGF-beta,SNAI1",P,9
217,"FOXC2,ZEB1,miR-34a,SNAI2,miR-101,ZEB2,miR-200b,TGF-beta,GSC",P,9
218,"FOXC2,ZEB1,miR-34a,SNAI2,miR-101,ZEB2,miR-200b,TGF-beta,GSC,TWIST1,SNAI1",P,11
219,"FOXC2,ZEB1,miR-34a,SNAI2,miR-101,ZEB2,miR-200b,TGF-beta,GSC,TWIST1",P,10
220,"FOXC2,ZEB1,miR-34a,SNAI2,miR-101,ZEB2,miR-200b,TGF-beta,GSC,SNAI1,TWIST1",P,11
221,"FOXC2,ZEB1,miR-34a,SNAI2,miR-101,ZEB2,miR-200b,TGF-beta,GSC,SNAI1",P,10
222,"FOXC2,ZEB1,miR-34a,SNAI2,TWIST2,ZEB2,miR-200a,TGF-beta,SNAI1,TWIST1",P,10
223,"FOXC2,ZEB1,miR-34a,SNAI2,TWIST2,ZEB2,miR-200a,TGF-beta,SNAI1",P,9
224,"FOXC2,ZEB1,miR-34a,SNAI2,TWIST2,ZEB2,miR-200a,TGF-beta,GSC",P,9
225,"FOXC2,ZEB1,miR-34a,SNAI2,TWIST2,ZEB2,miR-200a,TGF-beta,GSC,TWIST1,SNAI1",P,11
226,"FOXC2,ZEB1,miR-34a,SNAI2,TWIST2,ZEB2,miR-200a,TGF-beta,GSC,TWIST1",P,10
227,"FOXC2,ZEB1,miR-34a,SNAI2,TWIST2,ZEB2,miR-200a,TGF-beta,GSC,SNAI1,TWIST1",P,11
228,"FOXC2,ZEB1,miR-34a,SNAI2,TWIST2,ZEB2,miR-200a,TGF-beta,GSC,SNAI1",P,10
229,"FOXC2,ZEB1,miR-34a,SNAI2,TWIST2,ZEB2,miR-200c,TGF-beta,SNAI1,TWIST1",P,10
230,"FOXC2,ZEB1,miR-34a,SNAI2,TWIST2,ZEB2,miR-200c,TGF-beta,SNAI1",P,9
231,"FOXC2,ZEB1,miR-34a,SNAI2,TWIST2,ZEB2,miR-200c,TGF-beta,GSC",P,9
232,"FOXC2,ZEB1,miR-34a,SNAI2,TWIST2,ZEB2,miR-200c,TGF-beta,GSC,TWIST1,SNAI1",P,11
233,"FOXC2,ZEB1,miR-34a,SNAI2,TWIST2,ZEB2,miR-200c,TGF-beta,GSC,TWIST1",P,10
234,"FOXC2,ZEB1,miR-34a,SNAI2,TWIST2,ZEB2,miR-200c,TGF-beta,GSC,SNAI1,TWIST1",P,11
235,"FOXC2,ZEB1,miR-34a,SNAI2,TWIST2,ZEB2,miR-200c,TGF-beta,GSC,SNAI1",P,10
236,"FOXC2,ZEB1,miR-34a,SNAI2,TWIST2,ZEB2,miR-200b,TGF-beta,SNAI1,TWIST1",P,10
237,"FOXC2,ZEB1,miR-34a,SNAI2,TWIST2,ZEB2,miR-200b,TGF-beta,SNAI1",P,9
238,"FOXC2,ZEB1,miR-34a,SNAI2,TWIST2,ZEB2,miR-200b,TGF-beta,GSC",P,9
239,"FOXC2,ZEB1,miR-34a,SNAI2,TWIST2,ZEB2,miR-200b,TGF-beta,GSC,TWIST1,SNAI1",P,11
240,"FOXC2,ZEB1,miR-34a,SNAI2,TWIST2,ZEB2,miR-200b,TGF-beta,GSC,TWIST1",P,10
241,"FOXC2,ZEB1,miR-34a,SNAI2,TWIST2,ZEB2,miR-200b,TGF-beta,GSC,SNAI1,TWIST1",P,11
242,"FOXC2,ZEB1,miR-34a,SNAI2,TWIST2,ZEB2,miR-200b,TGF-beta,GSC,SNAI1",P,10
243,"FOXC2,ZEB1,miR-34a,SNAI2,TWIST2,TWIST1,ZEB2,miR-200a,TGF-beta,SNAI1",P,10
244,"FOXC2,ZEB1,miR-34a,SNAI2,TWIST2,TWIST1,ZEB2,miR-200a,TGF-beta,GSC",P,10
245,"FOXC2,ZEB1,miR-34a,SNAI2,TWIST2,TWIST1,ZEB2,miR-200a,TGF-beta,GSC,SNAI1",P,11
246,"FOXC2,ZEB1,miR-34a,SNAI2,TWIST2,TWIST1,ZEB2,miR-200c,TGF-beta,SNAI1",P,10
247,"FOXC2,ZEB1,miR-34a,SNAI2,TWIST2,TWIST1,ZEB2,miR-200c,TGF-beta,GSC",P,10
248,"FOXC2,ZEB1,miR-34a,SNAI2,TWIST2,TWIST1,ZEB2,miR-200c,TGF-beta,GSC,SNAI1",P,11
249,"FOXC2,ZEB1,miR-34a,SNAI2,TWIST2,TWIST1,ZEB2,miR-200b,TGF-beta,SNAI1",P,10
250,"FOXC2,ZEB1,miR-34a,SNAI2,TWIST2,TWIST1,ZEB2,miR-200b,TGF-beta,GSC",P,10
251,"FOXC2,ZEB1,miR-34a,SNAI2,TWIST2,TWIST1,ZEB2,miR-200b,TGF-beta,GSC,SNAI1",P,11
252,"FOXC2,ZEB1,miR-34a,SNAI2,TWIST2,TWIST1,SNAI1,miR-101,ZEB2,miR-200a,TGF-beta,GSC",P,12
253,"FOXC2,ZEB1,miR-34a,SNAI2,TWIST2,TWIST1,SNAI1,miR-101,ZEB2,miR-200c,TGF-beta,GSC",P,12
254,"FOXC2,ZEB1,miR-34a,SNAI2,TWIST2,TWIST1,SNAI1,miR-101,ZEB2,miR-200b,TGF-beta,GSC",P,12
255,"FOXC2,ZEB1,miR-34a,SNAI2,TWIST2,TWIST1,SNAI1,ZEB2,miR-200a,TGF-beta,GSC",P,11
256,"FOXC2,ZEB1,miR-34a,SNAI2,TWIST2,TWIST1,SNAI1,ZEB2,miR-200c,TGF-beta,GSC",P,11
257,"FOXC2,ZEB1,miR-34a,SNAI2,TWIST2,TWIST1,SNAI1,ZEB2,miR-200b,TGF-beta,GSC",P,11
258,"FOXC2,ZEB1,miR-34a,SNAI2,TWIST2,TWIST1,SNAI1",P,7
259,"FOXC2,ZEB1,miR-34a,SNAI2,TWIST2,TWIST1",P,6
260,"FOXC2,ZEB1,miR-34a,SNAI2,TWIST2,SNAI1,miR-101,ZEB2,miR-200a,TGF-beta,GSC",P,11
261,"FOXC2,ZEB1,miR-34a,SNAI2,TWIST2,SNAI1,miR-101,ZEB2,miR-200a,TGF-beta,GSC,TWIST1",P,12
262,"FOXC2,ZEB1,miR-34a,SNAI2,TWIST2,SNAI1,miR-101,ZEB2,miR-200c,TGF-beta,GSC",P,11
263,"FOXC2,ZEB1,miR-34a,SNAI2,TWIST2,SNAI1,miR-101,ZEB2,miR-200c,TGF-beta,GSC,TWIST1",P,12
264,"FOXC2,ZEB1,miR-34a,SNAI2,TWIST2,SNAI1,miR-101,ZEB2,miR-200b,TGF-beta,GSC",P,11
265,"FOXC2,ZEB1,miR-34a,SNAI2,TWIST2,SNAI1,miR-101,ZEB2,miR-200b,TGF-beta,GSC,TWIST1",P,12
266,"FOXC2,ZEB1,miR-34a,SNAI2,TWIST2,SNAI1,ZEB2,miR-200a,TGF-beta,GSC",P,10
267,"FOXC2,ZEB1,miR-34a,SNAI2,TWIST2,SNAI1,ZEB2,miR-200a,TGF-beta,GSC,TWIST1",P,11
268,"FOXC2,ZEB1,miR-34a,SNAI2,TWIST2,SNAI1,ZEB2,miR-200c,TGF-beta,GSC",P,10
269,"FOXC2,ZEB1,miR-34a,SNAI2,TWIST2,SNAI1,ZEB2,miR-200c,TGF-beta,GSC,TWIST1",P,11
270,"FOXC2,ZEB1,miR-34a,SNAI2,TWIST2,SNAI1,ZEB2,miR-200b,TGF-beta,GSC",P,10
271,"FOXC2,ZEB1,miR-34a,SNAI2,TWIST2,SNAI1,ZEB2,miR-200b,TGF-beta,GSC,TWIST1",P,11
272,"FOXC2,ZEB1,miR-34a,SNAI2,TWIST2,SNAI1,TWIST1,ZEB2,miR-200a,TGF-beta,GSC",P,11
273,"FOXC2,ZEB1,miR-34a,SNAI2,TWIST2,SNAI1,TWIST1,ZEB2,miR-200c,TGF-beta,GSC",P,11
274,"FOXC2,ZEB1,miR-34a,SNAI2,TWIST2,SNAI1,TWIST1,ZEB2,miR-200b,TGF-beta,GSC",P,11
275,"FOXC2,ZEB1,miR-34a,SNAI2,TWIST2,SNAI1,TWIST1",P,7
276,"FOXC2,ZEB1,miR-34a,SNAI2,TWIST2,SNAI1",P,6
277,"FOXC2,ZEB1,miR-34a,SNAI1,miR-101,ZEB2,miR-200a,TGF-beta,SNAI2,TWIST2,TWIST1",P,11
278,"FOXC2,ZEB1,miR-34a,SNAI1,miR-101,ZEB2,miR-200a,TGF-beta,GSC",P,9
279,"FOXC2,ZEB1,miR-34a,SNAI1,miR-101,ZEB2,miR-200a,TGF-beta,GSC,TWIST1",P,10
280,"FOXC2,ZEB1,miR-34a,SNAI1,miR-101,ZEB2,miR-200c,TGF-beta,SNAI2,TWIST2,TWIST1",P,11
281,"FOXC2,ZEB1,miR-34a,SNAI1,miR-101,ZEB2,miR-200c,TGF-beta,GSC",P,9
282,"FOXC2,ZEB1,miR-34a,SNAI1,miR-101,ZEB2,miR-200c,TGF-beta,GSC,TWIST1",P,10
283,"FOXC2,ZEB1,miR-34a,SNAI1,miR-101,ZEB2,miR-200b,TGF-beta,SNAI2,TWIST2,TWIST1",P,11
284,"FOXC2,ZEB1,miR-34a,SNAI1,miR-101,ZEB2,miR-200b,TGF-beta,GSC",P,9
285,"FOXC2,ZEB1,miR-34a,SNAI1,miR-101,ZEB2,miR-200b,TGF-beta,GSC,TWIST1",P,10
286,"FOXC2,ZEB1,miR-34a,SNAI1,ZEB2,miR-200a,TGF-beta,SNAI2,TWIST2,TWIST1",P,10
287,"FOXC2,ZEB1,miR-34a,SNAI1,ZEB2,miR-200a,TGF-beta,GSC",P,8
288,"FOXC2,ZEB1,miR-34a,SNAI1,ZEB2,miR-200a,TGF-beta,GSC,TWIST1",P,9
289,"FOXC2,ZEB1,miR-34a,SNAI1,ZEB2,miR-200c,TGF-beta,SNAI2,TWIST2,TWIST1",P,10
290,"FOXC2,ZEB1,miR-34a,SNAI1,ZEB2,miR-200c,TGF-beta,GSC",P,8
291,"FOXC2,ZEB1,miR-34a,SNAI1,ZEB2,miR-200c,TGF-beta,GSC,TWIST1",P,9
292,"FOXC2,ZEB1,miR-34a,SNAI1,ZEB2,miR-200b,TGF-beta,SNAI2,TWIST2,TWIST1",P,10
293,"FOXC2,ZEB1,miR-34a,SNAI1,ZEB2,miR-200b,TGF-beta,GSC",P,8
294,"FOXC2,ZEB1,miR-34a,SNAI1,ZEB2,miR-200b,TGF-beta,GSC,TWIST1",P,9
295,"FOXC2,ZEB1,miR-34a,SNAI1,TWIST1,ZEB2,miR-200a,TGF-beta,GSC",P,9
296,"FOXC2,ZEB1,miR-34a,SNAI1,TWIST1,ZEB2,miR-200c,TGF-beta,GSC",P,9
297,"FOXC2,ZEB1,miR-34a,SNAI1,TWIST1,ZEB2,miR-200b,TGF-beta,GSC",P,9
298,"FOXC2,ZEB1,miR-34a,SNAI1,TWIST1,SNAI2,miR-200b,TGF-beta,GSC",P,9
299,"FOXC2,ZEB1,miR-34a,SNAI1,TWIST1,SNAI2,miR-200b,ZEB2,miR-200a,TGF-beta,GSC",P,11
300,"FOXC2,ZEB1,miR-34a,SNAI1,TWIST1,SNAI2,miR-200b,ZEB2,miR-200c,TGF-beta,GSC",P,11
301,"FOXC2,ZEB1,miR-34a,SNAI1,TWIST1,SNAI2,miR-101,ZEB2,miR-200a,TGF-beta,GSC",P,11
302,"FOXC2,ZEB1,miR-34a,SNAI1,TWIST1,SNAI2,miR-101,ZEB2,miR-200c,TGF-beta,GSC",P,11
303,"FOXC2,ZEB1,miR-34a,SNAI1,TWIST1,SNAI2,miR-101,ZEB2,miR-200b,TGF-beta,GSC",P,11
304,"FOXC2,ZEB1,miR-34a,SNAI1,TWIST1,SNAI2,TWIST2,ZEB2,miR-200a,TGF-beta,GSC",P,11
305,"FOXC2,ZEB1,miR-34a,SNAI1,TWIST1,SNAI2,TWIST2,ZEB2,miR-200c,TGF-beta,GSC",P,11
306,"FOXC2,ZEB1,miR-34a,SNAI1,TWIST1,SNAI2,TWIST2,ZEB2,miR-200b,TGF-beta,GSC",P,11
307,"FOXC2,ZEB1,miR-34a,SNAI1,TWIST1",P,5
308,"FOXC2,ZEB1,miR-34a,SNAI1,SNAI2,miR-200b,TGF-beta,GSC",P,8
309,"FOXC2,ZEB1,miR-34a,SNAI1,SNAI2,miR-200b,TGF-beta,GSC,TWIST1",P,9
310,"FOXC2,ZEB1,miR-34a,SNAI1,SNAI2,miR-200b,ZEB2,miR-200a,TGF-beta,GSC",P,10
311,"FOXC2,ZEB1,miR-34a,SNAI1,SNAI2,miR-200b,ZEB2,miR-200a,TGF-beta,GSC,TWIST1",P,11
312,"FOXC2,ZEB1,miR-34a,SNAI1,SNAI2,miR-200b,ZEB2,miR-200c,TGF-beta,GSC",P,10
313,"FOXC2,ZEB1,miR-34a,SNAI1,SNAI2,miR-200b,ZEB2,miR-200c,TGF-beta,GSC,TWIST1",P,11
314,"FOXC2,ZEB1,miR-34a,SNAI1,SNAI2,miR-101,ZEB2,miR-200a,TGF-beta,GSC",P,10
315,"FOXC2,ZEB1,miR-34a,SNAI1,SNAI2,miR-101,ZEB2,miR-200a,TGF-beta,GSC,TWIST1",P,11
316,"FOXC2,ZEB1,miR-34a,SNAI1,SNAI2,miR-101,ZEB2,miR-200c,TGF-beta,GSC",P,10
317,"FOXC2,ZEB1,miR-34a,SNAI1,SNAI2,miR-101,ZEB2,miR-200c,TGF-beta,GSC,TWIST1",P,11
318,"FOXC2,ZEB1,miR-34a,SNAI1,SNAI2,miR-101,ZEB2,miR-200b,TGF-beta,GSC",P,10
319,"FOXC2,ZEB1,miR-34a,SNAI1,SNAI2,miR-101,ZEB2,miR-200b,TGF-beta,GSC,TWIST1",P,11
320,"FOXC2,ZEB1,miR-34a,SNAI1,SNAI2,TWIST2,ZEB2,miR-200a,TGF-beta,GSC",P,10
321,"FOXC2,ZEB1,miR-34a,SNAI1,SNAI2,TWIST2,ZEB2,miR-200a,TGF-beta,GSC,TWIST1",P,11
322,"FOXC2,ZEB1,miR-34a,SNAI1,SNAI2,TWIST2,ZEB2,miR-200c,TGF-beta,GSC",P,10
323,"FOXC2,ZEB1,miR-34a,SNAI1,SNAI2,TWIST2,ZEB2,miR-200c,TGF-beta,GSC,TWIST1",P,11
324,"FOXC2,ZEB1,miR-34a,SNAI1,SNAI2,TWIST2,ZEB2,miR-200b,TGF-beta,GSC",P,10
325,"FOXC2,ZEB1,miR-34a,SNAI1,SNAI2,TWIST2,ZEB2,miR-200b,TGF-beta,GSC,TWIST1",P,11
326,"FOXC2,ZEB1,miR-34a,SNAI1,SNAI2,TWIST2,TWIST1,ZEB2,miR-200a,TGF-beta,GSC",P,11
327,"FOXC2,ZEB1,miR-34a,SNAI1,SNAI2,TWIST2,TWIST1,ZEB2,miR-200c,TGF-beta,GSC",P,11
328,"FOXC2,ZEB1,miR-34a,SNAI1,SNAI2,TWIST2,TWIST1,ZEB2,miR-200b,TGF-beta,GSC",P,11
329,"FOXC2,ZEB1,miR-34a,SNAI1,SNAI2,TWIST2,TWIST1",P,7
330,"FOXC2,ZEB1,miR-34a,SNAI1",P,4
331,"FOXC2,ZEB1,miR-200a,TGF-beta,SNAI2,miR-101,SNAI1,miR-34a,TWIST2,TWIST1",P,10
332,"FOXC2,ZEB1,miR-200a,TGF-beta,SNAI2,miR-101,SNAI1,TWIST1",P,8
333,"FOXC2,ZEB1,miR-200a,TGF-beta,SNAI2,miR-101,SNAI1",P,7
334,"FOXC2,ZEB1,miR-200a,TGF-beta,SNAI2,TWIST2,TWIST1,SNAI1",P,8
335,"FOXC2,ZEB1,miR-200a,TGF-beta,SNAI2,TWIST2,TWIST1",P,7
336,"FOXC2,ZEB1,miR-200a,TGF-beta,SNAI2,TWIST2,SNAI1,TWIST1",P,8
337,"FOXC2,ZEB1,miR-200a,TGF-beta,SNAI2,TWIST2,SNAI1",P,7
338,"FOXC2,ZEB1,miR-200a,TGF-beta,SNAI1,miR-34a,TWIST2,TWIST1",P,8
339,"FOXC2,ZEB1,miR-200a,TGF-beta,SNAI1,miR-34a,SNAI2,TWIST2,TWIST1",P,9
340,"FOXC2,ZEB1,miR-200a,TGF-beta,SNAI1,TWIST1",P,6
341,"FOXC2,ZEB1,miR-200a,TGF-beta,SNAI1,SNAI2,TWIST2,TWIST1",P,8
342,"FOXC2,ZEB1,miR-200a,TGF-beta,SNAI1",P,5
343,"FOXC2,ZEB1,miR-200a,TGF-beta,GSC",P,5
344,"FOXC2,ZEB1,miR-200a,TGF-beta,GSC,TWIST1,SNAI2,miR-101,SNAI1",P,9
345,"FOXC2,ZEB1,miR-200a,TGF-beta,GSC,TWIST1,SNAI2,TWIST2,SNAI1",P,9
346,"FOXC2,ZEB1,miR-200a,TGF-beta,GSC,TWIST1,SNAI1",P,7
347,"FOXC2,ZEB1,miR-200a,TGF-beta,GSC,TWIST1",P,6
348,"FOXC2,ZEB1,miR-200a,TGF-beta,GSC,SNAI1,miR-34a,TWIST2,TWIST1",P,9
349,"FOXC2,ZEB1,miR-200a,TGF-beta,GSC,SNAI1,miR-34a,SNAI2,TWIST2,TWIST1",P,10
350,"FOXC2,ZEB1,miR-200a,TGF-beta,GSC,SNAI1,TWIST1",P,7
351,"FOXC2,ZEB1,miR-200a,TGF-beta,GSC,SNAI1,SNAI2,TWIST2,TWIST1",P,9
352,"FOXC2,ZEB1,miR-200a,TGF-beta,GSC,SNAI1",P,6
353,"FOXC2,ZEB1,miR-200a,ZEB2,miR-200c,TGF-beta,SNAI2,miR-101,SNAI1,miR-34a,TWIST2,TWIST1",P,12
354,"FOXC2,ZEB1,miR-200a,ZEB2,miR-200c,TGF-beta,SNAI2,miR-101,SNAI1,TWIST1",P,10
355,"FOXC2,ZEB1,miR-200a,ZEB2,miR-200c,TGF-beta,SNAI2,miR-101,SNAI1",P,9
356,"FOXC2,ZEB1,miR-200a,ZEB2,miR-200c,TGF-beta,SNAI2,TWIST2,TWIST1,SNAI1",P,10
357,"FOXC2,ZEB1,miR-200a,ZEB2,miR-200c,TGF-beta,SNAI2,TWIST2,TWIST1",P,9
358,"FOXC2,ZEB1,miR-200a,ZEB2,miR-200c,TGF-beta,SNAI2,TWIST2,SNAI1,TWIST1",P,10
359,"FOXC2,ZEB1,miR-200a,ZEB2,miR-200c,TGF-beta,SNAI2,TWIST2,SNAI1",P,9
360,"FOXC2,ZEB1,miR-200a,ZEB2,miR-200c,TGF-beta,SNAI1,miR-34a,TWIST2,TWIST1",P,10
361,"FOXC2,ZEB1,miR-200a,ZEB2,miR-200c,TGF-beta,SNAI1,miR-34a,SNAI2,TWIST2,TWIST1",P,11
362,"FOXC2,ZEB1,miR-200a,ZEB2,miR-200c,TGF-beta,SNAI1,TWIST1",P,8
363,"FOXC2,ZEB1,miR-200a,ZEB2,miR-200c,TGF-beta,SNAI1,SNAI2,TWIST2,TWIST1",P,10
364,"FOXC2,ZEB1,miR-200a,ZEB2,miR-200c,TGF-beta,SNAI1",P,7
365,"FOXC2,ZEB1,miR-200a,ZEB2,miR-200c,TGF-beta,GSC",P,7
366,"FOXC2,ZEB1,miR-200a,ZEB2,miR-200c,TGF-beta,GSC,TWIST1,SNAI2,miR-101,SNAI1",P,11
367,"FOXC2,ZEB1,miR-200a,ZEB2,miR-200c,TGF-beta,GSC,TWIST1,SNAI2,TWIST2,SNAI1",P,11
368,"FOXC2,ZEB1,miR-200a,ZEB2,miR-200c,TGF-beta,GSC,TWIST1,SNAI1",P,9
369,"FOXC2,ZEB1,miR-200a,ZEB2,miR-200c,TGF-beta,GSC,TWIST1",P,8
370,"FOXC2,ZEB1,miR-200a,ZEB2,miR-200c,TGF-beta,GSC,SNAI1,miR-34a,TWIST2,TWIST1",P,11
371,"FOXC2,ZEB1,miR-200a,ZEB2,miR-200c,TGF-beta,GSC,SNAI1,miR-34a,SNAI2,TWIST2,TWIST1",P,12
372,"FOXC2,ZEB1,miR-200a,ZEB2,miR-200c,TGF-beta,GSC,SNAI1,TWIST1",P,9
373,"FOXC2,ZEB1,miR-200a,ZEB2,miR-200c,TGF-beta,GSC,SNAI1,SNAI2,TWIST2,TWIST1",P,11
374,"FOXC2,ZEB1,miR-200a,ZEB2,miR-200c,TGF-beta,GSC,SNAI1",P,8
375,"FOXC2,ZEB1,miR-200a,ZEB2,miR-200b,TGF-beta,SNAI2,miR-101,SNAI1,miR-34a,TWIST2,TWIST1",P,12
376,"FOXC2,ZEB1,miR-200a,ZEB2,miR-200b,TGF-beta,SNAI2,miR-101,SNAI1,TWIST1",P,10
377,"FOXC2,ZEB1,miR-200a,ZEB2,miR-200b,TGF-beta,SNAI2,miR-101,SNAI1",P,9
378,"FOXC2,ZEB1,miR-200a,ZEB2,miR-200b,TGF-beta,SNAI2,TWIST2,TWIST1,SNAI1",P,10
379,"FOXC2,ZEB1,miR-200a,ZEB2,miR-200b,TGF-beta,SNAI2,TWIST2,TWIST1",P,9
380,"FOXC2,ZEB1,miR-200a,ZEB2,miR-200b,TGF-beta,SNAI2,TWIST2,SNAI1,TWIST1",P,10
381,"FOXC2,ZEB1,miR-200a,ZEB2,miR-200b,TGF-beta,SNAI2,TWIST2,SNAI1",P,9
382,"FOXC2,ZEB1,miR-200a,ZEB2,miR-200b,TGF-beta,SNAI1,miR-34a,TWIST2,TWIST1",P,10
383,"FOXC2,ZEB1,miR-200a,ZEB2,miR-200b,TGF-beta,SNAI1,miR-34a,SNAI2,TWIST2,TWIST1",P,11
384,"FOXC2,ZEB1,miR-200a,ZEB2,miR-200b,TGF-beta,SNAI1,TWIST1",P,8
385,"FOXC2,ZEB1,miR-200a,ZEB2,miR-200b,TGF-beta,SNAI1,SNAI2,TWIST2,TWIST1",P,10
386,"FOXC2,ZEB1,miR-200a,ZEB2,miR-200b,TGF-beta,SNAI1",P,7
387,"FOXC2,ZEB1,miR-200a,ZEB2,miR-200b,TGF-beta,GSC",P,7
388,"FOXC2,ZEB1,miR-200a,ZEB2,miR-200b,TGF-beta,GSC,TWIST1,SNAI2,miR-101,SNAI1",P,11
389,"FOXC2,ZEB1,miR-200a,ZEB2,miR-200b,TGF-beta,GSC,TWIST1,SNAI2,TWIST2,SNAI1",P,11
390,"FOXC2,ZEB1,miR-200a,ZEB2,miR-200b,TGF-beta,GSC,TWIST1,SNAI1",P,9
391,"FOXC2,ZEB1,miR-200a,ZEB2,miR-200b,TGF-beta,GSC,TWIST1",P,8
392,"FOXC2,ZEB1,miR-200a,ZEB2,miR-200b,TGF-beta,GSC,SNAI1,miR-34a,TWIST2,TWIST1",P,11
393,"FOXC2,ZEB1,miR-200a,ZEB2,miR-200b,TGF-beta,GSC,SNAI1,miR-34a,SNAI2,TWIST2,TWIST1",P,12
394,"FOXC2,ZEB1,miR-200a,ZEB2,miR-200b,TGF-beta,GSC,SNAI1,TWIST1",P,9
395,"FOXC2,ZEB1,miR-200a,ZEB2,miR-200b,TGF-beta,GSC,SNAI1,SNAI2,TWIST2,TWIST1",P,11
396,"FOXC2,ZEB1,miR-200a,ZEB2,miR-200b,TGF-beta,GSC,SNAI1",P,8
397,"FOXC2,ZEB1,miR-200c,TGF-beta,SNAI2,miR-101,SNAI1,miR-34a,TWIST2,TWIST1",P,10
398,"FOXC2,ZEB1,miR-200c,TGF-beta,SNAI2,miR-101,SNAI1,TWIST1",P,8
399,"FOXC2,ZEB1,miR-200c,TGF-beta,SNAI2,miR-101,SNAI1",P,7
400,"FOXC2,ZEB1,miR-200c,TGF-beta,SNAI2,TWIST2,TWIST1,SNAI1",P,8
401,"FOXC2,ZEB1,miR-200c,TGF-beta,SNAI2,TWIST2,TWIST1",P,7
402,"FOXC2,ZEB1,miR-200c,TGF-beta,SNAI2,TWIST2,SNAI1,TWIST1",P,8
403,"FOXC2,ZEB1,miR-200c,TGF-beta,SNAI2,TWIST2,SNAI1",P,7
404,"FOXC2,ZEB1,miR-200c,TGF-beta,SNAI1,miR-34a,TWIST2,TWIST1",P,8
405,"FOXC2,ZEB1,miR-200c,TGF-beta,SNAI1,miR-34a,SNAI2,TWIST2,TWIST1",P,9
406,"FOXC2,ZEB1,miR-200c,TGF-beta,SNAI1,TWIST1",P,6
407,"FOXC2,ZEB1,miR-200c,TGF-beta,SNAI1,SNAI2,TWIST2,TWIST1",P,8
408,"FOXC2,ZEB1,miR-200c,TGF-beta,SNAI1",P,5
409,"FOXC2,ZEB1,miR-200c,TGF-beta,GSC",P,5
410,"FOXC2,ZEB1,miR-200c,TGF-beta,GSC,TWIST1,SNAI2,miR-101,SNAI1",P,9
411,"FOXC2,ZEB1,miR-200c,TGF-beta,GSC,TWIST1,SNAI2,TWIST2,SNAI1",P,9
412,"FOXC2,ZEB1,miR-200c,TGF-beta,GSC,TWIST1,SNAI1",P,7
413,"FOXC2,ZEB1,miR-200c,TGF-beta,GSC,TWIST1",P,6
414,"FOXC2,ZEB1,miR-200c,TGF-beta,GSC,SNAI1,miR-34a,TWIST2,TWIST1",P,9
415,"FOXC2,ZEB1,miR-200c,TGF-beta,GSC,SNAI1,miR-34a,SNAI2,TWIST2,TWIST1",P,10
416,"FOXC2,ZEB1,miR-200c,TGF-beta,GSC,SNAI1,TWIST1",P,7
417,"FOXC2,ZEB1,miR-200c,TGF-beta,GSC,SNAI1,SNAI2,TWIST2,TWIST1",P,9
418,"FOXC2,ZEB1,miR-200c,TGF-beta,GSC,SNAI1",P,6
419,"FOXC2,ZEB1,miR-200c,ZEB2,miR-200a,TGF-beta,SNAI2,miR-101,SNAI1,miR-34a,TWIST2,TWIST1",P,12
420,"FOXC2,ZEB1,miR-200c,ZEB2,miR-200a,TGF-beta,SNAI2,miR-101,SNAI1,TWIST1",P,10
421,"FOXC2,ZEB1,miR-200c,ZEB2,miR-200a,TGF-beta,SNAI2,miR-101,SNAI1",P,9
422,"FOXC2,ZEB1,miR-200c,ZEB2,miR-200a,TGF-beta,SNAI2,TWIST2,TWIST1,SNAI1",P,10
423,"FOXC2,ZEB1,miR-200c,ZEB2,miR-200a,TGF-beta,SNAI2,TWIST2,TWIST1",P,9
424,"FOXC2,ZEB1,miR-200c,ZEB2,miR-200a,TGF-beta,SNAI2,TWIST2,SNAI1,TWIST1",P,10
425,"FOXC2,ZEB1,miR-200c,ZEB2,miR-200a,TGF-beta,SNAI2,TWIST2,SNAI1",P,9
426,"FOXC2,ZEB1,miR-200c,ZEB2,miR-200a,TGF-beta,SNAI1,miR-34a,TWIST2,TWIST1",P,10
427,"FOXC2,ZEB1,miR-200c,ZEB2,miR-200a,TGF-beta,SNAI1,miR-34a,SNAI2,TWIST2,TWIST1",P,11
428,"FOXC2,ZEB1,miR-200c,ZEB2,miR-200a,TGF-beta,SNAI1,TWIST1",P,8
429,"FOXC2,ZEB1,miR-200c,ZEB2,miR-200a,TGF-beta,SNAI1,SNAI2,TWIST2,TWIST1",P,10
430,"FOXC2,ZEB1,miR-200c,ZEB2,miR-200a,TGF-beta,SNAI1",P,7
431,"FOXC2,ZEB1,miR-200c,ZEB2,miR-200a,TGF-beta,GSC",P,7
432,"FOXC2,ZEB1,miR-200c,ZEB2,miR-200a,TGF-beta,GSC,TWIST1,SNAI2,miR-101,SNAI1",P,11
433,"FOXC2,ZEB1,miR-200c,ZEB2,miR-200a,TGF-beta,GSC,TWIST1,SNAI2,TWIST2,SNAI1",P,11
434,"FOXC2,ZEB1,miR-200c,ZEB2,miR-200a,TGF-beta,GSC,TWIST1,SNAI1",P,9
435,"FOXC2,ZEB1,miR-200c,ZEB2,miR-200a,TGF-beta,GSC,TWIST1",P,8
436,"FOXC2,ZEB1,miR-200c,ZEB2,miR-200a,TGF-beta,GSC,SNAI1,miR-34a,TWIST2,TWIST1",P,11
437,"FOXC2,ZEB1,miR-200c,ZEB2,miR-200a,TGF-beta,GSC,SNAI1,miR-34a,SNAI2,TWIST2,TWIST1",P,12
438,"FOXC2,ZEB1,miR-200c,ZEB2,miR-200a,TGF-beta,GSC,SNAI1,TWIST1",P,9
439,"FOXC2,ZEB1,miR-200c,ZEB2,miR-200a,TGF-beta,GSC,SNAI1,SNAI2,TWIST2,TWIST1",P,11
440,"FOXC2,ZEB1,miR-200c,ZEB2,miR-200a,TGF-beta,GSC,SNAI1",P,8
441,"FOXC2,ZEB1,miR-200c,ZEB2,miR-200b,TGF-beta,SNAI2,miR-101,SNAI1,miR-34a,TWIST2,TWIST1",P,12
442,"FOXC2,ZEB1,miR-200c,ZEB2,miR-200b,TGF-beta,SNAI2,miR-101,SNAI1,TWIST1",P,10
443,"FOXC2,ZEB1,miR-200c,ZEB2,miR-200b,TGF-beta,SNAI2,miR-101,SNAI1",P,9
444,"FOXC2,ZEB1,miR-200c,ZEB2,miR-200b,TGF-beta,SNAI2,TWIST2,TWIST1,SNAI1",P,10
445,"FOXC2,ZEB1,miR-200c,ZEB2,miR-200b,TGF-beta,SNAI2,TWIST2,TWIST1",P,9
446,"FOXC2,ZEB1,miR-200c,ZEB2,miR-200b,TGF-beta,SNAI2,TWIST2,SNAI1,TWIST1",P,10
447,"FOXC2,ZEB1,miR-200c,ZEB2,miR-200b,TGF-beta,SNAI2,TWIST2,SNAI1",P,9
448,"FOXC2,ZEB1,miR-200c,ZEB2,miR-200b,TGF-beta,SNAI1,miR-34a,TWIST2,TWIST1",P,10
449,"FOXC2,ZEB1,miR-200c,ZEB2,miR-200b,TGF-beta,SNAI1,miR-34a,SNAI2,TWIST2,TWIST1",P,11
450,"FOXC2,ZEB1,miR-200c,ZEB2,miR-200b,TGF-beta,SNAI1,TWIST1",P,8
451,"FOXC2,ZEB1,miR-200c,ZEB2,miR-200b,TGF-beta,SNAI1,SNAI2,TWIST2,TWIST1",P,10
452,"FOXC2,ZEB1,miR-200c,ZEB2,miR-200b,TGF-beta,SNAI1",P,7
453,"FOXC2,ZEB1,miR-200c,ZEB2,miR-200b,TGF-beta,GSC",P,7
454,"FOXC2,ZEB1,miR-200c,ZEB2,miR-200b,TGF-beta,GSC,TWIST1,SNAI2,miR-101,SNAI1",P,11
455,"FOXC2,ZEB1,miR-200c,ZEB2,miR-200b,TGF-beta,GSC,TWIST1,SNAI2,TWIST2,SNAI1",P,11
456,"FOXC2,ZEB1,miR-200c,ZEB2,miR-200b,TGF-beta,GSC,TWIST1,SNAI1",P,9
457,"FOXC2,ZEB1,miR-200c,ZEB2,miR-200b,TGF-beta,GSC,TWIST1",P,8
458,"FOXC2,ZEB1,miR-200c,ZEB2,miR-200b,TGF-beta,GSC,SNAI1,miR-34a,TWIST2,TWIST1",P,11
459,"FOXC2,ZEB1,miR-200c,ZEB2,miR-200b,TGF-beta,GSC,SNAI1,miR-34a,SNAI2,TWIST2,TWIST1",P,12
460,"FOXC2,ZEB1,miR-200c,ZEB2,miR-200b,TGF-beta,GSC,SNAI1,TWIST1",P,9
461,"FOXC2,ZEB1,miR-200c,ZEB2,miR-200b,TGF-beta,GSC,SNAI1,SNAI2,TWIST2,TWIST1",P,11
462,"FOXC2,ZEB1,miR-200c,ZEB2,miR-200b,TGF-beta,GSC,SNAI1",P,8
463,"FOXC2,ZEB1,miR-200b,TGF-beta,SNAI2,miR-101,SNAI1,miR-34a,TWIST2,TWIST1",P,10
464,"FOXC2,ZEB1,miR-200b,TGF-beta,SNAI2,miR-101,SNAI1,TWIST1",P,8
465,"FOXC2,ZEB1,miR-200b,TGF-beta,SNAI2,miR-101,SNAI1",P,7
466,"FOXC2,ZEB1,miR-200b,TGF-beta,SNAI2,TWIST2,TWIST1,SNAI1",P,8
467,"FOXC2,ZEB1,miR-200b,TGF-beta,SNAI2,TWIST2,TWIST1",P,7
468,"FOXC2,ZEB1,miR-200b,TGF-beta,SNAI2,TWIST2,SNAI1,TWIST1",P,8
469,"FOXC2,ZEB1,miR-200b,TGF-beta,SNAI2,TWIST2,SNAI1",P,7
470,"FOXC2,ZEB1,miR-200b,TGF-beta,SNAI1,miR-34a,TWIST2,TWIST1",P,8
471,"FOXC2,ZEB1,miR-200b,TGF-beta,SNAI1,miR-34a,SNAI2,TWIST2,TWIST1",P,9
472,"FOXC2,ZEB1,miR-200b,TGF-beta,SNAI1,TWIST1",P,6
473,"FOXC2,ZEB1,miR-200b,TGF-beta,SNAI1,SNAI2,TWIST2,TWIST1",P,8
474,"FOXC2,ZEB1,miR-200b,TGF-beta,SNAI1",P,5
475,"FOXC2,ZEB1,miR-200b,TGF-beta,GSC",P,5
476,"FOXC2,ZEB1,miR-200b,TGF-beta,GSC,TWIST1,SNAI2,miR-101,SNAI1",P,9
477,"FOXC2,ZEB1,miR-200b,TGF-beta,GSC,TWIST1,SNAI2,TWIST2,SNAI1",P,9
478,"FOXC2,ZEB1,miR-200b,TGF-beta,GSC,TWIST1,SNAI1",P,7
479,"FOXC2,ZEB1,miR-200b,TGF-beta,GSC,TWIST1",P,6
480,"FOXC2,ZEB1,miR-200b,TGF-beta,GSC,SNAI1,miR-34a,TWIST2,TWIST1",P,9
481,"FOXC2,ZEB1,miR-200b,TGF-beta,GSC,SNAI1,miR-34a,SNAI2,TWIST2,TWIST1",P,10
482,"FOXC2,ZEB1,miR-200b,TGF-beta,GSC,SNAI1,TWIST1",P,7
483,"FOXC2,ZEB1,miR-200b,TGF-beta,GSC,SNAI1,SNAI2,TWIST2,TWIST1",P,9
484,"FOXC2,ZEB1,miR-200b,TGF-beta,GSC,SNAI1",P,6
485,"FOXC2,ZEB1,miR-200b,ZEB2,miR-200a,TGF-beta,SNAI2,miR-101,SNAI1,miR-34a,TWIST2,TWIST1",P,12
486,"FOXC2,ZEB1,miR-200b,ZEB2,miR-200a,TGF-beta,SNAI2,miR-101,SNAI1,TWIST1",P,10
487,"FOXC2,ZEB1,miR-200b,ZEB2,miR-200a,TGF-beta,SNAI2,miR-101,SNAI1",P,9
488,"FOXC2,ZEB1,miR-200b,ZEB2,miR-200a,TGF-beta,SNAI2,TWIST2,TWIST1,SNAI1",P,10
489,"FOXC2,ZEB1,miR-200b,ZEB2,miR-200a,TGF-beta,SNAI2,TWIST2,TWIST1",P,9
490,"FOXC2,ZEB1,miR-200b,ZEB2,miR-200a,TGF-beta,SNAI2,TWIST2,SNAI1,TWIST1",P,10
491,"FOXC2,ZEB1,miR-200b,ZEB2,miR-200a,TGF-beta,SNAI2,TWIST2,SNAI1",P,9
492,"FOXC2,ZEB1,miR-200b,ZEB2,miR-200a,TGF-beta,SNAI1,miR-34a,TWIST2,TWIST1",P,10
493,"FOXC2,ZEB1,miR-200b,ZEB2,miR-200a,TGF-beta,SNAI1,miR-34a,SNAI2,TWIST2,TWIST1",P,11
494,"FOXC2,ZEB1,miR-200b,ZEB2,miR-200a,TGF-beta,SNAI1,TWIST1",P,8
495,"FOXC2,ZEB1,miR-200b,ZEB2,miR-200a,TGF-beta,SNAI1,SNAI2,TWIST2,TWIST1",P,10
496,"FOXC2,ZEB1,miR-200b,ZEB2,miR-200a,TGF-beta,SNAI1",P,7
497,"FOXC2,ZEB1,miR-200b,ZEB2,miR-200a,TGF-beta,GSC",P,7
498,"FOXC2,ZEB1,miR-200b,ZEB2,miR-200a,TGF-beta,GSC,TWIST1,SNAI2,miR-101,SNAI1",P,11
499,"FOXC2,ZEB1,miR-200b,ZEB2,miR-200a,TGF-beta,GSC,TWIST1,SNAI2,TWIST2,SNAI1",P,11
500,"FOXC2,ZEB1,miR-200b,ZEB2,miR-200a,TGF-beta,GSC,TWIST1,SNAI1",P,9
501,"FOXC2,ZEB1,miR-200b,ZEB2,miR-200a,TGF-beta,GSC,TWIST1",P,8
502,"FOXC2,ZEB1,miR-200b,ZEB2,miR-200a,TGF-beta,GSC,SNAI1,miR-34a,TWIST2,TWIST1",P,11
503,"FOXC2,ZEB1,miR-200b,ZEB2,miR-200a,TGF-beta,GSC,SNAI1,miR-34a,SNAI2,TWIST2,TWIST1",P,12
504,"FOXC2,ZEB1,miR-200b,ZEB2,miR-200a,TGF-beta,GSC,SNAI1,TWIST1",P,9
505,"FOXC2,ZEB1,miR-200b,ZEB2,miR-200a,TGF-beta,GSC,SNAI1,SNAI2,TWIST2,TWIST1",P,11
506,"FOXC2,ZEB1,miR-200b,ZEB2,miR-200a,TGF-beta,GSC,SNAI1",P,8
507,"FOXC2,ZEB1,miR-200b,ZEB2,miR-200c,TGF-beta,SNAI2,miR-101,SNAI1,miR-34a,TWIST2,TWIST1",P,12
508,"FOXC2,ZEB1,miR-200b,ZEB2,miR-200c,TGF-beta,SNAI2,miR-101,SNAI1,TWIST1",P,10
509,"FOXC2,ZEB1,miR-200b,ZEB2,miR-200c,TGF-beta,SNAI2,miR-101,SNAI1",P,9
510,"FOXC2,ZEB1,miR-200b,ZEB2,miR-200c,TGF-beta,SNAI2,TWIST2,TWIST1,SNAI1",P,10
511,"FOXC2,ZEB1,miR-200b,ZEB2,miR-200c,TGF-beta,SNAI2,TWIST2,TWIST1",P,9
512,"FOXC2,ZEB1,miR-200b,ZEB2,miR-200c,TGF-beta,SNAI2,TWIST2,SNAI1,TWIST1",P,10
513,"FOXC2,ZEB1,miR-200b,ZEB2,miR-200c,TGF-beta,SNAI2,TWIST2,SNAI1",P,9
514,"FOXC2,ZEB1,miR-200b,ZEB2,miR-200c,TGF-beta,SNAI1,miR-34a,TWIST2,TWIST1",P,10
515,"FOXC2,ZEB1,miR-200b,ZEB2,miR-200c,TGF-beta,SNAI1,miR-34a,SNAI2,TWIST2,TWIST1",P,11
516,"FOXC2,ZEB1,miR-200b,ZEB2,miR-200c,TGF-beta,SNAI1,TWIST1",P,8
517,"FOXC2,ZEB1,miR-200b,ZEB2,miR-200c,TGF-beta,SNAI1,SNAI2,TWIST2,TWIST1",P,10
518,"FOXC2,ZEB1,miR-200b,ZEB2,miR-200c,TGF-beta,SNAI1",P,7
519,"FOXC2,ZEB1,miR-200b,ZEB2,miR-200c,TGF-beta,GSC",P,7
520,"FOXC2,ZEB1,miR-200b,ZEB2,miR-200c,TGF-beta,GSC,TWIST1,SNAI2,miR-101,SNAI1",P,11
521,"FOXC2,ZEB1,miR-200b,ZEB2,miR-200c,TGF-beta,GSC,TWIST1,SNAI2,TWIST2,SNAI1",P,11
522,"FOXC2,ZEB1,miR-200b,ZEB2,miR-200c,TGF-beta,GSC,TWIST1,SNAI1",P,9
523,"FOXC2,ZEB1,miR-200b,ZEB2,miR-200c,TGF-beta,GSC,TWIST1",P,8
524,"FOXC2,ZEB1,miR-200b,ZEB2,miR-200c,TGF-beta,GSC,SNAI1,miR-34a,TWIST2,TWIST1",P,11
525,"FOXC2,ZEB1,miR-200b,ZEB2,miR-200c,TGF-beta,GSC,SNAI1,miR-34a,SNAI2,TWIST2,TWIST1",P,12
526,"FOXC2,ZEB1,miR-200b,ZEB2,miR-200c,TGF-beta,GSC,SNAI1,TWIST1",P,9
527,"FOXC2,ZEB1,miR-200b,ZEB2,miR-200c,TGF-beta,GSC,SNAI1,SNAI2,TWIST2,TWIST1",P,11
528,"FOXC2,ZEB1,miR-200b,ZEB2,miR-200c,TGF-beta,GSC,SNAI1",P,8
529,"FOXC2,ZEB1,miR-141,TGF-beta,SNAI2,miR-101,SNAI1,miR-34a,TWIST2,TWIST1",P,10
530,"FOXC2,ZEB1,miR-141,TGF-beta,SNAI2,miR-101,SNAI1,TWIST1",P,8
531,"FOXC2,ZEB1,miR-141,TGF-beta,SNAI2,miR-101,SNAI1",P,7
532,"FOXC2,ZEB1,miR-141,TGF-beta,SNAI2,TWIST2,TWIST1,SNAI1",P,8
533,"FOXC2,ZEB1,miR-141,TGF-beta,SNAI2,TWIST2,TWIST1",P,7
534,"FOXC2,ZEB1,miR-141,TGF-beta,SNAI2,TWIST2,SNAI1,TWIST1",P,8
535,"FOXC2,ZEB1,miR-141,TGF-beta,SNAI2,TWIST2,SNAI1",P,7
536,"FOXC2,ZEB1,miR-141,TGF-beta,SNAI1,miR-34a,TWIST2,TWIST1",P,8
537,"FOXC2,ZEB1,miR-141,TGF-beta,SNAI1,miR-34a,SNAI2,TWIST2,TWIST1",P,9
538,"FOXC2,ZEB1,miR-141,TGF-beta,SNAI1,TWIST1",P,6
539,"FOXC2,ZEB1,miR-141,TGF-beta,SNAI1,SNAI2,TWIST2,TWIST1",P,8
540,"FOXC2,ZEB1,miR-141,TGF-beta,SNAI1",P,5
541,"FOXC2,ZEB1,miR-141,TGF-beta,GSC",P,5
542,"FOXC2,ZEB1,miR-141,TGF-beta,GSC,TWIST1,SNAI2,miR-101,SNAI1",P,9
543,"FOXC2,ZEB1,miR-141,TGF-beta,GSC,TWIST1,SNAI2,TWIST2,SNAI1",P,9
544,"FOXC2,ZEB1,miR-141,TGF-beta,GSC,TWIST1,SNAI1",P,7
545,"FOXC2,ZEB1,miR-141,TGF-beta,GSC,TWIST1",P,6
546,"FOXC2,ZEB1,miR-141,TGF-beta,GSC,SNAI1,miR-34a,TWIST2,TWIST1",P,9
547,"FOXC2,ZEB1,miR-141,TGF-beta,GSC,SNAI1,miR-34a,SNAI2,TWIST2,TWIST1",P,10
548,"FOXC2,ZEB1,miR-141,TGF-beta,GSC,SNAI1,TWIST1",P,7
549,"FOXC2,ZEB1,miR-141,TGF-beta,GSC,SNAI1,SNAI2,TWIST2,TWIST1",P,9
550,"FOXC2,ZEB1,miR-141,TGF-beta,GSC,SNAI1",P,6
551,"FOXC2,ZEB1,miR-141,ZEB2,miR-200a,TGF-beta,SNAI2,miR-101,SNAI1,miR-34a,TWIST2,TWIST1",P,12
552,"FOXC2,ZEB1,miR-141,ZEB2,miR-200a,TGF-beta,SNAI2,miR-101,SNAI1,TWIST1",P,10
553,"FOXC2,ZEB1,miR-141,ZEB2,miR-200a,TGF-beta,SNAI2,miR-101,SNAI1",P,9
554,"FOXC2,ZEB1,miR-141,ZEB2,miR-200a,TGF-beta,SNAI2,TWIST2,TWIST1,SNAI1",P,10
555,"FOXC2,ZEB1,miR-141,ZEB2,miR-200a,TGF-beta,SNAI2,TWIST2,TWIST1",P,9
556,"FOXC2,ZEB1,miR-141,ZEB2,miR-200a,TGF-beta,SNAI2,TWIST2,SNAI1,TWIST1",P,10
557,"FOXC2,ZEB1,miR-141,ZEB2,miR-200a,TGF-beta,SNAI2,TWIST2,SNAI1",P,9
558,"FOXC2,ZEB1,miR-141,ZEB2,miR-200a,TGF-beta,SNAI1,miR-34a,TWIST2,TWIST1",P,10
559,"FOXC2,ZEB1,miR-141,ZEB2,miR-200a,TGF-beta,SNAI1,miR-34a,SNAI2,TWIST2,TWIST1",P,11
560,"FOXC2,ZEB1,miR-141,ZEB2,miR-200a,TGF-beta,SNAI1,TWIST1",P,8
561,"FOXC2,ZEB1,miR-141,ZEB2,miR-200a,TGF-beta,SNAI1,SNAI2,TWIST2,TWIST1",P,10
562,"FOXC2,ZEB1,miR-141,ZEB2,miR-200a,TGF-beta,SNAI1",P,7
563,"FOXC2,ZEB1,miR-141,ZEB2,miR-200a,TGF-beta,GSC",P,7
564,"FOXC2,ZEB1,miR-141,ZEB2,miR-200a,TGF-beta,GSC,TWIST1,SNAI2,miR-101,SNAI1",P,11
565,"FOXC2,ZEB1,miR-141,ZEB2,miR-200a,TGF-beta,GSC,TWIST1,SNAI2,TWIST2,SNAI1",P,11
566,"FOXC2,ZEB1,miR-141,ZEB2,miR-200a,TGF-beta,GSC,TWIST1,SNAI1",P,9
567,"FOXC2,ZEB1,miR-141,ZEB2,miR-200a,TGF-beta,GSC,TWIST1",P,8
568,"FOXC2,ZEB1,miR-141,ZEB2,miR-200a,TGF-beta,GSC,SNAI1,miR-34a,TWIST2,TWIST1",P,11
569,"FOXC2,ZEB1,miR-141,ZEB2,miR-200a,TGF-beta,GSC,SNAI1,miR-34a,SNAI2,TWIST2,TWIST1",P,12
570,"FOXC2,ZEB1,miR-141,ZEB2,miR-200a,TGF-beta,GSC,SNAI1,TWIST1",P,9
571,"FOXC2,ZEB1,miR-141,ZEB2,miR-200a,TGF-beta,GSC,SNAI1,SNAI2,TWIST2,TWIST1",P,11
572,"FOXC2,ZEB1,miR-141,ZEB2,miR-200a,TGF-beta,GSC,SNAI1",P,8
573,"FOXC2,ZEB1,miR-141,ZEB2,miR-200c,TGF-beta,SNAI2,miR-101,SNAI1,miR-34a,TWIST2,TWIST1",P,12
574,"FOXC2,ZEB1,miR-141,ZEB2,miR-200c,TGF-beta,SNAI2,miR-101,SNAI1,TWIST1",P,10
575,"FOXC2,ZEB1,miR-141,ZEB2,miR-200c,TGF-beta,SNAI2,miR-101,SNAI1",P,9
576,"FOXC2,ZEB1,miR-141,ZEB2,miR-200c,TGF-beta,SNAI2,TWIST2,TWIST1,SNAI1",P,10
577,"FOXC2,ZEB1,miR-141,ZEB2,miR-200c,TGF-beta,SNAI2,TWIST2,TWIST1",P,9
578,"FOXC2,ZEB1,miR-141,ZEB2,miR-200c,TGF-beta,SNAI2,TWIST2,SNAI1,TWIST1",P,10
579,"FOXC2,ZEB1,miR-141,ZEB2,miR-200c,TGF-beta,SNAI2,TWIST2,SNAI1",P,9
580,"FOXC2,ZEB1,miR-141,ZEB2,miR-200c,TGF-beta,SNAI1,miR-34a,TWIST2,TWIST1",P,10
581,"FOXC2,ZEB1,miR-141,ZEB2,miR-200c,TGF-beta,SNAI1,miR-34a,SNAI2,TWIST2,TWIST1",P,11
582,"FOXC2,ZEB1,miR-141,ZEB2,miR-200c,TGF-beta,SNAI1,TWIST1",P,8
583,"FOXC2,ZEB1,miR-141,ZEB2,miR-200c,TGF-beta,SNAI1,SNAI2,TWIST2,TWIST1",P,10
584,"FOXC2,ZEB1,miR-141,ZEB2,miR-200c,TGF-beta,SNAI1",P,7
585,"FOXC2,ZEB1,miR-141,ZEB2,miR-200c,TGF-beta,GSC",P,7
586,"FOXC2,ZEB1,miR-141,ZEB2,miR-200c,TGF-beta,GSC,TWIST1,SNAI2,miR-101,SNAI1",P,11
587,"FOXC2,ZEB1,miR-141,ZEB2,miR-200c,TGF-beta,GSC,TWIST1,SNAI2,TWIST2,SNAI1",P,11
588,"FOXC2,ZEB1,miR-141,ZEB2,miR-200c,TGF-beta,GSC,TWIST1,SNAI1",P,9
589,"FOXC2,ZEB1,miR-141,ZEB2,miR-200c,TGF-beta,GSC,TWIST1",P,8
590,"FOXC2,ZEB1,miR-141,ZEB2,miR-200c,TGF-beta,GSC,SNAI1,miR-34a,TWIST2,TWIST1",P,11
591,"FOXC2,ZEB1,miR-141,ZEB2,miR-200c,TGF-beta,GSC,SNAI1,miR-34a,SNAI2,TWIST2,TWIST1",P,12
592,"FOXC2,ZEB1,miR-141,ZEB2,miR-200c,TGF-beta,GSC,SNAI1,TWIST1",P,9
593,"FOXC2,ZEB1,miR-141,ZEB2,miR-200c,TGF-beta,GSC,SNAI1,SNAI2,TWIST2,TWIST1",P,11
594,"FOXC2,ZEB1,miR-141,ZEB2,miR-200c,TGF-beta,GSC,SNAI1",P,8
595,"FOXC2,ZEB1,miR-141,ZEB2,miR-200b,TGF-beta,SNAI2,miR-101,SNAI1,miR-34a,TWIST2,TWIST1",P,12
596,"FOXC2,ZEB1,miR-141,ZEB2,miR-200b,TGF-beta,SNAI2,miR-101,SNAI1,TWIST1",P,10
597,"FOXC2,ZEB1,miR-141,ZEB2,miR-200b,TGF-beta,SNAI2,miR-101,SNAI1",P,9
598,"FOXC2,ZEB1,miR-141,ZEB2,miR-200b,TGF-beta,SNAI2,TWIST2,TWIST1,SNAI1",P,10
599,"FOXC2,ZEB1,miR-141,ZEB2,miR-200b,TGF-beta,SNAI2,TWIST2,TWIST1",P,9
600,"FOXC2,ZEB1,miR-141,ZEB2,miR-200b,TGF-beta,SNAI2,TWIST2,SNAI1,TWIST1",P,10
601,"FOXC2,ZEB1,miR-141,ZEB2,miR-200b,TGF-beta,SNAI2,TWIST2,SNAI1",P,9
602,"FOXC2,ZEB1,miR-141,ZEB2,miR-200b,TGF-beta,SNAI1,miR-34a,TWIST2,TWIST1",P,10
603,"FOXC2,ZEB1,miR-141,ZEB2,miR-200b,TGF-beta,SNAI1,miR-34a,SNAI2,TWIST2,TWIST1",P,11
604,"FOXC2,ZEB1,miR-141,ZEB2,miR-200b,TGF-beta,SNAI1,TWIST1",P,8
605,"FOXC2,ZEB1,miR-141,ZEB2,miR-200b,TGF-beta,SNAI1,SNAI2,TWIST2,TWIST1",P,10
606,"FOXC2,ZEB1,miR-141,ZEB2,miR-200b,TGF-beta,SNAI1",P,7
607,"FOXC2,ZEB1,miR-141,ZEB2,miR-200b,TGF-beta,GSC",P,7
608,"FOXC2,ZEB1,miR-141,ZEB2,miR-200b,TGF-beta,GSC,TWIST1,SNAI2,miR-101,SNAI1",P,11
609,"FOXC2,ZEB1,miR-141,ZEB2,miR-200b,TGF-beta,GSC,TWIST1,SNAI2,TWIST2,SNAI1",P,11
610,"FOXC2,ZEB1,miR-141,ZEB2,miR-200b,TGF-beta,GSC,TWIST1,SNAI1",P,9
611,"FOXC2,ZEB1,miR-141,ZEB2,miR-200b,TGF-beta,GSC,TWIST1",P,8
612,"FOXC2,ZEB1,miR-141,ZEB2,miR-200b,TGF-beta,GSC,SNAI1,miR-34a,TWIST2,TWIST1",P,11
613,"FOXC2,ZEB1,miR-141,ZEB2,miR-200b,TGF-beta,GSC,SNAI1,miR-34a,SNAI2,TWIST2,TWIST1",P,12
614,"FOXC2,ZEB1,miR-141,ZEB2,miR-200b,TGF-beta,GSC,SNAI1,TWIST1",P,9
615,"FOXC2,ZEB1,miR-141,ZEB2,miR-200b,TGF-beta,GSC,SNAI1,SNAI2,TWIST2,TWIST1",P,11
616,"FOXC2,ZEB1,miR-141,ZEB2,miR-200b,TGF-beta,GSC,SNAI1",P,8
617,"miR-34a,ZEB1",P,2
618,"miR-34a,ZEB1,miR-200a,TGF-beta,SNAI2,miR-101,SNAI1",P,7
619,"miR-34a,ZEB1,miR-200a,TGF-beta,SNAI2,TWIST2,TWIST1,SNAI1",P,8
620,"miR-34a,ZEB1,miR-200a,TGF-beta,SNAI2,TWIST2,SNAI1",P,7
621,"miR-34a,ZEB1,miR-200a,TGF-beta,SNAI1",P,5
622,"miR-34a,ZEB1,miR-200a,TGF-beta,GSC,TWIST1,SNAI2,miR-101,SNAI1",P,9
623,"miR-34a,ZEB1,miR-200a,TGF-beta,GSC,TWIST1,SNAI2,TWIST2,SNAI1",P,9
624,"miR-34a,ZEB1,miR-200a,TGF-beta,GSC,TWIST1,SNAI1",P,7
625,"miR-34a,ZEB1,miR-200a,TGF-beta,GSC,SNAI1",P,6
626,"miR-34a,ZEB1,miR-200a,ZEB2,miR-200c,TGF-beta,SNAI2,miR-101,SNAI1",P,9
627,"miR-34a,ZEB1,miR-200a,ZEB2,miR-200c,TGF-beta,SNAI2,TWIST2,TWIST1,SNAI1",P,10
628,"miR-34a,ZEB1,miR-200a,ZEB2,miR-200c,TGF-beta,SNAI2,TWIST2,SNAI1",P,9
629,"miR-34a,ZEB1,miR-200a,ZEB2,miR-200c,TGF-beta,SNAI1",P,7
630,"miR-34a,ZEB1,miR-200a,ZEB2,miR-200c,TGF-beta,GSC,TWIST1,SNAI2,miR-101,SNAI1",P,11
631,"miR-34a,ZEB1,miR-200a,ZEB2,miR-200c,TGF-beta,GSC,TWIST1,SNAI2,TWIST2,SNAI1",P,11
632,"miR-34a,ZEB1,miR-200a,ZEB2,miR-200c,TGF-beta,GSC,TWIST1,SNAI1",P,9
633,"miR-34a,ZEB1,miR-200a,ZEB2,miR-200c,TGF-beta,GSC,SNAI1",P,8
634,"miR-34a,ZEB1,miR-200a,ZEB2,miR-200b,TGF-beta,SNAI2,miR-101,SNAI1",P,9
635,"miR-34a,ZEB1,miR-200a,ZEB2,miR-200b,TGF-beta,SNAI2,TWIST2,TWIST1,SNAI1",P,10
636,"miR-34a,ZEB1,miR-200a,ZEB2,miR-200b,TGF-beta,SNAI2,TWIST2,SNAI1",P,9
637,"miR-34a,ZEB1,miR-200a,ZEB2,miR-200b,TGF-beta,SNAI1",P,7
638,"miR-34a,ZEB1,miR-200a,ZEB2,miR-200b,TGF-beta,GSC,TWIST1,SNAI2,miR-101,SNAI1",P,11
639,"miR-34a,ZEB1,miR-200a,ZEB2,miR-200b,TGF-beta,GSC,TWIST1,SNAI2,TWIST2,SNAI1",P,11
640,"miR-34a,ZEB1,miR-200a,ZEB2,miR-200b,TGF-beta,GSC,TWIST1,SNAI1",P,9
641,"miR-34a,ZEB1,miR-200a,ZEB2,miR-200b,TGF-beta,GSC,SNAI1",P,8
642,"miR-34a,ZEB1,miR-200c,TGF-beta,SNAI2,miR-101,SNAI1",P,7
643,"miR-34a,ZEB1,miR-200c,TGF-beta,SNAI2,TWIST2,TWIST1,SNAI1",P,8
644,"miR-34a,ZEB1,miR-200c,TGF-beta,SNAI2,TWIST2,SNAI1",P,7
645,"miR-34a,ZEB1,miR-200c,TGF-beta,SNAI1",P,5
646,"miR-34a,ZEB1,miR-200c,TGF-beta,GSC,TWIST1,SNAI2,miR-101,SNAI1",P,9
647,"miR-34a,ZEB1,miR-200c,TGF-beta,GSC,TWIST1,SNAI2,TWIST2,SNAI1",P,9
648,"miR-34a,ZEB1,miR-200c,TGF-beta,GSC,TWIST1,SNAI1",P,7
649,"miR-34a,ZEB1,miR-200c,TGF-beta,GSC,SNAI1",P,6
650,"miR-34a,ZEB1,miR-200c,ZEB2,miR-200a,TGF-beta,SNAI2,miR-101,SNAI1",P,9
651,"miR-34a,ZEB1,miR-200c,ZEB2,miR-200a,TGF-beta,SNAI2,TWIST2,TWIST1,SNAI1",P,10
652,"miR-34a,ZEB1,miR-200c,ZEB2,miR-200a,TGF-beta,SNAI2,TWIST2,SNAI1",P,9
653,"miR-34a,ZEB1,miR-200c,ZEB2,miR-200a,TGF-beta,SNAI1",P,7
654,"miR-34a,ZEB1,miR-200c,ZEB2,miR-200a,TGF-beta,GSC,TWIST1,SNAI2,miR-101,SNAI1",P,11
655,"miR-34a,ZEB1,miR-200c,ZEB2,miR-200a,TGF-beta,GSC,TWIST1,SNAI2,TWIST2,SNAI1",P,11
656,"miR-34a,ZEB1,miR-200c,ZEB2,miR-200a,TGF-beta,GSC,TWIST1,SNAI1",P,9
657,"miR-34a,ZEB1,miR-200c,ZEB2,miR-200a,TGF-beta,GSC,SNAI1",P,8
658,"miR-34a,ZEB1,miR-200c,ZEB2,miR-200b,TGF-beta,SNAI2,miR-101,SNAI1",P,9
659,"miR-34a,ZEB1,miR-200c,ZEB2,miR-200b,TGF-beta,SNAI2,TWIST2,TWIST1,SNAI1",P,10
660,"miR-34a,ZEB1,miR-200c,ZEB2,miR-200b,TGF-beta,SNAI2,TWIST2,SNAI1",P,9
661,"miR-34a,ZEB1,miR-200c,ZEB2,miR-200b,TGF-beta,SNAI1",P,7
662,"miR-34a,ZEB1,miR-200c,ZEB2,miR-200b,TGF-beta,GSC,TWIST1,SNAI2,miR-101,SNAI1",P,11
663,"miR-34a,ZEB1,miR-200c,ZEB2,miR-200b,TGF-beta,GSC,TWIST1,SNAI2,TWIST2,SNAI1",P,11
664,"miR-34a,ZEB1,miR-200c,ZEB2,miR-200b,TGF-beta,GSC,TWIST1,SNAI1",P,9
665,"miR-34a,ZEB1,miR-200c,ZEB2,miR-200b,TGF-beta,GSC,SNAI1",P,8
666,"miR-34a,ZEB1,miR-200b,TGF-beta,SNAI2,miR-101,SNAI1",P,7
667,"miR-34a,ZEB1,miR-200b,TGF-beta,SNAI2,TWIST2,TWIST1,SNAI1",P,8
668,"miR-34a,ZEB1,miR-200b,TGF-beta,SNAI2,TWIST2,SNAI1",P,7
669,"miR-34a,ZEB1,miR-200b,TGF-beta,SNAI1",P,5
670,"miR-34a,ZEB1,miR-200b,TGF-beta,GSC,TWIST1,SNAI2,miR-101,SNAI1",P,9
671,"miR-34a,ZEB1,miR-200b,TGF-beta,GSC,TWIST1,SNAI2,TWIST2,SNAI1",P,9
672,"miR-34a,ZEB1,miR-200b,TGF-beta,GSC,TWIST1,SNAI1",P,7
673,"miR-34a,ZEB1,miR-200b,TGF-beta,GSC,SNAI1",P,6
674,"miR-34a,ZEB1,miR-200b,ZEB2,miR-200a,TGF-beta,SNAI2,miR-101,SNAI1",P,9
675,"miR-34a,ZEB1,miR-200b,ZEB2,miR-200a,TGF-beta,SNAI2,TWIST2,TWIST1,SNAI1",P,10
676,"miR-34a,ZEB1,miR-200b,ZEB2,miR-200a,TGF-beta,SNAI2,TWIST2,SNAI1",P,9
677,"miR-34a,ZEB1,miR-200b,ZEB2,miR-200a,TGF-beta,SNAI1",P,7
678,"miR-34a,ZEB1,miR-200b,ZEB2,miR-200a,TGF-beta,GSC,TWIST1,SNAI2,miR-101,SNAI1",P,11
679,"miR-34a,ZEB1,miR-200b,ZEB2,miR-200a,TGF-beta,GSC,TWIST1,SNAI2,TWIST2,SNAI1",P,11
680,"miR-34a,ZEB1,miR-200b,ZEB2,miR-200a,TGF-beta,GSC,TWIST1,SNAI1",P,9
681,"miR-34a,ZEB1,miR-200b,ZEB2,miR-200a,TGF-beta,GSC,SNAI1",P,8
682,"miR-34a,ZEB1,miR-200b,ZEB2,miR-200c,TGF-beta,SNAI2,miR-101,SNAI1",P,9
683,"miR-34a,ZEB1,miR-200b,ZEB2,miR-200c,TGF-beta,SNAI2,TWIST2,TWIST1,SNAI1",P,10
684,"miR-34a,ZEB1,miR-200b,ZEB2,miR-200c,TGF-beta,SNAI2,TWIST2,SNAI1",P,9
685,"miR-34a,ZEB1,miR-200b,ZEB2,miR-200c,TGF-beta,SNAI1",P,7
686,"miR-34a,ZEB1,miR-200b,ZEB2,miR-200c,TGF-beta,GSC,TWIST1,SNAI2,miR-101,SNAI1",P,11
687,"miR-34a,ZEB1,miR-200b,ZEB2,miR-200c,TGF-beta,GSC,TWIST1,SNAI2,TWIST2,SNAI1",P,11
688,"miR-34a,ZEB1,miR-200b,ZEB2,miR-200c,TGF-beta,GSC,TWIST1,SNAI1",P,9
689,"miR-34a,ZEB1,miR-200b,ZEB2,miR-200c,TGF-beta,GSC,SNAI1",P,8
690,"miR-34a,ZEB1,miR-141,TGF-beta,SNAI2,miR-101,SNAI1",P,7
691,"miR-34a,ZEB1,miR-141,TGF-beta,SNAI2,TWIST2,TWIST1,SNAI1",P,8
692,"miR-34a,ZEB1,miR-141,TGF-beta,SNAI2,TWIST2,SNAI1",P,7
693,"miR-34a,ZEB1,miR-141,TGF-beta,SNAI1",P,5
694,"miR-34a,ZEB1,miR-141,TGF-beta,GSC,TWIST1,SNAI2,miR-101,SNAI1",P,9
695,"miR-34a,ZEB1,miR-141,TGF-beta,GSC,TWIST1,SNAI2,TWIST2,SNAI1",P,9
696,"miR-34a,ZEB1,miR-141,TGF-beta,GSC,TWIST1,SNAI1",P,7
697,"miR-34a,ZEB1,miR-141,TGF-beta,GSC,SNAI1",P,6
698,"miR-34a,ZEB1,miR-141,ZEB2,miR-200a,TGF-beta,SNAI2,miR-101,SNAI1",P,9
699,"miR-34a,ZEB1,miR-141,ZEB2,miR-200a,TGF-beta,SNAI2,TWIST2,TWIST1,SNAI1",P,10
700,"miR-34a,ZEB1,miR-141,ZEB2,miR-200a,TGF-beta,SNAI2,TWIST2,SNAI1",P,9
701,"miR-34a,ZEB1,miR-141,ZEB2,miR-200a,TGF-beta,SNAI1",P,7
702,"miR-34a,ZEB1,miR-141,ZEB2,miR-200a,TGF-beta,GSC,TWIST1,SNAI2,miR-101,SNAI1",P,11
703,"miR-34a,ZEB1,miR-141,ZEB2,miR-200a,TGF-beta,GSC,TWIST1,SNAI2,TWIST2,SNAI1",P,11
704,"miR-34a,ZEB1,miR-141,ZEB2,miR-200a,TGF-beta,GSC,TWIST1,SNAI1",P,9
705,"miR-34a,ZEB1,miR-141,ZEB2,miR-200a,TGF-beta,GSC,SNAI1",P,8
706,"miR-34a,ZEB1,miR-141,ZEB2,miR-200c,TGF-beta,SNAI2,miR-101,SNAI1",P,9
707,"miR-34a,ZEB1,miR-141,ZEB2,miR-200c,TGF-beta,SNAI2,TWIST2,TWIST1,SNAI1",P,10
708,"miR-34a,ZEB1,miR-141,ZEB2,miR-200c,TGF-beta,SNAI2,TWIST2,SNAI1",P,9
709,"miR-34a,ZEB1,miR-141,ZEB2,miR-200c,TGF-beta,SNAI1",P,7
710,"miR-34a,ZEB1,miR-141,ZEB2,miR-200c,TGF-beta,GSC,TWIST1,SNAI2,miR-101,SNAI1",P,11
711,"miR-34a,ZEB1,miR-141,ZEB2,miR-200c,TGF-beta,GSC,TWIST1,SNAI2,TWIST2,SNAI1",P,11
712,"miR-34a,ZEB1,miR-141,ZEB2,miR-200c,TGF-beta,GSC,TWIST1,SNAI1",P,9
713,"miR-34a,ZEB1,miR-141,ZEB2,miR-200c,TGF-beta,GSC,SNAI1",P,8
714,"miR-34a,ZEB1,miR-141,ZEB2,miR-200b,TGF-beta,SNAI2,miR-101,SNAI1",P,9
715,"miR-34a,ZEB1,miR-141,ZEB2,miR-200b,TGF-beta,SNAI2,TWIST2,TWIST1,SNAI1",P,10
716,"miR-34a,ZEB1,miR-141,ZEB2,miR-200b,TGF-beta,SNAI2,TWIST2,SNAI1",P,9
717,"miR-34a,ZEB1,miR-141,ZEB2,miR-200b,TGF-beta,SNAI1",P,7
718,"miR-34a,ZEB1,miR-141,ZEB2,miR-200b,TGF-beta,GSC,TWIST1,SNAI2,miR-101,SNAI1",P,11
719,"miR-34a,ZEB1,miR-141,ZEB2,miR-200b,TGF-beta,GSC,TWIST1,SNAI2,TWIST2,SNAI1",P,11
720,"miR-34a,ZEB1,miR-141,ZEB2,miR-200b,TGF-beta,GSC,TWIST1,SNAI1",P,9
721,"miR-34a,ZEB1,miR-141,ZEB2,miR-200b,TGF-beta,GSC,SNAI1",P,8
722,"miR-34a,TWIST2,ZEB2,miR-200a,TGF-beta,SNAI2,miR-200b,ZEB1",P,8
723,"miR-34a,TWIST2,ZEB2,miR-200a,TGF-beta,SNAI2,miR-101,SNAI1",P,8
724,"miR-34a,TWIST2,ZEB2,miR-200a,TGF-beta,SNAI2,miR-101,SNAI1,ZEB1",P,9
725,"miR-34a,TWIST2,ZEB2,miR-200a,TGF-beta,SNAI2,miR-101,SNAI1,TWIST1,ZEB1",P,10
726,"miR-34a,TWIST2,ZEB2,miR-200a,TGF-beta,SNAI2,miR-101,ZEB1",P,8
727,"miR-34a,TWIST2,ZEB2,miR-200a,TGF-beta,SNAI1,miR-101,ZEB1",P,8
728,"miR-34a,TWIST2,ZEB2,miR-200a,TGF-beta,SNAI1",P,6
729,"miR-34a,TWIST2,ZEB2,miR-200a,TGF-beta,SNAI1,ZEB1",P,7
730,"miR-34a,TWIST2,ZEB2,miR-200a,TGF-beta,SNAI1,TWIST1,ZEB1",P,8
731,"miR-34a,TWIST2,ZEB2,miR-200a,TGF-beta,SNAI1,TWIST1,SNAI2,miR-200b,ZEB1",P,10
732,"miR-34a,TWIST2,ZEB2,miR-200a,TGF-beta,SNAI1,TWIST1,SNAI2,miR-101,ZEB1",P,10
733,"miR-34a,TWIST2,ZEB2,miR-200a,TGF-beta,SNAI1,SNAI2,miR-200b,ZEB1",P,9
734,"miR-34a,TWIST2,ZEB2,miR-200a,TGF-beta,SNAI1,SNAI2,miR-101,ZEB1",P,9
735,"miR-34a,TWIST2,ZEB2,miR-200a,TGF-beta,GSC,ZEB1",P,7
736,"miR-34a,TWIST2,ZEB2,miR-200a,TGF-beta,GSC,TWIST1,ZEB1",P,8
737,"miR-34a,TWIST2,ZEB2,miR-200a,TGF-beta,GSC,TWIST1,SNAI2,miR-200b,ZEB1",P,10
738,"miR-34a,TWIST2,ZEB2,miR-200a,TGF-beta,GSC,TWIST1,SNAI2,miR-101,SNAI1",P,10
739,"miR-34a,TWIST2,ZEB2,miR-200a,TGF-beta,GSC,TWIST1,SNAI2,miR-101,SNAI1,ZEB1",P,11
740,"miR-34a,TWIST2,ZEB2,miR-200a,TGF-beta,GSC,TWIST1,SNAI2,miR-101,ZEB1",P,10
741,"miR-34a,TWIST2,ZEB2,miR-200a,TGF-beta,GSC,TWIST1,SNAI1,miR-101,ZEB1",P,10
742,"miR-34a,TWIST2,ZEB2,miR-200a,TGF-beta,GSC,TWIST1,SNAI1",P,8
743,"miR-34a,TWIST2,ZEB2,miR-200a,TGF-beta,GSC,TWIST1,SNAI1,ZEB1",P,9
744,"miR-34a,TWIST2,ZEB2,miR-200a,TGF-beta,GSC,TWIST1,SNAI1,SNAI2,miR-200b,ZEB1",P,11
745,"miR-34a,TWIST2,ZEB2,miR-200a,TGF-beta,GSC,TWIST1,SNAI1,SNAI2,miR-101,ZEB1",P,11
746,"miR-34a,TWIST2,ZEB2,miR-200a,TGF-beta,GSC,SNAI1,miR-101,ZEB1",P,9
747,"miR-34a,TWIST2,ZEB2,miR-200a,TGF-beta,GSC,SNAI1",P,7
748,"miR-34a,TWIST2,ZEB2,miR-200a,TGF-beta,GSC,SNAI1,ZEB1",P,8
749,"miR-34a,TWIST2,ZEB2,miR-200a,TGF-beta,GSC,SNAI1,TWIST1,ZEB1",P,9
750,"miR-34a,TWIST2,ZEB2,miR-200a,TGF-beta,GSC,SNAI1,TWIST1,SNAI2,miR-200b,ZEB1",P,11
751,"miR-34a,TWIST2,ZEB2,miR-200a,TGF-beta,GSC,SNAI1,TWIST1,SNAI2,miR-101,ZEB1",P,11
752,"miR-34a,TWIST2,ZEB2,miR-200a,TGF-beta,GSC,SNAI1,SNAI2,miR-200b,ZEB1",P,10
753,"miR-34a,TWIST2,ZEB2,miR-200a,TGF-beta,GSC,SNAI1,SNAI2,miR-101,ZEB1",P,10
754,"miR-34a,TWIST2,ZEB2,miR-200a,ZEB1",P,5
755,"miR-34a,TWIST2,ZEB2,miR-200a,ZEB1,miR-200c,TGF-beta,SNAI2,miR-101,SNAI1",P,10
756,"miR-34a,TWIST2,ZEB2,miR-200a,ZEB1,miR-200c,TGF-beta,SNAI1",P,8
757,"miR-34a,TWIST2,ZEB2,miR-200a,ZEB1,miR-200c,TGF-beta,GSC,TWIST1,SNAI2,miR-101,SNAI1",P,12
758,"miR-34a,TWIST2,ZEB2,miR-200a,ZEB1,miR-200c,TGF-beta,GSC,TWIST1,SNAI1",P,10
759,"miR-34a,TWIST2,ZEB2,miR-200a,ZEB1,miR-200c,TGF-beta,GSC,SNAI1",P,9
760,"miR-34a,TWIST2,ZEB2,miR-200a,ZEB1,miR-200b,TGF-beta,SNAI2,miR-101,SNAI1",P,10
761,"miR-34a,TWIST2,ZEB2,miR-200a,ZEB1,miR-200b,TGF-beta,SNAI1",P,8
762,"miR-34a,TWIST2,ZEB2,miR-200a,ZEB1,miR-200b,TGF-beta,GSC,TWIST1,SNAI2,miR-101,SNAI1",P,12
763,"miR-34a,TWIST2,ZEB2,miR-200a,ZEB1,miR-200b,TGF-beta,GSC,TWIST1,SNAI1",P,10
764,"miR-34a,TWIST2,ZEB2,miR-200a,ZEB1,miR-200b,TGF-beta,GSC,SNAI1",P,9
765,"miR-34a,TWIST2,ZEB2,miR-200a,ZEB1,miR-141,TGF-beta,SNAI2,miR-101,SNAI1",P,10
766,"miR-34a,TWIST2,ZEB2,miR-200a,ZEB1,miR-141,TGF-beta,SNAI1",P,8
767,"miR-34a,TWIST2,ZEB2,miR-200a,ZEB1,miR-141,TGF-beta,GSC,TWIST1,SNAI2,miR-101,SNAI1",P,12
768,"miR-34a,TWIST2,ZEB2,miR-200a,ZEB1,miR-141,TGF-beta,GSC,TWIST1,SNAI1",P,10
769,"miR-34a,TWIST2,ZEB2,miR-200a,ZEB1,miR-141,TGF-beta,GSC,SNAI1",P,9
770,"miR-34a,TWIST2,ZEB2,miR-200c,TGF-beta,SNAI2,miR-200b,ZEB1",P,8
771,"miR-34a,TWIST2,ZEB2,miR-200c,TGF-beta,SNAI2,miR-101,SNAI1",P,8
772,"miR-34a,TWIST2,ZEB2,miR-200c,TGF-beta,SNAI2,miR-101,SNAI1,ZEB1",P,9
773,"miR-34a,TWIST2,ZEB2,miR-200c,TGF-beta,SNAI2,miR-101,SNAI1,TWIST1,ZEB1",P,10
774,"miR-34a,TWIST2,ZEB2,miR-200c,TGF-beta,SNAI2,miR-101,ZEB1",P,8
775,"miR-34a,TWIST2,ZEB2,miR-200c,TGF-beta,SNAI1,miR-101,ZEB1",P,8
776,"miR-34a,TWIST2,ZEB2,miR-200c,TGF-beta,SNAI1",P,6
777,"miR-34a,TWIST2,ZEB2,miR-200c,TGF-beta,SNAI1,ZEB1",P,7
778,"miR-34a,TWIST2,ZEB2,miR-200c,TGF-beta,SNAI1,TWIST1,ZEB1",P,8
779,"miR-34a,TWIST2,ZEB2,miR-200c,TGF-beta,SNAI1,TWIST1,SNAI2,miR-200b,ZEB1",P,10
780,"miR-34a,TWIST2,ZEB2,miR-200c,TGF-beta,SNAI1,TWIST1,SNAI2,miR-101,ZEB1",P,10
781,"miR-34a,TWIST2,ZEB2,miR-200c,TGF-beta,SNAI1,SNAI2,miR-200b,ZEB1",P,9
782,"miR-34a,TWIST2,ZEB2,miR-200c,TGF-beta,SNAI1,SNAI2,miR-101,ZEB1",P,9
783,"miR-34a,TWIST2,ZEB2,miR-200c,TGF-beta,GSC,ZEB1",P,7
784,"miR-34a,TWIST2,ZEB2,miR-200c,TGF-beta,GSC,TWIST1,ZEB1",P,8
785,"miR-34a,TWIST2,ZEB2,miR-200c,TGF-beta,GSC,TWIST1,SNAI2,miR-200b,ZEB1",P,10
786,"miR-34a,TWIST2,ZEB2,miR-200c,TGF-beta,GSC,TWIST1,SNAI2,miR-101,SNAI1",P,10
787,"miR-34a,TWIST2,ZEB2,miR-200c,TGF-beta,GSC,TWIST1,SNAI2,miR-101,SNAI1,ZEB1",P,11
788,"miR-34a,TWIST2,ZEB2,miR-200c,TGF-beta,GSC,TWIST1,SNAI2,miR-101,ZEB1",P,10
789,"miR-34a,TWIST2,ZEB2,miR-200c,TGF-beta,GSC,TWIST1,SNAI1,miR-101,ZEB1",P,10
790,"miR-34a,TWIST2,ZEB2,miR-200c,TGF-beta,GSC,TWIST1,SNAI1",P,8
791,"miR-34a,TWIST2,ZEB2,miR-200c,TGF-beta,GSC,TWIST1,SNAI1,ZEB1",P,9
792,"miR-34a,TWIST2,ZEB2,miR-200c,TGF-beta,GSC,TWIST1,SNAI1,SNAI2,miR-200b,ZEB1",P,11
793,"miR-34a,TWIST2,ZEB2,miR-200c,TGF-beta,GSC,TWIST1,SNAI1,SNAI2,miR-101,ZEB1",P,11
794,"miR-34a,TWIST2,ZEB2,miR-200c,TGF-beta,GSC,SNAI1,miR-101,ZEB1",P,9
795,"miR-34a,TWIST2,ZEB2,miR-200c,TGF-beta,GSC,SNAI1",P,7
796,"miR-34a,TWIST2,ZEB2,miR-200c,TGF-beta,GSC,SNAI1,ZEB1",P,8
797,"miR-34a,TWIST2,ZEB2,miR-200c,TGF-beta,GSC,SNAI1,TWIST1,ZEB1",P,9
798,"miR-34a,TWIST2,ZEB2,miR-200c,TGF-beta,GSC,SNAI1,TWIST1,SNAI2,miR-200b,ZEB1",P,11
799,"miR-34a,TWIST2,ZEB2,miR-200c,TGF-beta,GSC,SNAI1,TWIST1,SNAI2,miR-101,ZEB1",P,11
800,"miR-34a,TWIST2,ZEB2,miR-200c,TGF-beta,GSC,SNAI1,SNAI2,miR-200b,ZEB1",P,10
801,"miR-34a,TWIST2,ZEB2,miR-200c,TGF-beta,GSC,SNAI1,SNAI2,miR-101,ZEB1",P,10
802,"miR-34a,TWIST2,ZEB2,miR-200c,ZEB1",P,5
803,"miR-34a,TWIST2,ZEB2,miR-200c,ZEB1,miR-200a,TGF-beta,SNAI2,miR-101,SNAI1",P,10
804,"miR-34a,TWIST2,ZEB2,miR-200c,ZEB1,miR-200a,TGF-beta,SNAI1",P,8
805,"miR-34a,TWIST2,ZEB2,miR-200c,ZEB1,miR-200a,TGF-beta,GSC,TWIST1,SNAI2,miR-101,SNAI1",P,12
806,"miR-34a,TWIST2,ZEB2,miR-200c,ZEB1,miR-200a,TGF-beta,GSC,TWIST1,SNAI1",P,10
807,"miR-34a,TWIST2,ZEB2,miR-200c,ZEB1,miR-200a,TGF-beta,GSC,SNAI1",P,9
808,"miR-34a,TWIST2,ZEB2,miR-200c,ZEB1,miR-200b,TGF-beta,SNAI2,miR-101,SNAI1",P,10
809,"miR-34a,TWIST2,ZEB2,miR-200c,ZEB1,miR-200b,TGF-beta,SNAI1",P,8
810,"miR-34a,TWIST2,ZEB2,miR-200c,ZEB1,miR-200b,TGF-beta,GSC,TWIST1,SNAI2,miR-101,SNAI1",P,12
811,"miR-34a,TWIST2,ZEB2,miR-200c,ZEB1,miR-200b,TGF-beta,GSC,TWIST1,SNAI1",P,10
812,"miR-34a,TWIST2,ZEB2,miR-200c,ZEB1,miR-200b,TGF-beta,GSC,SNAI1",P,9
813,"miR-34a,TWIST2,ZEB2,miR-200c,ZEB1,miR-141,TGF-beta,SNAI2,miR-101,SNAI1",P,10
814,"miR-34a,TWIST2,ZEB2,miR-200c,ZEB1,miR-141,TGF-beta,SNAI1",P,8
815,"miR-34a,TWIST2,ZEB2,miR-200c,ZEB1,miR-141,TGF-beta,GSC,TWIST1,SNAI2,miR-101,SNAI1",P,12
816,"miR-34a,TWIST2,ZEB2,miR-200c,ZEB1,miR-141,TGF-beta,GSC,TWIST1,SNAI1",P,10
817,"miR-34a,TWIST2,ZEB2,miR-200c,ZEB1,miR-141,TGF-beta,GSC,SNAI1",P,9
818,"miR-34a,TWIST2,ZEB2,miR-200b,TGF-beta,SNAI2,miR-101,SNAI1",P,8
819,"miR-34a,TWIST2,ZEB2,miR-200b,TGF-beta,SNAI2,miR-101,SNAI1,ZEB1",P,9
820,"miR-34a,TWIST2,ZEB2,miR-200b,TGF-beta,SNAI2,miR-101,SNAI1,TWIST1,ZEB1",P,10
821,"miR-34a,TWIST2,ZEB2,miR-200b,TGF-beta,SNAI2,miR-101,ZEB1",P,8
822,"miR-34a,TWIST2,ZEB2,miR-200b,TGF-beta,SNAI1,miR-101,ZEB1",P,8
823,"miR-34a,TWIST2,ZEB2,miR-200b,TGF-beta,SNAI1",P,6
824,"miR-34a,TWIST2,ZEB2,miR-200b,TGF-beta,SNAI1,ZEB1",P,7
825,"miR-34a,TWIST2,ZEB2,miR-200b,TGF-beta,SNAI1,TWIST1,ZEB1",P,8
826,"miR-34a,TWIST2,ZEB2,miR-200b,TGF-beta,SNAI1,TWIST1,SNAI2,miR-101,ZEB1",P,10
827,"miR-34a,TWIST2,ZEB2,miR-200b,TGF-beta,SNAI1,SNAI2,miR-101,ZEB1",P,9
828,"miR-34a,TWIST2,ZEB2,miR-200b,TGF-beta,GSC,ZEB1",P,7
829,"miR-34a,TWIST2,ZEB2,miR-200b,TGF-beta,GSC,TWIST1,ZEB1",P,8
830,"miR-34a,TWIST2,ZEB2,miR-200b,TGF-beta,GSC,TWIST1,SNAI2,miR-101,SNAI1",P,10
831,"miR-34a,TWIST2,ZEB2,miR-200b,TGF-beta,GSC,TWIST1,SNAI2,miR-101,SNAI1,ZEB1",P,11
832,"miR-34a,TWIST2,ZEB2,miR-200b,TGF-beta,GSC,TWIST1,SNAI2,miR-101,ZEB1",P,10
833,"miR-34a,TWIST2,ZEB2,miR-200b,TGF-beta,GSC,TWIST1,SNAI1,miR-101,ZEB1",P,10
834,"miR-34a,TWIST2,ZEB2,miR-200b,TGF-beta,GSC,TWIST1,SNAI1",P,8
835,"miR-34a,TWIST2,ZEB2,miR-200b,TGF-beta,GSC,TWIST1,SNAI1,ZEB1",P,9
836,"miR-34a,TWIST2,ZEB2,miR-200b,TGF-beta,GSC,TWIST1,SNAI1,SNAI2,miR-101,ZEB1",P,11
837,"miR-34a,TWIST2,ZEB2,miR-200b,TGF-beta,GSC,SNAI1,miR-101,ZEB1",P,9
838,"miR-34a,TWIST2,ZEB2,miR-200b,TGF-beta,GSC,SNAI1",P,7
839,"miR-34a,TWIST2,ZEB2,miR-200b,TGF-beta,GSC,SNAI1,ZEB1",P,8
840,"miR-34a,TWIST2,ZEB2,miR-200b,TGF-beta,GSC,SNAI1,TWIST1,ZEB1",P,9
841,"miR-34a,TWIST2,ZEB2,miR-200b,TGF-beta,GSC,SNAI1,TWIST1,SNAI2,miR-101,ZEB1",P,11
842,"miR-34a,TWIST2,ZEB2,miR-200b,TGF-beta,GSC,SNAI1,SNAI2,miR-101,ZEB1",P,10
843,"miR-34a,TWIST2,ZEB2,miR-200b,ZEB1",P,5
844,"miR-34a,TWIST2,ZEB2,miR-200b,ZEB1,miR-200a,TGF-beta,SNAI2,miR-101,SNAI1",P,10
845,"miR-34a,TWIST2,ZEB2,miR-200b,ZEB1,miR-200a,TGF-beta,SNAI1",P,8
846,"miR-34a,TWIST2,ZEB2,miR-200b,ZEB1,miR-200a,TGF-beta,GSC,TWIST1,SNAI2,miR-101,SNAI1",P,12
847,"miR-34a,TWIST2,ZEB2,miR-200b,ZEB1,miR-200a,TGF-beta,GSC,TWIST1,SNAI1",P,10
848,"miR-34a,TWIST2,ZEB2,miR-200b,ZEB1,miR-200a,TGF-beta,GSC,SNAI1",P,9
849,"miR-34a,TWIST2,ZEB2,miR-200b,ZEB1,miR-200c,TGF-beta,SNAI2,miR-101,SNAI1",P,10
850,"miR-34a,TWIST2,ZEB2,miR-200b,ZEB1,miR-200c,TGF-beta,SNAI1",P,8
851,"miR-34a,TWIST2,ZEB2,miR-200b,ZEB1,miR-200c,TGF-beta,GSC,TWIST1,SNAI2,miR-101,SNAI1",P,12
852,"miR-34a,TWIST2,ZEB2,miR-200b,ZEB1,miR-200c,TGF-beta,GSC,TWIST1,SNAI1",P,10
853,"miR-34a,TWIST2,ZEB2,miR-200b,ZEB1,miR-200c,TGF-beta,GSC,SNAI1",P,9
854,"miR-34a,TWIST2,ZEB2,miR-200b,ZEB1,miR-141,TGF-beta,SNAI2,miR-101,SNAI1",P,10
855,"miR-34a,TWIST2,ZEB2,miR-200b,ZEB1,miR-141,TGF-beta,SNAI1",P,8
856,"miR-34a,TWIST2,ZEB2,miR-200b,ZEB1,miR-141,TGF-beta,GSC,TWIST1,SNAI2,miR-101,SNAI1",P,12
857,"miR-34a,TWIST2,ZEB2,miR-200b,ZEB1,miR-141,TGF-beta,GSC,TWIST1,SNAI1",P,10
858,"miR-34a,TWIST2,ZEB2,miR-200b,ZEB1,miR-141,TGF-beta,GSC,SNAI1",P,9
859,"miR-34a,TWIST2,ZEB1",P,3
860,"miR-34a,TWIST2,ZEB1,miR-200a,TGF-beta,SNAI2,miR-101,SNAI1",P,8
861,"miR-34a,TWIST2,ZEB1,miR-200a,TGF-beta,SNAI1",P,6
862,"miR-34a,TWIST2,ZEB1,miR-200a,TGF-beta,GSC,TWIST1,SNAI2,miR-101,SNAI1",P,10
863,"miR-34a,TWIST2,ZEB1,miR-200a,TGF-beta,GSC,TWIST1,SNAI1",P,8
864,"miR-34a,TWIST2,ZEB1,miR-200a,TGF-beta,GSC,SNAI1",P,7
865,"miR-34a,TWIST2,ZEB1,miR-200a,ZEB2,miR-200c,TGF-beta,SNAI2,miR-101,SNAI1",P,10
866,"miR-34a,TWIST2,ZEB1,miR-200a,ZEB2,miR-200c,TGF-beta,SNAI1",P,8
867,"miR-34a,TWIST2,ZEB1,miR-200a,ZEB2,miR-200c,TGF-beta,GSC,TWIST1,SNAI2,miR-101,SNAI1",P,12
868,"miR-34a,TWIST2,ZEB1,miR-200a,ZEB2,miR-200c,TGF-beta,GSC,TWIST1,SNAI1",P,10
869,"miR-34a,TWIST2,ZEB1,miR-200a,ZEB2,miR-200c,TGF-beta,GSC,SNAI1",P,9
870,"miR-34a,TWIST2,ZEB1,miR-200a,ZEB2,miR-200b,TGF-beta,SNAI2,miR-101,SNAI1",P,10
871,"miR-34a,TWIST2,ZEB1,miR-200a,ZEB2,miR-200b,TGF-beta,SNAI1",P,8
872,"miR-34a,TWIST2,ZEB1,miR-200a,ZEB2,miR-200b,TGF-beta,GSC,TWIST1,SNAI2,miR-101,SNAI1",P,12
873,"miR-34a,TWIST2,ZEB1,miR-200a,ZEB2,miR-200b,TGF-beta,GSC,TWIST1,SNAI1",P,10
874,"miR-34a,TWIST2,ZEB1,miR-200a,ZEB2,miR-200b,TGF-beta,GSC,SNAI1",P,9
875,"miR-34a,TWIST2,ZEB1,miR-200c,TGF-beta,SNAI2,miR-101,SNAI1",P,8
876,"miR-34a,TWIST2,ZEB1,miR-200c,TGF-beta,SNAI1",P,6
877,"miR-34a,TWIST2,ZEB1,miR-200c,TGF-beta,GSC,TWIST1,SNAI2,miR-101,SNAI1",P,10
878,"miR-34a,TWIST2,ZEB1,miR-200c,TGF-beta,GSC,TWIST1,SNAI1",P,8
879,"miR-34a,TWIST2,ZEB1,miR-200c,TGF-beta,GSC,SNAI1",P,7
880,"miR-34a,TWIST2,ZEB1,miR-200c,ZEB2,miR-200a,TGF-beta,SNAI2,miR-101,SNAI1",P,10
881,"miR-34a,TWIST2,ZEB1,miR-200c,ZEB2,miR-200a,TGF-beta,SNAI1",P,8
882,"miR-34a,TWIST2,ZEB1,miR-200c,ZEB2,miR-200a,TGF-beta,GSC,TWIST1,SNAI2,miR-101,SNAI1",P,12
883,"miR-34a,TWIST2,ZEB1,miR-200c,ZEB2,miR-200a,TGF-beta,GSC,TWIST1,SNAI1",P,10
884,"miR-34a,TWIST2,ZEB1,miR-200c,ZEB2,miR-200a,TGF-beta,GSC,SNAI1",P,9
885,"miR-34a,TWIST2,ZEB1,miR-200c,ZEB2,miR-200b,TGF-beta,SNAI2,miR-101,SNAI1",P,10
886,"miR-34a,TWIST2,ZEB1,miR-200c,ZEB2,miR-200b,TGF-beta,SNAI1",P,8
887,"miR-34a,TWIST2,ZEB1,miR-200c,ZEB2,miR-200b,TGF-beta,GSC,TWIST1,SNAI2,miR-101,SNAI1",P,12
888,"miR-34a,TWIST2,ZEB1,miR-200c,ZEB2,miR-200b,TGF-beta,GSC,TWIST1,SNAI1",P,10
889,"miR-34a,TWIST2,ZEB1,miR-200c,ZEB2,miR-200b,TGF-beta,GSC,SNAI1",P,9
890,"miR-34a,TWIST2,ZEB1,miR-200b,TGF-beta,SNAI2,miR-101,SNAI1",P,8
891,"miR-34a,TWIST2,ZEB1,miR-200b,TGF-beta,SNAI1",P,6
892,"miR-34a,TWIST2,ZEB1,miR-200b,TGF-beta,GSC,TWIST1,SNAI2,miR-101,SNAI1",P,10
893,"miR-34a,TWIST2,ZEB1,miR-200b,TGF-beta,GSC,TWIST1,SNAI1",P,8
894,"miR-34a,TWIST2,ZEB1,miR-200b,TGF-beta,GSC,SNAI1",P,7
895,"miR-34a,TWIST2,ZEB1,miR-200b,ZEB2,miR-200a,TGF-beta,SNAI2,miR-101,SNAI1",P,10
896,"miR-34a,TWIST2,ZEB1,miR-200b,ZEB2,miR-200a,TGF-beta,SNAI1",P,8
897,"miR-34a,TWIST2,ZEB1,miR-200b,ZEB2,miR-200a,TGF-beta,GSC,TWIST1,SNAI2,miR-101,SNAI1",P,12
898,"miR-34a,TWIST2,ZEB1,miR-200b,ZEB2,miR-200a,TGF-beta,GSC,TWIST1,SNAI1",P,10
899,"miR-34a,TWIST2,ZEB1,miR-200b,ZEB2,miR-200a,TGF-beta,GSC,SNAI1",P,9
900,"miR-34a,TWIST2,ZEB1,miR-200b,ZEB2,miR-200c,TGF-beta,SNAI2,miR-101,SNAI1",P,10
901,"miR-34a,TWIST2,ZEB1,miR-200b,ZEB2,miR-200c,TGF-beta,SNAI1",P,8
902,"miR-34a,TWIST2,ZEB1,miR-200b,ZEB2,miR-200c,TGF-beta,GSC,TWIST1,SNAI2,miR-101,SNAI1",P,12
903,"miR-34a,TWIST2,ZEB1,miR-200b,ZEB2,miR-200c,TGF-beta,GSC,TWIST1,SNAI1",P,10
904,"miR-34a,TWIST2,ZEB1,miR-200b,ZEB2,miR-200c,TGF-beta,GSC,SNAI1",P,9
905,"miR-34a,TWIST2,ZEB1,miR-141,TGF-beta,SNAI2,miR-101,SNAI1",P,8
906,"miR-34a,TWIST2,ZEB1,miR-141,TGF-beta,SNAI1",P,6
907,"miR-34a,TWIST2,ZEB1,miR-141,TGF-beta,GSC,TWIST1,SNAI2,miR-101,SNAI1",P,10
908,"miR-34a,TWIST2,ZEB1,miR-141,TGF-beta,GSC,TWIST1,SNAI1",P,8
909,"miR-34a,TWIST2,ZEB1,miR-141,TGF-beta,GSC,SNAI1",P,7
910,"miR-34a,TWIST2,ZEB1,miR-141,ZEB2,miR-200a,TGF-beta,SNAI2,miR-101,SNAI1",P,10
911,"miR-34a,TWIST2,ZEB1,miR-141,ZEB2,miR-200a,TGF-beta,SNAI1",P,8
912,"miR-34a,TWIST2,ZEB1,miR-141,ZEB2,miR-200a,TGF-beta,GSC,TWIST1,SNAI2,miR-101,SNAI1",P,12
913,"miR-34a,TWIST2,ZEB1,miR-141,ZEB2,miR-200a,TGF-beta,GSC,TWIST1,SNAI1",P,10
914,"miR-34a,TWIST2,ZEB1,miR-141,ZEB2,miR-200a,TGF-beta,GSC,SNAI1",P,9
915,"miR-34a,TWIST2,ZEB1,miR-141,ZEB2,miR-200c,TGF-beta,SNAI2,miR-101,SNAI1",P,10
916,"miR-34a,TWIST2,ZEB1,miR-141,ZEB2,miR-200c,TGF-beta,SNAI1",P,8
917,"miR-34a,TWIST2,ZEB1,miR-141,ZEB2,miR-200c,TGF-beta,GSC,TWIST1,SNAI2,miR-101,SNAI1",P,12
918,"miR-34a,TWIST2,ZEB1,miR-141,ZEB2,miR-200c,TGF-beta,GSC,TWIST1,SNAI1",P,10
919,"miR-34a,TWIST2,ZEB1,miR-141,ZEB2,miR-200c,TGF-beta,GSC,SNAI1",P,9
920,"miR-34a,TWIST2,ZEB1,miR-141,ZEB2,miR-200b,TGF-beta,SNAI2,miR-101,SNAI1",P,10
921,"miR-34a,TWIST2,ZEB1,miR-141,ZEB2,miR-200b,TGF-beta,SNAI1",P,8
922,"miR-34a,TWIST2,ZEB1,miR-141,ZEB2,miR-200b,TGF-beta,GSC,TWIST1,SNAI2,miR-101,SNAI1",P,12
923,"miR-34a,TWIST2,ZEB1,miR-141,ZEB2,miR-200b,TGF-beta,GSC,TWIST1,SNAI1",P,10
924,"miR-34a,TWIST2,ZEB1,miR-141,ZEB2,miR-200b,TGF-beta,GSC,SNAI1",P,9
925,"miR-34a,TWIST2,TWIST1,ZEB2,miR-200a,TGF-beta,SNAI2,miR-200b,ZEB1",P,9
926,"miR-34a,TWIST2,TWIST1,ZEB2,miR-200a,TGF-beta,SNAI2,miR-101,SNAI1",P,9
927,"miR-34a,TWIST2,TWIST1,ZEB2,miR-200a,TGF-beta,SNAI2,miR-101,SNAI1,ZEB1",P,10
928,"miR-34a,TWIST2,TWIST1,ZEB2,miR-200a,TGF-beta,SNAI2,miR-101,ZEB1",P,9
929,"miR-34a,TWIST2,TWIST1,ZEB2,miR-200a,TGF-beta,SNAI1,miR-101,ZEB1",P,9
930,"miR-34a,TWIST2,TWIST1,ZEB2,miR-200a,TGF-beta,SNAI1",P,7
931,"miR-34a,TWIST2,TWIST1,ZEB2,miR-200a,TGF-beta,SNAI1,ZEB1",P,8
932,"miR-34a,TWIST2,TWIST1,ZEB2,miR-200a,TGF-beta,SNAI1,SNAI2,miR-200b,ZEB1",P,10
933,"miR-34a,TWIST2,TWIST1,ZEB2,miR-200a,TGF-beta,SNAI1,SNAI2,miR-101,ZEB1",P,10
934,"miR-34a,TWIST2,TWIST1,ZEB2,miR-200a,TGF-beta,GSC,ZEB1",P,8
935,"miR-34a,TWIST2,TWIST1,ZEB2,miR-200a,TGF-beta,GSC,SNAI1,miR-101,ZEB1",P,10
936,"miR-34a,TWIST2,TWIST1,ZEB2,miR-200a,TGF-beta,GSC,SNAI1",P,8
937,"miR-34a,TWIST2,TWIST1,ZEB2,miR-200a,TGF-beta,GSC,SNAI1,ZEB1",P,9
938,"miR-34a,TWIST2,TWIST1,ZEB2,miR-200a,TGF-beta,GSC,SNAI1,SNAI2,miR-200b,ZEB1",P,11
939,"miR-34a,TWIST2,TWIST1,ZEB2,miR-200a,TGF-beta,GSC,SNAI1,SNAI2,miR-101,ZEB1",P,11
940,"miR-34a,TWIST2,TWIST1,ZEB2,miR-200a,ZEB1",P,6
941,"miR-34a,TWIST2,TWIST1,ZEB2,miR-200a,ZEB1,miR-200c,TGF-beta,SNAI2,miR-101,SNAI1",P,11
942,"miR-34a,TWIST2,TWIST1,ZEB2,miR-200a,ZEB1,miR-200c,TGF-beta,SNAI1",P,9
943,"miR-34a,TWIST2,TWIST1,ZEB2,miR-200a,ZEB1,miR-200c,TGF-beta,GSC,SNAI1",P,10
944,"miR-34a,TWIST2,TWIST1,ZEB2,miR-200a,ZEB1,miR-200b,TGF-beta,SNAI2,miR-101,SNAI1",P,11
945,"miR-34a,TWIST2,TWIST1,ZEB2,miR-200a,ZEB1,miR-200b,TGF-beta,SNAI1",P,9
946,"miR-34a,TWIST2,TWIST1,ZEB2,miR-200a,ZEB1,miR-200b,TGF-beta,GSC,SNAI1",P,10
947,"miR-34a,TWIST2,TWIST1,ZEB2,miR-200a,ZEB1,miR-141,TGF-beta,SNAI2,miR-101,SNAI1",P,11
948,"miR-34a,TWIST2,TWIST1,ZEB2,miR-200a,ZEB1,miR-141,TGF-beta,SNAI1",P,9
949,"miR-34a,TWIST2,TWIST1,ZEB2,miR-200a,ZEB1,miR-141,TGF-beta,GSC,SNAI1",P,10
950,"miR-34a,TWIST2,TWIST1,ZEB2,miR-200c,TGF-beta,SNAI2,miR-200b,ZEB1",P,9
951,"miR-34a,TWIST2,TWIST1,ZEB2,miR-200c,TGF-beta,SNAI2,miR-101,SNAI1",P,9
952,"miR-34a,TWIST2,TWIST1,ZEB2,miR-200c,TGF-beta,SNAI2,miR-101,SNAI1,ZEB1",P,10
953,"miR-34a,TWIST2,TWIST1,ZEB2,miR-200c,TGF-beta,SNAI2,miR-101,ZEB1",P,9
954,"miR-34a,TWIST2,TWIST1,ZEB2,miR-200c,TGF-beta,SNAI1,miR-101,ZEB1",P,9
955,"miR-34a,TWIST2,TWIST1,ZEB2,miR-200c,TGF-beta,SNAI1",P,7
956,"miR-34a,TWIST2,TWIST1,ZEB2,miR-200c,TGF-beta,SNAI1,ZEB1",P,8
957,"miR-34a,TWIST2,TWIST1,ZEB2,miR-200c,TGF-beta,SNAI1,SNAI2,miR-200b,ZEB1",P,10
958,"miR-34a,TWIST2,TWIST1,ZEB2,miR-200c,TGF-beta,SNAI1,SNAI2,miR-101,ZEB1",P,10
959,"miR-34a,TWIST2,TWIST1,ZEB2,miR-200c,TGF-beta,GSC,ZEB1",P,8
960,"miR-34a,TWIST2,TWIST1,ZEB2,miR-200c,TGF-beta,GSC,SNAI1,miR-101,ZEB1",P,10
961,"miR-34a,TWIST2,TWIST1,ZEB2,miR-200c,TGF-beta,GSC,SNAI1",P,8
962,"miR-34a,TWIST2,TWIST1,ZEB2,miR-200c,TGF-beta,GSC,SNAI1,ZEB1",P,9
963,"miR-34a,TWIST2,TWIST1,ZEB2,miR-200c,TGF-beta,GSC,SNAI1,SNAI2,miR-200b,ZEB1",P,11
964,"miR-34a,TWIST2,TWIST1,ZEB2,miR-200c,TGF-beta,GSC,SNAI1,SNAI2,miR-101,ZEB1",P,11
965,"miR-34a,TWIST2,TWIST1,ZEB2,miR-200c,ZEB1",P,6
966,"miR-34a,TWIST2,TWIST1,ZEB2,miR-200c,ZEB1,miR-200a,TGF-beta,SNAI2,miR-101,SNAI1",P,11
967,"miR-34a,TWIST2,TWIST1,ZEB2,miR-200c,ZEB1,miR-200a,TGF-beta,SNAI1",P,9
968,"miR-34a,TWIST2,TWIST1,ZEB2,miR-200c,ZEB1,miR-200a,TGF-beta,GSC,SNAI1",P,10
969,"miR-34a,TWIST2,TWIST1,ZEB2,miR-200c,ZEB1,miR-200b,TGF-beta,SNAI2,miR-101,SNAI1",P,11
970,"miR-34a,TWIST2,TWIST1,ZEB2,miR-200c,ZEB1,miR-200b,TGF-beta,SNAI1",P,9
971,"miR-34a,TWIST2,TWIST1,ZEB2,miR-200c,ZEB1,miR-200b,TGF-beta,GSC,SNAI1",P,10
972,"miR-34a,TWIST2,TWIST1,ZEB2,miR-200c,ZEB1,miR-141,TGF-beta,SNAI2,miR-101,SNAI1",P,11
973,"miR-34a,TWIST2,TWIST1,ZEB2,miR-200c,ZEB1,miR-141,TGF-beta,SNAI1",P,9
974,"miR-34a,TWIST2,TWIST1,ZEB2,miR-200c,ZEB1,miR-141,TGF-beta,GSC,SNAI1",P,10
975,"miR-34a,TWIST2,TWIST1,ZEB2,miR-200b,TGF-beta,SNAI2,miR-101,SNAI1",P,9
976,"miR-34a,TWIST2,TWIST1,ZEB2,miR-200b,TGF-beta,SNAI2,miR-101,SNAI1,ZEB1",P,10
977,"miR-34a,TWIST2,TWIST1,ZEB2,miR-200b,TGF-beta,SNAI2,miR-101,ZEB1",P,9
978,"miR-34a,TWIST2,TWIST1,ZEB2,miR-200b,TGF-beta,SNAI1,miR-101,ZEB1",P,9
979,"miR-34a,TWIST2,TWIST1,ZEB2,miR-200b,TGF-beta,SNAI1",P,7
980,"miR-34a,TWIST2,TWIST1,ZEB2,miR-200b,TGF-beta,SNAI1,ZEB1",P,8
981,"miR-34a,TWIST2,TWIST1,ZEB2,miR-200b,TGF-beta,SNAI1,SNAI2,miR-101,ZEB1",P,10
982,"miR-34a,TWIST2,TWIST1,ZEB2,miR-200b,TGF-beta,GSC,ZEB1",P,8
983,"miR-34a,TWIST2,TWIST1,ZEB2,miR-200b,TGF-beta,GSC,SNAI1,miR-101,ZEB1",P,10
984,"miR-34a,TWIST2,TWIST1,ZEB2,miR-200b,TGF-beta,GSC,SNAI1",P,8
985,"miR-34a,TWIST2,TWIST1,ZEB2,miR-200b,TGF-beta,GSC,SNAI1,ZEB1",P,9
986,"miR-34a,TWIST2,TWIST1,ZEB2,miR-200b,TGF-beta,GSC,SNAI1,SNAI2,miR-101,ZEB1",P,11
987,"miR-34a,TWIST2,TWIST1,ZEB2,miR-200b,ZEB1",P,6
988,"miR-34a,TWIST2,TWIST1,ZEB2,miR-200b,ZEB1,miR-200a,TGF-beta,SNAI2,miR-101,SNAI1",P,11
989,"miR-34a,TWIST2,TWIST1,ZEB2,miR-200b,ZEB1,miR-200a,TGF-beta,SNAI1",P,9
990,"miR-34a,TWIST2,TWIST1,ZEB2,miR-200b,ZEB1,miR-200a,TGF-beta,GSC,SNAI1",P,10
991,"miR-34a,TWIST2,TWIST1,ZEB2,miR-200b,ZEB1,miR-200c,TGF-beta,SNAI2,miR-101,SNAI1",P,11
992,"miR-34a,TWIST2,TWIST1,ZEB2,miR-200b,ZEB1,miR-200c,TGF-beta,SNAI1",P,9
993,"miR-34a,TWIST2,TWIST1,ZEB2,miR-200b,ZEB1,miR-200c,TGF-beta,GSC,SNAI1",P,10
994,"miR-34a,TWIST2,TWIST1,ZEB2,miR-200b,ZEB1,miR-141,TGF-beta,SNAI2,miR-101,SNAI1",P,11
995,"miR-34a,TWIST2,TWIST1,ZEB2,miR-200b,ZEB1,miR-141,TGF-beta,SNAI1",P,9
996,"miR-34a,TWIST2,TWIST1,ZEB2,miR-200b,ZEB1,miR-141,TGF-beta,GSC,SNAI1",P,10
997,"miR-34a,TWIST2,TWIST1,ZEB1",P,4
998,"miR-34a,TWIST2,TWIST1,ZEB1,miR-200a,TGF-beta,SNAI2,miR-101,SNAI1",P,9
999,"miR-34a,TWIST2,TWIST1,ZEB1,miR-200a,TGF-beta,SNAI1",P,7
1000,"miR-34a,TWIST2,TWIST1,ZEB1,miR-200a,TGF-beta,GSC,SNAI1",P,8
1001,"miR-34a,TWIST2,TWIST1,ZEB1,miR-200a,ZEB2,miR-200c,TGF-beta,SNAI2,miR-101,SNAI1",P,11
1002,"miR-34a,TWIST2,TWIST1,ZEB1,miR-200a,ZEB2,miR-200c,TGF-beta,SNAI1",P,9
1003,"miR-34a,TWIST2,TWIST1,ZEB1,miR-200a,ZEB2,miR-200c,TGF-beta,GSC,SNAI1",P,10
1004,"miR-34a,TWIST2,TWIST1,ZEB1,miR-200a,ZEB2,miR-200b,TGF-beta,SNAI2,miR-101,SNAI1",P,11
1005,"miR-34a,TWIST2,TWIST1,ZEB1,miR-200a,ZEB2,miR-200b,TGF-beta,SNAI1",P,9
1006,"miR-34a,TWIST2,TWIST1,ZEB1,miR-200a,ZEB2,miR-200b,TGF-beta,GSC,SNAI1",P,10
1007,"miR-34a,TWIST2,TWIST1,ZEB1,miR-200c,TGF-beta,SNAI2,miR-101,SNAI1",P,9
1008,"miR-34a,TWIST2,TWIST1,ZEB1,miR-200c,TGF-beta,SNAI1",P,7
1009,"miR-34a,TWIST2,TWIST1,ZEB1,miR-200c,TGF-beta,GSC,SNAI1",P,8
1010,"miR-34a,TWIST2,TWIST1,ZEB1,miR-200c,ZEB2,miR-200a,TGF-beta,SNAI2,miR-101,SNAI1",P,11
1011,"miR-34a,TWIST2,TWIST1,ZEB1,miR-200c,ZEB2,miR-200a,TGF-beta,SNAI1",P,9
1012,"miR-34a,TWIST2,TWIST1,ZEB1,miR-200c,ZEB2,miR-200a,TGF-beta,GSC,SNAI1",P,10
1013,"miR-34a,TWIST2,TWIST1,ZEB1,miR-200c,ZEB2,miR-200b,TGF-beta,SNAI2,miR-101,SNAI1",P,11
1014,"miR-34a,TWIST2,TWIST1,ZEB1,miR-200c,ZEB2,miR-200b,TGF-beta,SNAI1",P,9
1015,"miR-34a,TWIST2,TWIST1,ZEB1,miR-200c,ZEB2,miR-200b,TGF-beta,GSC,SNAI1",P,10
1016,"miR-34a,TWIST2,TWIST1,ZEB1,miR-200b,TGF-beta,SNAI2,miR-101,SNAI1",P,9
1017,"miR-34a,TWIST2,TWIST1,ZEB1,miR-200b,TGF-beta,SNAI1",P,7
1018,"miR-34a,TWIST2,TWIST1,ZEB1,miR-200b,TGF-beta,GSC,SNAI1",P,8
1019,"miR-34a,TWIST2,TWIST1,ZEB1,miR-200b,ZEB2,miR-200a,TGF-beta,SNAI2,miR-101,SNAI1",P,11
1020,"miR-34a,TWIST2,TWIST1,ZEB1,miR-200b,ZEB2,miR-200a,TGF-beta,SNAI1",P,9
1021,"miR-34a,TWIST2,TWIST1,ZEB1,miR-200b,ZEB2,miR-200a,TGF-beta,GSC,SNAI1",P,10
1022,"miR-34a,TWIST2,TWIST1,ZEB1,miR-200b,ZEB2,miR-200c,TGF-beta,SNAI2,miR-101,SNAI1",P,11
1023,"miR-34a,TWIST2,TWIST1,ZEB1,miR-200b,ZEB2,miR-200c,TGF-beta,SNAI1",P,9
1024,"miR-34a,TWIST2,TWIST1,ZEB1,miR-200b,ZEB2,miR-200c,TGF-beta,GSC,SNAI1",P,10
1025,"miR-34a,TWIST2,TWIST1,ZEB1,miR-141,TGF-beta,SNAI2,miR-101,SNAI1",P,9
1026,"miR-34a,TWIST2,TWIST1,ZEB1,miR-141,TGF-beta,SNAI1",P,7
1027,"miR-34a,TWIST2,TWIST1,ZEB1,miR-141,TGF-beta,GSC,SNAI1",P,8
1028,"miR-34a,TWIST2,TWIST1,ZEB1,miR-141,ZEB2,miR-200a,TGF-beta,SNAI2,miR-101,SNAI1",P,11
1029,"miR-34a,TWIST2,TWIST1,ZEB1,miR-141,ZEB2,miR-200a,TGF-beta,SNAI1",P,9
1030,"miR-34a,TWIST2,TWIST1,ZEB1,miR-141,ZEB2,miR-200a,TGF-beta,GSC,SNAI1",P,10
1031,"miR-34a,TWIST2,TWIST1,ZEB1,miR-141,ZEB2,miR-200c,TGF-beta,SNAI2,miR-101,SNAI1",P,11
1032,"miR-34a,TWIST2,TWIST1,ZEB1,miR-141,ZEB2,miR-200c,TGF-beta,SNAI1",P,9
1033,"miR-34a,TWIST2,TWIST1,ZEB1,miR-141,ZEB2,miR-200c,TGF-beta,GSC,SNAI1",P,10
1034,"miR-34a,TWIST2,TWIST1,ZEB1,miR-141,ZEB2,miR-200b,TGF-beta,SNAI2,miR-101,SNAI1",P,11
1035,"miR-34a,TWIST2,TWIST1,ZEB1,miR-141,ZEB2,miR-200b,TGF-beta,SNAI1",P,9
1036,"miR-34a,TWIST2,TWIST1,ZEB1,miR-141,ZEB2,miR-200b,TGF-beta,GSC,SNAI1",P,10
1037,"miR-34a,TWIST2,TWIST1,SNAI2,miR-200b,TGF-beta,SNAI1,miR-101,ZEB2,miR-200a,ZEB1",P,11
1038,"miR-34a,TWIST2,TWIST1,SNAI2,miR-200b,TGF-beta,SNAI1,miR-101,ZEB2,miR-200c,ZEB1",P,11
1039,"miR-34a,TWIST2,TWIST1,SNAI2,miR-200b,TGF-beta,SNAI1,miR-101,ZEB1",P,9
1040,"miR-34a,TWIST2,TWIST1,SNAI2,miR-200b,TGF-beta,SNAI1",P,7
1041,"miR-34a,TWIST2,TWIST1,SNAI2,miR-200b,TGF-beta,SNAI1,ZEB2,miR-200a,ZEB1",P,10
1042,"miR-34a,TWIST2,TWIST1,SNAI2,miR-200b,TGF-beta,SNAI1,ZEB2,miR-200c,ZEB1",P,10
1043,"miR-34a,TWIST2,TWIST1,SNAI2,miR-200b,TGF-beta,SNAI1,ZEB1",P,8
1044,"miR-34a,TWIST2,TWIST1,SNAI2,miR-200b,TGF-beta,GSC,ZEB2,miR-200a,ZEB1",P,10
1045,"miR-34a,TWIST2,TWIST1,SNAI2,miR-200b,TGF-beta,GSC,ZEB2,miR-200c,ZEB1",P,10
1046,"miR-34a,TWIST2,TWIST1,SNAI2,miR-200b,TGF-beta,GSC,ZEB1",P,8
1047,"miR-34a,TWIST2,TWIST1,SNAI2,miR-200b,TGF-beta,GSC,SNAI1,miR-101,ZEB2,miR-200a,ZEB1",P,12
1048,"miR-34a,TWIST2,TWIST1,SNAI2,miR-200b,TGF-beta,GSC,SNAI1,miR-101,ZEB2,miR-200c,ZEB1",P,12
1049,"miR-34a,TWIST2,TWIST1,SNAI2,miR-200b,TGF-beta,GSC,SNAI1,miR-101,ZEB1",P,10
1050,"miR-34a,TWIST2,TWIST1,SNAI2,miR-200b,TGF-beta,GSC,SNAI1",P,8
1051,"miR-34a,TWIST2,TWIST1,SNAI2,miR-200b,TGF-beta,GSC,SNAI1,ZEB2,miR-200a,ZEB1",P,11
1052,"miR-34a,TWIST2,TWIST1,SNAI2,miR-200b,TGF-beta,GSC,SNAI1,ZEB2,miR-200c,ZEB1",P,11
1053,"miR-34a,TWIST2,TWIST1,SNAI2,miR-200b,TGF-beta,GSC,SNAI1,ZEB1",P,9
1054,"miR-34a,TWIST2,TWIST1,SNAI2,miR-200b,ZEB2,miR-200a,TGF-beta,SNAI1,miR-101,ZEB1",P,11
1055,"miR-34a,TWIST2,TWIST1,SNAI2,miR-200b,ZEB2,miR-200a,TGF-beta,SNAI1",P,9
1056,"miR-34a,TWIST2,TWIST1,SNAI2,miR-200b,ZEB2,miR-200a,TGF-beta,SNAI1,ZEB1",P,10
1057,"miR-34a,TWIST2,TWIST1,SNAI2,miR-200b,ZEB2,miR-200a,TGF-beta,GSC,ZEB1",P,10
1058,"miR-34a,TWIST2,TWIST1,SNAI2,miR-200b,ZEB2,miR-200a,TGF-beta,GSC,SNAI1,miR-101,ZEB1",P,12
1059,"miR-34a,TWIST2,TWIST1,SNAI2,miR-200b,ZEB2,miR-200a,TGF-beta,GSC,SNAI1",P,10
1060,"miR-34a,TWIST2,TWIST1,SNAI2,miR-200b,ZEB2,miR-200a,TGF-beta,GSC,SNAI1,ZEB1",P,11
1061,"miR-34a,TWIST2,TWIST1,SNAI2,miR-200b,ZEB2,miR-200a,ZEB1",P,8
1062,"miR-34a,TWIST2,TWIST1,SNAI2,miR-200b,ZEB2,miR-200a,ZEB1,miR-200c,TGF-beta,SNAI1",P,11
1063,"miR-34a,TWIST2,TWIST1,SNAI2,miR-200b,ZEB2,miR-200a,ZEB1,miR-200c,TGF-beta,GSC,SNAI1",P,12
1064,"miR-34a,TWIST2,TWIST1,SNAI2,miR-200b,ZEB2,miR-200a,ZEB1,miR-141,TGF-beta,SNAI1",P,11
1065,"miR-34a,TWIST2,TWIST1,SNAI2,miR-200b,ZEB2,miR-200a,ZEB1,miR-141,TGF-beta,GSC,SNAI1",P,12
1066,"miR-34a,TWIST2,TWIST1,SNAI2,miR-200b,ZEB2,miR-200c,TGF-beta,SNAI1,miR-101,ZEB1",P,11
1067,"miR-34a,TWIST2,TWIST1,SNAI2,miR-200b,ZEB2,miR-200c,TGF-beta,SNAI1",P,9
1068,"miR-34a,TWIST2,TWIST1,SNAI2,miR-200b,ZEB2,miR-200c,TGF-beta,SNAI1,ZEB1",P,10
1069,"miR-34a,TWIST2,TWIST1,SNAI2,miR-200b,ZEB2,miR-200c,TGF-beta,GSC,ZEB1",P,10
1070,"miR-34a,TWIST2,TWIST1,SNAI2,miR-200b,ZEB2,miR-200c,TGF-beta,GSC,SNAI1,miR-101,ZEB1",P,12
1071,"miR-34a,TWIST2,TWIST1,SNAI2,miR-200b,ZEB2,miR-200c,TGF-beta,GSC,SNAI1",P,10
1072,"miR-34a,TWIST2,TWIST1,SNAI2,miR-200b,ZEB2,miR-200c,TGF-beta,GSC,SNAI1,ZEB1",P,11
1073,"miR-34a,TWIST2,TWIST1,SNAI2,miR-200b,ZEB2,miR-200c,ZEB1",P,8
1074,"miR-34a,TWIST2,TWIST1,SNAI2,miR-200b,ZEB2,miR-200c,ZEB1,miR-200a,TGF-beta,SNAI1",P,11
1075,"miR-34a,TWIST2,TWIST1,SNAI2,miR-200b,ZEB2,miR-200c,ZEB1,miR-200a,TGF-beta,GSC,SNAI1",P,12
1076,"miR-34a,TWIST2,TWIST1,SNAI2,miR-200b,ZEB2,miR-200c,ZEB1,miR-141,TGF-beta,SNAI1",P,11
1077,"miR-34a,TWIST2,TWIST1,SNAI2,miR-200b,ZEB2,miR-200c,ZEB1,miR-141,TGF-beta,GSC,SNAI1",P,12
1078,"miR-34a,TWIST2,TWIST1,SNAI2,miR-200b,ZEB1",P,6
1079,"miR-34a,TWIST2,TWIST1,SNAI2,miR-200b,ZEB1,miR-200a,TGF-beta,SNAI1",P,9
1080,"miR-34a,TWIST2,TWIST1,SNAI2,miR-200b,ZEB1,miR-200a,TGF-beta,GSC,SNAI1",P,10
1081,"miR-34a,TWIST2,TWIST1,SNAI2,miR-200b,ZEB1,miR-200a,ZEB2,miR-200c,TGF-beta,SNAI1",P,11
1082,"miR-34a,TWIST2,TWIST1,SNAI2,miR-200b,ZEB1,miR-200a,ZEB2,miR-200c,TGF-beta,GSC,SNAI1",P,12
1083,"miR-34a,TWIST2,TWIST1,SNAI2,miR-200b,ZEB1,miR-200c,TGF-beta,SNAI1",P,9
1084,"miR-34a,TWIST2,TWIST1,SNAI2,miR-200b,ZEB1,miR-200c,TGF-beta,GSC,SNAI1",P,10
1085,"miR-34a,TWIST2,TWIST1,SNAI2,miR-200b,ZEB1,miR-200c,ZEB2,miR-200a,TGF-beta,SNAI1",P,11
1086,"miR-34a,TWIST2,TWIST1,SNAI2,miR-200b,ZEB1,miR-200c,ZEB2,miR-200a,TGF-beta,GSC,SNAI1",P,12
1087,"miR-34a,TWIST2,TWIST1,SNAI2,miR-200b,ZEB1,miR-141,TGF-beta,SNAI1",P,9
1088,"miR-34a,TWIST2,TWIST1,SNAI2,miR-200b,ZEB1,miR-141,TGF-beta,GSC,SNAI1",P,10
1089,"miR-34a,TWIST2,TWIST1,SNAI2,miR-200b,ZEB1,miR-141,ZEB2,miR-200a,TGF-beta,SNAI1",P,11
1090,"miR-34a,TWIST2,TWIST1,SNAI2,miR-200b,ZEB1,miR-141,ZEB2,miR-200a,TGF-beta,GSC,SNAI1",P,12
1091,"miR-34a,TWIST2,TWIST1,SNAI2,miR-200b,ZEB1,miR-141,ZEB2,miR-200c,TGF-beta,SNAI1",P,11
1092,"miR-34a,TWIST2,TWIST1,SNAI2,miR-200b,ZEB1,miR-141,ZEB2,miR-200c,TGF-beta,GSC,SNAI1",P,12
1093,"miR-34a,TWIST2,TWIST1,SNAI2,miR-101,SNAI1",P,6
1094,"miR-34a,TWIST2,TWIST1,SNAI2,miR-101,SNAI1,ZEB2,miR-200a,TGF-beta,GSC,ZEB1",P,11
1095,"miR-34a,TWIST2,TWIST1,SNAI2,miR-101,SNAI1,ZEB2,miR-200a,ZEB1",P,9
1096,"miR-34a,TWIST2,TWIST1,SNAI2,miR-101,SNAI1,ZEB2,miR-200c,TGF-beta,GSC,ZEB1",P,11
1097,"miR-34a,TWIST2,TWIST1,SNAI2,miR-101,SNAI1,ZEB2,miR-200c,ZEB1",P,9
1098,"miR-34a,TWIST2,TWIST1,SNAI2,miR-101,SNAI1,ZEB2,miR-200b,TGF-beta,GSC,ZEB1",P,11
1099,"miR-34a,TWIST2,TWIST1,SNAI2,miR-101,SNAI1,ZEB2,miR-200b,ZEB1",P,9
1100,"miR-34a,TWIST2,TWIST1,SNAI2,miR-101,SNAI1,ZEB1",P,7
1101,"miR-34a,TWIST2,TWIST1,SNAI2,miR-101,ZEB2,miR-200a,TGF-beta,SNAI1",P,9
1102,"miR-34a,TWIST2,TWIST1,SNAI2,miR-101,ZEB2,miR-200a,TGF-beta,SNAI1,ZEB1",P,10
1103,"miR-34a,TWIST2,TWIST1,SNAI2,miR-101,ZEB2,miR-200a,TGF-beta,GSC,ZEB1",P,10
1104,"miR-34a,TWIST2,TWIST1,SNAI2,miR-101,ZEB2,miR-200a,TGF-beta,GSC,SNAI1",P,10
1105,"miR-34a,TWIST2,TWIST1,SNAI2,miR-101,ZEB2,miR-200a,TGF-beta,GSC,SNAI1,ZEB1",P,11
1106,"miR-34a,TWIST2,TWIST1,SNAI2,miR-101,ZEB2,miR-200a,ZEB1",P,8
1107,"miR-34a,TWIST2,TWIST1,SNAI2,miR-101,ZEB2,miR-200a,ZEB1,miR-200c,TGF-beta,SNAI1",P,11
1108,"miR-34a,TWIST2,TWIST1,SNAI2,miR-101,ZEB2,miR-200a,ZEB1,miR-200c,TGF-beta,GSC,SNAI1",P,12
1109,"miR-34a,TWIST2,TWIST1,SNAI2,miR-101,ZEB2,miR-200a,ZEB1,miR-200b,TGF-beta,SNAI1",P,11
1110,"miR-34a,TWIST2,TWIST1,SNAI2,miR-101,ZEB2,miR-200a,ZEB1,miR-200b,TGF-beta,GSC,SNAI1",P,12
1111,"miR-34a,TWIST2,TWIST1,SNAI2,miR-101,ZEB2,miR-200a,ZEB1,miR-141,TGF-beta,SNAI1",P,11
1112,"miR-34a,TWIST2,TWIST1,SNAI2,miR-101,ZEB2,miR-200a,ZEB1,miR-141,TGF-beta,GSC,SNAI1",P,12
1113,"miR-34a,TWIST2,TWIST1,SNAI2,miR-101,ZEB2,miR-200c,TGF-beta,SNAI1",P,9
1114,"miR-34a,TWIST2,TWIST1,SNAI2,miR-101,ZEB2,miR-200c,TGF-beta,SNAI1,ZEB1",P,10
1115,"miR-34a,TWIST2,TWIST1,SNAI2,miR-101,ZEB2,miR-200c,TGF-beta,GSC,ZEB1",P,10
1116,"miR-34a,TWIST2,TWIST1,SNAI2,miR-101,ZEB2,miR-200c,TGF-beta,GSC,SNAI1",P,10
1117,"miR-34a,TWIST2,TWIST1,SNAI2,miR-101,ZEB2,miR-200c,TGF-beta,GSC,SNAI1,ZEB1",P,11
1118,"miR-34a,TWIST2,TWIST1,SNAI2,miR-101,ZEB2,miR-200c,ZEB1",P,8
1119,"miR-34a,TWIST2,TWIST1,SNAI2,miR-101,ZEB2,miR-200c,ZEB1,miR-200a,TGF-beta,SNAI1",P,11
1120,"miR-34a,TWIST2,TWIST1,SNAI2,miR-101,ZEB2,miR-200c,ZEB1,miR-200a,TGF-beta,GSC,SNAI1",P,12
1121,"miR-34a,TWIST2,TWIST1,SNAI2,miR-101,ZEB2,miR-200c,ZEB1,miR-200b,TGF-beta,SNAI1",P,11
1122,"miR-34a,TWIST2,TWIST1,SNAI2,miR-101,ZEB2,miR-200c,ZEB1,miR-200b,TGF-beta,GSC,SNAI1",P,12
1123,"miR-34a,TWIST2,TWIST1,SNAI2,miR-101,ZEB2,miR-200c,ZEB1,miR-141,TGF-beta,SNAI1",P,11
1124,"miR-34a,TWIST2,TWIST1,SNAI2,miR-101,ZEB2,miR-200c,ZEB1,miR-141,TGF-beta,GSC,SNAI1",P,12
1125,"miR-34a,TWIST2,TWIST1,SNAI2,miR-101,ZEB2,miR-200b,TGF-beta,SNAI1",P,9
1126,"miR-34a,TWIST2,TWIST1,SNAI2,miR-101,ZEB2,miR-200b,TGF-beta,SNAI1,ZEB1",P,10
1127,"miR-34a,TWIST2,TWIST1,SNAI2,miR-101,ZEB2,miR-200b,TGF-beta,GSC,ZEB1",P,10
1128,"miR-34a,TWIST2,TWIST1,SNAI2,miR-101,ZEB2,miR-200b,TGF-beta,GSC,SNAI1",P,10
1129,"miR-34a,TWIST2,TWIST1,SNAI2,miR-101,ZEB2,miR-200b,TGF-beta,GSC,SNAI1,ZEB1",P,11
1130,"miR-34a,TWIST2,TWIST1,SNAI2,miR-101,ZEB2,miR-200b,ZEB1",P,8
1131,"miR-34a,TWIST2,TWIST1,SNAI2,miR-101,ZEB2,miR-200b,ZEB1,miR-200a,TGF-beta,SNAI1",P,11
1132,"miR-34a,TWIST2,TWIST1,SNAI2,miR-101,ZEB2,miR-200b,ZEB1,miR-200a,TGF-beta,GSC,SNAI1",P,12
1133,"miR-34a,TWIST2,TWIST1,SNAI2,miR-101,ZEB2,miR-200b,ZEB1,miR-200c,TGF-beta,SNAI1",P,11
1134,"miR-34a,TWIST2,TWIST1,SNAI2,miR-101,ZEB2,miR-200b,ZEB1,miR-200c,TGF-beta,GSC,SNAI1",P,12
1135,"miR-34a,TWIST2,TWIST1,SNAI2,miR-101,ZEB2,miR-200b,ZEB1,miR-141,TGF-beta,SNAI1",P,11
1136,"miR-34a,TWIST2,TWIST1,SNAI2,miR-101,ZEB2,miR-200b,ZEB1,miR-141,TGF-beta,GSC,SNAI1",P,12
1137,"miR-34a,TWIST2,TWIST1,SNAI2,miR-101,ZEB1",P,6
1138,"miR-34a,TWIST2,TWIST1,SNAI2,miR-101,ZEB1,miR-200a,TGF-beta,SNAI1",P,9
1139,"miR-34a,TWIST2,TWIST1,SNAI2,miR-101,ZEB1,miR-200a,TGF-beta,GSC,SNAI1",P,10
1140,"miR-34a,TWIST2,TWIST1,SNAI2,miR-101,ZEB1,miR-200a,ZEB2,miR-200c,TGF-beta,SNAI1",P,11
1141,"miR-34a,TWIST2,TWIST1,SNAI2,miR-101,ZEB1,miR-200a,ZEB2,miR-200c,TGF-beta,GSC,SNAI1",P,12
1142,"miR-34a,TWIST2,TWIST1,SNAI2,miR-101,ZEB1,miR-200a,ZEB2,miR-200b,TGF-beta,SNAI1",P,11
1143,"miR-34a,TWIST2,TWIST1,SNAI2,miR-101,ZEB1,miR-200a,ZEB2,miR-200b,TGF-beta,GSC,SNAI1",P,12
1144,"miR-34a,TWIST2,TWIST1,SNAI2,miR-101,ZEB1,miR-200c,TGF-beta,SNAI1",P,9
1145,"miR-34a,TWIST2,TWIST1,SNAI2,miR-101,ZEB1,miR-200c,TGF-beta,GSC,SNAI1",P,10
1146,"miR-34a,TWIST2,TWIST1,SNAI2,miR-101,ZEB1,miR-200c,ZEB2,miR-200a,TGF-beta,SNAI1",P,11
1147,"miR-34a,TWIST2,TWIST1,SNAI2,miR-101,ZEB1,miR-200c,ZEB2,miR-200a,TGF-beta,GSC,SNAI1",P,12
1148,"miR-34a,TWIST2,TWIST1,SNAI2,miR-101,ZEB1,miR-200c,ZEB2,miR-200b,TGF-beta,SNAI1",P,11
1149,"miR-34a,TWIST2,TWIST1,SNAI2,miR-101,ZEB1,miR-200c,ZEB2,miR-200b,TGF-beta,GSC,SNAI1",P,12
1150,"miR-34a,TWIST2,TWIST1,SNAI2,miR-101,ZEB1,miR-200b,TGF-beta,SNAI1",P,9
1151,"miR-34a,TWIST2,TWIST1,SNAI2,miR-101,ZEB1,miR-200b,TGF-beta,GSC,SNAI1",P,10
1152,"miR-34a,TWIST2,TWIST1,SNAI2,miR-101,ZEB1,miR-200b,ZEB2,miR-200a,TGF-beta,SNAI1",P,11
1153,"miR-34a,TWIST2,TWIST1,SNAI2,miR-101,ZEB1,miR-200b,ZEB2,miR-200a,TGF-beta,GSC,SNAI1",P,12
1154,"miR-34a,TWIST2,TWIST1,SNAI2,miR-101,ZEB1,miR-200b,ZEB2,miR-200c,TGF-beta,SNAI1",P,11
1155,"miR-34a,TWIST2,TWIST1,SNAI2,miR-101,ZEB1,miR-200b,ZEB2,miR-200c,TGF-beta,GSC,SNAI1",P,12
1156,"miR-34a,TWIST2,TWIST1,SNAI2,miR-101,ZEB1,miR-141,TGF-beta,SNAI1",P,9
1157,"miR-34a,TWIST2,TWIST1,SNAI2,miR-101,ZEB1,miR-141,TGF-beta,GSC,SNAI1",P,10
1158,"miR-34a,TWIST2,TWIST1,SNAI2,miR-101,ZEB1,miR-141,ZEB2,miR-200a,TGF-beta,SNAI1",P,11
1159,"miR-34a,TWIST2,TWIST1,SNAI2,miR-101,ZEB1,miR-141,ZEB2,miR-200a,TGF-beta,GSC,SNAI1",P,12
1160,"miR-34a,TWIST2,TWIST1,SNAI2,miR-101,ZEB1,miR-141,ZEB2,miR-200c,TGF-beta,SNAI1",P,11
1161,"miR-34a,TWIST2,TWIST1,SNAI2,miR-101,ZEB1,miR-141,ZEB2,miR-200c,TGF-beta,GSC,SNAI1",P,12
1162,"miR-34a,TWIST2,TWIST1,SNAI2,miR-101,ZEB1,miR-141,ZEB2,miR-200b,TGF-beta,SNAI1",P,11
1163,"miR-34a,TWIST2,TWIST1,SNAI2,miR-101,ZEB1,miR-141,ZEB2,miR-200b,TGF-beta,GSC,SNAI1",P,12
1164,"miR-34a,TWIST2,TWIST1,SNAI1,miR-101,ZEB2,miR-200a,TGF-beta,SNAI2,miR-200b,ZEB1",P,11
1165,"miR-34a,TWIST2,TWIST1,SNAI1,miR-101,ZEB2,miR-200a,TGF-beta,GSC,ZEB1",P,10
1166,"miR-34a,TWIST2,TWIST1,SNAI1,miR-101,ZEB2,miR-200a,ZEB1",P,8
1167,"miR-34a,TWIST2,TWIST1,SNAI1,miR-101,ZEB2,miR-200c,TGF-beta,SNAI2,miR-200b,ZEB1",P,11
1168,"miR-34a,TWIST2,TWIST1,SNAI1,miR-101,ZEB2,miR-200c,TGF-beta,GSC,ZEB1",P,10
1169,"miR-34a,TWIST2,TWIST1,SNAI1,miR-101,ZEB2,miR-200c,ZEB1",P,8
1170,"miR-34a,TWIST2,TWIST1,SNAI1,miR-101,ZEB2,miR-200b,TGF-beta,GSC,ZEB1",P,10
1171,"miR-34a,TWIST2,TWIST1,SNAI1,miR-101,ZEB2,miR-200b,ZEB1",P,8
1172,"miR-34a,TWIST2,TWIST1,SNAI1,miR-101,ZEB1",P,6
1173,"miR-34a,TWIST2,TWIST1,SNAI1",P,4
1174,"miR-34a,TWIST2,TWIST1,SNAI1,ZEB2,miR-200a,TGF-beta,SNAI2,miR-200b,ZEB1",P,10
1175,"miR-34a,TWIST2,TWIST1,SNAI1,ZEB2,miR-200a,TGF-beta,SNAI2,miR-101,ZEB1",P,10
1176,"miR-34a,TWIST2,TWIST1,SNAI1,ZEB2,miR-200a,TGF-beta,GSC,ZEB1",P,9
1177,"miR-34a,TWIST2,TWIST1,SNAI1,ZEB2,miR-200a,ZEB1",P,7
1178,"miR-34a,TWIST2,TWIST1,SNAI1,ZEB2,miR-200c,TGF-beta,SNAI2,miR-200b,ZEB1",P,10
1179,"miR-34a,TWIST2,TWIST1,SNAI1,ZEB2,miR-200c,TGF-beta,SNAI2,miR-101,ZEB1",P,10
1180,"miR-34a,TWIST2,TWIST1,SNAI1,ZEB2,miR-200c,TGF-beta,GSC,ZEB1",P,9
1181,"miR-34a,TWIST2,TWIST1,SNAI1,ZEB2,miR-200c,ZEB1",P,7
1182,"miR-34a,TWIST2,TWIST1,SNAI1,ZEB2,miR-200b,TGF-beta,SNAI2,miR-101,ZEB1",P,10
1183,"miR-34a,TWIST2,TWIST1,SNAI1,ZEB2,miR-200b,TGF-beta,GSC,ZEB1",P,9
1184,"miR-34a,TWIST2,TWIST1,SNAI1,ZEB2,miR-200b,ZEB1",P,7
1185,"miR-34a,TWIST2,TWIST1,SNAI1,ZEB1",P,5
1186,"miR-34a,TWIST2,TWIST1,SNAI1,SNAI2,miR-200b,TGF-beta,GSC,ZEB2,miR-200a,ZEB1",P,11
1187,"miR-34a,TWIST2,TWIST1,SNAI1,SNAI2,miR-200b,TGF-beta,GSC,ZEB2,miR-200c,ZEB1",P,11
1188,"miR-34a,TWIST2,TWIST1,SNAI1,SNAI2,miR-200b,TGF-beta,GSC,ZEB1",P,9
1189,"miR-34a,TWIST2,TWIST1,SNAI1,SNAI2,miR-200b,ZEB2,miR-200a,TGF-beta,GSC,ZEB1",P,11
1190,"miR-34a,TWIST2,TWIST1,SNAI1,SNAI2,miR-200b,ZEB2,miR-200a,ZEB1",P,9
1191,"miR-34a,TWIST2,TWIST1,SNAI1,SNAI2,miR-200b,ZEB2,miR-200c,TGF-beta,GSC,ZEB1",P,11
1192,"miR-34a,TWIST2,TWIST1,SNAI1,SNAI2,miR-200b,ZEB2,miR-200c,ZEB1",P,9
1193,"miR-34a,TWIST2,TWIST1,SNAI1,SNAI2,miR-200b,ZEB1",P,7
1194,"miR-34a,TWIST2,TWIST1,SNAI1,SNAI2,miR-101,ZEB2,miR-200a,TGF-beta,GSC,ZEB1",P,11
1195,"miR-34a,TWIST2,TWIST1,SNAI1,SNAI2,miR-101,ZEB2,miR-200a,ZEB1",P,9
1196,"miR-34a,TWIST2,TWIST1,SNAI1,SNAI2,miR-101,ZEB2,miR-200c,TGF-beta,GSC,ZEB1",P,11
1197,"miR-34a,TWIST2,TWIST1,SNAI1,SNAI2,miR-101,ZEB2,miR-200c,ZEB1",P,9
1198,"miR-34a,TWIST2,TWIST1,SNAI1,SNAI2,miR-101,ZEB2,miR-200b,TGF-beta,GSC,ZEB1",P,11
1199,"miR-34a,TWIST2,TWIST1,SNAI1,SNAI2,miR-101,ZEB2,miR-200b,ZEB1",P,9
1200,"miR-34a,TWIST2,TWIST1,SNAI1,SNAI2,miR-101,ZEB1",P,7
1201,"miR-34a,TWIST2,SNAI2,miR-200b,TGF-beta,SNAI1,miR-101,ZEB2,miR-200a,ZEB1",P,10
1202,"miR-34a,TWIST2,SNAI2,miR-200b,TGF-beta,SNAI1,miR-101,ZEB2,miR-200c,ZEB1",P,10
1203,"miR-34a,TWIST2,SNAI2,miR-200b,TGF-beta,SNAI1,miR-101,ZEB1",P,8
1204,"miR-34a,TWIST2,SNAI2,miR-200b,TGF-beta,SNAI1",P,6
1205,"miR-34a,TWIST2,SNAI2,miR-200b,TGF-beta,SNAI1,ZEB2,miR-200a,ZEB1",P,9
1206,"miR-34a,TWIST2,SNAI2,miR-200b,TGF-beta,SNAI1,ZEB2,miR-200c,ZEB1",P,9
1207,"miR-34a,TWIST2,SNAI2,miR-200b,TGF-beta,SNAI1,ZEB1",P,7
1208,"miR-34a,TWIST2,SNAI2,miR-200b,TGF-beta,SNAI1,TWIST1,ZEB2,miR-200a,ZEB1",P,10
1209,"miR-34a,TWIST2,SNAI2,miR-200b,TGF-beta,SNAI1,TWIST1,ZEB2,miR-200c,ZEB1",P,10
1210,"miR-34a,TWIST2,SNAI2,miR-200b,TGF-beta,SNAI1,TWIST1,ZEB1",P,8
1211,"miR-34a,TWIST2,SNAI2,miR-200b,TGF-beta,GSC,ZEB2,miR-200a,ZEB1",P,9
1212,"miR-34a,TWIST2,SNAI2,miR-200b,TGF-beta,GSC,ZEB2,miR-200c,ZEB1",P,9
1213,"miR-34a,TWIST2,SNAI2,miR-200b,TGF-beta,GSC,ZEB1",P,7
1214,"miR-34a,TWIST2,SNAI2,miR-200b,TGF-beta,GSC,TWIST1,ZEB2,miR-200a,ZEB1",P,10
1215,"miR-34a,TWIST2,SNAI2,miR-200b,TGF-beta,GSC,TWIST1,ZEB2,miR-200c,ZEB1",P,10
1216,"miR-34a,TWIST2,SNAI2,miR-200b,TGF-beta,GSC,TWIST1,ZEB1",P,8
1217,"miR-34a,TWIST2,SNAI2,miR-200b,TGF-beta,GSC,TWIST1,SNAI1,miR-101,ZEB2,miR-200a,ZEB1",P,12
1218,"miR-34a,TWIST2,SNAI2,miR-200b,TGF-beta,GSC,TWIST1,SNAI1,miR-101,ZEB2,miR-200c,ZEB1",P,12
1219,"miR-34a,TWIST2,SNAI2,miR-200b,TGF-beta,GSC,TWIST1,SNAI1,miR-101,ZEB1",P,10
1220,"miR-34a,TWIST2,SNAI2,miR-200b,TGF-beta,GSC,TWIST1,SNAI1",P,8
1221,"miR-34a,TWIST2,SNAI2,miR-200b,TGF-beta,GSC,TWIST1,SNAI1,ZEB2,miR-200a,ZEB1",P,11
1222,"miR-34a,TWIST2,SNAI2,miR-200b,TGF-beta,GSC,TWIST1,SNAI1,ZEB2,miR-200c,ZEB1",P,11
1223,"miR-34a,TWIST2,SNAI2,miR-200b,TGF-beta,GSC,TWIST1,SNAI1,ZEB1",P,9
1224,"miR-34a,TWIST2,SNAI2,miR-200b,TGF-beta,GSC,SNAI1,miR-101,ZEB2,miR-200a,ZEB1",P,11
1225,"miR-34a,TWIST2,SNAI2,miR-200b,TGF-beta,GSC,SNAI1,miR-101,ZEB2,miR-200c,ZEB1",P,11
1226,"miR-34a,TWIST2,SNAI2,miR-200b,TGF-beta,GSC,SNAI1,miR-101,ZEB1",P,9
1227,"miR-34a,TWIST2,SNAI2,miR-200b,TGF-beta,GSC,SNAI1",P,7
1228,"miR-34a,TWIST2,SNAI2,miR-200b,TGF-beta,GSC,SNAI1,ZEB2,miR-200a,ZEB1",P,10
1229,"miR-34a,TWIST2,SNAI2,miR-200b,TGF-beta,GSC,SNAI1,ZEB2,miR-200c,ZEB1",P,10
1230,"miR-34a,TWIST2,SNAI2,miR-200b,TGF-beta,GSC,SNAI1,ZEB1",P,8
1231,"miR-34a,TWIST2,SNAI2,miR-200b,TGF-beta,GSC,SNAI1,TWIST1,ZEB2,miR-200a,ZEB1",P,11
1232,"miR-34a,TWIST2,SNAI2,miR-200b,TGF-beta,GSC,SNAI1,TWIST1,ZEB2,miR-200c,ZEB1",P,11
1233,"miR-34a,TWIST2,SNAI2,miR-200b,TGF-beta,GSC,SNAI1,TWIST1,ZEB1",P,9
1234,"miR-34a,TWIST2,SNAI2,miR-200b,ZEB2,miR-200a,TGF-beta,SNAI1,miR-101,ZEB1",P,10
1235,"miR-34a,TWIST2,SNAI2,miR-200b,ZEB2,miR-200a,TGF-beta,SNAI1",P,8
1236,"miR-34a,TWIST2,SNAI2,miR-200b,ZEB2,miR-200a,TGF-beta,SNAI1,ZEB1",P,9
1237,"miR-34a,TWIST2,SNAI2,miR-200b,ZEB2,miR-200a,TGF-beta,SNAI1,TWIST1,ZEB1",P,10
1238,"miR-34a,TWIST2,SNAI2,miR-200b,ZEB2,miR-200a,TGF-beta,GSC,ZEB1",P,9
1239,"miR-34a,TWIST2,SNAI2,miR-200b,ZEB2,miR-200a,TGF-beta,GSC,TWIST1,ZEB1",P,10
1240,"miR-34a,TWIST2,SNAI2,miR-200b,ZEB2,miR-200a,TGF-beta,GSC,TWIST1,SNAI1,miR-101,ZEB1",P,12
1241,"miR-34a,TWIST2,SNAI2,miR-200b,ZEB2,miR-200a,TGF-beta,GSC,TWIST1,SNAI1",P,10
1242,"miR-34a,TWIST2,SNAI2,miR-200b,ZEB2,miR-200a,TGF-beta,GSC,TWIST1,SNAI1,ZEB1",P,11
1243,"miR-34a,TWIST2,SNAI2,miR-200b,ZEB2,miR-200a,TGF-beta,GSC,SNAI1,miR-101,ZEB1",P,11
1244,"miR-34a,TWIST2,SNAI2,miR-200b,ZEB2,miR-200a,TGF-beta,GSC,SNAI1",P,9
1245,"miR-34a,TWIST2,SNAI2,miR-200b,ZEB2,miR-200a,TGF-beta,GSC,SNAI1,ZEB1",P,10
1246,"miR-34a,TWIST2,SNAI2,miR-200b,ZEB2,miR-200a,TGF-beta,GSC,SNAI1,TWIST1,ZEB1",P,11
1247,"miR-34a,TWIST2,SNAI2,miR-200b,ZEB2,miR-200a,ZEB1",P,7
1248,"miR-34a,TWIST2,SNAI2,miR-200b,ZEB2,miR-200a,ZEB1,miR-200c,TGF-beta,SNAI1",P,10
1249,"miR-34a,TWIST2,SNAI2,miR-200b,ZEB2,miR-200a,ZEB1,miR-200c,TGF-beta,GSC,TWIST1,SNAI1",P,12
1250,"miR-34a,TWIST2,SNAI2,miR-200b,ZEB2,miR-200a,ZEB1,miR-200c,TGF-beta,GSC,SNAI1",P,11
1251,"miR-34a,TWIST2,SNAI2,miR-200b,ZEB2,miR-200a,ZEB1,miR-141,TGF-beta,SNAI1",P,10
1252,"miR-34a,TWIST2,SNAI2,miR-200b,ZEB2,miR-200a,ZEB1,miR-141,TGF-beta,GSC,TWIST1,SNAI1",P,12
1253,"miR-34a,TWIST2,SNAI2,miR-200b,ZEB2,miR-200a,ZEB1,miR-141,TGF-beta,GSC,SNAI1",P,11
1254,"miR-34a,TWIST2,SNAI2,miR-200b,ZEB2,miR-200c,TGF-beta,SNAI1,miR-101,ZEB1",P,10
1255,"miR-34a,TWIST2,SNAI2,miR-200b,ZEB2,miR-200c,TGF-beta,SNAI1",P,8
1256,"miR-34a,TWIST2,SNAI2,miR-200b,ZEB2,miR-200c,TGF-beta,SNAI1,ZEB1",P,9
1257,"miR-34a,TWIST2,SNAI2,miR-200b,ZEB2,miR-200c,TGF-beta,SNAI1,TWIST1,ZEB1",P,10
1258,"miR-34a,TWIST2,SNAI2,miR-200b,ZEB2,miR-200c,TGF-beta,GSC,ZEB1",P,9
1259,"miR-34a,TWIST2,SNAI2,miR-200b,ZEB2,miR-200c,TGF-beta,GSC,TWIST1,ZEB1",P,10
1260,"miR-34a,TWIST2,SNAI2,miR-200b,ZEB2,miR-200c,TGF-beta,GSC,TWIST1,SNAI1,miR-101,ZEB1",P,12
1261,"miR-34a,TWIST2,SNAI2,miR-200b,ZEB2,miR-200c,TGF-beta,GSC,TWIST1,SNAI1",P,10
1262,"miR-34a,TWIST2,SNAI2,miR-200b,ZEB2,miR-200c,TGF-beta,GSC,TWIST1,SNAI1,ZEB1",P,11
1263,"miR-34a,TWIST2,SNAI2,miR-200b,ZEB2,miR-200c,TGF-beta,GSC,SNAI1,miR-101,ZEB1",P,11
1264,"miR-34a,TWIST2,SNAI2,miR-200b,ZEB2,miR-200c,TGF-beta,GSC,SNAI1",P,9
1265,"miR-34a,TWIST2,SNAI2,miR-200b,ZEB2,miR-200c,TGF-beta,GSC,SNAI1,ZEB1",P,10
1266,"miR-34a,TWIST2,SNAI2,miR-200b,ZEB2,miR-200c,TGF-beta,GSC,SNAI1,TWIST1,ZEB1",P,11
1267,"miR-34a,TWIST2,SNAI2,miR-200b,ZEB2,miR-200c,ZEB1",P,7
1268,"miR-34a,TWIST2,SNAI2,miR-200b,ZEB2,miR-200c,ZEB1,miR-200a,TGF-beta,SNAI1",P,10
1269,"miR-34a,TWIST2,SNAI2,miR-200b,ZEB2,miR-200c,ZEB1,miR-200a,TGF-beta,GSC,TWIST1,SNAI1",P,12
1270,"miR-34a,TWIST2,SNAI2,miR-200b,ZEB2,miR-200c,ZEB1,miR-200a,TGF-beta,GSC,SNAI1",P,11
1271,"miR-34a,TWIST2,SNAI2,miR-200b,ZEB2,miR-200c,ZEB1,miR-141,TGF-beta,SNAI1",P,10
1272,"miR-34a,TWIST2,SNAI2,miR-200b,ZEB2,miR-200c,ZEB1,miR-141,TGF-beta,GSC,TWIST1,SNAI1",P,12
1273,"miR-34a,TWIST2,SNAI2,miR-200b,ZEB2,miR-200c,ZEB1,miR-141,TGF-beta,GSC,SNAI1",P,11
1274,"miR-34a,TWIST2,SNAI2,miR-200b,ZEB1",P,5
1275,"miR-34a,TWIST2,SNAI2,miR-200b,ZEB1,miR-200a,TGF-beta,SNAI1",P,8
1276,"miR-34a,TWIST2,SNAI2,miR-200b,ZEB1,miR-200a,TGF-beta,GSC,TWIST1,SNAI1",P,10
1277,"miR-34a,TWIST2,SNAI2,miR-200b,ZEB1,miR-200a,TGF-beta,GSC,SNAI1",P,9
1278,"miR-34a,TWIST2,SNAI2,miR-200b,ZEB1,miR-200a,ZEB2,miR-200c,TGF-beta,SNAI1",P,10
1279,"miR-34a,TWIST2,SNAI2,miR-200b,ZEB1,miR-200a,ZEB2,miR-200c,TGF-beta,GSC,TWIST1,SNAI1",P,12
1280,"miR-34a,TWIST2,SNAI2,miR-200b,ZEB1,miR-200a,ZEB2,miR-200c,TGF-beta,GSC,SNAI1",P,11
1281,"miR-34a,TWIST2,SNAI2,miR-200b,ZEB1,miR-200c,TGF-beta,SNAI1",P,8
1282,"miR-34a,TWIST2,SNAI2,miR-200b,ZEB1,miR-200c,TGF-beta,GSC,TWIST1,SNAI1",P,10
1283,"miR-34a,TWIST2,SNAI2,miR-200b,ZEB1,miR-200c,TGF-beta,GSC,SNAI1",P,9
1284,"miR-34a,TWIST2,SNAI2,miR-200b,ZEB1,miR-200c,ZEB2,miR-200a,TGF-beta,SNAI1",P,10
1285,"miR-34a,TWIST2,SNAI2,miR-200b,ZEB1,miR-200c,ZEB2,miR-200a,TGF-beta,GSC,TWIST1,SNAI1",P,12
1286,"miR-34a,TWIST2,SNAI2,miR-200b,ZEB1,miR-200c,ZEB2,miR-200a,TGF-beta,GSC,SNAI1",P,11
1287,"miR-34a,TWIST2,SNAI2,miR-200b,ZEB1,miR-141,TGF-beta,SNAI1",P,8
1288,"miR-34a,TWIST2,SNAI2,miR-200b,ZEB1,miR-141,TGF-beta,GSC,TWIST1,SNAI1",P,10
1289,"miR-34a,TWIST2,SNAI2,miR-200b,ZEB1,miR-141,TGF-beta,GSC,SNAI1",P,9
1290,"miR-34a,TWIST2,SNAI2,miR-200b,ZEB1,miR-141,ZEB2,miR-200a,TGF-beta,SNAI1",P,10
1291,"miR-34a,TWIST2,SNAI2,miR-200b,ZEB1,miR-141,ZEB2,miR-200a,TGF-beta,GSC,TWIST1,SNAI1",P,12
1292,"miR-34a,TWIST2,SNAI2,miR-200b,ZEB1,miR-141,ZEB2,miR-200a,TGF-beta,GSC,SNAI1",P,11
1293,"miR-34a,TWIST2,SNAI2,miR-200b,ZEB1,miR-141,ZEB2,miR-200c,TGF-beta,SNAI1",P,10
1294,"miR-34a,TWIST2,SNAI2,miR-200b,ZEB1,miR-141,ZEB2,miR-200c,TGF-beta,GSC,TWIST1,SNAI1",P,12
1295,"miR-34a,TWIST2,SNAI2,miR-200b,ZEB1,miR-141,ZEB2,miR-200c,TGF-beta,GSC,SNAI1",P,11
1296,"miR-34a,TWIST2,SNAI2,miR-101,SNAI1",P,5
1297,"miR-34a,TWIST2,SNAI2,miR-101,SNAI1,ZEB2,miR-200a,TGF-beta,GSC,ZEB1",P,10
1298,"miR-34a,TWIST2,SNAI2,miR-101,SNAI1,ZEB2,miR-200a,TGF-beta,GSC,TWIST1,ZEB1",P,11
1299,"miR-34a,TWIST2,SNAI2,miR-101,SNAI1,ZEB2,miR-200a,ZEB1",P,8
1300,"miR-34a,TWIST2,SNAI2,miR-101,SNAI1,ZEB2,miR-200c,TGF-beta,GSC,ZEB1",P,10
1301,"miR-34a,TWIST2,SNAI2,miR-101,SNAI1,ZEB2,miR-200c,TGF-beta,GSC,TWIST1,ZEB1",P,11
1302,"miR-34a,TWIST2,SNAI2,miR-101,SNAI1,ZEB2,miR-200c,ZEB1",P,8
1303,"miR-34a,TWIST2,SNAI2,miR-101,SNAI1,ZEB2,miR-200b,TGF-beta,GSC,ZEB1",P,10
1304,"miR-34a,TWIST2,SNAI2,miR-101,SNAI1,ZEB2,miR-200b,TGF-beta,GSC,TWIST1,ZEB1",P,11
1305,"miR-34a,TWIST2,SNAI2,miR-101,SNAI1,ZEB2,miR-200b,ZEB1",P,8
1306,"miR-34a,TWIST2,SNAI2,miR-101,SNAI1,ZEB1",P,6
1307,"miR-34a,TWIST2,SNAI2,miR-101,SNAI1,TWIST1,ZEB2,miR-200a,TGF-beta,GSC,ZEB1",P,11
1308,"miR-34a,TWIST2,SNAI2,miR-101,SNAI1,TWIST1,ZEB2,miR-200a,ZEB1",P,9
1309,"miR-34a,TWIST2,SNAI2,miR-101,SNAI1,TWIST1,ZEB2,miR-200c,TGF-beta,GSC,ZEB1",P,11
1310,"miR-34a,TWIST2,SNAI2,miR-101,SNAI1,TWIST1,ZEB2,miR-200c,ZEB1",P,9
1311,"miR-34a,TWIST2,SNAI2,miR-101,SNAI1,TWIST1,ZEB2,miR-200b,TGF-beta,GSC,ZEB1",P,11
1312,"miR-34a,TWIST2,SNAI2,miR-101,SNAI1,TWIST1,ZEB2,miR-200b,ZEB1",P,9
1313,"miR-34a,TWIST2,SNAI2,miR-101,SNAI1,TWIST1,ZEB1",P,7
1314,"miR-34a,TWIST2,SNAI2,miR-101,ZEB2,miR-200a,TGF-beta,SNAI1",P,8
1315,"miR-34a,TWIST2,SNAI2,miR-101,ZEB2,miR-200a,TGF-beta,SNAI1,ZEB1",P,9
1316,"miR-34a,TWIST2,SNAI2,miR-101,ZEB2,miR-200a,TGF-beta,SNAI1,TWIST1,ZEB1",P,10
1317,"miR-34a,TWIST2,SNAI2,miR-101,ZEB2,miR-200a,TGF-beta,GSC,ZEB1",P,9
1318,"miR-34a,TWIST2,SNAI2,miR-101,ZEB2,miR-200a,TGF-beta,GSC,TWIST1,ZEB1",P,10
1319,"miR-34a,TWIST2,SNAI2,miR-101,ZEB2,miR-200a,TGF-beta,GSC,TWIST1,SNAI1",P,10
1320,"miR-34a,TWIST2,SNAI2,miR-101,ZEB2,miR-200a,TGF-beta,GSC,TWIST1,SNAI1,ZEB1",P,11
1321,"miR-34a,TWIST2,SNAI2,miR-101,ZEB2,miR-200a,TGF-beta,GSC,SNAI1",P,9
1322,"miR-34a,TWIST2,SNAI2,miR-101,ZEB2,miR-200a,TGF-beta,GSC,SNAI1,ZEB1",P,10
1323,"miR-34a,TWIST2,SNAI2,miR-101,ZEB2,miR-200a,TGF-beta,GSC,SNAI1,TWIST1,ZEB1",P,11
1324,"miR-34a,TWIST2,SNAI2,miR-101,ZEB2,miR-200a,ZEB1",P,7
1325,"miR-34a,TWIST2,SNAI2,miR-101,ZEB2,miR-200a,ZEB1,miR-200c,TGF-beta,SNAI1",P,10
1326,"miR-34a,TWIST2,SNAI2,miR-101,ZEB2,miR-200a,ZEB1,miR-200c,TGF-beta,GSC,TWIST1,SNAI1",P,12
1327,"miR-34a,TWIST2,SNAI2,miR-101,ZEB2,miR-200a,ZEB1,miR-200c,TGF-beta,GSC,SNAI1",P,11
1328,"miR-34a,TWIST2,SNAI2,miR-101,ZEB2,miR-200a,ZEB1,miR-200b,TGF-beta,SNAI1",P,10
1329,"miR-34a,TWIST2,SNAI2,miR-101,ZEB2,miR-200a,ZEB1,miR-200b,TGF-beta,GSC,TWIST1,SNAI1",P,12
1330,"miR-34a,TWIST2,SNAI2,miR-101,ZEB2,miR-200a,ZEB1,miR-200b,TGF-beta,GSC,SNAI1",P,11
1331,"miR-34a,TWIST2,SNAI2,miR-101,ZEB2,miR-200a,ZEB1,miR-141,TGF-beta,SNAI1",P,10
1332,"miR-34a,TWIST2,SNAI2,miR-101,ZEB2,miR-200a,ZEB1,miR-141,TGF-beta,GSC,TWIST1,SNAI1",P,12
1333,"miR-34a,TWIST2,SNAI2,miR-101,ZEB2,miR-200a,ZEB1,miR-141,TGF-beta,GSC,SNAI1",P,11
1334,"miR-34a,TWIST2,SNAI2,miR-101,ZEB2,miR-200c,TGF-beta,SNAI1",P,8
1335,"miR-34a,TWIST2,SNAI2,miR-101,ZEB2,miR-200c,TGF-beta,SNAI1,ZEB1",P,9
1336,"miR-34a,TWIST2,SNAI2,miR-101,ZEB2,miR-200c,TGF-beta,SNAI1,TWIST1,ZEB1",P,10
1337,"miR-34a,TWIST2,SNAI2,miR-101,ZEB2,miR-200c,TGF-beta,GSC,ZEB1",P,9
1338,"miR-34a,TWIST2,SNAI2,miR-101,ZEB2,miR-200c,TGF-beta,GSC,TWIST1,ZEB1",P,10
1339,"miR-34a,TWIST2,SNAI2,miR-101,ZEB2,miR-200c,TGF-beta,GSC,TWIST1,SNAI1",P,10
1340,"miR-34a,TWIST2,SNAI2,miR-101,ZEB2,miR-200c,TGF-beta,GSC,TWIST1,SNAI1,ZEB1",P,11
1341,"miR-34a,TWIST2,SNAI2,miR-101,ZEB2,miR-200c,TGF-beta,GSC,SNAI1",P,9
1342,"miR-34a,TWIST2,SNAI2,miR-101,ZEB2,miR-200c,TGF-beta,GSC,SNAI1,ZEB1",P,10
1343,"miR-34a,TWIST2,SNAI2,miR-101,ZEB2,miR-200c,TGF-beta,GSC,SNAI1,TWIST1,ZEB1",P,11
1344,"miR-34a,TWIST2,SNAI2,miR-101,ZEB2,miR-200c,ZEB1",P,7
1345,"miR-34a,TWIST2,SNAI2,miR-101,ZEB2,miR-200c,ZEB1,miR-200a,TGF-beta,SNAI1",P,10
1346,"miR-34a,TWIST2,SNAI2,miR-101,ZEB2,miR-200c,ZEB1,miR-200a,TGF-beta,GSC,TWIST1,SNAI1",P,12
1347,"miR-34a,TWIST2,SNAI2,miR-101,ZEB2,miR-200c,ZEB1,miR-200a,TGF-beta,GSC,SNAI1",P,11
1348,"miR-34a,TWIST2,SNAI2,miR-101,ZEB2,miR-200c,ZEB1,miR-200b,TGF-beta,SNAI1",P,10
1349,"miR-34a,TWIST2,SNAI2,miR-101,ZEB2,miR-200c,ZEB1,miR-200b,TGF-beta,GSC,TWIST1,SNAI1",P,12
1350,"miR-34a,TWIST2,SNAI2,miR-101,ZEB2,miR-200c,ZEB1,miR-200b,TGF-beta,GSC,SNAI1",P,11
1351,"miR-34a,TWIST2,SNAI2,miR-101,ZEB2,miR-200c,ZEB1,miR-141,TGF-beta,SNAI1",P,10
1352,"miR-34a,TWIST2,SNAI2,miR-101,ZEB2,miR-200c,ZEB1,miR-141,TGF-beta,GSC,TWIST1,SNAI1",P,12
1353,"miR-34a,TWIST2,SNAI2,miR-101,ZEB2,miR-200c,ZEB1,miR-141,TGF-beta,GSC,SNAI1",P,11
1354,"miR-34a,TWIST2,SNAI2,miR-101,ZEB2,miR-200b,TGF-beta,SNAI1",P,8
1355,"miR-34a,TWIST2,SNAI2,miR-101,ZEB2,miR-200b,TGF-beta,SNAI1,ZEB1",P,9
1356,"miR-34a,TWIST2,SNAI2,miR-101,ZEB2,miR-200b,TGF-beta,SNAI1,TWIST1,ZEB1",P,10
1357,"miR-34a,TWIST2,SNAI2,miR-101,ZEB2,miR-200b,TGF-beta,GSC,ZEB1",P,9
1358,"miR-34a,TWIST2,SNAI2,miR-101,ZEB2,miR-200b,TGF-beta,GSC,TWIST1,ZEB1",P,10
1359,"miR-34a,TWIST2,SNAI2,miR-101,ZEB2,miR-200b,TGF-beta,GSC,TWIST1,SNAI1",P,10
1360,"miR-34a,TWIST2,SNAI2,miR-101,ZEB2,miR-200b,TGF-beta,GSC,TWIST1,SNAI1,ZEB1",P,11
1361,"miR-34a,TWIST2,SNAI2,miR-101,ZEB2,miR-200b,TGF-beta,GSC,SNAI1",P,9
1362,"miR-34a,TWIST2,SNAI2,miR-101,ZEB2,miR-200b,TGF-beta,GSC,SNAI1,ZEB1",P,10
1363,"miR-34a,TWIST2,SNAI2,miR-101,ZEB2,miR-200b,TGF-beta,GSC,SNAI1,TWIST1,ZEB1",P,11
1364,"miR-34a,TWIST2,SNAI2,miR-101,ZEB2,miR-200b,ZEB1",P,7
1365,"miR-34a,TWIST2,SNAI2,miR-101,ZEB2,miR-200b,ZEB1,miR-200a,TGF-beta,SNAI1",P,10
1366,"miR-34a,TWIST2,SNAI2,miR-101,ZEB2,miR-200b,ZEB1,miR-200a,TGF-beta,GSC,TWIST1,SNAI1",P,12
1367,"miR-34a,TWIST2,SNAI2,miR-101,ZEB2,miR-200b,ZEB1,miR-200a,TGF-beta,GSC,SNAI1",P,11
1368,"miR-34a,TWIST2,SNAI2,miR-101,ZEB2,miR-200b,ZEB1,miR-200c,TGF-beta,SNAI1",P,10
1369,"miR-34a,TWIST2,SNAI2,miR-101,ZEB2,miR-200b,ZEB1,miR-200c,TGF-beta,GSC,TWIST1,SNAI1",P,12
1370,"miR-34a,TWIST2,SNAI2,miR-101,ZEB2,miR-200b,ZEB1,miR-200c,TGF-beta,GSC,SNAI1",P,11
1371,"miR-34a,TWIST2,SNAI2,miR-101,ZEB2,miR-200b,ZEB1,miR-141,TGF-beta,SNAI1",P,10
1372,"miR-34a,TWIST2,SNAI2,miR-101,ZEB2,miR-200b,ZEB1,miR-141,TGF-beta,GSC,TWIST1,SNAI1",P,12
1373,"miR-34a,TWIST2,SNAI2,miR-101,ZEB2,miR-200b,ZEB1,miR-141,TGF-beta,GSC,SNAI1",P,11
1374,"miR-34a,TWIST2,SNAI2,miR-101,ZEB1",P,5
1375,"miR-34a,TWIST2,SNAI2,miR-101,ZEB1,miR-200a,TGF-beta,SNAI1",P,8
1376,"miR-34a,TWIST2,SNAI2,miR-101,ZEB1,miR-200a,TGF-beta,GSC,TWIST1,SNAI1",P,10
1377,"miR-34a,TWIST2,SNAI2,miR-101,ZEB1,miR-200a,TGF-beta,GSC,SNAI1",P,9
1378,"miR-34a,TWIST2,SNAI2,miR-101,ZEB1,miR-200a,ZEB2,miR-200c,TGF-beta,SNAI1",P,10
1379,"miR-34a,TWIST2,SNAI2,miR-101,ZEB1,miR-200a,ZEB2,miR-200c,TGF-beta,GSC,TWIST1,SNAI1",P,12
1380,"miR-34a,TWIST2,SNAI2,miR-101,ZEB1,miR-200a,ZEB2,miR-200c,TGF-beta,GSC,SNAI1",P,11
1381,"miR-34a,TWIST2,SNAI2,miR-101,ZEB1,miR-200a,ZEB2,miR-200b,TGF-beta,SNAI1",P,10
1382,"miR-34a,TWIST2,SNAI2,miR-101,ZEB1,miR-200a,ZEB2,miR-200b,TGF-beta,GSC,TWIST1,SNAI1",P,12
1383,"miR-34a,TWIST2,SNAI2,miR-101,ZEB1,miR-200a,ZEB2,miR-200b,TGF-beta,GSC,SNAI1",P,11
1384,"miR-34a,TWIST2,SNAI2,miR-101,ZEB1,miR-200c,TGF-beta,SNAI1",P,8
1385,"miR-34a,TWIST2,SNAI2,miR-101,ZEB1,miR-200c,TGF-beta,GSC,TWIST1,SNAI1",P,10
1386,"miR-34a,TWIST2,SNAI2,miR-101,ZEB1,miR-200c,TGF-beta,GSC,SNAI1",P,9
1387,"miR-34a,TWIST2,SNAI2,miR-101,ZEB1,miR-200c,ZEB2,miR-200a,TGF-beta,SNAI1",P,10
1388,"miR-34a,TWIST2,SNAI2,miR-101,ZEB1,miR-200c,ZEB2,miR-200a,TGF-beta,GSC,TWIST1,SNAI1",P,12
1389,"miR-34a,TWIST2,SNAI2,miR-101,ZEB1,miR-200c,ZEB2,miR-200a,TGF-beta,GSC,SNAI1",P,11
1390,"miR-34a,TWIST2,SNAI2,miR-101,ZEB1,miR-200c,ZEB2,miR-200b,TGF-beta,SNAI1",P,10
1391,"miR-34a,TWIST2,SNAI2,miR-101,ZEB1,miR-200c,ZEB2,miR-200b,TGF-beta,GSC,TWIST1,SNAI1",P,12
1392,"miR-34a,TWIST2,SNAI2,miR-101,ZEB1,miR-200c,ZEB2,miR-200b,TGF-beta,GSC,SNAI1",P,11
1393,"miR-34a,TWIST2,SNAI2,miR-101,ZEB1,miR-200b,TGF-beta,SNAI1",P,8
1394,"miR-34a,TWIST2,SNAI2,miR-101,ZEB1,miR-200b,TGF-beta,GSC,TWIST1,SNAI1",P,10
1395,"miR-34a,TWIST2,SNAI2,miR-101,ZEB1,miR-200b,TGF-beta,GSC,SNAI1",P,9
1396,"miR-34a,TWIST2,SNAI2,miR-101,ZEB1,miR-200b,ZEB2,miR-200a,TGF-beta,SNAI1",P,10
1397,"miR-34a,TWIST2,SNAI2,miR-101,ZEB1,miR-200b,ZEB2,miR-200a,TGF-beta,GSC,TWIST1,SNAI1",P,12
1398,"miR-34a,TWIST2,SNAI2,miR-101,ZEB1,miR-200b,ZEB2,miR-200a,TGF-beta,GSC,SNAI1",P,11
1399,"miR-34a,TWIST2,SNAI2,miR-101,ZEB1,miR-200b,ZEB2,miR-200c,TGF-beta,SNAI1",P,10
1400,"miR-34a,TWIST2,SNAI2,miR-101,ZEB1,miR-200b,ZEB2,miR-200c,TGF-beta,GSC,TWIST1,SNAI1",P,12
1401,"miR-34a,TWIST2,SNAI2,miR-101,ZEB1,miR-200b,ZEB2,miR-200c,TGF-beta,GSC,SNAI1",P,11
1402,"miR-34a,TWIST2,SNAI2,miR-101,ZEB1,miR-141,TGF-beta,SNAI1",P,8
1403,"miR-34a,TWIST2,SNAI2,miR-101,ZEB1,miR-141,TGF-beta,GSC,TWIST1,SNAI1",P,10
1404,"miR-34a,TWIST2,SNAI2,miR-101,ZEB1,miR-141,TGF-beta,GSC,SNAI1",P,9
1405,"miR-34a,TWIST2,SNAI2,miR-101,ZEB1,miR-141,ZEB2,miR-200a,TGF-beta,SNAI1",P,10
1406,"miR-34a,TWIST2,SNAI2,miR-101,ZEB1,miR-141,ZEB2,miR-200a,TGF-beta,GSC,TWIST1,SNAI1",P,12
1407,"miR-34a,TWIST2,SNAI2,miR-101,ZEB1,miR-141,ZEB2,miR-200a,TGF-beta,GSC,SNAI1",P,11
1408,"miR-34a,TWIST2,SNAI2,miR-101,ZEB1,miR-141,ZEB2,miR-200c,TGF-beta,SNAI1",P,10
1409,"miR-34a,TWIST2,SNAI2,miR-101,ZEB1,miR-141,ZEB2,miR-200c,TGF-beta,GSC,TWIST1,SNAI1",P,12
1410,"miR-34a,TWIST2,SNAI2,miR-101,ZEB1,miR-141,ZEB2,miR-200c,TGF-beta,GSC,SNAI1",P,11
1411,"miR-34a,TWIST2,SNAI2,miR-101,ZEB1,miR-141,ZEB2,miR-200b,TGF-beta,SNAI1",P,10
1412,"miR-34a,TWIST2,SNAI2,miR-101,ZEB1,miR-141,ZEB2,miR-200b,TGF-beta,GSC,TWIST1,SNAI1",P,12
1413,"miR-34a,TWIST2,SNAI2,miR-101,ZEB1,miR-141,ZEB2,miR-200b,TGF-beta,GSC,SNAI1",P,11
1414,"miR-34a,TWIST2,SNAI1,miR-101,ZEB2,miR-200a,TGF-beta,SNAI2,miR-200b,ZEB1",P,10
1415,"miR-34a,TWIST2,SNAI1,miR-101,ZEB2,miR-200a,TGF-beta,GSC,ZEB1",P,9
1416,"miR-34a,TWIST2,SNAI1,miR-101,ZEB2,miR-200a,TGF-beta,GSC,TWIST1,ZEB1",P,10
1417,"miR-34a,TWIST2,SNAI1,miR-101,ZEB2,miR-200a,TGF-beta,GSC,TWIST1,SNAI2,miR-200b,ZEB1",P,12
1418,"miR-34a,TWIST2,SNAI1,miR-101,ZEB2,miR-200a,ZEB1",P,7
1419,"miR-34a,TWIST2,SNAI1,miR-101,ZEB2,miR-200c,TGF-beta,SNAI2,miR-200b,ZEB1",P,10
1420,"miR-34a,TWIST2,SNAI1,miR-101,ZEB2,miR-200c,TGF-beta,GSC,ZEB1",P,9
1421,"miR-34a,TWIST2,SNAI1,miR-101,ZEB2,miR-200c,TGF-beta,GSC,TWIST1,ZEB1",P,10
1422,"miR-34a,TWIST2,SNAI1,miR-101,ZEB2,miR-200c,TGF-beta,GSC,TWIST1,SNAI2,miR-200b,ZEB1",P,12
1423,"miR-34a,TWIST2,SNAI1,miR-101,ZEB2,miR-200c,ZEB1",P,7
1424,"miR-34a,TWIST2,SNAI1,miR-101,ZEB2,miR-200b,TGF-beta,GSC,ZEB1",P,9
1425,"miR-34a,TWIST2,SNAI1,miR-101,ZEB2,miR-200b,TGF-beta,GSC,TWIST1,ZEB1",P,10
1426,"miR-34a,TWIST2,SNAI1,miR-101,ZEB2,miR-200b,ZEB1",P,7
1427,"miR-34a,TWIST2,SNAI1,miR-101,ZEB1",P,5
1428,"miR-34a,TWIST2,SNAI1",P,3
1429,"miR-34a,TWIST2,SNAI1,ZEB2,miR-200a,TGF-beta,SNAI2,miR-200b,ZEB1",P,9
1430,"miR-34a,TWIST2,SNAI1,ZEB2,miR-200a,TGF-beta,SNAI2,miR-101,ZEB1",P,9
1431,"miR-34a,TWIST2,SNAI1,ZEB2,miR-200a,TGF-beta,GSC,ZEB1",P,8
1432,"miR-34a,TWIST2,SNAI1,ZEB2,miR-200a,TGF-beta,GSC,TWIST1,ZEB1",P,9
1433,"miR-34a,TWIST2,SNAI1,ZEB2,miR-200a,TGF-beta,GSC,TWIST1,SNAI2,miR-200b,ZEB1",P,11
1434,"miR-34a,TWIST2,SNAI1,ZEB2,miR-200a,TGF-beta,GSC,TWIST1,SNAI2,miR-101,ZEB1",P,11
1435,"miR-34a,TWIST2,SNAI1,ZEB2,miR-200a,ZEB1",P,6
1436,"miR-34a,TWIST2,SNAI1,ZEB2,miR-200c,TGF-beta,SNAI2,miR-200b,ZEB1",P,9
1437,"miR-34a,TWIST2,SNAI1,ZEB2,miR-200c,TGF-beta,SNAI2,miR-101,ZEB1",P,9
1438,"miR-34a,TWIST2,SNAI1,ZEB2,miR-200c,TGF-beta,GSC,ZEB1",P,8
1439,"miR-34a,TWIST2,SNAI1,ZEB2,miR-200c,TGF-beta,GSC,TWIST1,ZEB1",P,9
1440,"miR-34a,TWIST2,SNAI1,ZEB2,miR-200c,TGF-beta,GSC,TWIST1,SNAI2,miR-200b,ZEB1",P,11
1441,"miR-34a,TWIST2,SNAI1,ZEB2,miR-200c,TGF-beta,GSC,TWIST1,SNAI2,miR-101,ZEB1",P,11
1442,"miR-34a,TWIST2,SNAI1,ZEB2,miR-200c,ZEB1",P,6
1443,"miR-34a,TWIST2,SNAI1,ZEB2,miR-200b,TGF-beta,SNAI2,miR-101,ZEB1",P,9
1444,"miR-34a,TWIST2,SNAI1,ZEB2,miR-200b,TGF-beta,GSC,ZEB1",P,8
1445,"miR-34a,TWIST2,SNAI1,ZEB2,miR-200b,TGF-beta,GSC,TWIST1,ZEB1",P,9
1446,"miR-34a,TWIST2,SNAI1,ZEB2,miR-200b,TGF-beta,GSC,TWIST1,SNAI2,miR-101,ZEB1",P,11
1447,"miR-34a,TWIST2,SNAI1,ZEB2,miR-200b,ZEB1",P,6
1448,"miR-34a,TWIST2,SNAI1,ZEB1",P,4
1449,"miR-34a,TWIST2,SNAI1,TWIST1,ZEB2,miR-200a,TGF-beta,SNAI2,miR-200b,ZEB1",P,10
1450,"miR-34a,TWIST2,SNAI1,TWIST1,ZEB2,miR-200a,TGF-beta,SNAI2,miR-101,ZEB1",P,10
1451,"miR-34a,TWIST2,SNAI1,TWIST1,ZEB2,miR-200a,TGF-beta,GSC,ZEB1",P,9
1452,"miR-34a,TWIST2,SNAI1,TWIST1,ZEB2,miR-200a,ZEB1",P,7
1453,"miR-34a,TWIST2,SNAI1,TWIST1,ZEB2,miR-200c,TGF-beta,SNAI2,miR-200b,ZEB1",P,10
1454,"miR-34a,TWIST2,SNAI1,TWIST1,ZEB2,miR-200c,TGF-beta,SNAI2,miR-101,ZEB1",P,10
1455,"miR-34a,TWIST2,SNAI1,TWIST1,ZEB2,miR-200c,TGF-beta,GSC,ZEB1",P,9
1456,"miR-34a,TWIST2,SNAI1,TWIST1,ZEB2,miR-200c,ZEB1",P,7
1457,"miR-34a,TWIST2,SNAI1,TWIST1,ZEB2,miR-200b,TGF-beta,SNAI2,miR-101,ZEB1",P,10
1458,"miR-34a,TWIST2,SNAI1,TWIST1,ZEB2,miR-200b,TGF-beta,GSC,ZEB1",P,9
1459,"miR-34a,TWIST2,SNAI1,TWIST1,ZEB2,miR-200b,ZEB1",P,7
1460,"miR-34a,TWIST2,SNAI1,TWIST1,ZEB1",P,5
1461,"miR-34a,TWIST2,SNAI1,TWIST1,SNAI2,miR-200b,TGF-beta,GSC,ZEB2,miR-200a,ZEB1",P,11
1462,"miR-34a,TWIST2,SNAI1,TWIST1,SNAI2,miR-200b,TGF-beta,GSC,ZEB2,miR-200c,ZEB1",P,11
1463,"miR-34a,TWIST2,SNAI1,TWIST1,SNAI2,miR-200b,TGF-beta,GSC,ZEB1",P,9
1464,"miR-34a,TWIST2,SNAI1,TWIST1,SNAI2,miR-200b,ZEB2,miR-200a,TGF-beta,GSC,ZEB1",P,11
1465,"miR-34a,TWIST2,SNAI1,TWIST1,SNAI2,miR-200b,ZEB2,miR-200a,ZEB1",P,9
1466,"miR-34a,TWIST2,SNAI1,TWIST1,SNAI2,miR-200b,ZEB2,miR-200c,TGF-beta,GSC,ZEB1",P,11
1467,"miR-34a,TWIST2,SNAI1,TWIST1,SNAI2,miR-200b,ZEB2,miR-200c,ZEB1",P,9
1468,"miR-34a,TWIST2,SNAI1,TWIST1,SNAI2,miR-200b,ZEB1",P,7
1469,"miR-34a,TWIST2,SNAI1,TWIST1,SNAI2,miR-101,ZEB2,miR-200a,TGF-beta,GSC,ZEB1",P,11
1470,"miR-34a,TWIST2,SNAI1,TWIST1,SNAI2,miR-101,ZEB2,miR-200a,ZEB1",P,9
1471,"miR-34a,TWIST2,SNAI1,TWIST1,SNAI2,miR-101,ZEB2,miR-200c,TGF-beta,GSC,ZEB1",P,11
1472,"miR-34a,TWIST2,SNAI1,TWIST1,SNAI2,miR-101,ZEB2,miR-200c,ZEB1",P,9
1473,"miR-34a,TWIST2,SNAI1,TWIST1,SNAI2,miR-101,ZEB2,miR-200b,TGF-beta,GSC,ZEB1",P,11
1474,"miR-34a,TWIST2,SNAI1,TWIST1,SNAI2,miR-101,ZEB2,miR-200b,ZEB1",P,9
1475,"miR-34a,TWIST2,SNAI1,TWIST1,SNAI2,miR-101,ZEB1",P,7
1476,"miR-34a,TWIST2,SNAI1,SNAI2,miR-200b,TGF-beta,GSC,ZEB2,miR-200a,ZEB1",P,10
1477,"miR-34a,TWIST2,SNAI1,SNAI2,miR-200b,TGF-beta,GSC,ZEB2,miR-200c,ZEB1",P,10
1478,"miR-34a,TWIST2,SNAI1,SNAI2,miR-200b,TGF-beta,GSC,ZEB1",P,8
1479,"miR-34a,TWIST2,SNAI1,SNAI2,miR-200b,TGF-beta,GSC,TWIST1,ZEB2,miR-200a,ZEB1",P,11
1480,"miR-34a,TWIST2,SNAI1,SNAI2,miR-200b,TGF-beta,GSC,TWIST1,ZEB2,miR-200c,ZEB1",P,11
1481,"miR-34a,TWIST2,SNAI1,SNAI2,miR-200b,TGF-beta,GSC,TWIST1,ZEB1",P,9
1482,"miR-34a,TWIST2,SNAI1,SNAI2,miR-200b,ZEB2,miR-200a,TGF-beta,GSC,ZEB1",P,10
1483,"miR-34a,TWIST2,SNAI1,SNAI2,miR-200b,ZEB2,miR-200a,TGF-beta,GSC,TWIST1,ZEB1",P,11
1484,"miR-34a,TWIST2,SNAI1,SNAI2,miR-200b,ZEB2,miR-200a,ZEB1",P,8
1485,"miR-34a,TWIST2,SNAI1,SNAI2,miR-200b,ZEB2,miR-200c,TGF-beta,GSC,ZEB1",P,10
1486,"miR-34a,TWIST2,SNAI1,SNAI2,miR-200b,ZEB2,miR-200c,TGF-beta,GSC,TWIST1,ZEB1",P,11
1487,"miR-34a,TWIST2,SNAI1,SNAI2,miR-200b,ZEB2,miR-200c,ZEB1",P,8
1488,"miR-34a,TWIST2,SNAI1,SNAI2,miR-200b,ZEB1",P,6
1489,"miR-34a,TWIST2,SNAI1,SNAI2,miR-101,ZEB2,miR-200a,TGF-beta,GSC,ZEB1",P,10
1490,"miR-34a,TWIST2,SNAI1,SNAI2,miR-101,ZEB2,miR-200a,TGF-beta,GSC,TWIST1,ZEB1",P,11
1491,"miR-34a,TWIST2,SNAI1,SNAI2,miR-101,ZEB2,miR-200a,ZEB1",P,8
1492,"miR-34a,TWIST2,SNAI1,SNAI2,miR-101,ZEB2,miR-200c,TGF-beta,GSC,ZEB1",P,10
1493,"miR-34a,TWIST2,SNAI1,SNAI2,miR-101,ZEB2,miR-200c,TGF-beta,GSC,TWIST1,ZEB1",P,11
1494,"miR-34a,TWIST2,SNAI1,SNAI2,miR-101,ZEB2,miR-200c,ZEB1",P,8
1495,"miR-34a,TWIST2,SNAI1,SNAI2,miR-101,ZEB2,miR-200b,TGF-beta,GSC,ZEB1",P,10
1496,"miR-34a,TWIST2,SNAI1,SNAI2,miR-101,ZEB2,miR-200b,TGF-beta,GSC,TWIST1,ZEB1",P,11
1497,"miR-34a,TWIST2,SNAI1,SNAI2,miR-101,ZEB2,miR-200b,ZEB1",P,8
1498,"miR-34a,TWIST2,SNAI1,SNAI2,miR-101,ZEB1",P,6
1499,"miR-34a,SNAI2,miR-200b,TGF-beta,SNAI1,miR-101,ZEB2,miR-200a,ZEB1",P,9
1500,"miR-34a,SNAI2,miR-200b,TGF-beta,SNAI1,miR-101,ZEB2,miR-200c,ZEB1",P,9
1501,"miR-34a,SNAI2,miR-200b,TGF-beta,SNAI1,miR-101,ZEB1",P,7
1502,"miR-34a,SNAI2,miR-200b,TGF-beta,SNAI1",P,5
1503,"miR-34a,SNAI2,miR-200b,TGF-beta,SNAI1,ZEB2,miR-200a,ZEB1",P,8
1504,"miR-34a,SNAI2,miR-200b,TGF-beta,SNAI1,ZEB2,miR-200c,ZEB1",P,8
1505,"miR-34a,SNAI2,miR-200b,TGF-beta,SNAI1,ZEB1",P,6
1506,"miR-34a,SNAI2,miR-200b,TGF-beta,SNAI1,TWIST1,ZEB2,miR-200a,ZEB1",P,9
1507,"miR-34a,SNAI2,miR-200b,TGF-beta,SNAI1,TWIST1,ZEB2,miR-200c,ZEB1",P,9
1508,"miR-34a,SNAI2,miR-200b,TGF-beta,SNAI1,TWIST1,ZEB1",P,7
1509,"miR-34a,SNAI2,miR-200b,TGF-beta,GSC,ZEB2,miR-200a,ZEB1",P,8
1510,"miR-34a,SNAI2,miR-200b,TGF-beta,GSC,ZEB2,miR-200c,ZEB1",P,8
1511,"miR-34a,SNAI2,miR-200b,TGF-beta,GSC,ZEB1",P,6
1512,"miR-34a,SNAI2,miR-200b,TGF-beta,GSC,TWIST1,ZEB2,miR-200a,ZEB1",P,9
1513,"miR-34a,SNAI2,miR-200b,TGF-beta,GSC,TWIST1,ZEB2,miR-200c,ZEB1",P,9
1514,"miR-34a,SNAI2,miR-200b,TGF-beta,GSC,TWIST1,ZEB1",P,7
1515,"miR-34a,SNAI2,miR-200b,TGF-beta,GSC,TWIST1,SNAI1,miR-101,ZEB2,miR-200a,ZEB1",P,11
1516,"miR-34a,SNAI2,miR-200b,TGF-beta,GSC,TWIST1,SNAI1,miR-101,ZEB2,miR-200c,ZEB1",P,11
1517,"miR-34a,SNAI2,miR-200b,TGF-beta,GSC,TWIST1,SNAI1,miR-101,ZEB1",P,9
1518,"miR-34a,SNAI2,miR-200b,TGF-beta,GSC,TWIST1,SNAI1",P,7
1519,"miR-34a,SNAI2,miR-200b,TGF-beta,GSC,TWIST1,SNAI1,ZEB2,miR-200a,ZEB1",P,10
1520,"miR-34a,SNAI2,miR-200b,TGF-beta,GSC,TWIST1,SNAI1,ZEB2,miR-200c,ZEB1",P,10
1521,"miR-34a,SNAI2,miR-200b,TGF-beta,GSC,TWIST1,SNAI1,ZEB1",P,8
1522,"miR-34a,SNAI2,miR-200b,TGF-beta,GSC,SNAI1,miR-101,ZEB2,miR-200a,ZEB1",P,10
1523,"miR-34a,SNAI2,miR-200b,TGF-beta,GSC,SNAI1,miR-101,ZEB2,miR-200c,ZEB1",P,10
1524,"miR-34a,SNAI2,miR-200b,TGF-beta,GSC,SNAI1,miR-101,ZEB1",P,8
1525,"miR-34a,SNAI2,miR-200b,TGF-beta,GSC,SNAI1",P,6
1526,"miR-34a,SNAI2,miR-200b,TGF-beta,GSC,SNAI1,ZEB2,miR-200a,ZEB1",P,9
1527,"miR-34a,SNAI2,miR-200b,TGF-beta,GSC,SNAI1,ZEB2,miR-200c,ZEB1",P,9
1528,"miR-34a,SNAI2,miR-200b,TGF-beta,GSC,SNAI1,ZEB1",P,7
1529,"miR-34a,SNAI2,miR-200b,TGF-beta,GSC,SNAI1,TWIST1,ZEB2,miR-200a,ZEB1",P,10
1530,"miR-34a,SNAI2,miR-200b,TGF-beta,GSC,SNAI1,TWIST1,ZEB2,miR-200c,ZEB1",P,10
1531,"miR-34a,SNAI2,miR-200b,TGF-beta,GSC,SNAI1,TWIST1,ZEB1",P,8
1532,"miR-34a,SNAI2,miR-200b,ZEB2,miR-200a,TGF-beta,SNAI1,miR-101,ZEB1",P,9
1533,"miR-34a,SNAI2,miR-200b,ZEB2,miR-200a,TGF-beta,SNAI1",P,7
1534,"miR-34a,SNAI2,miR-200b,ZEB2,miR-200a,TGF-beta,SNAI1,ZEB1",P,8
1535,"miR-34a,SNAI2,miR-200b,ZEB2,miR-200a,TGF-beta,SNAI1,TWIST1,ZEB1",P,9
1536,"miR-34a,SNAI2,miR-200b,ZEB2,miR-200a,TGF-beta,GSC,ZEB1",P,8
1537,"miR-34a,SNAI2,miR-200b,ZEB2,miR-200a,TGF-beta,GSC,TWIST1,ZEB1",P,9
1538,"miR-34a,SNAI2,miR-200b,ZEB2,miR-200a,TGF-beta,GSC,TWIST1,SNAI1,miR-101,ZEB1",P,11
1539,"miR-34a,SNAI2,miR-200b,ZEB2,miR-200a,TGF-beta,GSC,TWIST1,SNAI1",P,9
1540,"miR-34a,SNAI2,miR-200b,ZEB2,miR-200a,TGF-beta,GSC,TWIST1,SNAI1,ZEB1",P,10
1541,"miR-34a,SNAI2,miR-200b,ZEB2,miR-200a,TGF-beta,GSC,SNAI1,miR-101,ZEB1",P,10
1542,"miR-34a,SNAI2,miR-200b,ZEB2,miR-200a,TGF-beta,GSC,SNAI1",P,8
1543,"miR-34a,SNAI2,miR-200b,ZEB2,miR-200a,TGF-beta,GSC,SNAI1,ZEB1",P,9
1544,"miR-34a,SNAI2,miR-200b,ZEB2,miR-200a,TGF-beta,GSC,SNAI1,TWIST1,ZEB1",P,10
1545,"miR-34a,SNAI2,miR-200b,ZEB2,miR-200a,ZEB1",P,6
1546,"miR-34a,SNAI2,miR-200b,ZEB2,miR-200a,ZEB1,miR-200c,TGF-beta,SNAI1",P,9
1547,"miR-34a,SNAI2,miR-200b,ZEB2,miR-200a,ZEB1,miR-200c,TGF-beta,GSC,TWIST1,SNAI1",P,11
1548,"miR-34a,SNAI2,miR-200b,ZEB2,miR-200a,ZEB1,miR-200c,TGF-beta,GSC,SNAI1",P,10
1549,"miR-34a,SNAI2,miR-200b,ZEB2,miR-200a,ZEB1,miR-141,TGF-beta,SNAI1",P,9
1550,"miR-34a,SNAI2,miR-200b,ZEB2,miR-200a,ZEB1,miR-141,TGF-beta,GSC,TWIST1,SNAI1",P,11
1551,"miR-34a,SNAI2,miR-200b,ZEB2,miR-200a,ZEB1,miR-141,TGF-beta,GSC,SNAI1",P,10
1552,"miR-34a,SNAI2,miR-200b,ZEB2,miR-200c,TGF-beta,SNAI1,miR-101,ZEB1",P,9
1553,"miR-34a,SNAI2,miR-200b,ZEB2,miR-200c,TGF-beta,SNAI1",P,7
1554,"miR-34a,SNAI2,miR-200b,ZEB2,miR-200c,TGF-beta,SNAI1,ZEB1",P,8
1555,"miR-34a,SNAI2,miR-200b,ZEB2,miR-200c,TGF-beta,SNAI1,TWIST1,ZEB1",P,9
1556,"miR-34a,SNAI2,miR-200b,ZEB2,miR-200c,TGF-beta,GSC,ZEB1",P,8
1557,"miR-34a,SNAI2,miR-200b,ZEB2,miR-200c,TGF-beta,GSC,TWIST1,ZEB1",P,9
1558,"miR-34a,SNAI2,miR-200b,ZEB2,miR-200c,TGF-beta,GSC,TWIST1,SNAI1,miR-101,ZEB1",P,11
1559,"miR-34a,SNAI2,miR-200b,ZEB2,miR-200c,TGF-beta,GSC,TWIST1,SNAI1",P,9
1560,"miR-34a,SNAI2,miR-200b,ZEB2,miR-200c,TGF-beta,GSC,TWIST1,SNAI1,ZEB1",P,10
1561,"miR-34a,SNAI2,miR-200b,ZEB2,miR-200c,TGF-beta,GSC,SNAI1,miR-101,ZEB1",P,10
1562,"miR-34a,SNAI2,miR-200b,ZEB2,miR-200c,TGF-beta,GSC,SNAI1",P,8
1563,"miR-34a,SNAI2,miR-200b,ZEB2,miR-200c,TGF-beta,GSC,SNAI1,ZEB1",P,9
1564,"miR-34a,SNAI2,miR-200b,ZEB2,miR-200c,TGF-beta,GSC,SNAI1,TWIST1,ZEB1",P,10
1565,"miR-34a,SNAI2,miR-200b,ZEB2,miR-200c,ZEB1",P,6
1566,"miR-34a,SNAI2,miR-200b,ZEB2,miR-200c,ZEB1,miR-200a,TGF-beta,SNAI1",P,9
1567,"miR-34a,SNAI2,miR-200b,ZEB2,miR-200c,ZEB1,miR-200a,TGF-beta,GSC,TWIST1,SNAI1",P,11
1568,"miR-34a,SNAI2,miR-200b,ZEB2,miR-200c,ZEB1,miR-200a,TGF-beta,GSC,SNAI1",P,10
1569,"miR-34a,SNAI2,miR-200b,ZEB2,miR-200c,ZEB1,miR-141,TGF-beta,SNAI1",P,9
1570,"miR-34a,SNAI2,miR-200b,ZEB2,miR-200c,ZEB1,miR-141,TGF-beta,GSC,TWIST1,SNAI1",P,11
1571,"miR-34a,SNAI2,miR-200b,ZEB2,miR-200c,ZEB1,miR-141,TGF-beta,GSC,SNAI1",P,10
1572,"miR-34a,SNAI2,miR-200b,ZEB1",P,4
1573,"miR-34a,SNAI2,miR-200b,ZEB1,miR-200a,TGF-beta,SNAI1",P,7
1574,"miR-34a,SNAI2,miR-200b,ZEB1,miR-200a,TGF-beta,GSC,TWIST1,SNAI1",P,9
1575,"miR-34a,SNAI2,miR-200b,ZEB1,miR-200a,TGF-beta,GSC,SNAI1",P,8
1576,"miR-34a,SNAI2,miR-200b,ZEB1,miR-200a,ZEB2,miR-200c,TGF-beta,SNAI1",P,9
1577,"miR-34a,SNAI2,miR-200b,ZEB1,miR-200a,ZEB2,miR-200c,TGF-beta,GSC,TWIST1,SNAI1",P,11
1578,"miR-34a,SNAI2,miR-200b,ZEB1,miR-200a,ZEB2,miR-200c,TGF-beta,GSC,SNAI1",P,10
1579,"miR-34a,SNAI2,miR-200b,ZEB1,miR-200c,TGF-beta,SNAI1",P,7
1580,"miR-34a,SNAI2,miR-200b,ZEB1,miR-200c,TGF-beta,GSC,TWIST1,SNAI1",P,9
1581,"miR-34a,SNAI2,miR-200b,ZEB1,miR-200c,TGF-beta,GSC,SNAI1",P,8
1582,"miR-34a,SNAI2,miR-200b,ZEB1,miR-200c,ZEB2,miR-200a,TGF-beta,SNAI1",P,9
1583,"miR-34a,SNAI2,miR-200b,ZEB1,miR-200c,ZEB2,miR-200a,TGF-beta,GSC,TWIST1,SNAI1",P,11
1584,"miR-34a,SNAI2,miR-200b,ZEB1,miR-200c,ZEB2,miR-200a,TGF-beta,GSC,SNAI1",P,10
1585,"miR-34a,SNAI2,miR-200b,ZEB1,miR-141,TGF-beta,SNAI1",P,7
1586,"miR-34a,SNAI2,miR-200b,ZEB1,miR-141,TGF-beta,GSC,TWIST1,SNAI1",P,9
1587,"miR-34a,SNAI2,miR-200b,ZEB1,miR-141,TGF-beta,GSC,SNAI1",P,8
1588,"miR-34a,SNAI2,miR-200b,ZEB1,miR-141,ZEB2,miR-200a,TGF-beta,SNAI1",P,9
1589,"miR-34a,SNAI2,miR-200b,ZEB1,miR-141,ZEB2,miR-200a,TGF-beta,GSC,TWIST1,SNAI1",P,11
1590,"miR-34a,SNAI2,miR-200b,ZEB1,miR-141,ZEB2,miR-200a,TGF-beta,GSC,SNAI1",P,10
1591,"miR-34a,SNAI2,miR-200b,ZEB1,miR-141,ZEB2,miR-200c,TGF-beta,SNAI1",P,9
1592,"miR-34a,SNAI2,miR-200b,ZEB1,miR-141,ZEB2,miR-200c,TGF-beta,GSC,TWIST1,SNAI1",P,11
1593,"miR-34a,SNAI2,miR-200b,ZEB1,miR-141,ZEB2,miR-200c,TGF-beta,GSC,SNAI1",P,10
1594,"miR-34a,SNAI2,miR-101,SNAI1",P,4
1595,"miR-34a,SNAI2,miR-101,SNAI1,ZEB2,miR-200a,TGF-beta,GSC,ZEB1",P,9
1596,"miR-34a,SNAI2,miR-101,SNAI1,ZEB2,miR-200a,TGF-beta,GSC,TWIST1,ZEB1",P,10
1597,"miR-34a,SNAI2,miR-101,SNAI1,ZEB2,miR-200a,ZEB1",P,7
1598,"miR-34a,SNAI2,miR-101,SNAI1,ZEB2,miR-200c,TGF-beta,GSC,ZEB1",P,9
1599,"miR-34a,SNAI2,miR-101,SNAI1,ZEB2,miR-200c,TGF-beta,GSC,TWIST1,ZEB1",P,10
1600,"miR-34a,SNAI2,miR-101,SNAI1,ZEB2,miR-200c,ZEB1",P,7
1601,"miR-34a,SNAI2,miR-101,SNAI1,ZEB2,miR-200b,TGF-beta,GSC,ZEB1",P,9
1602,"miR-34a,SNAI2,miR-101,SNAI1,ZEB2,miR-200b,TGF-beta,GSC,TWIST1,ZEB1",P,10
1603,"miR-34a,SNAI2,miR-101,SNAI1,ZEB2,miR-200b,ZEB1",P,7
1604,"miR-34a,SNAI2,miR-101,SNAI1,ZEB1",P,5
1605,"miR-34a,SNAI2,miR-101,SNAI1,TWIST1,ZEB2,miR-200a,TGF-beta,GSC,ZEB1",P,10
1606,"miR-34a,SNAI2,miR-101,SNAI1,TWIST1,ZEB2,miR-200a,ZEB1",P,8
1607,"miR-34a,SNAI2,miR-101,SNAI1,TWIST1,ZEB2,miR-200c,TGF-beta,GSC,ZEB1",P,10
1608,"miR-34a,SNAI2,miR-101,SNAI1,TWIST1,ZEB2,miR-200c,ZEB1",P,8
1609,"miR-34a,SNAI2,miR-101,SNAI1,TWIST1,ZEB2,miR-200b,TGF-beta,GSC,ZEB1",P,10
1610,"miR-34a,SNAI2,miR-101,SNAI1,TWIST1,ZEB2,miR-200b,ZEB1",P,8
1611,"miR-34a,SNAI2,miR-101,SNAI1,TWIST1,ZEB1",P,6
1612,"miR-34a,SNAI2,miR-101,ZEB2,miR-200a,TGF-beta,SNAI1",P,7
1613,"miR-34a,SNAI2,miR-101,ZEB2,miR-200a,TGF-beta,SNAI1,ZEB1",P,8
1614,"miR-34a,SNAI2,miR-101,ZEB2,miR-200a,TGF-beta,SNAI1,TWIST1,ZEB1",P,9
1615,"miR-34a,SNAI2,miR-101,ZEB2,miR-200a,TGF-beta,GSC,ZEB1",P,8
1616,"miR-34a,SNAI2,miR-101,ZEB2,miR-200a,TGF-beta,GSC,TWIST1,ZEB1",P,9
1617,"miR-34a,SNAI2,miR-101,ZEB2,miR-200a,TGF-beta,GSC,TWIST1,SNAI1",P,9
1618,"miR-34a,SNAI2,miR-101,ZEB2,miR-200a,TGF-beta,GSC,TWIST1,SNAI1,ZEB1",P,10
1619,"miR-34a,SNAI2,miR-101,ZEB2,miR-200a,TGF-beta,GSC,SNAI1",P,8
1620,"miR-34a,SNAI2,miR-101,ZEB2,miR-200a,TGF-beta,GSC,SNAI1,ZEB1",P,9
1621,"miR-34a,SNAI2,miR-101,ZEB2,miR-200a,TGF-beta,GSC,SNAI1,TWIST1,ZEB1",P,10
1622,"miR-34a,SNAI2,miR-101,ZEB2,miR-200a,ZEB1",P,6
1623,"miR-34a,SNAI2,miR-101,ZEB2,miR-200a,ZEB1,miR-200c,TGF-beta,SNAI1",P,9
1624,"miR-34a,SNAI2,miR-101,ZEB2,miR-200a,ZEB1,miR-200c,TGF-beta,GSC,TWIST1,SNAI1",P,11
1625,"miR-34a,SNAI2,miR-101,ZEB2,miR-200a,ZEB1,miR-200c,TGF-beta,GSC,SNAI1",P,10
1626,"miR-34a,SNAI2,miR-101,ZEB2,miR-200a,ZEB1,miR-200b,TGF-beta,SNAI1",P,9
1627,"miR-34a,SNAI2,miR-101,ZEB2,miR-200a,ZEB1,miR-200b,TGF-beta,GSC,TWIST1,SNAI1",P,11
1628,"miR-34a,SNAI2,miR-101,ZEB2,miR-200a,ZEB1,miR-200b,TGF-beta,GSC,SNAI1",P,10
1629,"miR-34a,SNAI2,miR-101,ZEB2,miR-200a,ZEB1,miR-141,TGF-beta,SNAI1",P,9
1630,"miR-34a,SNAI2,miR-101,ZEB2,miR-200a,ZEB1,miR-141,TGF-beta,GSC,TWIST1,SNAI1",P,11
1631,"miR-34a,SNAI2,miR-101,ZEB2,miR-200a,ZEB1,miR-141,TGF-beta,GSC,SNAI1",P,10
1632,"miR-34a,SNAI2,miR-101,ZEB2,miR-200c,TGF-beta,SNAI1",P,7
1633,"miR-34a,SNAI2,miR-101,ZEB2,miR-200c,TGF-beta,SNAI1,ZEB1",P,8
1634,"miR-34a,SNAI2,miR-101,ZEB2,miR-200c,TGF-beta,SNAI1,TWIST1,ZEB1",P,9
1635,"miR-34a,SNAI2,miR-101,ZEB2,miR-200c,TGF-beta,GSC,ZEB1",P,8
1636,"miR-34a,SNAI2,miR-101,ZEB2,miR-200c,TGF-beta,GSC,TWIST1,ZEB1",P,9
1637,"miR-34a,SNAI2,miR-101,ZEB2,miR-200c,TGF-beta,GSC,TWIST1,SNAI1",P,9
1638,"miR-34a,SNAI2,miR-101,ZEB2,miR-200c,TGF-beta,GSC,TWIST1,SNAI1,ZEB1",P,10
1639,"miR-34a,SNAI2,miR-101,ZEB2,miR-200c,TGF-beta,GSC,SNAI1",P,8
1640,"miR-34a,SNAI2,miR-101,ZEB2,miR-200c,TGF-beta,GSC,SNAI1,ZEB1",P,9
1641,"miR-34a,SNAI2,miR-101,ZEB2,miR-200c,TGF-beta,GSC,SNAI1,TWIST1,ZEB1",P,10
1642,"miR-34a,SNAI2,miR-101,ZEB2,miR-200c,ZEB1",P,6
1643,"miR-34a,SNAI2,miR-101,ZEB2,miR-200c,ZEB1,miR-200a,TGF-beta,SNAI1",P,9
1644,"miR-34a,SNAI2,miR-101,ZEB2,miR-200c,ZEB1,miR-200a,TGF-beta,GSC,TWIST1,SNAI1",P,11
1645,"miR-34a,SNAI2,miR-101,ZEB2,miR-200c,ZEB1,miR-200a,TGF-beta,GSC,SNAI1",P,10
1646,"miR-34a,SNAI2,miR-101,ZEB2,miR-200c,ZEB1,miR-200b,TGF-beta,SNAI1",P,9
1647,"miR-34a,SNAI2,miR-101,ZEB2,miR-200c,ZEB1,miR-200b,TGF-beta,GSC,TWIST1,SNAI1",P,11
1648,"miR-34a,SNAI2,miR-101,ZEB2,miR-200c,ZEB1,miR-200b,TGF-beta,GSC,SNAI1",P,10
1649,"miR-34a,SNAI2,miR-101,ZEB2,miR-200c,ZEB1,miR-141,TGF-beta,SNAI1",P,9
1650,"miR-34a,SNAI2,miR-101,ZEB2,miR-200c,ZEB1,miR-141,TGF-beta,GSC,TWIST1,SNAI1",P,11
1651,"miR-34a,SNAI2,miR-101,ZEB2,miR-200c,ZEB1,miR-141,TGF-beta,GSC,SNAI1",P,10
1652,"miR-34a,SNAI2,miR-101,ZEB2,miR-200b,TGF-beta,SNAI1",P,7
1653,"miR-34a,SNAI2,miR-101,ZEB2,miR-200b,TGF-beta,SNAI1,ZEB1",P,8
1654,"miR-34a,SNAI2,miR-101,ZEB2,miR-200b,TGF-beta,SNAI1,TWIST1,ZEB1",P,9
1655,"miR-34a,SNAI2,miR-101,ZEB2,miR-200b,TGF-beta,GSC,ZEB1",P,8
1656,"miR-34a,SNAI2,miR-101,ZEB2,miR-200b,TGF-beta,GSC,TWIST1,ZEB1",P,9
1657,"miR-34a,SNAI2,miR-101,ZEB2,miR-200b,TGF-beta,GSC,TWIST1,SNAI1",P,9
1658,"miR-34a,SNAI2,miR-101,ZEB2,miR-200b,TGF-beta,GSC,TWIST1,SNAI1,ZEB1",P,10
1659,"miR-34a,SNAI2,miR-101,ZEB2,miR-200b,TGF-beta,GSC,SNAI1",P,8
1660,"miR-34a,SNAI2,miR-101,ZEB2,miR-200b,TGF-beta,GSC,SNAI1,ZEB1",P,9
1661,"miR-34a,SNAI2,miR-101,ZEB2,miR-200b,TGF-beta,GSC,SNAI1,TWIST1,ZEB1",P,10
1662,"miR-34a,SNAI2,miR-101,ZEB2,miR-200b,ZEB1",P,6
1663,"miR-34a,SNAI2,miR-101,ZEB2,miR-200b,ZEB1,miR-200a,TGF-beta,SNAI1",P,9
1664,"miR-34a,SNAI2,miR-101,ZEB2,miR-200b,ZEB1,miR-200a,TGF-beta,GSC,TWIST1,SNAI1",P,11
1665,"miR-34a,SNAI2,miR-101,ZEB2,miR-200b,ZEB1,miR-200a,TGF-beta,GSC,SNAI1",P,10
1666,"miR-34a,SNAI2,miR-101,ZEB2,miR-200b,ZEB1,miR-200c,TGF-beta,SNAI1",P,9
1667,"miR-34a,SNAI2,miR-101,ZEB2,miR-200b,ZEB1,miR-200c,TGF-beta,GSC,TWIST1,SNAI1",P,11
1668,"miR-34a,SNAI2,miR-101,ZEB2,miR-200b,ZEB1,miR-200c,TGF-beta,GSC,SNAI1",P,10
1669,"miR-34a,SNAI2,miR-101,ZEB2,miR-200b,ZEB1,miR-141,TGF-beta,SNAI1",P,9
1670,"miR-34a,SNAI2,miR-101,ZEB2,miR-200b,ZEB1,miR-141,TGF-beta,GSC,TWIST1,SNAI1",P,11
1671,"miR-34a,SNAI2,miR-101,ZEB2,miR-200b,ZEB1,miR-141,TGF-beta,GSC,SNAI1",P,10
1672,"miR-34a,SNAI2,miR-101,ZEB1",P,4
1673,"miR-34a,SNAI2,miR-101,ZEB1,miR-200a,TGF-beta,SNAI1",P,7
1674,"miR-34a,SNAI2,miR-101,ZEB1,miR-200a,TGF-beta,GSC,TWIST1,SNAI1",P,9
1675,"miR-34a,SNAI2,miR-101,ZEB1,miR-200a,TGF-beta,GSC,SNAI1",P,8
1676,"miR-34a,SNAI2,miR-101,ZEB1,miR-200a,ZEB2,miR-200c,TGF-beta,SNAI1",P,9
1677,"miR-34a,SNAI2,miR-101,ZEB1,miR-200a,ZEB2,miR-200c,TGF-beta,GSC,TWIST1,SNAI1",P,11
1678,"miR-34a,SNAI2,miR-101,ZEB1,miR-200a,ZEB2,miR-200c,TGF-beta,GSC,SNAI1",P,10
1679,"miR-34a,SNAI2,miR-101,ZEB1,miR-200a,ZEB2,miR-200b,TGF-beta,SNAI1",P,9
1680,"miR-34a,SNAI2,miR-101,ZEB1,miR-200a,ZEB2,miR-200b,TGF-beta,GSC,TWIST1,SNAI1",P,11
1681,"miR-34a,SNAI2,miR-101,ZEB1,miR-200a,ZEB2,miR-200b,TGF-beta,GSC,SNAI1",P,10
1682,"miR-34a,SNAI2,miR-101,ZEB1,miR-200c,TGF-beta,SNAI1",P,7
1683,"miR-34a,SNAI2,miR-101,ZEB1,miR-200c,TGF-beta,GSC,TWIST1,SNAI1",P,9
1684,"miR-34a,SNAI2,miR-101,ZEB1,miR-200c,TGF-beta,GSC,SNAI1",P,8
1685,"miR-34a,SNAI2,miR-101,ZEB1,miR-200c,ZEB2,miR-200a,TGF-beta,SNAI1",P,9
1686,"miR-34a,SNAI2,miR-101,ZEB1,miR-200c,ZEB2,miR-200a,TGF-beta,GSC,TWIST1,SNAI1",P,11
1687,"miR-34a,SNAI2,miR-101,ZEB1,miR-200c,ZEB2,miR-200a,TGF-beta,GSC,SNAI1",P,10
1688,"miR-34a,SNAI2,miR-101,ZEB1,miR-200c,ZEB2,miR-200b,TGF-beta,SNAI1",P,9
1689,"miR-34a,SNAI2,miR-101,ZEB1,miR-200c,ZEB2,miR-200b,TGF-beta,GSC,TWIST1,SNAI1",P,11
1690,"miR-34a,SNAI2,miR-101,ZEB1,miR-200c,ZEB2,miR-200b,TGF-beta,GSC,SNAI1",P,10
1691,"miR-34a,SNAI2,miR-101,ZEB1,miR-200b,TGF-beta,SNAI1",P,7
1692,"miR-34a,SNAI2,miR-101,ZEB1,miR-200b,TGF-beta,GSC,TWIST1,SNAI1",P,9
1693,"miR-34a,SNAI2,miR-101,ZEB1,miR-200b,TGF-beta,GSC,SNAI1",P,8
1694,"miR-34a,SNAI2,miR-101,ZEB1,miR-200b,ZEB2,miR-200a,TGF-beta,SNAI1",P,9
1695,"miR-34a,SNAI2,miR-101,ZEB1,miR-200b,ZEB2,miR-200a,TGF-beta,GSC,TWIST1,SNAI1",P,11
1696,"miR-34a,SNAI2,miR-101,ZEB1,miR-200b,ZEB2,miR-200a,TGF-beta,GSC,SNAI1",P,10
1697,"miR-34a,SNAI2,miR-101,ZEB1,miR-200b,ZEB2,miR-200c,TGF-beta,SNAI1",P,9
1698,"miR-34a,SNAI2,miR-101,ZEB1,miR-200b,ZEB2,miR-200c,TGF-beta,GSC,TWIST1,SNAI1",P,11
1699,"miR-34a,SNAI2,miR-101,ZEB1,miR-200b,ZEB2,miR-200c,TGF-beta,GSC,SNAI1",P,10
1700,"miR-34a,SNAI2,miR-101,ZEB1,miR-141,TGF-beta,SNAI1",P,7
1701,"miR-34a,SNAI2,miR-101,ZEB1,miR-141,TGF-beta,GSC,TWIST1,SNAI1",P,9
1702,"miR-34a,SNAI2,miR-101,ZEB1,miR-141,TGF-beta,GSC,SNAI1",P,8
1703,"miR-34a,SNAI2,miR-101,ZEB1,miR-141,ZEB2,miR-200a,TGF-beta,SNAI1",P,9
1704,"miR-34a,SNAI2,miR-101,ZEB1,miR-141,ZEB2,miR-200a,TGF-beta,GSC,TWIST1,SNAI1",P,11
1705,"miR-34a,SNAI2,miR-101,ZEB1,miR-141,ZEB2,miR-200a,TGF-beta,GSC,SNAI1",P,10
1706,"miR-34a,SNAI2,miR-101,ZEB1,miR-141,ZEB2,miR-200c,TGF-beta,SNAI1",P,9
1707,"miR-34a,SNAI2,miR-101,ZEB1,miR-141,ZEB2,miR-200c,TGF-beta,GSC,TWIST1,SNAI1",P,11
1708,"miR-34a,SNAI2,miR-101,ZEB1,miR-141,ZEB2,miR-200c,TGF-beta,GSC,SNAI1",P,10
1709,"miR-34a,SNAI2,miR-101,ZEB1,miR-141,ZEB2,miR-200b,TGF-beta,SNAI1",P,9
1710,"miR-34a,SNAI2,miR-101,ZEB1,miR-141,ZEB2,miR-200b,TGF-beta,GSC,TWIST1,SNAI1",P,11
1711,"miR-34a,SNAI2,miR-101,ZEB1,miR-141,ZEB2,miR-200b,TGF-beta,GSC,SNAI1",P,10
1712,"miR-34a,SNAI2,TWIST2,ZEB2,miR-200a,TGF-beta,SNAI1,miR-101,ZEB1",P,9
1713,"miR-34a,SNAI2,TWIST2,ZEB2,miR-200a,TGF-beta,SNAI1",P,7
1714,"miR-34a,SNAI2,TWIST2,ZEB2,miR-200a,TGF-beta,SNAI1,ZEB1",P,8
1715,"miR-34a,SNAI2,TWIST2,ZEB2,miR-200a,TGF-beta,SNAI1,TWIST1,ZEB1",P,9
1716,"miR-34a,SNAI2,TWIST2,ZEB2,miR-200a,TGF-beta,GSC,ZEB1",P,8
1717,"miR-34a,SNAI2,TWIST2,ZEB2,miR-200a,TGF-beta,GSC,TWIST1,ZEB1",P,9
1718,"miR-34a,SNAI2,TWIST2,ZEB2,miR-200a,TGF-beta,GSC,TWIST1,SNAI1,miR-101,ZEB1",P,11
1719,"miR-34a,SNAI2,TWIST2,ZEB2,miR-200a,TGF-beta,GSC,TWIST1,SNAI1",P,9
1720,"miR-34a,SNAI2,TWIST2,ZEB2,miR-200a,TGF-beta,GSC,TWIST1,SNAI1,ZEB1",P,10
1721,"miR-34a,SNAI2,TWIST2,ZEB2,miR-200a,TGF-beta,GSC,SNAI1,miR-101,ZEB1",P,10
1722,"miR-34a,SNAI2,TWIST2,ZEB2,miR-200a,TGF-beta,GSC,SNAI1",P,8
1723,"miR-34a,SNAI2,TWIST2,ZEB2,miR-200a,TGF-beta,GSC,SNAI1,ZEB1",P,9
1724,"miR-34a,SNAI2,TWIST2,ZEB2,miR-200a,TGF-beta,GSC,SNAI1,TWIST1,ZEB1",P,10
1725,"miR-34a,SNAI2,TWIST2,ZEB2,miR-200a,ZEB1",P,6
1726,"miR-34a,SNAI2,TWIST2,ZEB2,miR-200a,ZEB1,miR-200c,TGF-beta,SNAI1",P,9
1727,"miR-34a,SNAI2,TWIST2,ZEB2,miR-200a,ZEB1,miR-200c,TGF-beta,GSC,TWIST1,SNAI1",P,11
1728,"miR-34a,SNAI2,TWIST2,ZEB2,miR-200a,ZEB1,miR-200c,TGF-beta,GSC,SNAI1",P,10
1729,"miR-34a,SNAI2,TWIST2,ZEB2,miR-200a,ZEB1,miR-200b,TGF-beta,SNAI1",P,9
1730,"miR-34a,SNAI2,TWIST2,ZEB2,miR-200a,ZEB1,miR-200b,TGF-beta,GSC,TWIST1,SNAI1",P,11
1731,"miR-34a,SNAI2,TWIST2,ZEB2,miR-200a,ZEB1,miR-200b,TGF-beta,GSC,SNAI1",P,10
1732,"miR-34a,SNAI2,TWIST2,ZEB2,miR-200a,ZEB1,miR-141,TGF-beta,SNAI1",P,9
1733,"miR-34a,SNAI2,TWIST2,ZEB2,miR-200a,ZEB1,miR-141,TGF-beta,GSC,TWIST1,SNAI1",P,11
1734,"miR-34a,SNAI2,TWIST2,ZEB2,miR-200a,ZEB1,miR-141,TGF-beta,GSC,SNAI1",P,10
1735,"miR-34a,SNAI2,TWIST2,ZEB2,miR-200c,TGF-beta,SNAI1,miR-101,ZEB1",P,9
1736,"miR-34a,SNAI2,TWIST2,ZEB2,miR-200c,TGF-beta,SNAI1",P,7
1737,"miR-34a,SNAI2,TWIST2,ZEB2,miR-200c,TGF-beta,SNAI1,ZEB1",P,8
1738,"miR-34a,SNAI2,TWIST2,ZEB2,miR-200c,TGF-beta,SNAI1,TWIST1,ZEB1",P,9
1739,"miR-34a,SNAI2,TWIST2,ZEB2,miR-200c,TGF-beta,GSC,ZEB1",P,8
1740,"miR-34a,SNAI2,TWIST2,ZEB2,miR-200c,TGF-beta,GSC,TWIST1,ZEB1",P,9
1741,"miR-34a,SNAI2,TWIST2,ZEB2,miR-200c,TGF-beta,GSC,TWIST1,SNAI1,miR-101,ZEB1",P,11
1742,"miR-34a,SNAI2,TWIST2,ZEB2,miR-200c,TGF-beta,GSC,TWIST1,SNAI1",P,9
1743,"miR-34a,SNAI2,TWIST2,ZEB2,miR-200c,TGF-beta,GSC,TWIST1,SNAI1,ZEB1",P,10
1744,"miR-34a,SNAI2,TWIST2,ZEB2,miR-200c,TGF-beta,GSC,SNAI1,miR-101,ZEB1",P,10
1745,"miR-34a,SNAI2,TWIST2,ZEB2,miR-200c,TGF-beta,GSC,SNAI1",P,8
1746,"miR-34a,SNAI2,TWIST2,ZEB2,miR-200c,TGF-beta,GSC,SNAI1,ZEB1",P,9
1747,"miR-34a,SNAI2,TWIST2,ZEB2,miR-200c,TGF-beta,GSC,SNAI1,TWIST1,ZEB1",P,10
1748,"miR-34a,SNAI2,TWIST2,ZEB2,miR-200c,ZEB1",P,6
1749,"miR-34a,SNAI2,TWIST2,ZEB2,miR-200c,ZEB1,miR-200a,TGF-beta,SNAI1",P,9
1750,"miR-34a,SNAI2,TWIST2,ZEB2,miR-200c,ZEB1,miR-200a,TGF-beta,GSC,TWIST1,SNAI1",P,11
1751,"miR-34a,SNAI2,TWIST2,ZEB2,miR-200c,ZEB1,miR-200a,TGF-beta,GSC,SNAI1",P,10
1752,"miR-34a,SNAI2,TWIST2,ZEB2,miR-200c,ZEB1,miR-200b,TGF-beta,SNAI1",P,9
1753,"miR-34a,SNAI2,TWIST2,ZEB2,miR-200c,ZEB1,miR-200b,TGF-beta,GSC,TWIST1,SNAI1",P,11
1754,"miR-34a,SNAI2,TWIST2,ZEB2,miR-200c,ZEB1,miR-200b,TGF-beta,GSC,SNAI1",P,10
1755,"miR-34a,SNAI2,TWIST2,ZEB2,miR-200c,ZEB1,miR-141,TGF-beta,SNAI1",P,9
1756,"miR-34a,SNAI2,TWIST2,ZEB2,miR-200c,ZEB1,miR-141,TGF-beta,GSC,TWIST1,SNAI1",P,11
1757,"miR-34a,SNAI2,TWIST2,ZEB2,miR-200c,ZEB1,miR-141,TGF-beta,GSC,SNAI1",P,10
1758,"miR-34a,SNAI2,TWIST2,ZEB2,miR-200b,TGF-beta,SNAI1,miR-101,ZEB1",P,9
1759,"miR-34a,SNAI2,TWIST2,ZEB2,miR-200b,TGF-beta,SNAI1",P,7
1760,"miR-34a,SNAI2,TWIST2,ZEB2,miR-200b,TGF-beta,SNAI1,ZEB1",P,8
1761,"miR-34a,SNAI2,TWIST2,ZEB2,miR-200b,TGF-beta,SNAI1,TWIST1,ZEB1",P,9
1762,"miR-34a,SNAI2,TWIST2,ZEB2,miR-200b,TGF-beta,GSC,ZEB1",P,8
1763,"miR-34a,SNAI2,TWIST2,ZEB2,miR-200b,TGF-beta,GSC,TWIST1,ZEB1",P,9
1764,"miR-34a,SNAI2,TWIST2,ZEB2,miR-200b,TGF-beta,GSC,TWIST1,SNAI1,miR-101,ZEB1",P,11
1765,"miR-34a,SNAI2,TWIST2,ZEB2,miR-200b,TGF-beta,GSC,TWIST1,SNAI1",P,9
1766,"miR-34a,SNAI2,TWIST2,ZEB2,miR-200b,TGF-beta,GSC,TWIST1,SNAI1,ZEB1",P,10
1767,"miR-34a,SNAI2,TWIST2,ZEB2,miR-200b,TGF-beta,GSC,SNAI1,miR-101,ZEB1",P,10
1768,"miR-34a,SNAI2,TWIST2,ZEB2,miR-200b,TGF-beta,GSC,SNAI1",P,8
1769,"miR-34a,SNAI2,TWIST2,ZEB2,miR-200b,TGF-beta,GSC,SNAI1,ZEB1",P,9
1770,"miR-34a,SNAI2,TWIST2,ZEB2,miR-200b,TGF-beta,GSC,SNAI1,TWIST1,ZEB1",P,10
1771,"miR-34a,SNAI2,TWIST2,ZEB2,miR-200b,ZEB1",P,6
1772,"miR-34a,SNAI2,TWIST2,ZEB2,miR-200b,ZEB1,miR-200a,TGF-beta,SNAI1",P,9
1773,"miR-34a,SNAI2,TWIST2,ZEB2,miR-200b,ZEB1,miR-200a,TGF-beta,GSC,TWIST1,SNAI1",P,11
1774,"miR-34a,SNAI2,TWIST2,ZEB2,miR-200b,ZEB1,miR-200a,TGF-beta,GSC,SNAI1",P,10
1775,"miR-34a,SNAI2,TWIST2,ZEB2,miR-200b,ZEB1,miR-200c,TGF-beta,SNAI1",P,9
1776,"miR-34a,SNAI2,TWIST2,ZEB2,miR-200b,ZEB1,miR-200c,TGF-beta,GSC,TWIST1,SNAI1",P,11
1777,"miR-34a,SNAI2,TWIST2,ZEB2,miR-200b,ZEB1,miR-200c,TGF-beta,GSC,SNAI1",P,10
1778,"miR-34a,SNAI2,TWIST2,ZEB2,miR-200b,ZEB1,miR-141,TGF-beta,SNAI1",P,9
1779,"miR-34a,SNAI2,TWIST2,ZEB2,miR-200b,ZEB1,miR-141,TGF-beta,GSC,TWIST1,SNAI1",P,11
1780,"miR-34a,SNAI2,TWIST2,ZEB2,miR-200b,ZEB1,miR-141,TGF-beta,GSC,SNAI1",P,10
1781,"miR-34a,SNAI2,TWIST2,ZEB1",P,4
1782,"miR-34a,SNAI2,TWIST2,ZEB1,miR-200a,TGF-beta,SNAI1",P,7
1783,"miR-34a,SNAI2,TWIST2,ZEB1,miR-200a,TGF-beta,GSC,TWIST1,SNAI1",P,9
1784,"miR-34a,SNAI2,TWIST2,ZEB1,miR-200a,TGF-beta,GSC,SNAI1",P,8
1785,"miR-34a,SNAI2,TWIST2,ZEB1,miR-200a,ZEB2,miR-200c,TGF-beta,SNAI1",P,9
1786,"miR-34a,SNAI2,TWIST2,ZEB1,miR-200a,ZEB2,miR-200c,TGF-beta,GSC,TWIST1,SNAI1",P,11
1787,"miR-34a,SNAI2,TWIST2,ZEB1,miR-200a,ZEB2,miR-200c,TGF-beta,GSC,SNAI1",P,10
1788,"miR-34a,SNAI2,TWIST2,ZEB1,miR-200a,ZEB2,miR-200b,TGF-beta,SNAI1",P,9
1789,"miR-34a,SNAI2,TWIST2,ZEB1,miR-200a,ZEB2,miR-200b,TGF-beta,GSC,TWIST1,SNAI1",P,11
1790,"miR-34a,SNAI2,TWIST2,ZEB1,miR-200a,ZEB2,miR-200b,TGF-beta,GSC,SNAI1",P,10
1791,"miR-34a,SNAI2,TWIST2,ZEB1,miR-200c,TGF-beta,SNAI1",P,7
1792,"miR-34a,SNAI2,TWIST2,ZEB1,miR-200c,TGF-beta,GSC,TWIST1,SNAI1",P,9
1793,"miR-34a,SNAI2,TWIST2,ZEB1,miR-200c,TGF-beta,GSC,SNAI1",P,8
1794,"miR-34a,SNAI2,TWIST2,ZEB1,miR-200c,ZEB2,miR-200a,TGF-beta,SNAI1",P,9
1795,"miR-34a,SNAI2,TWIST2,ZEB1,miR-200c,ZEB2,miR-200a,TGF-beta,GSC,TWIST1,SNAI1",P,11
1796,"miR-34a,SNAI2,TWIST2,ZEB1,miR-200c,ZEB2,miR-200a,TGF-beta,GSC,SNAI1",P,10
1797,"miR-34a,SNAI2,TWIST2,ZEB1,miR-200c,ZEB2,miR-200b,TGF-beta,SNAI1",P,9
1798,"miR-34a,SNAI2,TWIST2,ZEB1,miR-200c,ZEB2,miR-200b,TGF-beta,GSC,TWIST1,SNAI1",P,11
1799,"miR-34a,SNAI2,TWIST2,ZEB1,miR-200c,ZEB2,miR-200b,TGF-beta,GSC,SNAI1",P,10
1800,"miR-34a,SNAI2,TWIST2,ZEB1,miR-200b,TGF-beta,SNAI1",P,7
1801,"miR-34a,SNAI2,TWIST2,ZEB1,miR-200b,TGF-beta,GSC,TWIST1,SNAI1",P,9
1802,"miR-34a,SNAI2,TWIST2,ZEB1,miR-200b,TGF-beta,GSC,SNAI1",P,8
1803,"miR-34a,SNAI2,TWIST2,ZEB1,miR-200b,ZEB2,miR-200a,TGF-beta,SNAI1",P,9
1804,"miR-34a,SNAI2,TWIST2,ZEB1,miR-200b,ZEB2,miR-200a,TGF-beta,GSC,TWIST1,SNAI1",P,11
1805,"miR-34a,SNAI2,TWIST2,ZEB1,miR-200b,ZEB2,miR-200a,TGF-beta,GSC,SNAI1",P,10
1806,"miR-34a,SNAI2,TWIST2,ZEB1,miR-200b,ZEB2,miR-200c,TGF-beta,SNAI1",P,9
1807,"miR-34a,SNAI2,TWIST2,ZEB1,miR-200b,ZEB2,miR-200c,TGF-beta,GSC,TWIST1,SNAI1",P,11
1808,"miR-34a,SNAI2,TWIST2,ZEB1,miR-200b,ZEB2,miR-200c,TGF-beta,GSC,SNAI1",P,10
1809,"miR-34a,SNAI2,TWIST2,ZEB1,miR-141,TGF-beta,SNAI1",P,7
1810,"miR-34a,SNAI2,TWIST2,ZEB1,miR-141,TGF-beta,GSC,TWIST1,SNAI1",P,9
1811,"miR-34a,SNAI2,TWIST2,ZEB1,miR-141,TGF-beta,GSC,SNAI1",P,8
1812,"miR-34a,SNAI2,TWIST2,ZEB1,miR-141,ZEB2,miR-200a,TGF-beta,SNAI1",P,9
1813,"miR-34a,SNAI2,TWIST2,ZEB1,miR-141,ZEB2,miR-200a,TGF-beta,GSC,TWIST1,SNAI1",P,11
1814,"miR-34a,SNAI2,TWIST2,ZEB1,miR-141,ZEB2,miR-200a,TGF-beta,GSC,SNAI1",P,10
1815,"miR-34a,SNAI2,TWIST2,ZEB1,miR-141,ZEB2,miR-200c,TGF-beta,SNAI1",P,9
1816,"miR-34a,SNAI2,TWIST2,ZEB1,miR-141,ZEB2,miR-200c,TGF-beta,GSC,TWIST1,SNAI1",P,11
1817,"miR-34a,SNAI2,TWIST2,ZEB1,miR-141,ZEB2,miR-200c,TGF-beta,GSC,SNAI1",P,10
1818,"miR-34a,SNAI2,TWIST2,ZEB1,miR-141,ZEB2,miR-200b,TGF-beta,SNAI1",P,9
1819,"miR-34a,SNAI2,TWIST2,ZEB1,miR-141,ZEB2,miR-200b,TGF-beta,GSC,TWIST1,SNAI1",P,11
1820,"miR-34a,SNAI2,TWIST2,ZEB1,miR-141,ZEB2,miR-200b,TGF-beta,GSC,SNAI1",P,10
1821,"miR-34a,SNAI2,TWIST2,TWIST1,ZEB2,miR-200a,TGF-beta,SNAI1,miR-101,ZEB1",P,10
1822,"miR-34a,SNAI2,TWIST2,TWIST1,ZEB2,miR-200a,TGF-beta,SNAI1",P,8
1823,"miR-34a,SNAI2,TWIST2,TWIST1,ZEB2,miR-200a,TGF-beta,SNAI1,ZEB1",P,9
1824,"miR-34a,SNAI2,TWIST2,TWIST1,ZEB2,miR-200a,TGF-beta,GSC,ZEB1",P,9
1825,"miR-34a,SNAI2,TWIST2,TWIST1,ZEB2,miR-200a,TGF-beta,GSC,SNAI1,miR-101,ZEB1",P,11
1826,"miR-34a,SNAI2,TWIST2,TWIST1,ZEB2,miR-200a,TGF-beta,GSC,SNAI1",P,9
1827,"miR-34a,SNAI2,TWIST2,TWIST1,ZEB2,miR-200a,TGF-beta,GSC,SNAI1,ZEB1",P,10
1828,"miR-34a,SNAI2,TWIST2,TWIST1,ZEB2,miR-200a,ZEB1",P,7
1829,"miR-34a,SNAI2,TWIST2,TWIST1,ZEB2,miR-200a,ZEB1,miR-200c,TGF-beta,SNAI1",P,10
1830,"miR-34a,SNAI2,TWIST2,TWIST1,ZEB2,miR-200a,ZEB1,miR-200c,TGF-beta,GSC,SNAI1",P,11
1831,"miR-34a,SNAI2,TWIST2,TWIST1,ZEB2,miR-200a,ZEB1,miR-200b,TGF-beta,SNAI1",P,10
1832,"miR-34a,SNAI2,TWIST2,TWIST1,ZEB2,miR-200a,ZEB1,miR-200b,TGF-beta,GSC,SNAI1",P,11
1833,"miR-34a,SNAI2,TWIST2,TWIST1,ZEB2,miR-200a,ZEB1,miR-141,TGF-beta,SNAI1",P,10
1834,"miR-34a,SNAI2,TWIST2,TWIST1,ZEB2,miR-200a,ZEB1,miR-141,TGF-beta,GSC,SNAI1",P,11
1835,"miR-34a,SNAI2,TWIST2,TWIST1,ZEB2,miR-200c,TGF-beta,SNAI1,miR-101,ZEB1",P,10
1836,"miR-34a,SNAI2,TWIST2,TWIST1,ZEB2,miR-200c,TGF-beta,SNAI1",P,8
1837,"miR-34a,SNAI2,TWIST2,TWIST1,ZEB2,miR-200c,TGF-beta,SNAI1,ZEB1",P,9
1838,"miR-34a,SNAI2,TWIST2,TWIST1,ZEB2,miR-200c,TGF-beta,GSC,ZEB1",P,9
1839,"miR-34a,SNAI2,TWIST2,TWIST1,ZEB2,miR-200c,TGF-beta,GSC,SNAI1,miR-101,ZEB1",P,11
1840,"miR-34a,SNAI2,TWIST2,TWIST1,ZEB2,miR-200c,TGF-beta,GSC,SNAI1",P,9
1841,"miR-34a,SNAI2,TWIST2,TWIST1,ZEB2,miR-200c,TGF-beta,GSC,SNAI1,ZEB1",P,10
1842,"miR-34a,SNAI2,TWIST2,TWIST1,ZEB2,miR-200c,ZEB1",P,7
1843,"miR-34a,SNAI2,TWIST2,TWIST1,ZEB2,miR-200c,ZEB1,miR-200a,TGF-beta,SNAI1",P,10
1844,"miR-34a,SNAI2,TWIST2,TWIST1,ZEB2,miR-200c,ZEB1,miR-200a,TGF-beta,GSC,SNAI1",P,11
1845,"miR-34a,SNAI2,TWIST2,TWIST1,ZEB2,miR-200c,ZEB1,miR-200b,TGF-beta,SNAI1",P,10
1846,"miR-34a,SNAI2,TWIST2,TWIST1,ZEB2,miR-200c,ZEB1,miR-200b,TGF-beta,GSC,SNAI1",P,11
1847,"miR-34a,SNAI2,TWIST2,TWIST1,ZEB2,miR-200c,ZEB1,miR-141,TGF-beta,SNAI1",P,10
1848,"miR-34a,SNAI2,TWIST2,TWIST1,ZEB2,miR-200c,ZEB1,miR-141,TGF-beta,GSC,SNAI1",P,11
1849,"miR-34a,SNAI2,TWIST2,TWIST1,ZEB2,miR-200b,TGF-beta,SNAI1,miR-101,ZEB1",P,10
1850,"miR-34a,SNAI2,TWIST2,TWIST1,ZEB2,miR-200b,TGF-beta,SNAI1",P,8
1851,"miR-34a,SNAI2,TWIST2,TWIST1,ZEB2,miR-200b,TGF-beta,SNAI1,ZEB1",P,9
1852,"miR-34a,SNAI2,TWIST2,TWIST1,ZEB2,miR-200b,TGF-beta,GSC,ZEB1",P,9
1853,"miR-34a,SNAI2,TWIST2,TWIST1,ZEB2,miR-200b,TGF-beta,GSC,SNAI1,miR-101,ZEB1",P,11
1854,"miR-34a,SNAI2,TWIST2,TWIST1,ZEB2,miR-200b,TGF-beta,GSC,SNAI1",P,9
1855,"miR-34a,SNAI2,TWIST2,TWIST1,ZEB2,miR-200b,TGF-beta,GSC,SNAI1,ZEB1",P,10
1856,"miR-34a,SNAI2,TWIST2,TWIST1,ZEB2,miR-200b,ZEB1",P,7
1857,"miR-34a,SNAI2,TWIST2,TWIST1,ZEB2,miR-200b,ZEB1,miR-200a,TGF-beta,SNAI1",P,10
1858,"miR-34a,SNAI2,TWIST2,TWIST1,ZEB2,miR-200b,ZEB1,miR-200a,TGF-beta,GSC,SNAI1",P,11
1859,"miR-34a,SNAI2,TWIST2,TWIST1,ZEB2,miR-200b,ZEB1,miR-200c,TGF-beta,SNAI1",P,10
1860,"miR-34a,SNAI2,TWIST2,TWIST1,ZEB2,miR-200b,ZEB1,miR-200c,TGF-beta,GSC,SNAI1",P,11
1861,"miR-34a,SNAI2,TWIST2,TWIST1,ZEB2,miR-200b,ZEB1,miR-141,TGF-beta,SNAI1",P,10
1862,"miR-34a,SNAI2,TWIST2,TWIST1,ZEB2,miR-200b,ZEB1,miR-141,TGF-beta,GSC,SNAI1",P,11
1863,"miR-34a,SNAI2,TWIST2,TWIST1,ZEB1",P,5
1864,"miR-34a,SNAI2,TWIST2,TWIST1,ZEB1,miR-200a,TGF-beta,SNAI1",P,8
1865,"miR-34a,SNAI2,TWIST2,TWIST1,ZEB1,miR-200a,TGF-beta,GSC,SNAI1",P,9
1866,"miR-34a,SNAI2,TWIST2,TWIST1,ZEB1,miR-200a,ZEB2,miR-200c,TGF-beta,SNAI1",P,10
1867,"miR-34a,SNAI2,TWIST2,TWIST1,ZEB1,miR-200a,ZEB2,miR-200c,TGF-beta,GSC,SNAI1",P,11
1868,"miR-34a,SNAI2,TWIST2,TWIST1,ZEB1,miR-200a,ZEB2,miR-200b,TGF-beta,SNAI1",P,10
1869,"miR-34a,SNAI2,TWIST2,TWIST1,ZEB1,miR-200a,ZEB2,miR-200b,TGF-beta,GSC,SNAI1",P,11
1870,"miR-34a,SNAI2,TWIST2,TWIST1,ZEB1,miR-200c,TGF-beta,SNAI1",P,8
1871,"miR-34a,SNAI2,TWIST2,TWIST1,ZEB1,miR-200c,TGF-beta,GSC,SNAI1",P,9
1872,"miR-34a,SNAI2,TWIST2,TWIST1,ZEB1,miR-200c,ZEB2,miR-200a,TGF-beta,SNAI1",P,10
1873,"miR-34a,SNAI2,TWIST2,TWIST1,ZEB1,miR-200c,ZEB2,miR-200a,TGF-beta,GSC,SNAI1",P,11
1874,"miR-34a,SNAI2,TWIST2,TWIST1,ZEB1,miR-200c,ZEB2,miR-200b,TGF-beta,SNAI1",P,10
1875,"miR-34a,SNAI2,TWIST2,TWIST1,ZEB1,miR-200c,ZEB2,miR-200b,TGF-beta,GSC,SNAI1",P,11
1876,"miR-34a,SNAI2,TWIST2,TWIST1,ZEB1,miR-200b,TGF-beta,SNAI1",P,8
1877,"miR-34a,SNAI2,TWIST2,TWIST1,ZEB1,miR-200b,TGF-beta,GSC,SNAI1",P,9
1878,"miR-34a,SNAI2,TWIST2,TWIST1,ZEB1,miR-200b,ZEB2,miR-200a,TGF-beta,SNAI1",P,10
1879,"miR-34a,SNAI2,TWIST2,TWIST1,ZEB1,miR-200b,ZEB2,miR-200a,TGF-beta,GSC,SNAI1",P,11
1880,"miR-34a,SNAI2,TWIST2,TWIST1,ZEB1,miR-200b,ZEB2,miR-200c,TGF-beta,SNAI1",P,10
1881,"miR-34a,SNAI2,TWIST2,TWIST1,ZEB1,miR-200b,ZEB2,miR-200c,TGF-beta,GSC,SNAI1",P,11
1882,"miR-34a,SNAI2,TWIST2,TWIST1,ZEB1,miR-141,TGF-beta,SNAI1",P,8
1883,"miR-34a,SNAI2,TWIST2,TWIST1,ZEB1,miR-141,TGF-beta,GSC,SNAI1",P,9
1884,"miR-34a,SNAI2,TWIST2,TWIST1,ZEB1,miR-141,ZEB2,miR-200a,TGF-beta,SNAI1",P,10
1885,"miR-34a,SNAI2,TWIST2,TWIST1,ZEB1,miR-141,ZEB2,miR-200a,TGF-beta,GSC,SNAI1",P,11
1886,"miR-34a,SNAI2,TWIST2,TWIST1,ZEB1,miR-141,ZEB2,miR-200c,TGF-beta,SNAI1",P,10
1887,"miR-34a,SNAI2,TWIST2,TWIST1,ZEB1,miR-141,ZEB2,miR-200c,TGF-beta,GSC,SNAI1",P,11
1888,"miR-34a,SNAI2,TWIST2,TWIST1,ZEB1,miR-141,ZEB2,miR-200b,TGF-beta,SNAI1",P,10
1889,"miR-34a,SNAI2,TWIST2,TWIST1,ZEB1,miR-141,ZEB2,miR-200b,TGF-beta,GSC,SNAI1",P,11
1890,"miR-34a,SNAI2,TWIST2,TWIST1,SNAI1,miR-101,ZEB2,miR-200a,TGF-beta,GSC,ZEB1",P,11
1891,"miR-34a,SNAI2,TWIST2,TWIST1,SNAI1,miR-101,ZEB2,miR-200a,ZEB1",P,9
1892,"miR-34a,SNAI2,TWIST2,TWIST1,SNAI1,miR-101,ZEB2,miR-200c,TGF-beta,GSC,ZEB1",P,11
1893,"miR-34a,SNAI2,TWIST2,TWIST1,SNAI1,miR-101,ZEB2,miR-200c,ZEB1",P,9
1894,"miR-34a,SNAI2,TWIST2,TWIST1,SNAI1,miR-101,ZEB2,miR-200b,TGF-beta,GSC,ZEB1",P,11
1895,"miR-34a,SNAI2,TWIST2,TWIST1,SNAI1,miR-101,ZEB2,miR-200b,ZEB1",P,9
1896,"miR-34a,SNAI2,TWIST2,TWIST1,SNAI1,miR-101,ZEB1",P,7
1897,"miR-34a,SNAI2,TWIST2,TWIST1,SNAI1",P,5
1898,"miR-34a,SNAI2,TWIST2,TWIST1,SNAI1,ZEB2,miR-200a,TGF-beta,GSC,ZEB1",P,10
1899,"miR-34a,SNAI2,TWIST2,TWIST1,SNAI1,ZEB2,miR-200a,ZEB1",P,8
1900,"miR-34a,SNAI2,TWIST2,TWIST1,SNAI1,ZEB2,miR-200c,TGF-beta,GSC,ZEB1",P,10
1901,"miR-34a,SNAI2,TWIST2,TWIST1,SNAI1,ZEB2,miR-200c,ZEB1",P,8
1902,"miR-34a,SNAI2,TWIST2,TWIST1,SNAI1,ZEB2,miR-200b,TGF-beta,GSC,ZEB1",P,10
1903,"miR-34a,SNAI2,TWIST2,TWIST1,SNAI1,ZEB2,miR-200b,ZEB1",P,8
1904,"miR-34a,SNAI2,TWIST2,TWIST1,SNAI1,ZEB1",P,6
1905,"miR-34a,SNAI2,TWIST2,SNAI1,miR-101,ZEB2,miR-200a,TGF-beta,GSC,ZEB1",P,10
1906,"miR-34a,SNAI2,TWIST2,SNAI1,miR-101,ZEB2,miR-200a,TGF-beta,GSC,TWIST1,ZEB1",P,11
1907,"miR-34a,SNAI2,TWIST2,SNAI1,miR-101,ZEB2,miR-200a,ZEB1",P,8
1908,"miR-34a,SNAI2,TWIST2,SNAI1,miR-101,ZEB2,miR-200c,TGF-beta,GSC,ZEB1",P,10
1909,"miR-34a,SNAI2,TWIST2,SNAI1,miR-101,ZEB2,miR-200c,TGF-beta,GSC,TWIST1,ZEB1",P,11
1910,"miR-34a,SNAI2,TWIST2,SNAI1,miR-101,ZEB2,miR-200c,ZEB1",P,8
1911,"miR-34a,SNAI2,TWIST2,SNAI1,miR-101,ZEB2,miR-200b,TGF-beta,GSC,ZEB1",P,10
1912,"miR-34a,SNAI2,TWIST2,SNAI1,miR-101,ZEB2,miR-200b,TGF-beta,GSC,TWIST1,ZEB1",P,11
1913,"miR-34a,SNAI2,TWIST2,SNAI1,miR-101,ZEB2,miR-200b,ZEB1",P,8
1914,"miR-34a,SNAI2,TWIST2,SNAI1,miR-101,ZEB1",P,6
1915,"miR-34a,SNAI2,TWIST2,SNAI1",P,4
1916,"miR-34a,SNAI2,TWIST2,SNAI1,ZEB2,miR-200a,TGF-beta,GSC,ZEB1",P,9
1917,"miR-34a,SNAI2,TWIST2,SNAI1,ZEB2,miR-200a,TGF-beta,GSC,TWIST1,ZEB1",P,10
1918,"miR-34a,SNAI2,TWIST2,SNAI1,ZEB2,miR-200a,ZEB1",P,7
1919,"miR-34a,SNAI2,TWIST2,SNAI1,ZEB2,miR-200c,TGF-beta,GSC,ZEB1",P,9
1920,"miR-34a,SNAI2,TWIST2,SNAI1,ZEB2,miR-200c,TGF-beta,GSC,TWIST1,ZEB1",P,10
1921,"miR-34a,SNAI2,TWIST2,SNAI1,ZEB2,miR-200c,ZEB1",P,7
1922,"miR-34a,SNAI2,TWIST2,SNAI1,ZEB2,miR-200b,TGF-beta,GSC,ZEB1",P,9
1923,"miR-34a,SNAI2,TWIST2,SNAI1,ZEB2,miR-200b,TGF-beta,GSC,TWIST1,ZEB1",P,10
1924,"miR-34a,SNAI2,TWIST2,SNAI1,ZEB2,miR-200b,ZEB1",P,7
1925,"miR-34a,SNAI2,TWIST2,SNAI1,ZEB1",P,5
1926,"miR-34a,SNAI2,TWIST2,SNAI1,TWIST1,ZEB2,miR-200a,TGF-beta,GSC,ZEB1",P,10
1927,"miR-34a,SNAI2,TWIST2,SNAI1,TWIST1,ZEB2,miR-200a,ZEB1",P,8
1928,"miR-34a,SNAI2,TWIST2,SNAI1,TWIST1,ZEB2,miR-200c,TGF-beta,GSC,ZEB1",P,10
1929,"miR-34a,SNAI2,TWIST2,SNAI1,TWIST1,ZEB2,miR-200c,ZEB1",P,8
1930,"miR-34a,SNAI2,TWIST2,SNAI1,TWIST1,ZEB2,miR-200b,TGF-beta,GSC,ZEB1",P,10
1931,"miR-34a,SNAI2,TWIST2,SNAI1,TWIST1,ZEB2,miR-200b,ZEB1",P,8
1932,"miR-34a,SNAI2,TWIST2,SNAI1,TWIST1,ZEB1",P,6
1933,"miR-34a,SNAI1,miR-101,ZEB2,miR-200a,TGF-beta,SNAI2,miR-200b,ZEB1",P,9
1934,"miR-34a,SNAI1,miR-101,ZEB2,miR-200a,TGF-beta,SNAI2,TWIST2,ZEB1",P,9
1935,"miR-34a,SNAI1,miR-101,ZEB2,miR-200a,TGF-beta,SNAI2,TWIST2,TWIST1,ZEB1",P,10
1936,"miR-34a,SNAI1,miR-101,ZEB2,miR-200a,TGF-beta,GSC,ZEB1",P,8
1937,"miR-34a,SNAI1,miR-101,ZEB2,miR-200a,TGF-beta,GSC,TWIST1,ZEB1",P,9
1938,"miR-34a,SNAI1,miR-101,ZEB2,miR-200a,TGF-beta,GSC,TWIST1,SNAI2,miR-200b,ZEB1",P,11
1939,"miR-34a,SNAI1,miR-101,ZEB2,miR-200a,TGF-beta,GSC,TWIST1,SNAI2,TWIST2,ZEB1",P,11
1940,"miR-34a,SNAI1,miR-101,ZEB2,miR-200a,ZEB1",P,6
1941,"miR-34a,SNAI1,miR-101,ZEB2,miR-200c,TGF-beta,SNAI2,miR-200b,ZEB1",P,9
1942,"miR-34a,SNAI1,miR-101,ZEB2,miR-200c,TGF-beta,SNAI2,TWIST2,ZEB1",P,9
1943,"miR-34a,SNAI1,miR-101,ZEB2,miR-200c,TGF-beta,SNAI2,TWIST2,TWIST1,ZEB1",P,10
1944,"miR-34a,SNAI1,miR-101,ZEB2,miR-200c,TGF-beta,GSC,ZEB1",P,8
1945,"miR-34a,SNAI1,miR-101,ZEB2,miR-200c,TGF-beta,GSC,TWIST1,ZEB1",P,9
1946,"miR-34a,SNAI1,miR-101,ZEB2,miR-200c,TGF-beta,GSC,TWIST1,SNAI2,miR-200b,ZEB1",P,11
1947,"miR-34a,SNAI1,miR-101,ZEB2,miR-200c,TGF-beta,GSC,TWIST1,SNAI2,TWIST2,ZEB1",P,11
1948,"miR-34a,SNAI1,miR-101,ZEB2,miR-200c,ZEB1",P,6
1949,"miR-34a,SNAI1,miR-101,ZEB2,miR-200b,TGF-beta,SNAI2,TWIST2,ZEB1",P,9
1950,"miR-34a,SNAI1,miR-101,ZEB2,miR-200b,TGF-beta,SNAI2,TWIST2,TWIST1,ZEB1",P,10
1951,"miR-34a,SNAI1,miR-101,ZEB2,miR-200b,TGF-beta,GSC,ZEB1",P,8
1952,"miR-34a,SNAI1,miR-101,ZEB2,miR-200b,TGF-beta,GSC,TWIST1,ZEB1",P,9
1953,"miR-34a,SNAI1,miR-101,ZEB2,miR-200b,TGF-beta,GSC,TWIST1,SNAI2,TWIST2,ZEB1",P,11
1954,"miR-34a,SNAI1,miR-101,ZEB2,miR-200b,ZEB1",P,6
1955,"miR-34a,SNAI1,miR-101,ZEB1",P,4
1956,"miR-34a,SNAI1",P,2
1957,"miR-34a,SNAI1,ZEB2,miR-200a,TGF-beta,SNAI2,miR-200b,ZEB1",P,8
1958,"miR-34a,SNAI1,ZEB2,miR-200a,TGF-beta,SNAI2,miR-101,ZEB1",P,8
1959,"miR-34a,SNAI1,ZEB2,miR-200a,TGF-beta,SNAI2,TWIST2,ZEB1",P,8
1960,"miR-34a,SNAI1,ZEB2,miR-200a,TGF-beta,SNAI2,TWIST2,TWIST1,ZEB1",P,9
1961,"miR-34a,SNAI1,ZEB2,miR-200a,TGF-beta,GSC,ZEB1",P,7
1962,"miR-34a,SNAI1,ZEB2,miR-200a,TGF-beta,GSC,TWIST1,ZEB1",P,8
1963,"miR-34a,SNAI1,ZEB2,miR-200a,TGF-beta,GSC,TWIST1,SNAI2,miR-200b,ZEB1",P,10
1964,"miR-34a,SNAI1,ZEB2,miR-200a,TGF-beta,GSC,TWIST1,SNAI2,miR-101,ZEB1",P,10
1965,"miR-34a,SNAI1,ZEB2,miR-200a,TGF-beta,GSC,TWIST1,SNAI2,TWIST2,ZEB1",P,10
1966,"miR-34a,SNAI1,ZEB2,miR-200a,ZEB1",P,5
1967,"miR-34a,SNAI1,ZEB2,miR-200c,TGF-beta,SNAI2,miR-200b,ZEB1",P,8
1968,"miR-34a,SNAI1,ZEB2,miR-200c,TGF-beta,SNAI2,miR-101,ZEB1",P,8
1969,"miR-34a,SNAI1,ZEB2,miR-200c,TGF-beta,SNAI2,TWIST2,ZEB1",P,8
1970,"miR-34a,SNAI1,ZEB2,miR-200c,TGF-beta,SNAI2,TWIST2,TWIST1,ZEB1",P,9
1971,"miR-34a,SNAI1,ZEB2,miR-200c,TGF-beta,GSC,ZEB1",P,7
1972,"miR-34a,SNAI1,ZEB2,miR-200c,TGF-beta,GSC,TWIST1,ZEB1",P,8
1973,"miR-34a,SNAI1,ZEB2,miR-200c,TGF-beta,GSC,TWIST1,SNAI2,miR-200b,ZEB1",P,10
1974,"miR-34a,SNAI1,ZEB2,miR-200c,TGF-beta,GSC,TWIST1,SNAI2,miR-101,ZEB1",P,10
1975,"miR-34a,SNAI1,ZEB2,miR-200c,TGF-beta,GSC,TWIST1,SNAI2,TWIST2,ZEB1",P,10
1976,"miR-34a,SNAI1,ZEB2,miR-200c,ZEB1",P,5
1977,"miR-34a,SNAI1,ZEB2,miR-200b,TGF-beta,SNAI2,miR-101,ZEB1",P,8
1978,"miR-34a,SNAI1,ZEB2,miR-200b,TGF-beta,SNAI2,TWIST2,ZEB1",P,8
1979,"miR-34a,SNAI1,ZEB2,miR-200b,TGF-beta,SNAI2,TWIST2,TWIST1,ZEB1",P,9
1980,"miR-34a,SNAI1,ZEB2,miR-200b,TGF-beta,GSC,ZEB1",P,7
1981,"miR-34a,SNAI1,ZEB2,miR-200b,TGF-beta,GSC,TWIST1,ZEB1",P,8
1982,"miR-34a,SNAI1,ZEB2,miR-200b,TGF-beta,GSC,TWIST1,SNAI2,miR-101,ZEB1",P,10
1983,"miR-34a,SNAI1,ZEB2,miR-200b,TGF-beta,GSC,TWIST1,SNAI2,TWIST2,ZEB1",P,10
1984,"miR-34a,SNAI1,ZEB2,miR-200b,ZEB1",P,5
1985,"miR-34a,SNAI1,ZEB1",P,3
1986,"miR-34a,SNAI1,TWIST1,ZEB2,miR-200a,TGF-beta,SNAI2,miR-200b,ZEB1",P,9
1987,"miR-34a,SNAI1,TWIST1,ZEB2,miR-200a,TGF-beta,SNAI2,miR-101,ZEB1",P,9
1988,"miR-34a,SNAI1,TWIST1,ZEB2,miR-200a,TGF-beta,SNAI2,TWIST2,ZEB1",P,9
1989,"miR-34a,SNAI1,TWIST1,ZEB2,miR-200a,TGF-beta,GSC,ZEB1",P,8
1990,"miR-34a,SNAI1,TWIST1,ZEB2,miR-200a,ZEB1",P,6
1991,"miR-34a,SNAI1,TWIST1,ZEB2,miR-200c,TGF-beta,SNAI2,miR-200b,ZEB1",P,9
1992,"miR-34a,SNAI1,TWIST1,ZEB2,miR-200c,TGF-beta,SNAI2,miR-101,ZEB1",P,9
1993,"miR-34a,SNAI1,TWIST1,ZEB2,miR-200c,TGF-beta,SNAI2,TWIST2,ZEB1",P,9
1994,"miR-34a,SNAI1,TWIST1,ZEB2,miR-200c,TGF-beta,GSC,ZEB1",P,8
1995,"miR-34a,SNAI1,TWIST1,ZEB2,miR-200c,ZEB1",P,6
1996,"miR-34a,SNAI1,TWIST1,ZEB2,miR-200b,TGF-beta,SNAI2,miR-101,ZEB1",P,9
1997,"miR-34a,SNAI1,TWIST1,ZEB2,miR-200b,TGF-beta,SNAI2,TWIST2,ZEB1",P,9
1998,"miR-34a,SNAI1,TWIST1,ZEB2,miR-200b,TGF-beta,GSC,ZEB1",P,8
1999,"miR-34a,SNAI1,TWIST1,ZEB2,miR-200b,ZEB1",P,6
2000,"miR-34a,SNAI1,TWIST1,ZEB1",P,4
2001,"miR-34a,SNAI1,TWIST1,SNAI2,miR-200b,TGF-beta,GSC,ZEB2,miR-200a,ZEB1",P,10
2002,"miR-34a,SNAI1,TWIST1,SNAI2,miR-200b,TGF-beta,GSC,ZEB2,miR-200c,ZEB1",P,10
2003,"miR-34a,SNAI1,TWIST1,SNAI2,miR-200b,TGF-beta,GSC,ZEB1",P,8
2004,"miR-34a,SNAI1,TWIST1,SNAI2,miR-200b,ZEB2,miR-200a,TGF-beta,GSC,ZEB1",P,10
2005,"miR-34a,SNAI1,TWIST1,SNAI2,miR-200b,ZEB2,miR-200a,ZEB1",P,8
2006,"miR-34a,SNAI1,TWIST1,SNAI2,miR-200b,ZEB2,miR-200c,TGF-beta,GSC,ZEB1",P,10
2007,"miR-34a,SNAI1,TWIST1,SNAI2,miR-200b,ZEB2,miR-200c,ZEB1",P,8
2008,"miR-34a,SNAI1,TWIST1,SNAI2,miR-200b,ZEB1",P,6
2009,"miR-34a,SNAI1,TWIST1,SNAI2,miR-101,ZEB2,miR-200a,TGF-beta,GSC,ZEB1",P,10
2010,"miR-34a,SNAI1,TWIST1,SNAI2,miR-101,ZEB2,miR-200a,ZEB1",P,8
2011,"miR-34a,SNAI1,TWIST1,SNAI2,miR-101,ZEB2,miR-200c,TGF-beta,GSC,ZEB1",P,10
2012,"miR-34a,SNAI1,TWIST1,SNAI2,miR-101,ZEB2,miR-200c,ZEB1",P,8
2013,"miR-34a,SNAI1,TWIST1,SNAI2,miR-101,ZEB2,miR-200b,TGF-beta,GSC,ZEB1",P,10
2014,"miR-34a,SNAI1,TWIST1,SNAI2,miR-101,ZEB2,miR-200b,ZEB1",P,8
2015,"miR-34a,SNAI1,TWIST1,SNAI2,miR-101,ZEB1",P,6
2016,"miR-34a,SNAI1,TWIST1,SNAI2,TWIST2,ZEB2,miR-200a,TGF-beta,GSC,ZEB1",P,10
2017,"miR-34a,SNAI1,TWIST1,SNAI2,TWIST2,ZEB2,miR-200a,ZEB1",P,8
2018,"miR-34a,SNAI1,TWIST1,SNAI2,TWIST2,ZEB2,miR-200c,TGF-beta,GSC,ZEB1",P,10
2019,"miR-34a,SNAI1,TWIST1,SNAI2,TWIST2,ZEB2,miR-200c,ZEB1",P,8
2020,"miR-34a,SNAI1,TWIST1,SNAI2,TWIST2,ZEB2,miR-200b,TGF-beta,GSC,ZEB1",P,10
2021,"miR-34a,SNAI1,TWIST1,SNAI2,TWIST2,ZEB2,miR-200b,ZEB1",P,8
2022,"miR-34a,SNAI1,TWIST1,SNAI2,TWIST2,ZEB1",P,6
2023,"miR-34a,SNAI1,SNAI2,miR-200b,TGF-beta,GSC,ZEB2,miR-200a,ZEB1",P,9
2024,"miR-34a,SNAI1,SNAI2,miR-200b,TGF-beta,GSC,ZEB2,miR-200c,ZEB1",P,9
2025,"miR-34a,SNAI1,SNAI2,miR-200b,TGF-beta,GSC,ZEB1",P,7
2026,"miR-34a,SNAI1,SNAI2,miR-200b,TGF-beta,GSC,TWIST1,ZEB2,miR-200a,ZEB1",P,10
2027,"miR-34a,SNAI1,SNAI2,miR-200b,TGF-beta,GSC,TWIST1,ZEB2,miR-200c,ZEB1",P,10
2028,"miR-34a,SNAI1,SNAI2,miR-200b,TGF-beta,GSC,TWIST1,ZEB1",P,8
2029,"miR-34a,SNAI1,SNAI2,miR-200b,ZEB2,miR-200a,TGF-beta,GSC,ZEB1",P,9
2030,"miR-34a,SNAI1,SNAI2,miR-200b,ZEB2,miR-200a,TGF-beta,GSC,TWIST1,ZEB1",P,10
2031,"miR-34a,SNAI1,SNAI2,miR-200b,ZEB2,miR-200a,ZEB1",P,7
2032,"miR-34a,SNAI1,SNAI2,miR-200b,ZEB2,miR-200c,TGF-beta,GSC,ZEB1",P,9
2033,"miR-34a,SNAI1,SNAI2,miR-200b,ZEB2,miR-200c,TGF-beta,GSC,TWIST1,ZEB1",P,10
2034,"miR-34a,SNAI1,SNAI2,miR-200b,ZEB2,miR-200c,ZEB1",P,7
2035,"miR-34a,SNAI1,SNAI2,miR-200b,ZEB1",P,5
2036,"miR-34a,SNAI1,SNAI2,miR-101,ZEB2,miR-200a,TGF-beta,GSC,ZEB1",P,9
2037,"miR-34a,SNAI1,SNAI2,miR-101,ZEB2,miR-200a,TGF-beta,GSC,TWIST1,ZEB1",P,10
2038,"miR-34a,SNAI1,SNAI2,miR-101,ZEB2,miR-200a,ZEB1",P,7
2039,"miR-34a,SNAI1,SNAI2,miR-101,ZEB2,miR-200c,TGF-beta,GSC,ZEB1",P,9
2040,"miR-34a,SNAI1,SNAI2,miR-101,ZEB2,miR-200c,TGF-beta,GSC,TWIST1,ZEB1",P,10
2041,"miR-34a,SNAI1,SNAI2,miR-101,ZEB2,miR-200c,ZEB1",P,7
2042,"miR-34a,SNAI1,SNAI2,miR-101,ZEB2,miR-200b,TGF-beta,GSC,ZEB1",P,9
2043,"miR-34a,SNAI1,SNAI2,miR-101,ZEB2,miR-200b,TGF-beta,GSC,TWIST1,ZEB1",P,10
2044,"miR-34a,SNAI1,SNAI2,miR-101,ZEB2,miR-200b,ZEB1",P,7
2045,"miR-34a,SNAI1,SNAI2,miR-101,ZEB1",P,5
2046,"miR-34a,SNAI1,SNAI2,TWIST2,ZEB2,miR-200a,TGF-beta,GSC,ZEB1",P,9
2047,"miR-34a,SNAI1,SNAI2,TWIST2,ZEB2,miR-200a,TGF-beta,GSC,TWIST1,ZEB1",P,10
2048,"miR-34a,SNAI1,SNAI2,TWIST2,ZEB2,miR-200a,ZEB1",P,7
2049,"miR-34a,SNAI1,SNAI2,TWIST2,ZEB2,miR-200c,TGF-beta,GSC,ZEB1",P,9
2050,"miR-34a,SNAI1,SNAI2,TWIST2,ZEB2,miR-200c,TGF-beta,GSC,TWIST1,ZEB1",P,10
2051,"miR-34a,SNAI1,SNAI2,TWIST2,ZEB2,miR-200c,ZEB1",P,7
2052,"miR-34a,SNAI1,SNAI2,TWIST2,ZEB2,miR-200b,TGF-beta,GSC,ZEB1",P,9
2053,"miR-34a,SNAI1,SNAI2,TWIST2,ZEB2,miR-200b,TGF-beta,GSC,TWIST1,ZEB1",P,10
2054,"miR-34a,SNAI1,SNAI2,TWIST2,ZEB2,miR-200b,ZEB1",P,7
2055,"miR-34a,SNAI1,SNAI2,TWIST2,ZEB1",P,5
2056,"miR-34a,SNAI1,SNAI2,TWIST2,TWIST1,ZEB2,miR-200a,TGF-beta,GSC,ZEB1",P,10
2057,"miR-34a,SNAI1,SNAI2,TWIST2,TWIST1,ZEB2,miR-200a,ZEB1",P,8
2058,"miR-34a,SNAI1,SNAI2,TWIST2,TWIST1,ZEB2,miR-200c,TGF-beta,GSC,ZEB1",P,10
2059,"miR-34a,SNAI1,SNAI2,TWIST2,TWIST1,ZEB2,miR-200c,ZEB1",P,8
2060,"miR-34a,SNAI1,SNAI2,TWIST2,TWIST1,ZEB2,miR-200b,TGF-beta,GSC,ZEB1",P,10
2061,"miR-34a,SNAI1,SNAI2,TWIST2,TWIST1,ZEB2,miR-200b,ZEB1",P,8
2062,"miR-34a,SNAI1,SNAI2,TWIST2,TWIST1,ZEB1",P,6
2063,"miR-200a,TGF-beta,SNAI2,miR-200b,ZEB2",P,5
2064,"miR-200a,TGF-beta,SNAI2,miR-200b,ZEB2,miR-200c,ZEB1",P,7
2065,"miR-200a,TGF-beta,SNAI2,miR-200b,ZEB1",P,5
2066,"miR-200a,TGF-beta,SNAI2,miR-200b,ZEB1,miR-200c,ZEB2",P,7
2067,"miR-200a,TGF-beta,SNAI2,miR-200b,ZEB1,miR-141,ZEB2",P,7
2068,"miR-200a,TGF-beta,SNAI2,miR-101,SNAI1,ZEB2",P,6
2069,"miR-200a,TGF-beta,SNAI2,miR-101,SNAI1,ZEB2,miR-200c,ZEB1",P,8
2070,"miR-200a,TGF-beta,SNAI2,miR-101,SNAI1,ZEB2,miR-200b,ZEB1",P,8
2071,"miR-200a,TGF-beta,SNAI2,miR-101,SNAI1,ZEB1",P,6
2072,"miR-200a,TGF-beta,SNAI2,miR-101,SNAI1,ZEB1,miR-200c,ZEB2",P,8
2073,"miR-200a,TGF-beta,SNAI2,miR-101,SNAI1,ZEB1,miR-200b,ZEB2",P,8
2074,"miR-200a,TGF-beta,SNAI2,miR-101,SNAI1,ZEB1,miR-141,ZEB2",P,8
2075,"miR-200a,TGF-beta,SNAI2,miR-101,SNAI1,TWIST1,ZEB2",P,7
2076,"miR-200a,TGF-beta,SNAI2,miR-101,SNAI1,TWIST1,ZEB2,miR-200c,ZEB1",P,9
2077,"miR-200a,TGF-beta,SNAI2,miR-101,SNAI1,TWIST1,ZEB2,miR-200b,ZEB1",P,9
2078,"miR-200a,TGF-beta,SNAI2,miR-101,SNAI1,TWIST1,ZEB1",P,7
2079,"miR-200a,TGF-beta,SNAI2,miR-101,SNAI1,TWIST1,ZEB1,miR-200c,ZEB2",P,9
2080,"miR-200a,TGF-beta,SNAI2,miR-101,SNAI1,TWIST1,ZEB1,miR-200b,ZEB2",P,9
2081,"miR-200a,TGF-beta,SNAI2,miR-101,SNAI1,TWIST1,ZEB1,miR-141,ZEB2",P,9
2082,"miR-200a,TGF-beta,SNAI2,miR-101,ZEB2",P,5
2083,"miR-200a,TGF-beta,SNAI2,miR-101,ZEB2,miR-200c,ZEB1",P,7
2084,"miR-200a,TGF-beta,SNAI2,miR-101,ZEB2,miR-200b,ZEB1",P,7
2085,"miR-200a,TGF-beta,SNAI2,miR-101,ZEB1",P,5
2086,"miR-200a,TGF-beta,SNAI2,miR-101,ZEB1,miR-200c,ZEB2",P,7
2087,"miR-200a,TGF-beta,SNAI2,miR-101,ZEB1,miR-200b,ZEB2",P,7
2088,"miR-200a,TGF-beta,SNAI2,miR-101,ZEB1,miR-141,ZEB2",P,7
2089,"miR-200a,TGF-beta,SNAI2,TWIST2,ZEB2",P,5
2090,"miR-200a,TGF-beta,SNAI2,TWIST2,ZEB2,miR-200c,ZEB1",P,7
2091,"miR-200a,TGF-beta,SNAI2,TWIST2,ZEB2,miR-200b,ZEB1",P,7
2092,"miR-200a,TGF-beta,SNAI2,TWIST2,ZEB1",P,5
2093,"miR-200a,TGF-beta,SNAI2,TWIST2,ZEB1,miR-200c,ZEB2",P,7
2094,"miR-200a,TGF-beta,SNAI2,TWIST2,ZEB1,miR-200b,ZEB2",P,7
2095,"miR-200a,TGF-beta,SNAI2,TWIST2,ZEB1,miR-141,ZEB2",P,7
2096,"miR-200a,TGF-beta,SNAI2,TWIST2,TWIST1,ZEB2",P,6
2097,"miR-200a,TGF-beta,SNAI2,TWIST2,TWIST1,ZEB2,miR-200c,ZEB1",P,8
2098,"miR-200a,TGF-beta,SNAI2,TWIST2,TWIST1,ZEB2,miR-200b,ZEB1",P,8
2099,"miR-200a,TGF-beta,SNAI2,TWIST2,TWIST1,ZEB1",P,6
2100,"miR-200a,TGF-beta,SNAI2,TWIST2,TWIST1,ZEB1,miR-200c,ZEB2",P,8
2101,"miR-200a,TGF-beta,SNAI2,TWIST2,TWIST1,ZEB1,miR-200b,ZEB2",P,8
2102,"miR-200a,TGF-beta,SNAI2,TWIST2,TWIST1,ZEB1,miR-141,ZEB2",P,8
2103,"miR-200a,TGF-beta,SNAI2,TWIST2,TWIST1,SNAI1,miR-101,ZEB2",P,8
2104,"miR-200a,TGF-beta,SNAI2,TWIST2,TWIST1,SNAI1,miR-101,ZEB2,miR-200c,ZEB1",P,10
2105,"miR-200a,TGF-beta,SNAI2,TWIST2,TWIST1,SNAI1,miR-101,ZEB2,miR-200b,ZEB1",P,10
2106,"miR-200a,TGF-beta,SNAI2,TWIST2,TWIST1,SNAI1,miR-101,ZEB1",P,8
2107,"miR-200a,TGF-beta,SNAI2,TWIST2,TWIST1,SNAI1,miR-101,ZEB1,miR-200c,ZEB2",P,10
2108,"miR-200a,TGF-beta,SNAI2,TWIST2,TWIST1,SNAI1,miR-101,ZEB1,miR-200b,ZEB2",P,10
2109,"miR-200a,TGF-beta,SNAI2,TWIST2,TWIST1,SNAI1,miR-101,ZEB1,miR-141,ZEB2",P,10
2110,"miR-200a,TGF-beta,SNAI2,TWIST2,TWIST1,SNAI1,ZEB2",P,7
2111,"miR-200a,TGF-beta,SNAI2,TWIST2,TWIST1,SNAI1,ZEB2,miR-200c,ZEB1",P,9
2112,"miR-200a,TGF-beta,SNAI2,TWIST2,TWIST1,SNAI1,ZEB2,miR-200b,ZEB1",P,9
2113,"miR-200a,TGF-beta,SNAI2,TWIST2,TWIST1,SNAI1,ZEB1",P,7
2114,"miR-200a,TGF-beta,SNAI2,TWIST2,TWIST1,SNAI1,ZEB1,miR-200c,ZEB2",P,9
2115,"miR-200a,TGF-beta,SNAI2,TWIST2,TWIST1,SNAI1,ZEB1,miR-200b,ZEB2",P,9
2116,"miR-200a,TGF-beta,SNAI2,TWIST2,TWIST1,SNAI1,ZEB1,miR-141,ZEB2",P,9
2117,"miR-200a,TGF-beta,SNAI2,TWIST2,SNAI1,miR-101,ZEB2",P,7
2118,"miR-200a,TGF-beta,SNAI2,TWIST2,SNAI1,miR-101,ZEB2,miR-200c,ZEB1",P,9
2119,"miR-200a,TGF-beta,SNAI2,TWIST2,SNAI1,miR-101,ZEB2,miR-200b,ZEB1",P,9
2120,"miR-200a,TGF-beta,SNAI2,TWIST2,SNAI1,miR-101,ZEB1",P,7
2121,"miR-200a,TGF-beta,SNAI2,TWIST2,SNAI1,miR-101,ZEB1,miR-200c,ZEB2",P,9
2122,"miR-200a,TGF-beta,SNAI2,TWIST2,SNAI1,miR-101,ZEB1,miR-200b,ZEB2",P,9
2123,"miR-200a,TGF-beta,SNAI2,TWIST2,SNAI1,miR-101,ZEB1,miR-141,ZEB2",P,9
2124,"miR-200a,TGF-beta,SNAI2,TWIST2,SNAI1,ZEB2",P,6
2125,"miR-200a,TGF-beta,SNAI2,TWIST2,SNAI1,ZEB2,miR-200c,ZEB1",P,8
2126,"miR-200a,TGF-beta,SNAI2,TWIST2,SNAI1,ZEB2,miR-200b,ZEB1",P,8
2127,"miR-200a,TGF-beta,SNAI2,TWIST2,SNAI1,ZEB1",P,6
2128,"miR-200a,TGF-beta,SNAI2,TWIST2,SNAI1,ZEB1,miR-200c,ZEB2",P,8
2129,"miR-200a,TGF-beta,SNAI2,TWIST2,SNAI1,ZEB1,miR-200b,ZEB2",P,8
2130,"miR-200a,TGF-beta,SNAI2,TWIST2,SNAI1,ZEB1,miR-141,ZEB2",P,8
2131,"miR-200a,TGF-beta,SNAI2,TWIST2,SNAI1,TWIST1,ZEB2",P,7
2132,"miR-200a,TGF-beta,SNAI2,TWIST2,SNAI1,TWIST1,ZEB2,miR-200c,ZEB1",P,9
2133,"miR-200a,TGF-beta,SNAI2,TWIST2,SNAI1,TWIST1,ZEB2,miR-200b,ZEB1",P,9
2134,"miR-200a,TGF-beta,SNAI2,TWIST2,SNAI1,TWIST1,ZEB1",P,7
2135,"miR-200a,TGF-beta,SNAI2,TWIST2,SNAI1,TWIST1,ZEB1,miR-200c,ZEB2",P,9
2136,"miR-200a,TGF-beta,SNAI2,TWIST2,SNAI1,TWIST1,ZEB1,miR-200b,ZEB2",P,9
2137,"miR-200a,TGF-beta,SNAI2,TWIST2,SNAI1,TWIST1,ZEB1,miR-141,ZEB2",P,9
2138,"miR-200a,TGF-beta,SNAI1,miR-101,ZEB2",P,5
2139,"miR-200a,TGF-beta,SNAI1,miR-101,ZEB2,miR-200c,ZEB1",P,7
2140,"miR-200a,TGF-beta,SNAI1,miR-101,ZEB2,miR-200b,ZEB1",P,7
2141,"miR-200a,TGF-beta,SNAI1,miR-101,ZEB1",P,5
2142,"miR-200a,TGF-beta,SNAI1,miR-101,ZEB1,miR-200c,ZEB2",P,7
2143,"miR-200a,TGF-beta,SNAI1,miR-101,ZEB1,miR-200b,ZEB2",P,7
2144,"miR-200a,TGF-beta,SNAI1,miR-101,ZEB1,miR-141,ZEB2",P,7
2145,"miR-200a,TGF-beta,SNAI1,ZEB2",P,4
2146,"miR-200a,TGF-beta,SNAI1,ZEB2,miR-200c,ZEB1",P,6
2147,"miR-200a,TGF-beta,SNAI1,ZEB2,miR-200b,ZEB1",P,6
2148,"miR-200a,TGF-beta,SNAI1,ZEB1",P,4
2149,"miR-200a,TGF-beta,SNAI1,ZEB1,miR-200c,ZEB2",P,6
2150,"miR-200a,TGF-beta,SNAI1,ZEB1,miR-200b,ZEB2",P,6
2151,"miR-200a,TGF-beta,SNAI1,ZEB1,miR-141,ZEB2",P,6
2152,"miR-200a,TGF-beta,SNAI1,TWIST1,ZEB2",P,5
2153,"miR-200a,TGF-beta,SNAI1,TWIST1,ZEB2,miR-200c,ZEB1",P,7
2154,"miR-200a,TGF-beta,SNAI1,TWIST1,ZEB2,miR-200b,ZEB1",P,7
2155,"miR-200a,TGF-beta,SNAI1,TWIST1,ZEB1",P,5
2156,"miR-200a,TGF-beta,SNAI1,TWIST1,ZEB1,miR-200c,ZEB2",P,7
2157,"miR-200a,TGF-beta,SNAI1,TWIST1,ZEB1,miR-200b,ZEB2",P,7
2158,"miR-200a,TGF-beta,SNAI1,TWIST1,ZEB1,miR-141,ZEB2",P,7
2159,"miR-200a,TGF-beta,SNAI1,TWIST1,SNAI2,miR-200b,ZEB2",P,7
2160,"miR-200a,TGF-beta,SNAI1,TWIST1,SNAI2,miR-200b,ZEB2,miR-200c,ZEB1",P,9
2161,"miR-200a,TGF-beta,SNAI1,TWIST1,SNAI2,miR-200b,ZEB1",P,7
2162,"miR-200a,TGF-beta,SNAI1,TWIST1,SNAI2,miR-200b,ZEB1,miR-200c,ZEB2",P,9
2163,"miR-200a,TGF-beta,SNAI1,TWIST1,SNAI2,miR-200b,ZEB1,miR-141,ZEB2",P,9
2164,"miR-200a,TGF-beta,SNAI1,TWIST1,SNAI2,miR-101,ZEB2",P,7
2165,"miR-200a,TGF-beta,SNAI1,TWIST1,SNAI2,miR-101,ZEB2,miR-200c,ZEB1",P,9
2166,"miR-200a,TGF-beta,SNAI1,TWIST1,SNAI2,miR-101,ZEB2,miR-200b,ZEB1",P,9
2167,"miR-200a,TGF-beta,SNAI1,TWIST1,SNAI2,miR-101,ZEB1",P,7
2168,"miR-200a,TGF-beta,SNAI1,TWIST1,SNAI2,miR-101,ZEB1,miR-200c,ZEB2",P,9
2169,"miR-200a,TGF-beta,SNAI1,TWIST1,SNAI2,miR-101,ZEB1,miR-200b,ZEB2",P,9
2170,"miR-200a,TGF-beta,SNAI1,TWIST1,SNAI2,miR-101,ZEB1,miR-141,ZEB2",P,9
2171,"miR-200a,TGF-beta,SNAI1,TWIST1,SNAI2,TWIST2,ZEB2",P,7
2172,"miR-200a,TGF-beta,SNAI1,TWIST1,SNAI2,TWIST2,ZEB2,miR-200c,ZEB1",P,9
2173,"miR-200a,TGF-beta,SNAI1,TWIST1,SNAI2,TWIST2,ZEB2,miR-200b,ZEB1",P,9
2174,"miR-200a,TGF-beta,SNAI1,TWIST1,SNAI2,TWIST2,ZEB1",P,7
2175,"miR-200a,TGF-beta,SNAI1,TWIST1,SNAI2,TWIST2,ZEB1,miR-200c,ZEB2",P,9
2176,"miR-200a,TGF-beta,SNAI1,TWIST1,SNAI2,TWIST2,ZEB1,miR-200b,ZEB2",P,9
2177,"miR-200a,TGF-beta,SNAI1,TWIST1,SNAI2,TWIST2,ZEB1,miR-141,ZEB2",P,9
2178,"miR-200a,TGF-beta,SNAI1,SNAI2,miR-200b,ZEB2",P,6
2179,"miR-200a,TGF-beta,SNAI1,SNAI2,miR-200b,ZEB2,miR-200c,ZEB1",P,8
2180,"miR-200a,TGF-beta,SNAI1,SNAI2,miR-200b,ZEB1",P,6
2181,"miR-200a,TGF-beta,SNAI1,SNAI2,miR-200b,ZEB1,miR-200c,ZEB2",P,8
2182,"miR-200a,TGF-beta,SNAI1,SNAI2,miR-200b,ZEB1,miR-141,ZEB2",P,8
2183,"miR-200a,TGF-beta,SNAI1,SNAI2,miR-101,ZEB2",P,6
2184,"miR-200a,TGF-beta,SNAI1,SNAI2,miR-101,ZEB2,miR-200c,ZEB1",P,8
2185,"miR-200a,TGF-beta,SNAI1,SNAI2,miR-101,ZEB2,miR-200b,ZEB1",P,8
2186,"miR-200a,TGF-beta,SNAI1,SNAI2,miR-101,ZEB1",P,6
2187,"miR-200a,TGF-beta,SNAI1,SNAI2,miR-101,ZEB1,miR-200c,ZEB2",P,8
2188,"miR-200a,TGF-beta,SNAI1,SNAI2,miR-101,ZEB1,miR-200b,ZEB2",P,8
2189,"miR-200a,TGF-beta,SNAI1,SNAI2,miR-101,ZEB1,miR-141,ZEB2",P,8
2190,"miR-200a,TGF-beta,SNAI1,SNAI2,TWIST2,ZEB2",P,6
2191,"miR-200a,TGF-beta,SNAI1,SNAI2,TWIST2,ZEB2,miR-200c,ZEB1",P,8
2192,"miR-200a,TGF-beta,SNAI1,SNAI2,TWIST2,ZEB2,miR-200b,ZEB1",P,8
2193,"miR-200a,TGF-beta,SNAI1,SNAI2,TWIST2,ZEB1",P,6
2194,"miR-200a,TGF-beta,SNAI1,SNAI2,TWIST2,ZEB1,miR-200c,ZEB2",P,8
2195,"miR-200a,TGF-beta,SNAI1,SNAI2,TWIST2,ZEB1,miR-200b,ZEB2",P,8
2196,"miR-200a,TGF-beta,SNAI1,SNAI2,TWIST2,ZEB1,miR-141,ZEB2",P,8
2197,"miR-200a,TGF-beta,SNAI1,SNAI2,TWIST2,TWIST1,ZEB2",P,7
2198,"miR-200a,TGF-beta,SNAI1,SNAI2,TWIST2,TWIST1,ZEB2,miR-200c,ZEB1",P,9
2199,"miR-200a,TGF-beta,SNAI1,SNAI2,TWIST2,TWIST1,ZEB2,miR-200b,ZEB1",P,9
2200,"miR-200a,TGF-beta,SNAI1,SNAI2,TWIST2,TWIST1,ZEB1",P,7
2201,"miR-200a,TGF-beta,SNAI1,SNAI2,TWIST2,TWIST1,ZEB1,miR-200c,ZEB2",P,9
2202,"miR-200a,TGF-beta,SNAI1,SNAI2,TWIST2,TWIST1,ZEB1,miR-200b,ZEB2",P,9
2203,"miR-200a,TGF-beta,SNAI1,SNAI2,TWIST2,TWIST1,ZEB1,miR-141,ZEB2",P,9
2204,"miR-200a,TGF-beta,GSC,ZEB2",P,4
2205,"miR-200a,TGF-beta,GSC,ZEB2,miR-200c,ZEB1",P,6
2206,"miR-200a,TGF-beta,GSC,ZEB2,miR-200b,ZEB1",P,6
2207,"miR-200a,TGF-beta,GSC,ZEB1",P,4
2208,"miR-200a,TGF-beta,GSC,ZEB1,miR-200c,ZEB2",P,6
2209,"miR-200a,TGF-beta,GSC,ZEB1,miR-200b,ZEB2",P,6
2210,"miR-200a,TGF-beta,GSC,ZEB1,miR-141,ZEB2",P,6
2211,"miR-200a,TGF-beta,GSC,TWIST1,ZEB2",P,5
2212,"miR-200a,TGF-beta,GSC,TWIST1,ZEB2,miR-200c,ZEB1",P,7
2213,"miR-200a,TGF-beta,GSC,TWIST1,ZEB2,miR-200b,ZEB1",P,7
2214,"miR-200a,TGF-beta,GSC,TWIST1,ZEB1",P,5
2215,"miR-200a,TGF-beta,GSC,TWIST1,ZEB1,miR-200c,ZEB2",P,7
2216,"miR-200a,TGF-beta,GSC,TWIST1,ZEB1,miR-200b,ZEB2",P,7
2217,"miR-200a,TGF-beta,GSC,TWIST1,ZEB1,miR-141,ZEB2",P,7
2218,"miR-200a,TGF-beta,GSC,TWIST1,SNAI2,miR-200b,ZEB2",P,7
2219,"miR-200a,TGF-beta,GSC,TWIST1,SNAI2,miR-200b,ZEB2,miR-200c,ZEB1",P,9
2220,"miR-200a,TGF-beta,GSC,TWIST1,SNAI2,miR-200b,ZEB1",P,7
2221,"miR-200a,TGF-beta,GSC,TWIST1,SNAI2,miR-200b,ZEB1,miR-200c,ZEB2",P,9
2222,"miR-200a,TGF-beta,GSC,TWIST1,SNAI2,miR-200b,ZEB1,miR-141,ZEB2",P,9
2223,"miR-200a,TGF-beta,GSC,TWIST1,SNAI2,miR-101,SNAI1,ZEB2",P,8
2224,"miR-200a,TGF-beta,GSC,TWIST1,SNAI2,miR-101,SNAI1,ZEB2,miR-200c,ZEB1",P,10
2225,"miR-200a,TGF-beta,GSC,TWIST1,SNAI2,miR-101,SNAI1,ZEB2,miR-200b,ZEB1",P,10
2226,"miR-200a,TGF-beta,GSC,TWIST1,SNAI2,miR-101,SNAI1,ZEB1",P,8
2227,"miR-200a,TGF-beta,GSC,TWIST1,SNAI2,miR-101,SNAI1,ZEB1,miR-200c,ZEB2",P,10
2228,"miR-200a,TGF-beta,GSC,TWIST1,SNAI2,miR-101,SNAI1,ZEB1,miR-200b,ZEB2",P,10
2229,"miR-200a,TGF-beta,GSC,TWIST1,SNAI2,miR-101,SNAI1,ZEB1,miR-141,ZEB2",P,10
2230,"miR-200a,TGF-beta,GSC,TWIST1,SNAI2,miR-101,ZEB2",P,7
2231,"miR-200a,TGF-beta,GSC,TWIST1,SNAI2,miR-101,ZEB2,miR-200c,ZEB1",P,9
2232,"miR-200a,TGF-beta,GSC,TWIST1,SNAI2,miR-101,ZEB2,miR-200b,ZEB1",P,9
2233,"miR-200a,TGF-beta,GSC,TWIST1,SNAI2,miR-101,ZEB1",P,7
2234,"miR-200a,TGF-beta,GSC,TWIST1,SNAI2,miR-101,ZEB1,miR-200c,ZEB2",P,9
2235,"miR-200a,TGF-beta,GSC,TWIST1,SNAI2,miR-101,ZEB1,miR-200b,ZEB2",P,9
2236,"miR-200a,TGF-beta,GSC,TWIST1,SNAI2,miR-101,ZEB1,miR-141,ZEB2",P,9
2237,"miR-200a,TGF-beta,GSC,TWIST1,SNAI2,TWIST2,ZEB2",P,7
2238,"miR-200a,TGF-beta,GSC,TWIST1,SNAI2,TWIST2,ZEB2,miR-200c,ZEB1",P,9
2239,"miR-200a,TGF-beta,GSC,TWIST1,SNAI2,TWIST2,ZEB2,miR-200b,ZEB1",P,9
2240,"miR-200a,TGF-beta,GSC,TWIST1,SNAI2,TWIST2,ZEB1",P,7
2241,"miR-200a,TGF-beta,GSC,TWIST1,SNAI2,TWIST2,ZEB1,miR-200c,ZEB2",P,9
2242,"miR-200a,TGF-beta,GSC,TWIST1,SNAI2,TWIST2,ZEB1,miR-200b,ZEB2",P,9
2243,"miR-200a,TGF-beta,GSC,TWIST1,SNAI2,TWIST2,ZEB1,miR-141,ZEB2",P,9
2244,"miR-200a,TGF-beta,GSC,TWIST1,SNAI2,TWIST2,SNAI1,miR-101,ZEB2",P,9
2245,"miR-200a,TGF-beta,GSC,TWIST1,SNAI2,TWIST2,SNAI1,miR-101,ZEB2,miR-200c,ZEB1",P,11
2246,"miR-200a,TGF-beta,GSC,TWIST1,SNAI2,TWIST2,SNAI1,miR-101,ZEB2,miR-200b,ZEB1",P,11
2247,"miR-200a,TGF-beta,GSC,TWIST1,SNAI2,TWIST2,SNAI1,miR-101,ZEB1",P,9
2248,"miR-200a,TGF-beta,GSC,TWIST1,SNAI2,TWIST2,SNAI1,miR-101,ZEB1,miR-200c,ZEB2",P,11
2249,"miR-200a,TGF-beta,GSC,TWIST1,SNAI2,TWIST2,SNAI1,miR-101,ZEB1,miR-200b,ZEB2",P,11
2250,"miR-200a,TGF-beta,GSC,TWIST1,SNAI2,TWIST2,SNAI1,miR-101,ZEB1,miR-141,ZEB2",P,11
2251,"miR-200a,TGF-beta,GSC,TWIST1,SNAI2,TWIST2,SNAI1,ZEB2",P,8
2252,"miR-200a,TGF-beta,GSC,TWIST1,SNAI2,TWIST2,SNAI1,ZEB2,miR-200c,ZEB1",P,10
2253,"miR-200a,TGF-beta,GSC,TWIST1,SNAI2,TWIST2,SNAI1,ZEB2,miR-200b,ZEB1",P,10
2254,"miR-200a,TGF-beta,GSC,TWIST1,SNAI2,TWIST2,SNAI1,ZEB1",P,8
2255,"miR-200a,TGF-beta,GSC,TWIST1,SNAI2,TWIST2,SNAI1,ZEB1,miR-200c,ZEB2",P,10
2256,"miR-200a,TGF-beta,GSC,TWIST1,SNAI2,TWIST2,SNAI1,ZEB1,miR-200b,ZEB2",P,10
2257,"miR-200a,TGF-beta,GSC,TWIST1,SNAI2,TWIST2,SNAI1,ZEB1,miR-141,ZEB2",P,10
2258,"miR-200a,TGF-beta,GSC,TWIST1,SNAI1,miR-101,ZEB2",P,7
2259,"miR-200a,TGF-beta,GSC,TWIST1,SNAI1,miR-101,ZEB2,miR-200c,ZEB1",P,9
2260,"miR-200a,TGF-beta,GSC,TWIST1,SNAI1,miR-101,ZEB2,miR-200b,ZEB1",P,9
2261,"miR-200a,TGF-beta,GSC,TWIST1,SNAI1,miR-101,ZEB1",P,7
2262,"miR-200a,TGF-beta,GSC,TWIST1,SNAI1,miR-101,ZEB1,miR-200c,ZEB2",P,9
2263,"miR-200a,TGF-beta,GSC,TWIST1,SNAI1,miR-101,ZEB1,miR-200b,ZEB2",P,9
2264,"miR-200a,TGF-beta,GSC,TWIST1,SNAI1,miR-101,ZEB1,miR-141,ZEB2",P,9
2265,"miR-200a,TGF-beta,GSC,TWIST1,SNAI1,ZEB2",P,6
2266,"miR-200a,TGF-beta,GSC,TWIST1,SNAI1,ZEB2,miR-200c,ZEB1",P,8
2267,"miR-200a,TGF-beta,GSC,TWIST1,SNAI1,ZEB2,miR-200b,ZEB1",P,8
2268,"miR-200a,TGF-beta,GSC,TWIST1,SNAI1,ZEB1",P,6
2269,"miR-200a,TGF-beta,GSC,TWIST1,SNAI1,ZEB1,miR-200c,ZEB2",P,8
2270,"miR-200a,TGF-beta,GSC,TWIST1,SNAI1,ZEB1,miR-200b,ZEB2",P,8
2271,"miR-200a,TGF-beta,GSC,TWIST1,SNAI1,ZEB1,miR-141,ZEB2",P,8
2272,"miR-200a,TGF-beta,GSC,TWIST1,SNAI1,SNAI2,miR-200b,ZEB2",P,8
2273,"miR-200a,TGF-beta,GSC,TWIST1,SNAI1,SNAI2,miR-200b,ZEB2,miR-200c,ZEB1",P,10
2274,"miR-200a,TGF-beta,GSC,TWIST1,SNAI1,SNAI2,miR-200b,ZEB1",P,8
2275,"miR-200a,TGF-beta,GSC,TWIST1,SNAI1,SNAI2,miR-200b,ZEB1,miR-200c,ZEB2",P,10
2276,"miR-200a,TGF-beta,GSC,TWIST1,SNAI1,SNAI2,miR-200b,ZEB1,miR-141,ZEB2",P,10
2277,"miR-200a,TGF-beta,GSC,TWIST1,SNAI1,SNAI2,miR-101,ZEB2",P,8
2278,"miR-200a,TGF-beta,GSC,TWIST1,SNAI1,SNAI2,miR-101,ZEB2,miR-200c,ZEB1",P,10
2279,"miR-200a,TGF-beta,GSC,TWIST1,SNAI1,SNAI2,miR-101,ZEB2,miR-200b,ZEB1",P,10
2280,"miR-200a,TGF-beta,GSC,TWIST1,SNAI1,SNAI2,miR-101,ZEB1",P,8
2281,"miR-200a,TGF-beta,GSC,TWIST1,SNAI1,SNAI2,miR-101,ZEB1,miR-200c,ZEB2",P,10
2282,"miR-200a,TGF-beta,GSC,TWIST1,SNAI1,SNAI2,miR-101,ZEB1,miR-200b,ZEB2",P,10
2283,"miR-200a,TGF-beta,GSC,TWIST1,SNAI1,SNAI2,miR-101,ZEB1,miR-141,ZEB2",P,10
2284,"miR-200a,TGF-beta,GSC,TWIST1,SNAI1,SNAI2,TWIST2,ZEB2",P,8
2285,"miR-200a,TGF-beta,GSC,TWIST1,SNAI1,SNAI2,TWIST2,ZEB2,miR-200c,ZEB1",P,10
2286,"miR-200a,TGF-beta,GSC,TWIST1,SNAI1,SNAI2,TWIST2,ZEB2,miR-200b,ZEB1",P,10
2287,"miR-200a,TGF-beta,GSC,TWIST1,SNAI1,SNAI2,TWIST2,ZEB1",P,8
2288,"miR-200a,TGF-beta,GSC,TWIST1,SNAI1,SNAI2,TWIST2,ZEB1,miR-200c,ZEB2",P,10
2289,"miR-200a,TGF-beta,GSC,TWIST1,SNAI1,SNAI2,TWIST2,ZEB1,miR-200b,ZEB2",P,10
2290,"miR-200a,TGF-beta,GSC,TWIST1,SNAI1,SNAI2,TWIST2,ZEB1,miR-141,ZEB2",P,10
2291,"miR-200a,TGF-beta,GSC,SNAI1,miR-101,ZEB2",P,6
2292,"miR-200a,TGF-beta,GSC,SNAI1,miR-101,ZEB2,miR-200c,ZEB1",P,8
2293,"miR-200a,TGF-beta,GSC,SNAI1,miR-101,ZEB2,miR-200b,ZEB1",P,8
2294,"miR-200a,TGF-beta,GSC,SNAI1,miR-101,ZEB1",P,6
2295,"miR-200a,TGF-beta,GSC,SNAI1,miR-101,ZEB1,miR-200c,ZEB2",P,8
2296,"miR-200a,TGF-beta,GSC,SNAI1,miR-101,ZEB1,miR-200b,ZEB2",P,8
2297,"miR-200a,TGF-beta,GSC,SNAI1,miR-101,ZEB1,miR-141,ZEB2",P,8
2298,"miR-200a,TGF-beta,GSC,SNAI1,ZEB2",P,5
2299,"miR-200a,TGF-beta,GSC,SNAI1,ZEB2,miR-200c,ZEB1",P,7
2300,"miR-200a,TGF-beta,GSC,SNAI1,ZEB2,miR-200b,ZEB1",P,7
2301,"miR-200a,TGF-beta,GSC,SNAI1,ZEB1",P,5
2302,"miR-200a,TGF-beta,GSC,SNAI1,ZEB1,miR-200c,ZEB2",P,7
2303,"miR-200a,TGF-beta,GSC,SNAI1,ZEB1,miR-200b,ZEB2",P,7
2304,"miR-200a,TGF-beta,GSC,SNAI1,ZEB1,miR-141,ZEB2",P,7
2305,"miR-200a,TGF-beta,GSC,SNAI1,TWIST1,ZEB2",P,6
2306,"miR-200a,TGF-beta,GSC,SNAI1,TWIST1,ZEB2,miR-200c,ZEB1",P,8
2307,"miR-200a,TGF-beta,GSC,SNAI1,TWIST1,ZEB2,miR-200b,ZEB1",P,8
2308,"miR-200a,TGF-beta,GSC,SNAI1,TWIST1,ZEB1",P,6
2309,"miR-200a,TGF-beta,GSC,SNAI1,TWIST1,ZEB1,miR-200c,ZEB2",P,8
2310,"miR-200a,TGF-beta,GSC,SNAI1,TWIST1,ZEB1,miR-200b,ZEB2",P,8
2311,"miR-200a,TGF-beta,GSC,SNAI1,TWIST1,ZEB1,miR-141,ZEB2",P,8
2312,"miR-200a,TGF-beta,GSC,SNAI1,TWIST1,SNAI2,miR-200b,ZEB2",P,8
2313,"miR-200a,TGF-beta,GSC,SNAI1,TWIST1,SNAI2,miR-200b,ZEB2,miR-200c,ZEB1",P,10
2314,"miR-200a,TGF-beta,GSC,SNAI1,TWIST1,SNAI2,miR-200b,ZEB1",P,8
2315,"miR-200a,TGF-beta,GSC,SNAI1,TWIST1,SNAI2,miR-200b,ZEB1,miR-200c,ZEB2",P,10
2316,"miR-200a,TGF-beta,GSC,SNAI1,TWIST1,SNAI2,miR-200b,ZEB1,miR-141,ZEB2",P,10
2317,"miR-200a,TGF-beta,GSC,SNAI1,TWIST1,SNAI2,miR-101,ZEB2",P,8
2318,"miR-200a,TGF-beta,GSC,SNAI1,TWIST1,SNAI2,miR-101,ZEB2,miR-200c,ZEB1",P,10
2319,"miR-200a,TGF-beta,GSC,SNAI1,TWIST1,SNAI2,miR-101,ZEB2,miR-200b,ZEB1",P,10
2320,"miR-200a,TGF-beta,GSC,SNAI1,TWIST1,SNAI2,miR-101,ZEB1",P,8
2321,"miR-200a,TGF-beta,GSC,SNAI1,TWIST1,SNAI2,miR-101,ZEB1,miR-200c,ZEB2",P,10
2322,"miR-200a,TGF-beta,GSC,SNAI1,TWIST1,SNAI2,miR-101,ZEB1,miR-200b,ZEB2",P,10
2323,"miR-200a,TGF-beta,GSC,SNAI1,TWIST1,SNAI2,miR-101,ZEB1,miR-141,ZEB2",P,10
2324,"miR-200a,TGF-beta,GSC,SNAI1,TWIST1,SNAI2,TWIST2,ZEB2",P,8
2325,"miR-200a,TGF-beta,GSC,SNAI1,TWIST1,SNAI2,TWIST2,ZEB2,miR-200c,ZEB1",P,10
2326,"miR-200a,TGF-beta,GSC,SNAI1,TWIST1,SNAI2,TWIST2,ZEB2,miR-200b,ZEB1",P,10
2327,"miR-200a,TGF-beta,GSC,SNAI1,TWIST1,SNAI2,TWIST2,ZEB1",P,8
2328,"miR-200a,TGF-beta,GSC,SNAI1,TWIST1,SNAI2,TWIST2,ZEB1,miR-200c,ZEB2",P,10
2329,"miR-200a,TGF-beta,GSC,SNAI1,TWIST1,SNAI2,TWIST2,ZEB1,miR-200b,ZEB2",P,10
2330,"miR-200a,TGF-beta,GSC,SNAI1,TWIST1,SNAI2,TWIST2,ZEB1,miR-141,ZEB2",P,10
2331,"miR-200a,TGF-beta,GSC,SNAI1,SNAI2,miR-200b,ZEB2",P,7
2332,"miR-200a,TGF-beta,GSC,SNAI1,SNAI2,miR-200b,ZEB2,miR-200c,ZEB1",P,9
2333,"miR-200a,TGF-beta,GSC,SNAI1,SNAI2,miR-200b,ZEB1",P,7
2334,"miR-200a,TGF-beta,GSC,SNAI1,SNAI2,miR-200b,ZEB1,miR-200c,ZEB2",P,9
2335,"miR-200a,TGF-beta,GSC,SNAI1,SNAI2,miR-200b,ZEB1,miR-141,ZEB2",P,9
2336,"miR-200a,TGF-beta,GSC,SNAI1,SNAI2,miR-101,ZEB2",P,7
2337,"miR-200a,TGF-beta,GSC,SNAI1,SNAI2,miR-101,ZEB2,miR-200c,ZEB1",P,9
2338,"miR-200a,TGF-beta,GSC,SNAI1,SNAI2,miR-101,ZEB2,miR-200b,ZEB1",P,9
2339,"miR-200a,TGF-beta,GSC,SNAI1,SNAI2,miR-101,ZEB1",P,7
2340,"miR-200a,TGF-beta,GSC,SNAI1,SNAI2,miR-101,ZEB1,miR-200c,ZEB2",P,9
2341,"miR-200a,TGF-beta,GSC,SNAI1,SNAI2,miR-101,ZEB1,miR-200b,ZEB2",P,9
2342,"miR-200a,TGF-beta,GSC,SNAI1,SNAI2,miR-101,ZEB1,miR-141,ZEB2",P,9
2343,"miR-200a,TGF-beta,GSC,SNAI1,SNAI2,TWIST2,ZEB2",P,7
2344,"miR-200a,TGF-beta,GSC,SNAI1,SNAI2,TWIST2,ZEB2,miR-200c,ZEB1",P,9
2345,"miR-200a,TGF-beta,GSC,SNAI1,SNAI2,TWIST2,ZEB2,miR-200b,ZEB1",P,9
2346,"miR-200a,TGF-beta,GSC,SNAI1,SNAI2,TWIST2,ZEB1",P,7
2347,"miR-200a,TGF-beta,GSC,SNAI1,SNAI2,TWIST2,ZEB1,miR-200c,ZEB2",P,9
2348,"miR-200a,TGF-beta,GSC,SNAI1,SNAI2,TWIST2,ZEB1,miR-200b,ZEB2",P,9
2349,"miR-200a,TGF-beta,GSC,SNAI1,SNAI2,TWIST2,ZEB1,miR-141,ZEB2",P,9
2350,"miR-200a,TGF-beta,GSC,SNAI1,SNAI2,TWIST2,TWIST1,ZEB2",P,8
2351,"miR-200a,TGF-beta,GSC,SNAI1,SNAI2,TWIST2,TWIST1,ZEB2,miR-200c,ZEB1",P,10
2352,"miR-200a,TGF-beta,GSC,SNAI1,SNAI2,TWIST2,TWIST1,ZEB2,miR-200b,ZEB1",P,10
2353,"miR-200a,TGF-beta,GSC,SNAI1,SNAI2,TWIST2,TWIST1,ZEB1",P,8
2354,"miR-200a,TGF-beta,GSC,SNAI1,SNAI2,TWIST2,TWIST1,ZEB1,miR-200c,ZEB2",P,10
2355,"miR-200a,TGF-beta,GSC,SNAI1,SNAI2,TWIST2,TWIST1,ZEB1,miR-200b,ZEB2",P,10
2356,"miR-200a,TGF-beta,GSC,SNAI1,SNAI2,TWIST2,TWIST1,ZEB1,miR-141,ZEB2",P,10
2357,"miR-200a,ZEB2",P,2
2358,"miR-200a,ZEB2,miR-200c,TGF-beta,SNAI2,miR-200b,ZEB1",P,7
2359,"miR-200a,ZEB2,miR-200c,TGF-beta,SNAI2,miR-101,SNAI1,ZEB1",P,8
2360,"miR-200a,ZEB2,miR-200c,TGF-beta,SNAI2,miR-101,SNAI1,TWIST1,ZEB1",P,9
2361,"miR-200a,ZEB2,miR-200c,TGF-beta,SNAI2,miR-101,ZEB1",P,7
2362,"miR-200a,ZEB2,miR-200c,TGF-beta,SNAI2,TWIST2,ZEB1",P,7
2363,"miR-200a,ZEB2,miR-200c,TGF-beta,SNAI2,TWIST2,TWIST1,ZEB1",P,8
2364,"miR-200a,ZEB2,miR-200c,TGF-beta,SNAI2,TWIST2,TWIST1,SNAI1,miR-101,ZEB1",P,10
2365,"miR-200a,ZEB2,miR-200c,TGF-beta,SNAI2,TWIST2,TWIST1,SNAI1,ZEB1",P,9
2366,"miR-200a,ZEB2,miR-200c,TGF-beta,SNAI2,TWIST2,SNAI1,miR-101,ZEB1",P,9
2367,"miR-200a,ZEB2,miR-200c,TGF-beta,SNAI2,TWIST2,SNAI1,ZEB1",P,8
2368,"miR-200a,ZEB2,miR-200c,TGF-beta,SNAI2,TWIST2,SNAI1,TWIST1,ZEB1",P,9
2369,"miR-200a,ZEB2,miR-200c,TGF-beta,SNAI1,miR-101,ZEB1",P,7
2370,"miR-200a,ZEB2,miR-200c,TGF-beta,SNAI1,ZEB1",P,6
2371,"miR-200a,ZEB2,miR-200c,TGF-beta,SNAI1,TWIST1,ZEB1",P,7
2372,"miR-200a,ZEB2,miR-200c,TGF-beta,SNAI1,TWIST1,SNAI2,miR-200b,ZEB1",P,9
2373,"miR-200a,ZEB2,miR-200c,TGF-beta,SNAI1,TWIST1,SNAI2,miR-101,ZEB1",P,9
2374,"miR-200a,ZEB2,miR-200c,TGF-beta,SNAI1,TWIST1,SNAI2,TWIST2,ZEB1",P,9
2375,"miR-200a,ZEB2,miR-200c,TGF-beta,SNAI1,SNAI2,miR-200b,ZEB1",P,8
2376,"miR-200a,ZEB2,miR-200c,TGF-beta,SNAI1,SNAI2,miR-101,ZEB1",P,8
2377,"miR-200a,ZEB2,miR-200c,TGF-beta,SNAI1,SNAI2,TWIST2,ZEB1",P,8
2378,"miR-200a,ZEB2,miR-200c,TGF-beta,SNAI1,SNAI2,TWIST2,TWIST1,ZEB1",P,9
2379,"miR-200a,ZEB2,miR-200c,TGF-beta,GSC,ZEB1",P,6
2380,"miR-200a,ZEB2,miR-200c,TGF-beta,GSC,TWIST1,ZEB1",P,7
2381,"miR-200a,ZEB2,miR-200c,TGF-beta,GSC,TWIST1,SNAI2,miR-200b,ZEB1",P,9
2382,"miR-200a,ZEB2,miR-200c,TGF-beta,GSC,TWIST1,SNAI2,miR-101,SNAI1,ZEB1",P,10
2383,"miR-200a,ZEB2,miR-200c,TGF-beta,GSC,TWIST1,SNAI2,miR-101,ZEB1",P,9
2384,"miR-200a,ZEB2,miR-200c,TGF-beta,GSC,TWIST1,SNAI2,TWIST2,ZEB1",P,9
2385,"miR-200a,ZEB2,miR-200c,TGF-beta,GSC,TWIST1,SNAI2,TWIST2,SNAI1,miR-101,ZEB1",P,11
2386,"miR-200a,ZEB2,miR-200c,TGF-beta,GSC,TWIST1,SNAI2,TWIST2,SNAI1,ZEB1",P,10
2387,"miR-200a,ZEB2,miR-200c,TGF-beta,GSC,TWIST1,SNAI1,miR-101,ZEB1",P,9
2388,"miR-200a,ZEB2,miR-200c,TGF-beta,GSC,TWIST1,SNAI1,ZEB1",P,8
2389,"miR-200a,ZEB2,miR-200c,TGF-beta,GSC,TWIST1,SNAI1,SNAI2,miR-200b,ZEB1",P,10
2390,"miR-200a,ZEB2,miR-200c,TGF-beta,GSC,TWIST1,SNAI1,SNAI2,miR-101,ZEB1",P,10
2391,"miR-200a,ZEB2,miR-200c,TGF-beta,GSC,TWIST1,SNAI1,SNAI2,TWIST2,ZEB1",P,10
2392,"miR-200a,ZEB2,miR-200c,TGF-beta,GSC,SNAI1,miR-101,ZEB1",P,8
2393,"miR-200a,ZEB2,miR-200c,TGF-beta,GSC,SNAI1,ZEB1",P,7
2394,"miR-200a,ZEB2,miR-200c,TGF-beta,GSC,SNAI1,TWIST1,ZEB1",P,8
2395,"miR-200a,ZEB2,miR-200c,TGF-beta,GSC,SNAI1,TWIST1,SNAI2,miR-200b,ZEB1",P,10
2396,"miR-200a,ZEB2,miR-200c,TGF-beta,GSC,SNAI1,TWIST1,SNAI2,miR-101,ZEB1",P,10
2397,"miR-200a,ZEB2,miR-200c,TGF-beta,GSC,SNAI1,TWIST1,SNAI2,TWIST2,ZEB1",P,10
2398,"miR-200a,ZEB2,miR-200c,TGF-beta,GSC,SNAI1,SNAI2,miR-200b,ZEB1",P,9
2399,"miR-200a,ZEB2,miR-200c,TGF-beta,GSC,SNAI1,SNAI2,miR-101,ZEB1",P,9
2400,"miR-200a,ZEB2,miR-200c,TGF-beta,GSC,SNAI1,SNAI2,TWIST2,ZEB1",P,9
2401,"miR-200a,ZEB2,miR-200c,TGF-beta,GSC,SNAI1,SNAI2,TWIST2,TWIST1,ZEB1",P,10
2402,"miR-200a,ZEB2,miR-200c,ZEB1",P,4
2403,"miR-200a,ZEB2,miR-200b,TGF-beta,SNAI2,miR-101,SNAI1,ZEB1",P,8
2404,"miR-200a,ZEB2,miR-200b,TGF-beta,SNAI2,miR-101,SNAI1,TWIST1,ZEB1",P,9
2405,"miR-200a,ZEB2,miR-200b,TGF-beta,SNAI2,miR-101,ZEB1",P,7
2406,"miR-200a,ZEB2,miR-200b,TGF-beta,SNAI2,TWIST2,ZEB1",P,7
2407,"miR-200a,ZEB2,miR-200b,TGF-beta,SNAI2,TWIST2,TWIST1,ZEB1",P,8
2408,"miR-200a,ZEB2,miR-200b,TGF-beta,SNAI2,TWIST2,TWIST1,SNAI1,miR-101,ZEB1",P,10
2409,"miR-200a,ZEB2,miR-200b,TGF-beta,SNAI2,TWIST2,TWIST1,SNAI1,ZEB1",P,9
2410,"miR-200a,ZEB2,miR-200b,TGF-beta,SNAI2,TWIST2,SNAI1,miR-101,ZEB1",P,9
2411,"miR-200a,ZEB2,miR-200b,TGF-beta,SNAI2,TWIST2,SNAI1,ZEB1",P,8
2412,"miR-200a,ZEB2,miR-200b,TGF-beta,SNAI2,TWIST2,SNAI1,TWIST1,ZEB1",P,9
2413,"miR-200a,ZEB2,miR-200b,TGF-beta,SNAI1,miR-101,ZEB1",P,7
2414,"miR-200a,ZEB2,miR-200b,TGF-beta,SNAI1,ZEB1",P,6
2415,"miR-200a,ZEB2,miR-200b,TGF-beta,SNAI1,TWIST1,ZEB1",P,7
2416,"miR-200a,ZEB2,miR-200b,TGF-beta,SNAI1,TWIST1,SNAI2,miR-101,ZEB1",P,9
2417,"miR-200a,ZEB2,miR-200b,TGF-beta,SNAI1,TWIST1,SNAI2,TWIST2,ZEB1",P,9
2418,"miR-200a,ZEB2,miR-200b,TGF-beta,SNAI1,SNAI2,miR-101,ZEB1",P,8
2419,"miR-200a,ZEB2,miR-200b,TGF-beta,SNAI1,SNAI2,TWIST2,ZEB1",P,8
2420,"miR-200a,ZEB2,miR-200b,TGF-beta,SNAI1,SNAI2,TWIST2,TWIST1,ZEB1",P,9
2421,"miR-200a,ZEB2,miR-200b,TGF-beta,GSC,ZEB1",P,6
2422,"miR-200a,ZEB2,miR-200b,TGF-beta,GSC,TWIST1,ZEB1",P,7
2423,"miR-200a,ZEB2,miR-200b,TGF-beta,GSC,TWIST1,SNAI2,miR-101,SNAI1,ZEB1",P,10
2424,"miR-200a,ZEB2,miR-200b,TGF-beta,GSC,TWIST1,SNAI2,miR-101,ZEB1",P,9
2425,"miR-200a,ZEB2,miR-200b,TGF-beta,GSC,TWIST1,SNAI2,TWIST2,ZEB1",P,9
2426,"miR-200a,ZEB2,miR-200b,TGF-beta,GSC,TWIST1,SNAI2,TWIST2,SNAI1,miR-101,ZEB1",P,11
2427,"miR-200a,ZEB2,miR-200b,TGF-beta,GSC,TWIST1,SNAI2,TWIST2,SNAI1,ZEB1",P,10
2428,"miR-200a,ZEB2,miR-200b,TGF-beta,GSC,TWIST1,SNAI1,miR-101,ZEB1",P,9
2429,"miR-200a,ZEB2,miR-200b,TGF-beta,GSC,TWIST1,SNAI1,ZEB1",P,8
2430,"miR-200a,ZEB2,miR-200b,TGF-beta,GSC,TWIST1,SNAI1,SNAI2,miR-101,ZEB1",P,10
2431,"miR-200a,ZEB2,miR-200b,TGF-beta,GSC,TWIST1,SNAI1,SNAI2,TWIST2,ZEB1",P,10
2432,"miR-200a,ZEB2,miR-200b,TGF-beta,GSC,SNAI1,miR-101,ZEB1",P,8
2433,"miR-200a,ZEB2,miR-200b,TGF-beta,GSC,SNAI1,ZEB1",P,7
2434,"miR-200a,ZEB2,miR-200b,TGF-beta,GSC,SNAI1,TWIST1,ZEB1",P,8
2435,"miR-200a,ZEB2,miR-200b,TGF-beta,GSC,SNAI1,TWIST1,SNAI2,miR-101,ZEB1",P,10
2436,"miR-200a,ZEB2,miR-200b,TGF-beta,GSC,SNAI1,TWIST1,SNAI2,TWIST2,ZEB1",P,10
2437,"miR-200a,ZEB2,miR-200b,TGF-beta,GSC,SNAI1,SNAI2,miR-101,ZEB1",P,9
2438,"miR-200a,ZEB2,miR-200b,TGF-beta,GSC,SNAI1,SNAI2,TWIST2,ZEB1",P,9
2439,"miR-200a,ZEB2,miR-200b,TGF-beta,GSC,SNAI1,SNAI2,TWIST2,TWIST1,ZEB1",P,10
2440,"miR-200a,ZEB2,miR-200b,ZEB1",P,4
2441,"miR-200a,ZEB1",P,2
2442,"miR-200a,ZEB1,miR-200c,TGF-beta,SNAI2,miR-200b,ZEB2",P,7
2443,"miR-200a,ZEB1,miR-200c,TGF-beta,SNAI2,miR-101,SNAI1,ZEB2",P,8
2444,"miR-200a,ZEB1,miR-200c,TGF-beta,SNAI2,miR-101,SNAI1,TWIST1,ZEB2",P,9
2445,"miR-200a,ZEB1,miR-200c,TGF-beta,SNAI2,miR-101,ZEB2",P,7
2446,"miR-200a,ZEB1,miR-200c,TGF-beta,SNAI2,TWIST2,ZEB2",P,7
2447,"miR-200a,ZEB1,miR-200c,TGF-beta,SNAI2,TWIST2,TWIST1,ZEB2",P,8
2448,"miR-200a,ZEB1,miR-200c,TGF-beta,SNAI2,TWIST2,TWIST1,SNAI1,miR-101,ZEB2",P,10
2449,"miR-200a,ZEB1,miR-200c,TGF-beta,SNAI2,TWIST2,TWIST1,SNAI1,ZEB2",P,9
2450,"miR-200a,ZEB1,miR-200c,TGF-beta,SNAI2,TWIST2,SNAI1,miR-101,ZEB2",P,9
2451,"miR-200a,ZEB1,miR-200c,TGF-beta,SNAI2,TWIST2,SNAI1,ZEB2",P,8
2452,"miR-200a,ZEB1,miR-200c,TGF-beta,SNAI2,TWIST2,SNAI1,TWIST1,ZEB2",P,9
2453,"miR-200a,ZEB1,miR-200c,TGF-beta,SNAI1,miR-101,ZEB2",P,7
2454,"miR-200a,ZEB1,miR-200c,TGF-beta,SNAI1,ZEB2",P,6
2455,"miR-200a,ZEB1,miR-200c,TGF-beta,SNAI1,TWIST1,ZEB2",P,7
2456,"miR-200a,ZEB1,miR-200c,TGF-beta,SNAI1,TWIST1,SNAI2,miR-200b,ZEB2",P,9
2457,"miR-200a,ZEB1,miR-200c,TGF-beta,SNAI1,TWIST1,SNAI2,miR-101,ZEB2",P,9
2458,"miR-200a,ZEB1,miR-200c,TGF-beta,SNAI1,TWIST1,SNAI2,TWIST2,ZEB2",P,9
2459,"miR-200a,ZEB1,miR-200c,TGF-beta,SNAI1,SNAI2,miR-200b,ZEB2",P,8
2460,"miR-200a,ZEB1,miR-200c,TGF-beta,SNAI1,SNAI2,miR-101,ZEB2",P,8
2461,"miR-200a,ZEB1,miR-200c,TGF-beta,SNAI1,SNAI2,TWIST2,ZEB2",P,8
2462,"miR-200a,ZEB1,miR-200c,TGF-beta,SNAI1,SNAI2,TWIST2,TWIST1,ZEB2",P,9
2463,"miR-200a,ZEB1,miR-200c,TGF-beta,GSC,ZEB2",P,6
2464,"miR-200a,ZEB1,miR-200c,TGF-beta,GSC,TWIST1,ZEB2",P,7
2465,"miR-200a,ZEB1,miR-200c,TGF-beta,GSC,TWIST1,SNAI2,miR-200b,ZEB2",P,9
2466,"miR-200a,ZEB1,miR-200c,TGF-beta,GSC,TWIST1,SNAI2,miR-101,SNAI1,ZEB2",P,10
2467,"miR-200a,ZEB1,miR-200c,TGF-beta,GSC,TWIST1,SNAI2,miR-101,ZEB2",P,9
2468,"miR-200a,ZEB1,miR-200c,TGF-beta,GSC,TWIST1,SNAI2,TWIST2,ZEB2",P,9
2469,"miR-200a,ZEB1,miR-200c,TGF-beta,GSC,TWIST1,SNAI2,TWIST2,SNAI1,miR-101,ZEB2",P,11
2470,"miR-200a,ZEB1,miR-200c,TGF-beta,GSC,TWIST1,SNAI2,TWIST2,SNAI1,ZEB2",P,10
2471,"miR-200a,ZEB1,miR-200c,TGF-beta,GSC,TWIST1,SNAI1,miR-101,ZEB2",P,9
2472,"miR-200a,ZEB1,miR-200c,TGF-beta,GSC,TWIST1,SNAI1,ZEB2",P,8
2473,"miR-200a,ZEB1,miR-200c,TGF-beta,GSC,TWIST1,SNAI1,SNAI2,miR-200b,ZEB2",P,10
2474,"miR-200a,ZEB1,miR-200c,TGF-beta,GSC,TWIST1,SNAI1,SNAI2,miR-101,ZEB2",P,10
2475,"miR-200a,ZEB1,miR-200c,TGF-beta,GSC,TWIST1,SNAI1,SNAI2,TWIST2,ZEB2",P,10
2476,"miR-200a,ZEB1,miR-200c,TGF-beta,GSC,SNAI1,miR-101,ZEB2",P,8
2477,"miR-200a,ZEB1,miR-200c,TGF-beta,GSC,SNAI1,ZEB2",P,7
2478,"miR-200a,ZEB1,miR-200c,TGF-beta,GSC,SNAI1,TWIST1,ZEB2",P,8
2479,"miR-200a,ZEB1,miR-200c,TGF-beta,GSC,SNAI1,TWIST1,SNAI2,miR-200b,ZEB2",P,10
2480,"miR-200a,ZEB1,miR-200c,TGF-beta,GSC,SNAI1,TWIST1,SNAI2,miR-101,ZEB2",P,10
2481,"miR-200a,ZEB1,miR-200c,TGF-beta,GSC,SNAI1,TWIST1,SNAI2,TWIST2,ZEB2",P,10
2482,"miR-200a,ZEB1,miR-200c,TGF-beta,GSC,SNAI1,SNAI2,miR-200b,ZEB2",P,9
2483,"miR-200a,ZEB1,miR-200c,TGF-beta,GSC,SNAI1,SNAI2,miR-101,ZEB2",P,9
2484,"miR-200a,ZEB1,miR-200c,TGF-beta,GSC,SNAI1,SNAI2,TWIST2,ZEB2",P,9
2485,"miR-200a,ZEB1,miR-200c,TGF-beta,GSC,SNAI1,SNAI2,TWIST2,TWIST1,ZEB2",P,10
2486,"miR-200a,ZEB1,miR-200c,ZEB2",P,4
2487,"miR-200a,ZEB1,miR-200b,TGF-beta,SNAI2,miR-101,SNAI1,ZEB2",P,8
2488,"miR-200a,ZEB1,miR-200b,TGF-beta,SNAI2,miR-101,SNAI1,TWIST1,ZEB2",P,9
2489,"miR-200a,ZEB1,miR-200b,TGF-beta,SNAI2,miR-101,ZEB2",P,7
2490,"miR-200a,ZEB1,miR-200b,TGF-beta,SNAI2,TWIST2,ZEB2",P,7
2491,"miR-200a,ZEB1,miR-200b,TGF-beta,SNAI2,TWIST2,TWIST1,ZEB2",P,8
2492,"miR-200a,ZEB1,miR-200b,TGF-beta,SNAI2,TWIST2,TWIST1,SNAI1,miR-101,ZEB2",P,10
2493,"miR-200a,ZEB1,miR-200b,TGF-beta,SNAI2,TWIST2,TWIST1,SNAI1,ZEB2",P,9
2494,"miR-200a,ZEB1,miR-200b,TGF-beta,SNAI2,TWIST2,SNAI1,miR-101,ZEB2",P,9
2495,"miR-200a,ZEB1,miR-200b,TGF-beta,SNAI2,TWIST2,SNAI1,ZEB2",P,8
2496,"miR-200a,ZEB1,miR-200b,TGF-beta,SNAI2,TWIST2,SNAI1,TWIST1,ZEB2",P,9
2497,"miR-200a,ZEB1,miR-200b,TGF-beta,SNAI1,miR-101,ZEB2",P,7
2498,"miR-200a,ZEB1,miR-200b,TGF-beta,SNAI1,ZEB2",P,6
2499,"miR-200a,ZEB1,miR-200b,TGF-beta,SNAI1,TWIST1,ZEB2",P,7
2500,"miR-200a,ZEB1,miR-200b,TGF-beta,SNAI1,TWIST1,SNAI2,miR-101,ZEB2",P,9
2501,"miR-200a,ZEB1,miR-200b,TGF-beta,SNAI1,TWIST1,SNAI2,TWIST2,ZEB2",P,9
2502,"miR-200a,ZEB1,miR-200b,TGF-beta,SNAI1,SNAI2,miR-101,ZEB2",P,8
2503,"miR-200a,ZEB1,miR-200b,TGF-beta,SNAI1,SNAI2,TWIST2,ZEB2",P,8
2504,"miR-200a,ZEB1,miR-200b,TGF-beta,SNAI1,SNAI2,TWIST2,TWIST1,ZEB2",P,9
2505,"miR-200a,ZEB1,miR-200b,TGF-beta,GSC,ZEB2",P,6
2506,"miR-200a,ZEB1,miR-200b,TGF-beta,GSC,TWIST1,ZEB2",P,7
2507,"miR-200a,ZEB1,miR-200b,TGF-beta,GSC,TWIST1,SNAI2,miR-101,SNAI1,ZEB2",P,10
2508,"miR-200a,ZEB1,miR-200b,TGF-beta,GSC,TWIST1,SNAI2,miR-101,ZEB2",P,9
2509,"miR-200a,ZEB1,miR-200b,TGF-beta,GSC,TWIST1,SNAI2,TWIST2,ZEB2",P,9
2510,"miR-200a,ZEB1,miR-200b,TGF-beta,GSC,TWIST1,SNAI2,TWIST2,SNAI1,miR-101,ZEB2",P,11
2511,"miR-200a,ZEB1,miR-200b,TGF-beta,GSC,TWIST1,SNAI2,TWIST2,SNAI1,ZEB2",P,10
2512,"miR-200a,ZEB1,miR-200b,TGF-beta,GSC,TWIST1,SNAI1,miR-101,ZEB2",P,9
2513,"miR-200a,ZEB1,miR-200b,TGF-beta,GSC,TWIST1,SNAI1,ZEB2",P,8
2514,"miR-200a,ZEB1,miR-200b,TGF-beta,GSC,TWIST1,SNAI1,SNAI2,miR-101,ZEB2",P,10
2515,"miR-200a,ZEB1,miR-200b,TGF-beta,GSC,TWIST1,SNAI1,SNAI2,TWIST2,ZEB2",P,10
2516,"miR-200a,ZEB1,miR-200b,TGF-beta,GSC,SNAI1,miR-101,ZEB2",P,8
2517,"miR-200a,ZEB1,miR-200b,TGF-beta,GSC,SNAI1,ZEB2",P,7
2518,"miR-200a,ZEB1,miR-200b,TGF-beta,GSC,SNAI1,TWIST1,ZEB2",P,8
2519,"miR-200a,ZEB1,miR-200b,TGF-beta,GSC,SNAI1,TWIST1,SNAI2,miR-101,ZEB2",P,10
2520,"miR-200a,ZEB1,miR-200b,TGF-beta,GSC,SNAI1,TWIST1,SNAI2,TWIST2,ZEB2",P,10
2521,"miR-200a,ZEB1,miR-200b,TGF-beta,GSC,SNAI1,SNAI2,miR-101,ZEB2",P,9
2522,"miR-200a,ZEB1,miR-200b,TGF-beta,GSC,SNAI1,SNAI2,TWIST2,ZEB2",P,9
2523,"miR-200a,ZEB1,miR-200b,TGF-beta,GSC,SNAI1,SNAI2,TWIST2,TWIST1,ZEB2",P,10
2524,"miR-200a,ZEB1,miR-200b,ZEB2",P,4
2525,"miR-200a,ZEB1,miR-141,TGF-beta,SNAI2,miR-200b,ZEB2",P,7
2526,"miR-200a,ZEB1,miR-141,TGF-beta,SNAI2,miR-101,SNAI1,ZEB2",P,8
2527,"miR-200a,ZEB1,miR-141,TGF-beta,SNAI2,miR-101,SNAI1,TWIST1,ZEB2",P,9
2528,"miR-200a,ZEB1,miR-141,TGF-beta,SNAI2,miR-101,ZEB2",P,7
2529,"miR-200a,ZEB1,miR-141,TGF-beta,SNAI2,TWIST2,ZEB2",P,7
2530,"miR-200a,ZEB1,miR-141,TGF-beta,SNAI2,TWIST2,TWIST1,ZEB2",P,8
2531,"miR-200a,ZEB1,miR-141,TGF-beta,SNAI2,TWIST2,TWIST1,SNAI1,miR-101,ZEB2",P,10
2532,"miR-200a,ZEB1,miR-141,TGF-beta,SNAI2,TWIST2,TWIST1,SNAI1,ZEB2",P,9
2533,"miR-200a,ZEB1,miR-141,TGF-beta,SNAI2,TWIST2,SNAI1,miR-101,ZEB2",P,9
2534,"miR-200a,ZEB1,miR-141,TGF-beta,SNAI2,TWIST2,SNAI1,ZEB2",P,8
2535,"miR-200a,ZEB1,miR-141,TGF-beta,SNAI2,TWIST2,SNAI1,TWIST1,ZEB2",P,9
2536,"miR-200a,ZEB1,miR-141,TGF-beta,SNAI1,miR-101,ZEB2",P,7
2537,"miR-200a,ZEB1,miR-141,TGF-beta,SNAI1,ZEB2",P,6
2538,"miR-200a,ZEB1,miR-141,TGF-beta,SNAI1,TWIST1,ZEB2",P,7
2539,"miR-200a,ZEB1,miR-141,TGF-beta,SNAI1,TWIST1,SNAI2,miR-200b,ZEB2",P,9
2540,"miR-200a,ZEB1,miR-141,TGF-beta,SNAI1,TWIST1,SNAI2,miR-101,ZEB2",P,9
2541,"miR-200a,ZEB1,miR-141,TGF-beta,SNAI1,TWIST1,SNAI2,TWIST2,ZEB2",P,9
2542,"miR-200a,ZEB1,miR-141,TGF-beta,SNAI1,SNAI2,miR-200b,ZEB2",P,8
2543,"miR-200a,ZEB1,miR-141,TGF-beta,SNAI1,SNAI2,miR-101,ZEB2",P,8
2544,"miR-200a,ZEB1,miR-141,TGF-beta,SNAI1,SNAI2,TWIST2,ZEB2",P,8
2545,"miR-200a,ZEB1,miR-141,TGF-beta,SNAI1,SNAI2,TWIST2,TWIST1,ZEB2",P,9
2546,"miR-200a,ZEB1,miR-141,TGF-beta,GSC,ZEB2",P,6
2547,"miR-200a,ZEB1,miR-141,TGF-beta,GSC,TWIST1,ZEB2",P,7
2548,"miR-200a,ZEB1,miR-141,TGF-beta,GSC,TWIST1,SNAI2,miR-200b,ZEB2",P,9
2549,"miR-200a,ZEB1,miR-141,TGF-beta,GSC,TWIST1,SNAI2,miR-101,SNAI1,ZEB2",P,10
2550,"miR-200a,ZEB1,miR-141,TGF-beta,GSC,TWIST1,SNAI2,miR-101,ZEB2",P,9
2551,"miR-200a,ZEB1,miR-141,TGF-beta,GSC,TWIST1,SNAI2,TWIST2,ZEB2",P,9
2552,"miR-200a,ZEB1,miR-141,TGF-beta,GSC,TWIST1,SNAI2,TWIST2,SNAI1,miR-101,ZEB2",P,11
2553,"miR-200a,ZEB1,miR-141,TGF-beta,GSC,TWIST1,SNAI2,TWIST2,SNAI1,ZEB2",P,10
2554,"miR-200a,ZEB1,miR-141,TGF-beta,GSC,TWIST1,SNAI1,miR-101,ZEB2",P,9
2555,"miR-200a,ZEB1,miR-141,TGF-beta,GSC,TWIST1,SNAI1,ZEB2",P,8
2556,"miR-200a,ZEB1,miR-141,TGF-beta,GSC,TWIST1,SNAI1,SNAI2,miR-200b,ZEB2",P,10
2557,"miR-200a,ZEB1,miR-141,TGF-beta,GSC,TWIST1,SNAI1,SNAI2,miR-101,ZEB2",P,10
2558,"miR-200a,ZEB1,miR-141,TGF-beta,GSC,TWIST1,SNAI1,SNAI2,TWIST2,ZEB2",P,10
2559,"miR-200a,ZEB1,miR-141,TGF-beta,GSC,SNAI1,miR-101,ZEB2",P,8
2560,"miR-200a,ZEB1,miR-141,TGF-beta,GSC,SNAI1,ZEB2",P,7
2561,"miR-200a,ZEB1,miR-141,TGF-beta,GSC,SNAI1,TWIST1,ZEB2",P,8
2562,"miR-200a,ZEB1,miR-141,TGF-beta,GSC,SNAI1,TWIST1,SNAI2,miR-200b,ZEB2",P,10
2563,"miR-200a,ZEB1,miR-141,TGF-beta,GSC,SNAI1,TWIST1,SNAI2,miR-101,ZEB2",P,10
2564,"miR-200a,ZEB1,miR-141,TGF-beta,GSC,SNAI1,TWIST1,SNAI2,TWIST2,ZEB2",P,10
2565,"miR-200a,ZEB1,miR-141,TGF-beta,GSC,SNAI1,SNAI2,miR-200b,ZEB2",P,9
2566,"miR-200a,ZEB1,miR-141,TGF-beta,GSC,SNAI1,SNAI2,miR-101,ZEB2",P,9
2567,"miR-200a,ZEB1,miR-141,TGF-beta,GSC,SNAI1,SNAI2,TWIST2,ZEB2",P,9
2568,"miR-200a,ZEB1,miR-141,TGF-beta,GSC,SNAI1,SNAI2,TWIST2,TWIST1,ZEB2",P,10
2569,"miR-200a,ZEB1,miR-141,ZEB2",P,4
2570,"GSC,ZEB2,miR-200c,TGF-beta",P,4
2571,"GSC,ZEB2,miR-200c,ZEB1,miR-200b,TGF-beta",P,6
2572,"GSC,ZEB2,miR-200c,ZEB1,miR-141,TGF-beta",P,6
2573,"GSC,ZEB2,miR-200b,TGF-beta",P,4
2574,"GSC,ZEB2,miR-200b,ZEB1,miR-200c,TGF-beta",P,6
2575,"GSC,ZEB2,miR-200b,ZEB1,miR-141,TGF-beta",P,6
2576,"GSC,ZEB1,miR-200c,TGF-beta",P,4
2577,"GSC,ZEB1,miR-200c,ZEB2,miR-200b,TGF-beta",P,6
2578,"GSC,ZEB1,miR-200b,TGF-beta",P,4
2579,"GSC,ZEB1,miR-200b,ZEB2,miR-200c,TGF-beta",P,6
2580,"GSC,ZEB1,miR-141,TGF-beta",P,4
2581,"GSC,ZEB1,miR-141,ZEB2,miR-200c,TGF-beta",P,6
2582,"GSC,ZEB1,miR-141,ZEB2,miR-200b,TGF-beta",P,6
2583,"GSC,TWIST1,ZEB2,miR-200c,TGF-beta",P,5
2584,"GSC,TWIST1,ZEB2,miR-200c,ZEB1,miR-200b,TGF-beta",P,7
2585,"GSC,TWIST1,ZEB2,miR-200c,ZEB1,miR-141,TGF-beta",P,7
2586,"GSC,TWIST1,ZEB2,miR-200b,TGF-beta",P,5
2587,"GSC,TWIST1,ZEB2,miR-200b,ZEB1,miR-200c,TGF-beta",P,7
2588,"GSC,TWIST1,ZEB2,miR-200b,ZEB1,miR-141,TGF-beta",P,7
2589,"GSC,TWIST1,ZEB1,miR-200c,TGF-beta",P,5
2590,"GSC,TWIST1,ZEB1,miR-200c,ZEB2,miR-200b,TGF-beta",P,7
2591,"GSC,TWIST1,ZEB1,miR-200b,TGF-beta",P,5
2592,"GSC,TWIST1,ZEB1,miR-200b,ZEB2,miR-200c,TGF-beta",P,7
2593,"GSC,TWIST1,ZEB1,miR-141,TGF-beta",P,5
2594,"GSC,TWIST1,ZEB1,miR-141,ZEB2,miR-200c,TGF-beta",P,7
2595,"GSC,TWIST1,ZEB1,miR-141,ZEB2,miR-200b,TGF-beta",P,7
2596,"GSC,TWIST1,SNAI2,miR-200b,TGF-beta",P,5
2597,"GSC,TWIST1,SNAI2,miR-200b,ZEB2,miR-200c,TGF-beta",P,7
2598,"GSC,TWIST1,SNAI2,miR-200b,ZEB2,miR-200c,ZEB1,miR-141,TGF-beta",P,9
2599,"GSC,TWIST1,SNAI2,miR-200b,ZEB1,miR-200c,TGF-beta",P,7
2600,"GSC,TWIST1,SNAI2,miR-200b,ZEB1,miR-141,TGF-beta",P,7
2601,"GSC,TWIST1,SNAI2,miR-200b,ZEB1,miR-141,ZEB2,miR-200c,TGF-beta",P,9
2602,"GSC,TWIST1,SNAI2,miR-101,SNAI1,ZEB2,miR-200c,TGF-beta",P,8
2603,"GSC,TWIST1,SNAI2,miR-101,SNAI1,ZEB2,miR-200c,ZEB1,miR-200b,TGF-beta",P,10
2604,"GSC,TWIST1,SNAI2,miR-101,SNAI1,ZEB2,miR-200c,ZEB1,miR-141,TGF-beta",P,10
2605,"GSC,TWIST1,SNAI2,miR-101,SNAI1,ZEB2,miR-200b,TGF-beta",P,8
2606,"GSC,TWIST1,SNAI2,miR-101,SNAI1,ZEB2,miR-200b,ZEB1,miR-200c,TGF-beta",P,10
2607,"GSC,TWIST1,SNAI2,miR-101,SNAI1,ZEB2,miR-200b,ZEB1,miR-141,TGF-beta",P,10
2608,"GSC,TWIST1,SNAI2,miR-101,SNAI1,ZEB1,miR-200c,TGF-beta",P,8
2609,"GSC,TWIST1,SNAI2,miR-101,SNAI1,ZEB1,miR-200c,ZEB2,miR-200b,TGF-beta",P,10
2610,"GSC,TWIST1,SNAI2,miR-101,SNAI1,ZEB1,miR-200b,TGF-beta",P,8
2611,"GSC,TWIST1,SNAI2,miR-101,SNAI1,ZEB1,miR-200b,ZEB2,miR-200c,TGF-beta",P,10
2612,"GSC,TWIST1,SNAI2,miR-101,SNAI1,ZEB1,miR-141,TGF-beta",P,8
2613,"GSC,TWIST1,SNAI2,miR-101,SNAI1,ZEB1,miR-141,ZEB2,miR-200c,TGF-beta",P,10
2614,"GSC,TWIST1,SNAI2,miR-101,SNAI1,ZEB1,miR-141,ZEB2,miR-200b,TGF-beta",P,10
2615,"GSC,TWIST1,SNAI2,miR-101,ZEB2,miR-200c,TGF-beta",P,7
2616,"GSC,TWIST1,SNAI2,miR-101,ZEB2,miR-200c,ZEB1,miR-200b,TGF-beta",P,9
2617,"GSC,TWIST1,SNAI2,miR-101,ZEB2,miR-200c,ZEB1,miR-141,TGF-beta",P,9
2618,"GSC,TWIST1,SNAI2,miR-101,ZEB2,miR-200b,TGF-beta",P,7
2619,"GSC,TWIST1,SNAI2,miR-101,ZEB2,miR-200b,ZEB1,miR-200c,TGF-beta",P,9
2620,"GSC,TWIST1,SNAI2,miR-101,ZEB2,miR-200b,ZEB1,miR-141,TGF-beta",P,9
2621,"GSC,TWIST1,SNAI2,miR-101,ZEB1,miR-200c,TGF-beta",P,7
2622,"GSC,TWIST1,SNAI2,miR-101,ZEB1,miR-200c,ZEB2,miR-200b,TGF-beta",P,9
2623,"GSC,TWIST1,SNAI2,miR-101,ZEB1,miR-200b,TGF-beta",P,7
2624,"GSC,TWIST1,SNAI2,miR-101,ZEB1,miR-200b,ZEB2,miR-200c,TGF-beta",P,9
2625,"GSC,TWIST1,SNAI2,miR-101,ZEB1,miR-141,TGF-beta",P,7
2626,"GSC,TWIST1,SNAI2,miR-101,ZEB1,miR-141,ZEB2,miR-200c,TGF-beta",P,9
2627,"GSC,TWIST1,SNAI2,miR-101,ZEB1,miR-141,ZEB2,miR-200b,TGF-beta",P,9
2628,"GSC,TWIST1,SNAI2,TWIST2,ZEB2,miR-200c,TGF-beta",P,7
2629,"GSC,TWIST1,SNAI2,TWIST2,ZEB2,miR-200c,ZEB1,miR-200b,TGF-beta",P,9
2630,"GSC,TWIST1,SNAI2,TWIST2,ZEB2,miR-200c,ZEB1,miR-141,TGF-beta",P,9
2631,"GSC,TWIST1,SNAI2,TWIST2,ZEB2,miR-200b,TGF-beta",P,7
2632,"GSC,TWIST1,SNAI2,TWIST2,ZEB2,miR-200b,ZEB1,miR-200c,TGF-beta",P,9
2633,"GSC,TWIST1,SNAI2,TWIST2,ZEB2,miR-200b,ZEB1,miR-141,TGF-beta",P,9
2634,"GSC,TWIST1,SNAI2,TWIST2,ZEB1,miR-200c,TGF-beta",P,7
2635,"GSC,TWIST1,SNAI2,TWIST2,ZEB1,miR-200c,ZEB2,miR-200b,TGF-beta",P,9
2636,"GSC,TWIST1,SNAI2,TWIST2,ZEB1,miR-200b,TGF-beta",P,7
2637,"GSC,TWIST1,SNAI2,TWIST2,ZEB1,miR-200b,ZEB2,miR-200c,TGF-beta",P,9
2638,"GSC,TWIST1,SNAI2,TWIST2,ZEB1,miR-141,TGF-beta",P,7
2639,"GSC,TWIST1,SNAI2,TWIST2,ZEB1,miR-141,ZEB2,miR-200c,TGF-beta",P,9
2640,"GSC,TWIST1,SNAI2,TWIST2,ZEB1,miR-141,ZEB2,miR-200b,TGF-beta",P,9
2641,"GSC,TWIST1,SNAI2,TWIST2,SNAI1,miR-101,ZEB2,miR-200c,TGF-beta",P,9
2642,"GSC,TWIST1,SNAI2,TWIST2,SNAI1,miR-101,ZEB2,miR-200c,ZEB1,miR-200b,TGF-beta",P,11
2643,"GSC,TWIST1,SNAI2,TWIST2,SNAI1,miR-101,ZEB2,miR-200c,ZEB1,miR-141,TGF-beta",P,11
2644,"GSC,TWIST1,SNAI2,TWIST2,SNAI1,miR-101,ZEB2,miR-200b,TGF-beta",P,9
2645,"GSC,TWIST1,SNAI2,TWIST2,SNAI1,miR-101,ZEB2,miR-200b,ZEB1,miR-200c,TGF-beta",P,11
2646,"GSC,TWIST1,SNAI2,TWIST2,SNAI1,miR-101,ZEB2,miR-200b,ZEB1,miR-141,TGF-beta",P,11
2647,"GSC,TWIST1,SNAI2,TWIST2,SNAI1,miR-101,ZEB1,miR-200c,TGF-beta",P,9
2648,"GSC,TWIST1,SNAI2,TWIST2,SNAI1,miR-101,ZEB1,miR-200c,ZEB2,miR-200b,TGF-beta",P,11
2649,"GSC,TWIST1,SNAI2,TWIST2,SNAI1,miR-101,ZEB1,miR-200b,TGF-beta",P,9
2650,"GSC,TWIST1,SNAI2,TWIST2,SNAI1,miR-101,ZEB1,miR-200b,ZEB2,miR-200c,TGF-beta",P,11
2651,"GSC,TWIST1,SNAI2,TWIST2,SNAI1,miR-101,ZEB1,miR-141,TGF-beta",P,9
2652,"GSC,TWIST1,SNAI2,TWIST2,SNAI1,miR-101,ZEB1,miR-141,ZEB2,miR-200c,TGF-beta",P,11
2653,"GSC,TWIST1,SNAI2,TWIST2,SNAI1,miR-101,ZEB1,miR-141,ZEB2,miR-200b,TGF-beta",P,11
2654,"GSC,TWIST1,SNAI2,TWIST2,SNAI1,ZEB2,miR-200c,TGF-beta",P,8
2655,"GSC,TWIST1,SNAI2,TWIST2,SNAI1,ZEB2,miR-200c,ZEB1,miR-200b,TGF-beta",P,10
2656,"GSC,TWIST1,SNAI2,TWIST2,SNAI1,ZEB2,miR-200c,ZEB1,miR-141,TGF-beta",P,10
2657,"GSC,TWIST1,SNAI2,TWIST2,SNAI1,ZEB2,miR-200b,TGF-beta",P,8
2658,"GSC,TWIST1,SNAI2,TWIST2,SNAI1,ZEB2,miR-200b,ZEB1,miR-200c,TGF-beta",P,10
2659,"GSC,TWIST1,SNAI2,TWIST2,SNAI1,ZEB2,miR-200b,ZEB1,miR-141,TGF-beta",P,10
2660,"GSC,TWIST1,SNAI2,TWIST2,SNAI1,ZEB1,miR-200c,TGF-beta",P,8
2661,"GSC,TWIST1,SNAI2,TWIST2,SNAI1,ZEB1,miR-200c,ZEB2,miR-200b,TGF-beta",P,10
2662,"GSC,TWIST1,SNAI2,TWIST2,SNAI1,ZEB1,miR-200b,TGF-beta",P,8
2663,"GSC,TWIST1,SNAI2,TWIST2,SNAI1,ZEB1,miR-200b,ZEB2,miR-200c,TGF-beta",P,10
2664,"GSC,TWIST1,SNAI2,TWIST2,SNAI1,ZEB1,miR-141,TGF-beta",P,8
2665,"GSC,TWIST1,SNAI2,TWIST2,SNAI1,ZEB1,miR-141,ZEB2,miR-200c,TGF-beta",P,10
2666,"GSC,TWIST1,SNAI2,TWIST2,SNAI1,ZEB1,miR-141,ZEB2,miR-200b,TGF-beta",P,10
2667,"GSC,TWIST1,SNAI1,miR-101,ZEB2,miR-200c,TGF-beta",P,7
2668,"GSC,TWIST1,SNAI1,miR-101,ZEB2,miR-200c,ZEB1,miR-200b,TGF-beta",P,9
2669,"GSC,TWIST1,SNAI1,miR-101,ZEB2,miR-200c,ZEB1,miR-141,TGF-beta",P,9
2670,"GSC,TWIST1,SNAI1,miR-101,ZEB2,miR-200b,TGF-beta",P,7
2671,"GSC,TWIST1,SNAI1,miR-101,ZEB2,miR-200b,ZEB1,miR-200c,TGF-beta",P,9
2672,"GSC,TWIST1,SNAI1,miR-101,ZEB2,miR-200b,ZEB1,miR-141,TGF-beta",P,9
2673,"GSC,TWIST1,SNAI1,miR-101,ZEB1,miR-200c,TGF-beta",P,7
2674,"GSC,TWIST1,SNAI1,miR-101,ZEB1,miR-200c,ZEB2,miR-200b,TGF-beta",P,9
2675,"GSC,TWIST1,SNAI1,miR-101,ZEB1,miR-200b,TGF-beta",P,7
2676,"GSC,TWIST1,SNAI1,miR-101,ZEB1,miR-200b,ZEB2,miR-200c,TGF-beta",P,9
2677,"GSC,TWIST1,SNAI1,miR-101,ZEB1,miR-141,TGF-beta",P,7
2678,"GSC,TWIST1,SNAI1,miR-101,ZEB1,miR-141,ZEB2,miR-200c,TGF-beta",P,9
2679,"GSC,TWIST1,SNAI1,miR-101,ZEB1,miR-141,ZEB2,miR-200b,TGF-beta",P,9
2680,"GSC,TWIST1,SNAI1,ZEB2,miR-200c,TGF-beta",P,6
2681,"GSC,TWIST1,SNAI1,ZEB2,miR-200c,ZEB1,miR-200b,TGF-beta",P,8
2682,"GSC,TWIST1,SNAI1,ZEB2,miR-200c,ZEB1,miR-141,TGF-beta",P,8
2683,"GSC,TWIST1,SNAI1,ZEB2,miR-200b,TGF-beta",P,6
2684,"GSC,TWIST1,SNAI1,ZEB2,miR-200b,ZEB1,miR-200c,TGF-beta",P,8
2685,"GSC,TWIST1,SNAI1,ZEB2,miR-200b,ZEB1,miR-141,TGF-beta",P,8
2686,"GSC,TWIST1,SNAI1,ZEB1,miR-200c,TGF-beta",P,6
2687,"GSC,TWIST1,SNAI1,ZEB1,miR-200c,ZEB2,miR-200b,TGF-beta",P,8
2688,"GSC,TWIST1,SNAI1,ZEB1,miR-200b,TGF-beta",P,6
2689,"GSC,TWIST1,SNAI1,ZEB1,miR-200b,ZEB2,miR-200c,TGF-beta",P,8
2690,"GSC,TWIST1,SNAI1,ZEB1,miR-141,TGF-beta",P,6
2691,"GSC,TWIST1,SNAI1,ZEB1,miR-141,ZEB2,miR-200c,TGF-beta",P,8
2692,"GSC,TWIST1,SNAI1,ZEB1,miR-141,ZEB2,miR-200b,TGF-beta",P,8
2693,"GSC,TWIST1,SNAI1,SNAI2,miR-200b,TGF-beta",P,6
2694,"GSC,TWIST1,SNAI1,SNAI2,miR-200b,ZEB2,miR-200c,TGF-beta",P,8
2695,"GSC,TWIST1,SNAI1,SNAI2,miR-200b,ZEB2,miR-200c,ZEB1,miR-141,TGF-beta",P,10
2696,"GSC,TWIST1,SNAI1,SNAI2,miR-200b,ZEB1,miR-200c,TGF-beta",P,8
2697,"GSC,TWIST1,SNAI1,SNAI2,miR-200b,ZEB1,miR-141,TGF-beta",P,8
2698,"GSC,TWIST1,SNAI1,SNAI2,miR-200b,ZEB1,miR-141,ZEB2,miR-200c,TGF-beta",P,10
2699,"GSC,TWIST1,SNAI1,SNAI2,miR-101,ZEB2,miR-200c,TGF-beta",P,8
2700,"GSC,TWIST1,SNAI1,SNAI2,miR-101,ZEB2,miR-200c,ZEB1,miR-200b,TGF-beta",P,10
2701,"GSC,TWIST1,SNAI1,SNAI2,miR-101,ZEB2,miR-200c,ZEB1,miR-141,TGF-beta",P,10
2702,"GSC,TWIST1,SNAI1,SNAI2,miR-101,ZEB2,miR-200b,TGF-beta",P,8
2703,"GSC,TWIST1,SNAI1,SNAI2,miR-101,ZEB2,miR-200b,ZEB1,miR-200c,TGF-beta",P,10
2704,"GSC,TWIST1,SNAI1,SNAI2,miR-101,ZEB2,miR-200b,ZEB1,miR-141,TGF-beta",P,10
2705,"GSC,TWIST1,SNAI1,SNAI2,miR-101,ZEB1,miR-200c,TGF-beta",P,8
2706,"GSC,TWIST1,SNAI1,SNAI2,miR-101,ZEB1,miR-200c,ZEB2,miR-200b,TGF-beta",P,10
2707,"GSC,TWIST1,SNAI1,SNAI2,miR-101,ZEB1,miR-200b,TGF-beta",P,8
2708,"GSC,TWIST1,SNAI1,SNAI2,miR-101,ZEB1,miR-200b,ZEB2,miR-200c,TGF-beta",P,10
2709,"GSC,TWIST1,SNAI1,SNAI2,miR-101,ZEB1,miR-141,TGF-beta",P,8
2710,"GSC,TWIST1,SNAI1,SNAI2,miR-101,ZEB1,miR-141,ZEB2,miR-200c,TGF-beta",P,10
2711,"GSC,TWIST1,SNAI1,SNAI2,miR-101,ZEB1,miR-141,ZEB2,miR-200b,TGF-beta",P,10
2712,"GSC,TWIST1,SNAI1,SNAI2,TWIST2,ZEB2,miR-200c,TGF-beta",P,8
2713,"GSC,TWIST1,SNAI1,SNAI2,TWIST2,ZEB2,miR-200c,ZEB1,miR-200b,TGF-beta",P,10
2714,"GSC,TWIST1,SNAI1,SNAI2,TWIST2,ZEB2,miR-200c,ZEB1,miR-141,TGF-beta",P,10
2715,"GSC,TWIST1,SNAI1,SNAI2,TWIST2,ZEB2,miR-200b,TGF-beta",P,8
2716,"GSC,TWIST1,SNAI1,SNAI2,TWIST2,ZEB2,miR-200b,ZEB1,miR-200c,TGF-beta",P,10
2717,"GSC,TWIST1,SNAI1,SNAI2,TWIST2,ZEB2,miR-200b,ZEB1,miR-141,TGF-beta",P,10
2718,"GSC,TWIST1,SNAI1,SNAI2,TWIST2,ZEB1,miR-200c,TGF-beta",P,8
2719,"GSC,TWIST1,SNAI1,SNAI2,TWIST2,ZEB1,miR-200c,ZEB2,miR-200b,TGF-beta",P,10
2720,"GSC,TWIST1,SNAI1,SNAI2,TWIST2,ZEB1,miR-200b,TGF-beta",P,8
2721,"GSC,TWIST1,SNAI1,SNAI2,TWIST2,ZEB1,miR-200b,ZEB2,miR-200c,TGF-beta",P,10
2722,"GSC,TWIST1,SNAI1,SNAI2,TWIST2,ZEB1,miR-141,TGF-beta",P,8
2723,"GSC,TWIST1,SNAI1,SNAI2,TWIST2,ZEB1,miR-141,ZEB2,miR-200c,TGF-beta",P,10
2724,"GSC,TWIST1,SNAI1,SNAI2,TWIST2,ZEB1,miR-141,ZEB2,miR-200b,TGF-beta",P,10
2725,"GSC,SNAI1,miR-101,ZEB2,miR-200c,TGF-beta",P,6
2726,"GSC,SNAI1,miR-101,ZEB2,miR-200c,ZEB1,miR-200b,TGF-beta",P,8
2727,"GSC,SNAI1,miR-101,ZEB2,miR-200c,ZEB1,miR-141,TGF-beta",P,8
2728,"GSC,SNAI1,miR-101,ZEB2,miR-200b,TGF-beta",P,6
2729,"GSC,SNAI1,miR-101,ZEB2,miR-200b,ZEB1,miR-200c,TGF-beta",P,8
2730,"GSC,SNAI1,miR-101,ZEB2,miR-200b,ZEB1,miR-141,TGF-beta",P,8
2731,"GSC,SNAI1,miR-101,ZEB1,miR-200c,TGF-beta",P,6
2732,"GSC,SNAI1,miR-101,ZEB1,miR-200c,ZEB2,miR-200b,TGF-beta",P,8
2733,"GSC,SNAI1,miR-101,ZEB1,miR-200b,TGF-beta",P,6
2734,"GSC,SNAI1,miR-101,ZEB1,miR-200b,ZEB2,miR-200c,TGF-beta",P,8
2735,"GSC,SNAI1,miR-101,ZEB1,miR-141,TGF-beta",P,6
2736,"GSC,SNAI1,miR-101,ZEB1,miR-141,ZEB2,miR-200c,TGF-beta",P,8
2737,"GSC,SNAI1,miR-101,ZEB1,miR-141,ZEB2,miR-200b,TGF-beta",P,8
2738,"GSC,SNAI1,ZEB2,miR-200c,TGF-beta",P,5
2739,"GSC,SNAI1,ZEB2,miR-200c,ZEB1,miR-200b,TGF-beta",P,7
2740,"GSC,SNAI1,ZEB2,miR-200c,ZEB1,miR-141,TGF-beta",P,7
2741,"GSC,SNAI1,ZEB2,miR-200b,TGF-beta",P,5
2742,"GSC,SNAI1,ZEB2,miR-200b,ZEB1,miR-200c,TGF-beta",P,7
2743,"GSC,SNAI1,ZEB2,miR-200b,ZEB1,miR-141,TGF-beta",P,7
2744,"GSC,SNAI1,ZEB1,miR-200c,TGF-beta",P,5
2745,"GSC,SNAI1,ZEB1,miR-200c,ZEB2,miR-200b,TGF-beta",P,7
2746,"GSC,SNAI1,ZEB1,miR-200b,TGF-beta",P,5
2747,"GSC,SNAI1,ZEB1,miR-200b,ZEB2,miR-200c,TGF-beta",P,7
2748,"GSC,SNAI1,ZEB1,miR-141,TGF-beta",P,5
2749,"GSC,SNAI1,ZEB1,miR-141,ZEB2,miR-200c,TGF-beta",P,7
2750,"GSC,SNAI1,ZEB1,miR-141,ZEB2,miR-200b,TGF-beta",P,7
2751,"GSC,SNAI1,TWIST1,ZEB2,miR-200c,TGF-beta",P,6
2752,"GSC,SNAI1,TWIST1,ZEB2,miR-200c,ZEB1,miR-200b,TGF-beta",P,8
2753,"GSC,SNAI1,TWIST1,ZEB2,miR-200c,ZEB1,miR-141,TGF-beta",P,8
2754,"GSC,SNAI1,TWIST1,ZEB2,miR-200b,TGF-beta",P,6
2755,"GSC,SNAI1,TWIST1,ZEB2,miR-200b,ZEB1,miR-200c,TGF-beta",P,8
2756,"GSC,SNAI1,TWIST1,ZEB2,miR-200b,ZEB1,miR-141,TGF-beta",P,8
2757,"GSC,SNAI1,TWIST1,ZEB1,miR-200c,TGF-beta",P,6
2758,"GSC,SNAI1,TWIST1,ZEB1,miR-200c,ZEB2,miR-200b,TGF-beta",P,8
2759,"GSC,SNAI1,TWIST1,ZEB1,miR-200b,TGF-beta",P,6
2760,"GSC,SNAI1,TWIST1,ZEB1,miR-200b,ZEB2,miR-200c,TGF-beta",P,8
2761,"GSC,SNAI1,TWIST1,ZEB1,miR-141,TGF-beta",P,6
2762,"GSC,SNAI1,TWIST1,ZEB1,miR-141,ZEB2,miR-200c,TGF-beta",P,8
2763,"GSC,SNAI1,TWIST1,ZEB1,miR-141,ZEB2,miR-200b,TGF-beta",P,8
2764,"GSC,SNAI1,TWIST1,SNAI2,miR-200b,TGF-beta",P,6
2765,"GSC,SNAI1,TWIST1,SNAI2,miR-200b,ZEB2,miR-200c,TGF-beta",P,8
2766,"GSC,SNAI1,TWIST1,SNAI2,miR-200b,ZEB2,miR-200c,ZEB1,miR-141,TGF-beta",P,10
2767,"GSC,SNAI1,TWIST1,SNAI2,miR-200b,ZEB1,miR-200c,TGF-beta",P,8
2768,"GSC,SNAI1,TWIST1,SNAI2,miR-200b,ZEB1,miR-141,TGF-beta",P,8
2769,"GSC,SNAI1,TWIST1,SNAI2,miR-200b,ZEB1,miR-141,ZEB2,miR-200c,TGF-beta",P,10
2770,"GSC,SNAI1,TWIST1,SNAI2,miR-101,ZEB2,miR-200c,TGF-beta",P,8
2771,"GSC,SNAI1,TWIST1,SNAI2,miR-101,ZEB2,miR-200c,ZEB1,miR-200b,TGF-beta",P,10
2772,"GSC,SNAI1,TWIST1,SNAI2,miR-101,ZEB2,miR-200c,ZEB1,miR-141,TGF-beta",P,10
2773,"GSC,SNAI1,TWIST1,SNAI2,miR-101,ZEB2,miR-200b,TGF-beta",P,8
2774,"GSC,SNAI1,TWIST1,SNAI2,miR-101,ZEB2,miR-200b,ZEB1,miR-200c,TGF-beta",P,10
2775,"GSC,SNAI1,TWIST1,SNAI2,miR-101,ZEB2,miR-200b,ZEB1,miR-141,TGF-beta",P,10
2776,"GSC,SNAI1,TWIST1,SNAI2,miR-101,ZEB1,miR-200c,TGF-beta",P,8
2777,"GSC,SNAI1,TWIST1,SNAI2,miR-101,ZEB1,miR-200c,ZEB2,miR-200b,TGF-beta",P,10
2778,"GSC,SNAI1,TWIST1,SNAI2,miR-101,ZEB1,miR-200b,TGF-beta",P,8
2779,"GSC,SNAI1,TWIST1,SNAI2,miR-101,ZEB1,miR-200b,ZEB2,miR-200c,TGF-beta",P,10
2780,"GSC,SNAI1,TWIST1,SNAI2,miR-101,ZEB1,miR-141,TGF-beta",P,8
2781,"GSC,SNAI1,TWIST1,SNAI2,miR-101,ZEB1,miR-141,ZEB2,miR-200c,TGF-beta",P,10
2782,"GSC,SNAI1,TWIST1,SNAI2,miR-101,ZEB1,miR-141,ZEB2,miR-200b,TGF-beta",P,10
2783,"GSC,SNAI1,TWIST1,SNAI2,TWIST2,ZEB2,miR-200c,TGF-beta",P,8
2784,"GSC,SNAI1,TWIST1,SNAI2,TWIST2,ZEB2,miR-200c,ZEB1,miR-200b,TGF-beta",P,10
2785,"GSC,SNAI1,TWIST1,SNAI2,TWIST2,ZEB2,miR-200c,ZEB1,miR-141,TGF-beta",P,10
2786,"GSC,SNAI1,TWIST1,SNAI2,TWIST2,ZEB2,miR-200b,TGF-beta",P,8
2787,"GSC,SNAI1,TWIST1,SNAI2,TWIST2,ZEB2,miR-200b,ZEB1,miR-200c,TGF-beta",P,10
2788,"GSC,SNAI1,TWIST1,SNAI2,TWIST2,ZEB2,miR-200b,ZEB1,miR-141,TGF-beta",P,10
2789,"GSC,SNAI1,TWIST1,SNAI2,TWIST2,ZEB1,miR-200c,TGF-beta",P,8
2790,"GSC,SNAI1,TWIST1,SNAI2,TWIST2,ZEB1,miR-200c,ZEB2,miR-200b,TGF-beta",P,10
2791,"GSC,SNAI1,TWIST1,SNAI2,TWIST2,ZEB1,miR-200b,TGF-beta",P,8
2792,"GSC,SNAI1,TWIST1,SNAI2,TWIST2,ZEB1,miR-200b,ZEB2,miR-200c,TGF-beta",P,10
2793,"GSC,SNAI1,TWIST1,SNAI2,TWIST2,ZEB1,miR-141,TGF-beta",P,8
2794,"GSC,SNAI1,TWIST1,SNAI2,TWIST2,ZEB1,miR-141,ZEB2,miR-200c,TGF-beta",P,10
2795,"GSC,SNAI1,TWIST1,SNAI2,TWIST2,ZEB1,miR-141,ZEB2,miR-200b,TGF-beta",P,10
2796,"GSC,SNAI1,SNAI2,miR-200b,TGF-beta",P,5
2797,"GSC,SNAI1,SNAI2,miR-200b,ZEB2,miR-200c,TGF-beta",P,7
2798,"GSC,SNAI1,SNAI2,miR-200b,ZEB2,miR-200c,ZEB1,miR-141,TGF-beta",P,9
2799,"GSC,SNAI1,SNAI2,miR-200b,ZEB1,miR-200c,TGF-beta",P,7
2800,"GSC,SNAI1,SNAI2,miR-200b,ZEB1,miR-141,TGF-beta",P,7
2801,"GSC,SNAI1,SNAI2,miR-200b,ZEB1,miR-141,ZEB2,miR-200c,TGF-beta",P,9
2802,"GSC,SNAI1,SNAI2,miR-101,ZEB2,miR-200c,TGF-beta",P,7
2803,"GSC,SNAI1,SNAI2,miR-101,ZEB2,miR-200c,ZEB1,miR-200b,TGF-beta",P,9
2804,"GSC,SNAI1,SNAI2,miR-101,ZEB2,miR-200c,ZEB1,miR-141,TGF-beta",P,9
2805,"GSC,SNAI1,SNAI2,miR-101,ZEB2,miR-200b,TGF-beta",P,7
2806,"GSC,SNAI1,SNAI2,miR-101,ZEB2,miR-200b,ZEB1,miR-200c,TGF-beta",P,9
2807,"GSC,SNAI1,SNAI2,miR-101,ZEB2,miR-200b,ZEB1,miR-141,TGF-beta",P,9
2808,"GSC,SNAI1,SNAI2,miR-101,ZEB1,miR-200c,TGF-beta",P,7
2809,"GSC,SNAI1,SNAI2,miR-101,ZEB1,miR-200c,ZEB2,miR-200b,TGF-beta",P,9
2810,"GSC,SNAI1,SNAI2,miR-101,ZEB1,miR-200b,TGF-beta",P,7
2811,"GSC,SNAI1,SNAI2,miR-101,ZEB1,miR-200b,ZEB2,miR-200c,TGF-beta",P,9
2812,"GSC,SNAI1,SNAI2,miR-101,ZEB1,miR-141,TGF-beta",P,7
2813,"GSC,SNAI1,SNAI2,miR-101,ZEB1,miR-141,ZEB2,miR-200c,TGF-beta",P,9
2814,"GSC,SNAI1,SNAI2,miR-101,ZEB1,miR-141,ZEB2,miR-200b,TGF-beta",P,9
2815,"GSC,SNAI1,SNAI2,TWIST2,ZEB2,miR-200c,TGF-beta",P,7
2816,"GSC,SNAI1,SNAI2,TWIST2,ZEB2,miR-200c,ZEB1,miR-200b,TGF-beta",P,9
2817,"GSC,SNAI1,SNAI2,TWIST2,ZEB2,miR-200c,ZEB1,miR-141,TGF-beta",P,9
2818,"GSC,SNAI1,SNAI2,TWIST2,ZEB2,miR-200b,TGF-beta",P,7
2819,"GSC,SNAI1,SNAI2,TWIST2,ZEB2,miR-200b,ZEB1,miR-200c,TGF-beta",P,9
2820,"GSC,SNAI1,SNAI2,TWIST2,ZEB2,miR-200b,ZEB1,miR-141,TGF-beta",P,9
2821,"GSC,SNAI1,SNAI2,TWIST2,ZEB1,miR-200c,TGF-beta",P,7
2822,"GSC,SNAI1,SNAI2,TWIST2,ZEB1,miR-200c,ZEB2,miR-200b,TGF-beta",P,9
2823,"GSC,SNAI1,SNAI2,TWIST2,ZEB1,miR-200b,TGF-beta",P,7
2824,"GSC,SNAI1,SNAI2,TWIST2,ZEB1,miR-200b,ZEB2,miR-200c,TGF-beta",P,9
2825,"GSC,SNAI1,SNAI2,TWIST2,ZEB1,miR-141,TGF-beta",P,7
2826,"GSC,SNAI1,SNAI2,TWIST2,ZEB1,miR-141,ZEB2,miR-200c,TGF-beta",P,9
2827,"GSC,SNAI1,SNAI2,TWIST2,ZEB1,miR-141,ZEB2,miR-200b,TGF-beta",P,9
2828,"GSC,SNAI1,SNAI2,TWIST2,TWIST1,ZEB2,miR-200c,TGF-beta",P,8
2829,"GSC,SNAI1,SNAI2,TWIST2,TWIST1,ZEB2,miR-200c,ZEB1,miR-200b,TGF-beta",P,10
2830,"GSC,SNAI1,SNAI2,TWIST2,TWIST1,ZEB2,miR-200c,ZEB1,miR-141,TGF-beta",P,10
2831,"GSC,SNAI1,SNAI2,TWIST2,TWIST1,ZEB2,miR-200b,TGF-beta",P,8
2832,"GSC,SNAI1,SNAI2,TWIST2,TWIST1,ZEB2,miR-200b,ZEB1,miR-200c,TGF-beta",P,10
2833,"GSC,SNAI1,SNAI2,TWIST2,TWIST1,ZEB2,miR-200b,ZEB1,miR-141,TGF-beta",P,10
2834,"GSC,SNAI1,SNAI2,TWIST2,TWIST1,ZEB1,miR-200c,TGF-beta",P,8
2835,"GSC,SNAI1,SNAI2,TWIST2,TWIST1,ZEB1,miR-200c,ZEB2,miR-200b,TGF-beta",P,10
2836,"GSC,SNAI1,SNAI2,TWIST2,TWIST1,ZEB1,miR-200b,TGF-beta",P,8
2837,"GSC,SNAI1,SNAI2,TWIST2,TWIST1,ZEB1,miR-200b,ZEB2,miR-200c,TGF-beta",P,10
2838,"GSC,SNAI1,SNAI2,TWIST2,TWIST1,ZEB1,miR-141,TGF-beta",P,8
2839,"GSC,SNAI1,SNAI2,TWIST2,TWIST1,ZEB1,miR-141,ZEB2,miR-200c,TGF-beta",P,10
2840,"GSC,SNAI1,SNAI2,TWIST2,TWIST1,ZEB1,miR-141,ZEB2,miR-200b,TGF-beta",P,10
2841,"miR-101,SNAI1",P,2
2842,"miR-101,SNAI1,ZEB2,miR-200c,TGF-beta,SNAI2",P,6
2843,"miR-101,SNAI1,ZEB2,miR-200c,ZEB1,miR-200b,TGF-beta,SNAI2",P,8
2844,"miR-101,SNAI1,ZEB2,miR-200c,ZEB1,miR-141,TGF-beta,SNAI2",P,8
2845,"miR-101,SNAI1,ZEB2,miR-200b,TGF-beta,SNAI2",P,6
2846,"miR-101,SNAI1,ZEB2,miR-200b,ZEB1,miR-200c,TGF-beta,SNAI2",P,8
2847,"miR-101,SNAI1,ZEB2,miR-200b,ZEB1,miR-141,TGF-beta,SNAI2",P,8
2848,"miR-101,SNAI1,ZEB1,miR-200c,TGF-beta,SNAI2",P,6
2849,"miR-101,SNAI1,ZEB1,miR-200c,ZEB2,miR-200b,TGF-beta,SNAI2",P,8
2850,"miR-101,SNAI1,ZEB1,miR-200b,TGF-beta,SNAI2",P,6
2851,"miR-101,SNAI1,ZEB1,miR-200b,ZEB2,miR-200c,TGF-beta,SNAI2",P,8
2852,"miR-101,SNAI1,ZEB1,miR-141,TGF-beta,SNAI2",P,6
2853,"miR-101,SNAI1,ZEB1,miR-141,ZEB2,miR-200c,TGF-beta,SNAI2",P,8
2854,"miR-101,SNAI1,ZEB1,miR-141,ZEB2,miR-200b,TGF-beta,SNAI2",P,8
2855,"miR-101,SNAI1,TWIST1,ZEB2,miR-200c,TGF-beta,SNAI2",P,7
2856,"miR-101,SNAI1,TWIST1,ZEB2,miR-200c,ZEB1,miR-200b,TGF-beta,SNAI2",P,9
2857,"miR-101,SNAI1,TWIST1,ZEB2,miR-200c,ZEB1,miR-141,TGF-beta,SNAI2",P,9
2858,"miR-101,SNAI1,TWIST1,ZEB2,miR-200b,TGF-beta,SNAI2",P,7
2859,"miR-101,SNAI1,TWIST1,ZEB2,miR-200b,ZEB1,miR-200c,TGF-beta,SNAI2",P,9
2860,"miR-101,SNAI1,TWIST1,ZEB2,miR-200b,ZEB1,miR-141,TGF-beta,SNAI2",P,9
2861,"miR-101,SNAI1,TWIST1,ZEB1,miR-200c,TGF-beta,SNAI2",P,7
2862,"miR-101,SNAI1,TWIST1,ZEB1,miR-200c,ZEB2,miR-200b,TGF-beta,SNAI2",P,9
2863,"miR-101,SNAI1,TWIST1,ZEB1,miR-200b,TGF-beta,SNAI2",P,7
2864,"miR-101,SNAI1,TWIST1,ZEB1,miR-200b,ZEB2,miR-200c,TGF-beta,SNAI2",P,9
2865,"miR-101,SNAI1,TWIST1,ZEB1,miR-141,TGF-beta,SNAI2",P,7
2866,"miR-101,SNAI1,TWIST1,ZEB1,miR-141,ZEB2,miR-200c,TGF-beta,SNAI2",P,9
2867,"miR-101,SNAI1,TWIST1,ZEB1,miR-141,ZEB2,miR-200b,TGF-beta,SNAI2",P,9
2868,"miR-101,SNAI1,TWIST1,SNAI2",P,4
2869,"miR-101,SNAI1,SNAI2",P,3
2870,"miR-101,ZEB2,miR-200c,TGF-beta,SNAI2",P,5
2871,"miR-101,ZEB2,miR-200c,TGF-beta,SNAI2,TWIST2,TWIST1,SNAI1",P,8
2872,"miR-101,ZEB2,miR-200c,TGF-beta,SNAI2,TWIST2,SNAI1",P,7
2873,"miR-101,ZEB2,miR-200c,TGF-beta,SNAI1",P,5
2874,"miR-101,ZEB2,miR-200c,TGF-beta,SNAI1,TWIST1,SNAI2",P,7
2875,"miR-101,ZEB2,miR-200c,TGF-beta,SNAI1,SNAI2",P,6
2876,"miR-101,ZEB2,miR-200c,ZEB1,miR-200b,TGF-beta,SNAI2",P,7
2877,"miR-101,ZEB2,miR-200c,ZEB1,miR-200b,TGF-beta,SNAI2,TWIST2,TWIST1,SNAI1",P,10
2878,"miR-101,ZEB2,miR-200c,ZEB1,miR-200b,TGF-beta,SNAI2,TWIST2,SNAI1",P,9
2879,"miR-101,ZEB2,miR-200c,ZEB1,miR-200b,TGF-beta,SNAI1",P,7
2880,"miR-101,ZEB2,miR-200c,ZEB1,miR-200b,TGF-beta,SNAI1,TWIST1,SNAI2",P,9
2881,"miR-101,ZEB2,miR-200c,ZEB1,miR-200b,TGF-beta,SNAI1,SNAI2",P,8
2882,"miR-101,ZEB2,miR-200c,ZEB1,miR-141,TGF-beta,SNAI2",P,7
2883,"miR-101,ZEB2,miR-200c,ZEB1,miR-141,TGF-beta,SNAI2,TWIST2,TWIST1,SNAI1",P,10
2884,"miR-101,ZEB2,miR-200c,ZEB1,miR-141,TGF-beta,SNAI2,TWIST2,SNAI1",P,9
2885,"miR-101,ZEB2,miR-200c,ZEB1,miR-141,TGF-beta,SNAI1",P,7
2886,"miR-101,ZEB2,miR-200c,ZEB1,miR-141,TGF-beta,SNAI1,TWIST1,SNAI2",P,9
2887,"miR-101,ZEB2,miR-200c,ZEB1,miR-141,TGF-beta,SNAI1,SNAI2",P,8
2888,"miR-101,ZEB2,miR-200b,TGF-beta,SNAI2",P,5
2889,"miR-101,ZEB2,miR-200b,TGF-beta,SNAI2,TWIST2,TWIST1,SNAI1",P,8
2890,"miR-101,ZEB2,miR-200b,TGF-beta,SNAI2,TWIST2,SNAI1",P,7
2891,"miR-101,ZEB2,miR-200b,TGF-beta,SNAI1",P,5
2892,"miR-101,ZEB2,miR-200b,TGF-beta,SNAI1,TWIST1,SNAI2",P,7
2893,"miR-101,ZEB2,miR-200b,TGF-beta,SNAI1,SNAI2",P,6
2894,"miR-101,ZEB2,miR-200b,ZEB1,miR-200c,TGF-beta,SNAI2",P,7
2895,"miR-101,ZEB2,miR-200b,ZEB1,miR-200c,TGF-beta,SNAI2,TWIST2,TWIST1,SNAI1",P,10
2896,"miR-101,ZEB2,miR-200b,ZEB1,miR-200c,TGF-beta,SNAI2,TWIST2,SNAI1",P,9
2897,"miR-101,ZEB2,miR-200b,ZEB1,miR-200c,TGF-beta,SNAI1",P,7
2898,"miR-101,ZEB2,miR-200b,ZEB1,miR-200c,TGF-beta,SNAI1,TWIST1,SNAI2",P,9
2899,"miR-101,ZEB2,miR-200b,ZEB1,miR-200c,TGF-beta,SNAI1,SNAI2",P,8
2900,"miR-101,ZEB2,miR-200b,ZEB1,miR-141,TGF-beta,SNAI2",P,7
2901,"miR-101,ZEB2,miR-200b,ZEB1,miR-141,TGF-beta,SNAI2,TWIST2,TWIST1,SNAI1",P,10
2902,"miR-101,ZEB2,miR-200b,ZEB1,miR-141,TGF-beta,SNAI2,TWIST2,SNAI1",P,9
2903,"miR-101,ZEB2,miR-200b,ZEB1,miR-141,TGF-beta,SNAI1",P,7
2904,"miR-101,ZEB2,miR-200b,ZEB1,miR-141,TGF-beta,SNAI1,TWIST1,SNAI2",P,9
2905,"miR-101,ZEB2,miR-200b,ZEB1,miR-141,TGF-beta,SNAI1,SNAI2",P,8
2906,"miR-101,ZEB1,miR-200c,TGF-beta,SNAI2",P,5
2907,"miR-101,ZEB1,miR-200c,TGF-beta,SNAI2,TWIST2,TWIST1,SNAI1",P,8
2908,"miR-101,ZEB1,miR-200c,TGF-beta,SNAI2,TWIST2,SNAI1",P,7
2909,"miR-101,ZEB1,miR-200c,TGF-beta,SNAI1",P,5
2910,"miR-101,ZEB1,miR-200c,TGF-beta,SNAI1,TWIST1,SNAI2",P,7
2911,"miR-101,ZEB1,miR-200c,TGF-beta,SNAI1,SNAI2",P,6
2912,"miR-101,ZEB1,miR-200c,ZEB2,miR-200b,TGF-beta,SNAI2",P,7
2913,"miR-101,ZEB1,miR-200c,ZEB2,miR-200b,TGF-beta,SNAI2,TWIST2,TWIST1,SNAI1",P,10
2914,"miR-101,ZEB1,miR-200c,ZEB2,miR-200b,TGF-beta,SNAI2,TWIST2,SNAI1",P,9
2915,"miR-101,ZEB1,miR-200c,ZEB2,miR-200b,TGF-beta,SNAI1",P,7
2916,"miR-101,ZEB1,miR-200c,ZEB2,miR-200b,TGF-beta,SNAI1,TWIST1,SNAI2",P,9
2917,"miR-101,ZEB1,miR-200c,ZEB2,miR-200b,TGF-beta,SNAI1,SNAI2",P,8
2918,"miR-101,ZEB1,miR-200b,TGF-beta,SNAI2",P,5
2919,"miR-101,ZEB1,miR-200b,TGF-beta,SNAI2,TWIST2,TWIST1,SNAI1",P,8
2920,"miR-101,ZEB1,miR-200b,TGF-beta,SNAI2,TWIST2,SNAI1",P,7
2921,"miR-101,ZEB1,miR-200b,TGF-beta,SNAI1",P,5
2922,"miR-101,ZEB1,miR-200b,TGF-beta,SNAI1,TWIST1,SNAI2",P,7
2923,"miR-101,ZEB1,miR-200b,TGF-beta,SNAI1,SNAI2",P,6
2924,"miR-101,ZEB1,miR-200b,ZEB2,miR-200c,TGF-beta,SNAI2",P,7
2925,"miR-101,ZEB1,miR-200b,ZEB2,miR-200c,TGF-beta,SNAI2,TWIST2,TWIST1,SNAI1",P,10
2926,"miR-101,ZEB1,miR-200b,ZEB2,miR-200c,TGF-beta,SNAI2,TWIST2,SNAI1",P,9
2927,"miR-101,ZEB1,miR-200b,ZEB2,miR-200c,TGF-beta,SNAI1",P,7
2928,"miR-101,ZEB1,miR-200b,ZEB2,miR-200c,TGF-beta,SNAI1,TWIST1,SNAI2",P,9
2929,"miR-101,ZEB1,miR-200b,ZEB2,miR-200c,TGF-beta,SNAI1,SNAI2",P,8
2930,"miR-101,ZEB1,miR-141,TGF-beta,SNAI2",P,5
2931,"miR-101,ZEB1,miR-141,TGF-beta,SNAI2,TWIST2,TWIST1,SNAI1",P,8
2932,"miR-101,ZEB1,miR-141,TGF-beta,SNAI2,TWIST2,SNAI1",P,7
2933,"miR-101,ZEB1,miR-141,TGF-beta,SNAI1",P,5
2934,"miR-101,ZEB1,miR-141,TGF-beta,SNAI1,TWIST1,SNAI2",P,7
2935,"miR-101,ZEB1,miR-141,TGF-beta,SNAI1,SNAI2",P,6
2936,"miR-101,ZEB1,miR-141,ZEB2,miR-200c,TGF-beta,SNAI2",P,7
2937,"miR-101,ZEB1,miR-141,ZEB2,miR-200c,TGF-beta,SNAI2,TWIST2,TWIST1,SNAI1",P,10
2938,"miR-101,ZEB1,miR-141,ZEB2,miR-200c,TGF-beta,SNAI2,TWIST2,SNAI1",P,9
2939,"miR-101,ZEB1,miR-141,ZEB2,miR-200c,TGF-beta,SNAI1",P,7
2940,"miR-101,ZEB1,miR-141,ZEB2,miR-200c,TGF-beta,SNAI1,TWIST1,SNAI2",P,9
2941,"miR-101,ZEB1,miR-141,ZEB2,miR-200c,TGF-beta,SNAI1,SNAI2",P,8
2942,"miR-101,ZEB1,miR-141,ZEB2,miR-200b,TGF-beta,SNAI2",P,7
2943,"miR-101,ZEB1,miR-141,ZEB2,miR-200b,TGF-beta,SNAI2,TWIST2,TWIST1,SNAI1",P,10
2944,"miR-101,ZEB1,miR-141,ZEB2,miR-200b,TGF-beta,SNAI2,TWIST2,SNAI1",P,9
2945,"miR-101,ZEB1,miR-141,ZEB2,miR-200b,TGF-beta,SNAI1",P,7
2946,"miR-101,ZEB1,miR-141,ZEB2,miR-200b,TGF-beta,SNAI1,TWIST1,SNAI2",P,9
2947,"miR-101,ZEB1,miR-141,ZEB2,miR-200b,TGF-beta,SNAI1,SNAI2",P,8
2948,"miR-141,TGF-beta,SNAI2,miR-200b,ZEB2,miR-200c,ZEB1",P,7
2949,"miR-141,TGF-beta,SNAI2,miR-200b,ZEB1",P,5
2950,"miR-141,TGF-beta,SNAI2,TWIST2,ZEB2,miR-200c,ZEB1",P,7
2951,"miR-141,TGF-beta,SNAI2,TWIST2,ZEB2,miR-200b,ZEB1",P,7
2952,"miR-141,TGF-beta,SNAI2,TWIST2,ZEB1",P,5
2953,"miR-141,TGF-beta,SNAI2,TWIST2,TWIST1,ZEB2,miR-200c,ZEB1",P,8
2954,"miR-141,TGF-beta,SNAI2,TWIST2,TWIST1,ZEB2,miR-200b,ZEB1",P,8
2955,"miR-141,TGF-beta,SNAI2,TWIST2,TWIST1,ZEB1",P,6
2956,"miR-141,TGF-beta,SNAI2,TWIST2,TWIST1,SNAI1,ZEB2,miR-200c,ZEB1",P,9
2957,"miR-141,TGF-beta,SNAI2,TWIST2,TWIST1,SNAI1,ZEB2,miR-200b,ZEB1",P,9
2958,"miR-141,TGF-beta,SNAI2,TWIST2,TWIST1,SNAI1,ZEB1",P,7
2959,"miR-141,TGF-beta,SNAI2,TWIST2,SNAI1,ZEB2,miR-200c,ZEB1",P,8
2960,"miR-141,TGF-beta,SNAI2,TWIST2,SNAI1,ZEB2,miR-200b,ZEB1",P,8
2961,"miR-141,TGF-beta,SNAI2,TWIST2,SNAI1,ZEB1",P,6
2962,"miR-141,TGF-beta,SNAI2,TWIST2,SNAI1,TWIST1,ZEB2,miR-200c,ZEB1",P,9
2963,"miR-141,TGF-beta,SNAI2,TWIST2,SNAI1,TWIST1,ZEB2,miR-200b,ZEB1",P,9
2964,"miR-141,TGF-beta,SNAI2,TWIST2,SNAI1,TWIST1,ZEB1",P,7
2965,"miR-141,TGF-beta,SNAI1,ZEB2,miR-200c,ZEB1",P,6
2966,"miR-141,TGF-beta,SNAI1,ZEB2,miR-200b,ZEB1",P,6
2967,"miR-141,TGF-beta,SNAI1,ZEB1",P,4
2968,"miR-141,TGF-beta,SNAI1,TWIST1,ZEB2,miR-200c,ZEB1",P,7
2969,"miR-141,TGF-beta,SNAI1,TWIST1,ZEB2,miR-200b,ZEB1",P,7
2970,"miR-141,TGF-beta,SNAI1,TWIST1,ZEB1",P,5
2971,"miR-141,TGF-beta,SNAI1,TWIST1,SNAI2,miR-200b,ZEB2,miR-200c,ZEB1",P,9
2972,"miR-141,TGF-beta,SNAI1,TWIST1,SNAI2,miR-200b,ZEB1",P,7
2973,"miR-141,TGF-beta,SNAI1,TWIST1,SNAI2,TWIST2,ZEB2,miR-200c,ZEB1",P,9
2974,"miR-141,TGF-beta,SNAI1,TWIST1,SNAI2,TWIST2,ZEB2,miR-200b,ZEB1",P,9
2975,"miR-141,TGF-beta,SNAI1,TWIST1,SNAI2,TWIST2,ZEB1",P,7
2976,"miR-141,TGF-beta,SNAI1,SNAI2,miR-200b,ZEB2,miR-200c,ZEB1",P,8
2977,"miR-141,TGF-beta,SNAI1,SNAI2,miR-200b,ZEB1",P,6
2978,"miR-141,TGF-beta,SNAI1,SNAI2,TWIST2,ZEB2,miR-200c,ZEB1",P,8
2979,"miR-141,TGF-beta,SNAI1,SNAI2,TWIST2,ZEB2,miR-200b,ZEB1",P,8
2980,"miR-141,TGF-beta,SNAI1,SNAI2,TWIST2,ZEB1",P,6
2981,"miR-141,TGF-beta,SNAI1,SNAI2,TWIST2,TWIST1,ZEB2,miR-200c,ZEB1",P,9
2982,"miR-141,TGF-beta,SNAI1,SNAI2,TWIST2,TWIST1,ZEB2,miR-200b,ZEB1",P,9
2983,"miR-141,TGF-beta,SNAI1,SNAI2,TWIST2,TWIST1,ZEB1",P,7
2984,"miR-141,ZEB2,miR-200c,TGF-beta,SNAI2,miR-200b,ZEB1",P,7
2985,"miR-141,ZEB2,miR-200c,TGF-beta,SNAI2,TWIST2,ZEB1",P,7
2986,"miR-141,ZEB2,miR-200c,TGF-beta,SNAI2,TWIST2,TWIST1,ZEB1",P,8
2987,"miR-141,ZEB2,miR-200c,TGF-beta,SNAI2,TWIST2,TWIST1,SNAI1,ZEB1",P,9
2988,"miR-141,ZEB2,miR-200c,TGF-beta,SNAI2,TWIST2,SNAI1,ZEB1",P,8
2989,"miR-141,ZEB2,miR-200c,TGF-beta,SNAI2,TWIST2,SNAI1,TWIST1,ZEB1",P,9
2990,"miR-141,ZEB2,miR-200c,TGF-beta,SNAI1,ZEB1",P,6
2991,"miR-141,ZEB2,miR-200c,TGF-beta,SNAI1,TWIST1,ZEB1",P,7
2992,"miR-141,ZEB2,miR-200c,TGF-beta,SNAI1,TWIST1,SNAI2,miR-200b,ZEB1",P,9
2993,"miR-141,ZEB2,miR-200c,TGF-beta,SNAI1,TWIST1,SNAI2,TWIST2,ZEB1",P,9
2994,"miR-141,ZEB2,miR-200c,TGF-beta,SNAI1,SNAI2,miR-200b,ZEB1",P,8
2995,"miR-141,ZEB2,miR-200c,TGF-beta,SNAI1,SNAI2,TWIST2,ZEB1",P,8
2996,"miR-141,ZEB2,miR-200c,TGF-beta,SNAI1,SNAI2,TWIST2,TWIST1,ZEB1",P,9
2997,"miR-141,ZEB2,miR-200c,ZEB1",P,4
2998,"miR-141,ZEB2,miR-200b,TGF-beta,SNAI2,TWIST2,ZEB1",P,7
2999,"miR-141,ZEB2,miR-200b,TGF-beta,SNAI2,TWIST2,TWIST1,ZEB1",P,8
3000,"miR-141,ZEB2,miR-200b,TGF-beta,SNAI2,TWIST2,TWIST1,SNAI1,ZEB1",P,9
3001,"miR-141,ZEB2,miR-200b,TGF-beta,SNAI2,TWIST2,SNAI1,ZEB1",P,8
3002,"miR-141,ZEB2,miR-200b,TGF-beta,SNAI2,TWIST2,SNAI1,TWIST1,ZEB1",P,9
3003,"miR-141,ZEB2,miR-200b,TGF-beta,SNAI1,ZEB1",P,6
3004,"miR-141,ZEB2,miR-200b,TGF-beta,SNAI1,TWIST1,ZEB1",P,7
3005,"miR-141,ZEB2,miR-200b,TGF-beta,SNAI1,TWIST1,SNAI2,TWIST2,ZEB1",P,9
3006,"miR-141,ZEB2,miR-200b,TGF-beta,SNAI1,SNAI2,TWIST2,ZEB1",P,8
3007,"miR-141,ZEB2,miR-200b,TGF-beta,SNAI1,SNAI2,TWIST2,TWIST1,ZEB1",P,9
3008,"miR-141,ZEB2,miR-200b,ZEB1",P,4
3009,"miR-141,ZEB1",P,2
3010,"miR-200c,TGF-beta,SNAI2,miR-200b,ZEB2",P,5
3011,"miR-200c,TGF-beta,SNAI2,miR-200b,ZEB1",P,5
3012,"miR-200c,TGF-beta,SNAI2,TWIST2,ZEB2",P,5
3013,"miR-200c,TGF-beta,SNAI2,TWIST2,ZEB2,miR-200b,ZEB1",P,7
3014,"miR-200c,TGF-beta,SNAI2,TWIST2,ZEB1",P,5
3015,"miR-200c,TGF-beta,SNAI2,TWIST2,ZEB1,miR-200b,ZEB2",P,7
3016,"miR-200c,TGF-beta,SNAI2,TWIST2,TWIST1,ZEB2",P,6
3017,"miR-200c,TGF-beta,SNAI2,TWIST2,TWIST1,ZEB2,miR-200b,ZEB1",P,8
3018,"miR-200c,TGF-beta,SNAI2,TWIST2,TWIST1,ZEB1",P,6
3019,"miR-200c,TGF-beta,SNAI2,TWIST2,TWIST1,ZEB1,miR-200b,ZEB2",P,8
3020,"miR-200c,TGF-beta,SNAI2,TWIST2,TWIST1,SNAI1,ZEB2",P,7
3021,"miR-200c,TGF-beta,SNAI2,TWIST2,TWIST1,SNAI1,ZEB2,miR-200b,ZEB1",P,9
3022,"miR-200c,TGF-beta,SNAI2,TWIST2,TWIST1,SNAI1,ZEB1",P,7
3023,"miR-200c,TGF-beta,SNAI2,TWIST2,TWIST1,SNAI1,ZEB1,miR-200b,ZEB2",P,9
3024,"miR-200c,TGF-beta,SNAI2,TWIST2,SNAI1,ZEB2",P,6
3025,"miR-200c,TGF-beta,SNAI2,TWIST2,SNAI1,ZEB2,miR-200b,ZEB1",P,8
3026,"miR-200c,TGF-beta,SNAI2,TWIST2,SNAI1,ZEB1",P,6
3027,"miR-200c,TGF-beta,SNAI2,TWIST2,SNAI1,ZEB1,miR-200b,ZEB2",P,8
3028,"miR-200c,TGF-beta,SNAI2,TWIST2,SNAI1,TWIST1,ZEB2",P,7
3029,"miR-200c,TGF-beta,SNAI2,TWIST2,SNAI1,TWIST1,ZEB2,miR-200b,ZEB1",P,9
3030,"miR-200c,TGF-beta,SNAI2,TWIST2,SNAI1,TWIST1,ZEB1",P,7
3031,"miR-200c,TGF-beta,SNAI2,TWIST2,SNAI1,TWIST1,ZEB1,miR-200b,ZEB2",P,9
3032,"miR-200c,TGF-beta,SNAI1,ZEB2",P,4
3033,"miR-200c,TGF-beta,SNAI1,ZEB2,miR-200b,ZEB1",P,6
3034,"miR-200c,TGF-beta,SNAI1,ZEB1",P,4
3035,"miR-200c,TGF-beta,SNAI1,ZEB1,miR-200b,ZEB2",P,6
3036,"miR-200c,TGF-beta,SNAI1,TWIST1,ZEB2",P,5
3037,"miR-200c,TGF-beta,SNAI1,TWIST1,ZEB2,miR-200b,ZEB1",P,7
3038,"miR-200c,TGF-beta,SNAI1,TWIST1,ZEB1",P,5
3039,"miR-200c,TGF-beta,SNAI1,TWIST1,ZEB1,miR-200b,ZEB2",P,7
3040,"miR-200c,TGF-beta,SNAI1,TWIST1,SNAI2,miR-200b,ZEB2",P,7
3041,"miR-200c,TGF-beta,SNAI1,TWIST1,SNAI2,miR-200b,ZEB1",P,7
3042,"miR-200c,TGF-beta,SNAI1,TWIST1,SNAI2,TWIST2,ZEB2",P,7
3043,"miR-200c,TGF-beta,SNAI1,TWIST1,SNAI2,TWIST2,ZEB2,miR-200b,ZEB1",P,9
3044,"miR-200c,TGF-beta,SNAI1,TWIST1,SNAI2,TWIST2,ZEB1",P,7
3045,"miR-200c,TGF-beta,SNAI1,TWIST1,SNAI2,TWIST2,ZEB1,miR-200b,ZEB2",P,9
3046,"miR-200c,TGF-beta,SNAI1,SNAI2,miR-200b,ZEB2",P,6
3047,"miR-200c,TGF-beta,SNAI1,SNAI2,miR-200b,ZEB1",P,6
3048,"miR-200c,TGF-beta,SNAI1,SNAI2,TWIST2,ZEB2",P,6
3049,"miR-200c,TGF-beta,SNAI1,SNAI2,TWIST2,ZEB2,miR-200b,ZEB1",P,8
3050,"miR-200c,TGF-beta,SNAI1,SNAI2,TWIST2,ZEB1",P,6
3051,"miR-200c,TGF-beta,SNAI1,SNAI2,TWIST2,ZEB1,miR-200b,ZEB2",P,8
3052,"miR-200c,TGF-beta,SNAI1,SNAI2,TWIST2,TWIST1,ZEB2",P,7
3053,"miR-200c,TGF-beta,SNAI1,SNAI2,TWIST2,TWIST1,ZEB2,miR-200b,ZEB1",P,9
3054,"miR-200c,TGF-beta,SNAI1,SNAI2,TWIST2,TWIST1,ZEB1",P,7
3055,"miR-200c,TGF-beta,SNAI1,SNAI2,TWIST2,TWIST1,ZEB1,miR-200b,ZEB2",P,9
3056,"miR-200c,ZEB2",P,2
3057,"miR-200c,ZEB2,miR-200b,TGF-beta,SNAI2,TWIST2,ZEB1",P,7
3058,"miR-200c,ZEB2,miR-200b,TGF-beta,SNAI2,TWIST2,TWIST1,ZEB1",P,8
3059,"miR-200c,ZEB2,miR-200b,TGF-beta,SNAI2,TWIST2,TWIST1,SNAI1,ZEB1",P,9
3060,"miR-200c,ZEB2,miR-200b,TGF-beta,SNAI2,TWIST2,SNAI1,ZEB1",P,8
3061,"miR-200c,ZEB2,miR-200b,TGF-beta,SNAI2,TWIST2,SNAI1,TWIST1,ZEB1",P,9
3062,"miR-200c,ZEB2,miR-200b,TGF-beta,SNAI1,ZEB1",P,6
3063,"miR-200c,ZEB2,miR-200b,TGF-beta,SNAI1,TWIST1,ZEB1",P,7
3064,"miR-200c,ZEB2,miR-200b,TGF-beta,SNAI1,TWIST1,SNAI2,TWIST2,ZEB1",P,9
3065,"miR-200c,ZEB2,miR-200b,TGF-beta,SNAI1,SNAI2,TWIST2,ZEB1",P,8
3066,"miR-200c,ZEB2,miR-200b,TGF-beta,SNAI1,SNAI2,TWIST2,TWIST1,ZEB1",P,9
3067,"miR-200c,ZEB2,miR-200b,ZEB1",P,4
3068,"miR-200c,ZEB1",P,2
3069,"miR-200c,ZEB1,miR-200b,TGF-beta,SNAI2,TWIST2,ZEB2",P,7
3070,"miR-200c,ZEB1,miR-200b,TGF-beta,SNAI2,TWIST2,TWIST1,ZEB2",P,8
3071,"miR-200c,ZEB1,miR-200b,TGF-beta,SNAI2,TWIST2,TWIST1,SNAI1,ZEB2",P,9
3072,"miR-200c,ZEB1,miR-200b,TGF-beta,SNAI2,TWIST2,SNAI1,ZEB2",P,8
3073,"miR-200c,ZEB1,miR-200b,TGF-beta,SNAI2,TWIST2,SNAI1,TWIST1,ZEB2",P,9
3074,"miR-200c,ZEB1,miR-200b,TGF-beta,SNAI1,ZEB2",P,6
3075,"miR-200c,ZEB1,miR-200b,TGF-beta,SNAI1,TWIST1,ZEB2",P,7
3076,"miR-200c,ZEB1,miR-200b,TGF-beta,SNAI1,TWIST1,SNAI2,TWIST2,ZEB2",P,9
3077,"miR-200c,ZEB1,miR-200b,TGF-beta,SNAI1,SNAI2,TWIST2,ZEB2",P,8
3078,"miR-200c,ZEB1,miR-200b,TGF-beta,SNAI1,SNAI2,TWIST2,TWIST1,ZEB2",P,9
3079,"miR-200c,ZEB1,miR-200b,ZEB2",P,4
3080,"TWIST1,ZEB2,miR-200b,TGF-beta,SNAI2,TWIST2",P,6
3081,"TWIST1,ZEB2,miR-200b,TGF-beta,SNAI2,TWIST2,SNAI1",P,7
3082,"TWIST1,ZEB2,miR-200b,TGF-beta,SNAI1",P,5
3083,"TWIST1,ZEB2,miR-200b,TGF-beta,SNAI1,SNAI2,TWIST2",P,7
3084,"TWIST1,ZEB1,miR-200b,TGF-beta,SNAI2,TWIST2",P,6
3085,"TWIST1,ZEB1,miR-200b,TGF-beta,SNAI2,TWIST2,SNAI1",P,7
3086,"TWIST1,ZEB1,miR-200b,TGF-beta,SNAI1",P,5
3087,"TWIST1,ZEB1,miR-200b,TGF-beta,SNAI1,SNAI2,TWIST2",P,7
3088,"TWIST1,SNAI2,miR-200b,TGF-beta,SNAI1",P,5
3089,"TWIST1,SNAI2,TWIST2,ZEB2,miR-200b,TGF-beta,SNAI1",P,7
3090,"TWIST1,SNAI2,TWIST2,ZEB1,miR-200b,TGF-beta,SNAI1",P,7
3091,"TWIST1,SNAI2,TWIST2",P,3
3092,"TWIST1,SNAI2,TWIST2,SNAI1",P,4
3093,"TWIST1,SNAI1,ZEB2,miR-200b,TGF-beta,SNAI2,TWIST2",P,7
3094,"TWIST1,SNAI1,ZEB1,miR-200b,TGF-beta,SNAI2,TWIST2",P,7
3095,"TWIST1,SNAI1",P,2
3096,"TWIST1,SNAI1,SNAI2,TWIST2",P,4
3097,"ZEB1,miR-200b,TGF-beta,SNAI2,TWIST2",P,5
3098,"ZEB1,miR-200b,TGF-beta,SNAI2,TWIST2,SNAI1",P,6
3099,"ZEB1,miR-200b,TGF-beta,SNAI1",P,4
3100,"ZEB1,miR-200b,TGF-beta,SNAI1,SNAI2,TWIST2",P,6
3101,"ZEB1,miR-200b",P,2
3102,"ZEB2,miR-200b,TGF-beta,SNAI2,TWIST2",P,5
3103,"ZEB2,miR-200b,TGF-beta,SNAI2,TWIST2,SNAI1",P,6
3104,"ZEB2,miR-200b,TGF-beta,SNAI1",P,4
3105,"ZEB2,miR-200b,TGF-beta,SNAI1,SNAI2,TWIST2",P,6
3106,"ZEB2,miR-200b",P,2
3107,"SNAI2,miR-200b,TGF-beta",P,3
3108,"SNAI2,miR-200b,TGF-beta,SNAI1",P,4
3109,"SNAI2,TWIST2",P,2
3110,"SNAI2,TWIST2,SNAI1",P,3
