,Cycles,Nature,Edge_count
0,ZEB1,N,1
1,OVOL2,N,1
2,SNAI2,P,1
3,ZEB2,N,1
4,SNAI1,N,1
5,"FOXC2,ZEB1,CLDN7,CDH1,SNAI2,miR-200b,TGF-beta,SNAI1,miR-34a,TWIST2,TWIST1",P,11
6,"FOXC2,ZEB1,CLDN7,CDH1,SNAI2,miR-200b,TGF-beta,SNAI1,TWIST1",P,9
7,"FOXC2,ZEB1,CLDN7,CDH1,SNAI2,miR-200b,TGF-beta,SNAI1",N,8
8,"FOXC2,ZEB1,CLDN7,CDH1,SNAI2,miR-200b,TGF-beta,GSC",N,8
9,"FOXC2,ZEB1,CLDN7,CDH1,SNAI2,miR-200b,TGF-beta,GSC,TWIST1,SNAI1",P,10
10,"FOXC2,ZEB1,CLDN7,CDH1,SNAI2,miR-200b,TGF-beta,GSC,TWIST1",P,9
11,"FOXC2,ZEB1,CLDN7,CDH1,SNAI2,miR-200b,TGF-beta,GSC,SNAI1,miR-34a,TWIST2,TWIST1",N,12
12,"FOXC2,ZEB1,CLDN7,CDH1,SNAI2,miR-200b,TGF-beta,GSC,SNAI1,TWIST1",N,10
13,"FOXC2,ZEB1,CLDN7,CDH1,SNAI2,miR-200b,TGF-beta,GSC,SNAI1",P,9
14,"FOXC2,ZEB1,CLDN7,CDH1,SNAI2,miR-200b,ZEB2,miR-200a,TGF-beta,SNAI1,miR-34a,TWIST2,TWIST1",N,13
15,"FOXC2,ZEB1,CLDN7,CDH1,SNAI2,miR-200b,ZEB2,miR-200a,TGF-beta,SNAI1,TWIST1",N,11
16,"FOXC2,ZEB1,CLDN7,CDH1,SNAI2,miR-200b,ZEB2,miR-200a,TGF-beta,SNAI1",P,10
17,"FOXC2,ZEB1,CLDN7,CDH1,SNAI2,miR-200b,ZEB2,miR-200a,TGF-beta,GSC",P,10
18,"FOXC2,ZEB1,CLDN7,CDH1,SNAI2,miR-200b,ZEB2,miR-200a,TGF-beta,GSC,TWIST1,SNAI1",N,12
19,"FOXC2,ZEB1,CLDN7,CDH1,SNAI2,miR-200b,ZEB2,miR-200a,TGF-beta,GSC,TWIST1",N,11
20,"FOXC2,ZEB1,CLDN7,CDH1,SNAI2,miR-200b,ZEB2,miR-200a,TGF-beta,GSC,SNAI1,miR-34a,TWIST2,TWIST1",P,14
21,"FOXC2,ZEB1,CLDN7,CDH1,SNAI2,miR-200b,ZEB2,miR-200a,TGF-beta,GSC,SNAI1,TWIST1",P,12
22,"FOXC2,ZEB1,CLDN7,CDH1,SNAI2,miR-200b,ZEB2,miR-200a,TGF-beta,GSC,SNAI1",N,11
23,"FOXC2,ZEB1,CLDN7,CDH1,SNAI2,miR-200b,ZEB2,miR-200c,TGF-beta,SNAI1,miR-34a,TWIST2,TWIST1",N,13
24,"FOXC2,ZEB1,CLDN7,CDH1,SNAI2,miR-200b,ZEB2,miR-200c,TGF-beta,SNAI1,TWIST1",N,11
25,"FOXC2,ZEB1,CLDN7,CDH1,SNAI2,miR-200b,ZEB2,miR-200c,TGF-beta,SNAI1",P,10
26,"FOXC2,ZEB1,CLDN7,CDH1,SNAI2,miR-200b,ZEB2,miR-200c,TGF-beta,GSC",P,10
27,"FOXC2,ZEB1,CLDN7,CDH1,SNAI2,miR-200b,ZEB2,miR-200c,TGF-beta,GSC,TWIST1,SNAI1",N,12
28,"FOXC2,ZEB1,CLDN7,CDH1,SNAI2,miR-200b,ZEB2,miR-200c,TGF-beta,GSC,TWIST1",N,11
29,"FOXC2,ZEB1,CLDN7,CDH1,SNAI2,miR-200b,ZEB2,miR-200c,TGF-beta,GSC,SNAI1,miR-34a,TWIST2,TWIST1",P,14
30,"FOXC2,ZEB1,CLDN7,CDH1,SNAI2,miR-200b,ZEB2,miR-200c,TGF-beta,GSC,SNAI1,TWIST1",P,12
31,"FOXC2,ZEB1,CLDN7,CDH1,SNAI2,miR-200b,ZEB2,miR-200c,TGF-beta,GSC,SNAI1",N,11
32,"FOXC2,ZEB1,CLDN7,CDH1,SNAI2,miR-101,SNAI1,miR-34a,TWIST2,ZEB2,miR-200a,TGF-beta,GSC",N,13
33,"FOXC2,ZEB1,CLDN7,CDH1,SNAI2,miR-101,SNAI1,miR-34a,TWIST2,ZEB2,miR-200a,TGF-beta,GSC,TWIST1",P,14
34,"FOXC2,ZEB1,CLDN7,CDH1,SNAI2,miR-101,SNAI1,miR-34a,TWIST2,ZEB2,miR-200c,TGF-beta,GSC",N,13
35,"FOXC2,ZEB1,CLDN7,CDH1,SNAI2,miR-101,SNAI1,miR-34a,TWIST2,ZEB2,miR-200c,TGF-beta,GSC,TWIST1",P,14
36,"FOXC2,ZEB1,CLDN7,CDH1,SNAI2,miR-101,SNAI1,miR-34a,TWIST2,ZEB2,miR-200b,TGF-beta,GSC",P,13
37,"FOXC2,ZEB1,CLDN7,CDH1,SNAI2,miR-101,SNAI1,miR-34a,TWIST2,ZEB2,miR-200b,TGF-beta,GSC,TWIST1",N,14
38,"FOXC2,ZEB1,CLDN7,CDH1,SNAI2,miR-101,SNAI1,miR-34a,TWIST2,TWIST1,ZEB2,miR-200a,TGF-beta,GSC",P,14
39,"FOXC2,ZEB1,CLDN7,CDH1,SNAI2,miR-101,SNAI1,miR-34a,TWIST2,TWIST1,ZEB2,miR-200c,TGF-beta,GSC",P,14
40,"FOXC2,ZEB1,CLDN7,CDH1,SNAI2,miR-101,SNAI1,miR-34a,TWIST2,TWIST1,ZEB2,miR-200b,TGF-beta,GSC",N,14
41,"FOXC2,ZEB1,CLDN7,CDH1,SNAI2,miR-101,SNAI1,miR-34a,TWIST2,TWIST1",P,10
42,"FOXC2,ZEB1,CLDN7,CDH1,SNAI2,miR-101,SNAI1,ZEB2,miR-200a,TGF-beta,GSC",N,11
43,"FOXC2,ZEB1,CLDN7,CDH1,SNAI2,miR-101,SNAI1,ZEB2,miR-200a,TGF-beta,GSC,TWIST1",P,12
44,"FOXC2,ZEB1,CLDN7,CDH1,SNAI2,miR-101,SNAI1,ZEB2,miR-200c,TGF-beta,GSC",N,11
45,"FOXC2,ZEB1,CLDN7,CDH1,SNAI2,miR-101,SNAI1,ZEB2,miR-200c,TGF-beta,GSC,TWIST1",P,12
46,"FOXC2,ZEB1,CLDN7,CDH1,SNAI2,miR-101,SNAI1,ZEB2,miR-200b,TGF-beta,GSC",P,11
47,"FOXC2,ZEB1,CLDN7,CDH1,SNAI2,miR-101,SNAI1,ZEB2,miR-200b,TGF-beta,GSC,TWIST1",N,12
48,"FOXC2,ZEB1,CLDN7,CDH1,SNAI2,miR-101,SNAI1,TWIST1,ZEB2,miR-200a,TGF-beta,GSC",P,12
49,"FOXC2,ZEB1,CLDN7,CDH1,SNAI2,miR-101,SNAI1,TWIST1,ZEB2,miR-200c,TGF-beta,GSC",P,12
50,"FOXC2,ZEB1,CLDN7,CDH1,SNAI2,miR-101,SNAI1,TWIST1,ZEB2,miR-200b,TGF-beta,GSC",N,12
51,"FOXC2,ZEB1,CLDN7,CDH1,SNAI2,miR-101,SNAI1,TWIST1",P,8
52,"FOXC2,ZEB1,CLDN7,CDH1,SNAI2,miR-101,SNAI1",N,7
53,"FOXC2,ZEB1,CLDN7,CDH1,SNAI2,miR-101,ZEB2,miR-200a,TGF-beta,SNAI1,miR-34a,TWIST2,TWIST1",N,13
54,"FOXC2,ZEB1,CLDN7,CDH1,SNAI2,miR-101,ZEB2,miR-200a,TGF-beta,SNAI1,TWIST1",N,11
55,"FOXC2,ZEB1,CLDN7,CDH1,SNAI2,miR-101,ZEB2,miR-200a,TGF-beta,SNAI1",P,10
56,"FOXC2,ZEB1,CLDN7,CDH1,SNAI2,miR-101,ZEB2,miR-200a,TGF-beta,GSC",P,10
57,"FOXC2,ZEB1,CLDN7,CDH1,SNAI2,miR-101,ZEB2,miR-200a,TGF-beta,GSC,TWIST1,SNAI1",N,12
58,"FOXC2,ZEB1,CLDN7,CDH1,SNAI2,miR-101,ZEB2,miR-200a,TGF-beta,GSC,TWIST1",N,11
59,"FOXC2,ZEB1,CLDN7,CDH1,SNAI2,miR-101,ZEB2,miR-200a,TGF-beta,GSC,SNAI1,miR-34a,TWIST2,TWIST1",P,14
60,"FOXC2,ZEB1,CLDN7,CDH1,SNAI2,miR-101,ZEB2,miR-200a,TGF-beta,GSC,SNAI1,TWIST1",P,12
61,"FOXC2,ZEB1,CLDN7,CDH1,SNAI2,miR-101,ZEB2,miR-200a,TGF-beta,GSC,SNAI1",N,11
62,"FOXC2,ZEB1,CLDN7,CDH1,SNAI2,miR-101,ZEB2,miR-200c,TGF-beta,SNAI1,miR-34a,TWIST2,TWIST1",N,13
63,"FOXC2,ZEB1,CLDN7,CDH1,SNAI2,miR-101,ZEB2,miR-200c,TGF-beta,SNAI1,TWIST1",N,11
64,"FOXC2,ZEB1,CLDN7,CDH1,SNAI2,miR-101,ZEB2,miR-200c,TGF-beta,SNAI1",P,10
65,"FOXC2,ZEB1,CLDN7,CDH1,SNAI2,miR-101,ZEB2,miR-200c,TGF-beta,GSC",P,10
66,"FOXC2,ZEB1,CLDN7,CDH1,SNAI2,miR-101,ZEB2,miR-200c,TGF-beta,GSC,TWIST1,SNAI1",N,12
67,"FOXC2,ZEB1,CLDN7,CDH1,SNAI2,miR-101,ZEB2,miR-200c,TGF-beta,GSC,TWIST1",N,11
68,"FOXC2,ZEB1,CLDN7,CDH1,SNAI2,miR-101,ZEB2,miR-200c,TGF-beta,GSC,SNAI1,miR-34a,TWIST2,TWIST1",P,14
69,"FOXC2,ZEB1,CLDN7,CDH1,SNAI2,miR-101,ZEB2,miR-200c,TGF-beta,GSC,SNAI1,TWIST1",P,12
70,"FOXC2,ZEB1,CLDN7,CDH1,SNAI2,miR-101,ZEB2,miR-200c,TGF-beta,GSC,SNAI1",N,11
71,"FOXC2,ZEB1,CLDN7,CDH1,SNAI2,miR-101,ZEB2,miR-200b,TGF-beta,SNAI1,miR-34a,TWIST2,TWIST1",P,13
72,"FOXC2,ZEB1,CLDN7,CDH1,SNAI2,miR-101,ZEB2,miR-200b,TGF-beta,SNAI1,TWIST1",P,11
73,"FOXC2,ZEB1,CLDN7,CDH1,SNAI2,miR-101,ZEB2,miR-200b,TGF-beta,SNAI1",N,10
74,"FOXC2,ZEB1,CLDN7,CDH1,SNAI2,miR-101,ZEB2,miR-200b,TGF-beta,GSC",N,10
75,"FOXC2,ZEB1,CLDN7,CDH1,SNAI2,miR-101,ZEB2,miR-200b,TGF-beta,GSC,TWIST1,SNAI1",P,12
76,"FOXC2,ZEB1,CLDN7,CDH1,SNAI2,miR-101,ZEB2,miR-200b,TGF-beta,GSC,TWIST1",P,11
77,"FOXC2,ZEB1,CLDN7,CDH1,SNAI2,miR-101,ZEB2,miR-200b,TGF-beta,GSC,SNAI1,miR-34a,TWIST2,TWIST1",N,14
78,"FOXC2,ZEB1,CLDN7,CDH1,SNAI2,miR-101,ZEB2,miR-200b,TGF-beta,GSC,SNAI1,TWIST1",N,12
79,"FOXC2,ZEB1,CLDN7,CDH1,SNAI2,miR-101,ZEB2,miR-200b,TGF-beta,GSC,SNAI1",P,11
80,"FOXC2,ZEB1,CLDN7,CDH1,SNAI2,TWIST2,ZEB2,miR-200a,TGF-beta,SNAI1,TWIST1",N,11
81,"FOXC2,ZEB1,CLDN7,CDH1,SNAI2,TWIST2,ZEB2,miR-200a,TGF-beta,SNAI1",P,10
82,"FOXC2,ZEB1,CLDN7,CDH1,SNAI2,TWIST2,ZEB2,miR-200a,TGF-beta,GSC",P,10
83,"FOXC2,ZEB1,CLDN7,CDH1,SNAI2,TWIST2,ZEB2,miR-200a,TGF-beta,GSC,TWIST1,SNAI1",N,12
84,"FOXC2,ZEB1,CLDN7,CDH1,SNAI2,TWIST2,ZEB2,miR-200a,TGF-beta,GSC,TWIST1",N,11
85,"FOXC2,ZEB1,CLDN7,CDH1,SNAI2,TWIST2,ZEB2,miR-200a,TGF-beta,GSC,SNAI1,TWIST1",P,12
86,"FOXC2,ZEB1,CLDN7,CDH1,SNAI2,TWIST2,ZEB2,miR-200a,TGF-beta,GSC,SNAI1",N,11
87,"FOXC2,ZEB1,CLDN7,CDH1,SNAI2,TWIST2,ZEB2,miR-200c,TGF-beta,SNAI1,TWIST1",N,11
88,"FOXC2,ZEB1,CLDN7,CDH1,SNAI2,TWIST2,ZEB2,miR-200c,TGF-beta,SNAI1",P,10
89,"FOXC2,ZEB1,CLDN7,CDH1,SNAI2,TWIST2,ZEB2,miR-200c,TGF-beta,GSC",P,10
90,"FOXC2,ZEB1,CLDN7,CDH1,SNAI2,TWIST2,ZEB2,miR-200c,TGF-beta,GSC,TWIST1,SNAI1",N,12
91,"FOXC2,ZEB1,CLDN7,CDH1,SNAI2,TWIST2,ZEB2,miR-200c,TGF-beta,GSC,TWIST1",N,11
92,"FOXC2,ZEB1,CLDN7,CDH1,SNAI2,TWIST2,ZEB2,miR-200c,TGF-beta,GSC,SNAI1,TWIST1",P,12
93,"FOXC2,ZEB1,CLDN7,CDH1,SNAI2,TWIST2,ZEB2,miR-200c,TGF-beta,GSC,SNAI1",N,11
94,"FOXC2,ZEB1,CLDN7,CDH1,SNAI2,TWIST2,ZEB2,miR-200b,TGF-beta,SNAI1,TWIST1",P,11
95,"FOXC2,ZEB1,CLDN7,CDH1,SNAI2,TWIST2,ZEB2,miR-200b,TGF-beta,SNAI1",N,10
96,"FOXC2,ZEB1,CLDN7,CDH1,SNAI2,TWIST2,ZEB2,miR-200b,TGF-beta,GSC",N,10
97,"FOXC2,ZEB1,CLDN7,CDH1,SNAI2,TWIST2,ZEB2,miR-200b,TGF-beta,GSC,TWIST1,SNAI1",P,12
98,"FOXC2,ZEB1,CLDN7,CDH1,SNAI2,TWIST2,ZEB2,miR-200b,TGF-beta,GSC,TWIST1",P,11
99,"FOXC2,ZEB1,CLDN7,CDH1,SNAI2,TWIST2,ZEB2,miR-200b,TGF-beta,GSC,SNAI1,TWIST1",N,12
100,"FOXC2,ZEB1,CLDN7,CDH1,SNAI2,TWIST2,ZEB2,miR-200b,TGF-beta,GSC,SNAI1",P,11
101,"FOXC2,ZEB1,CLDN7,CDH1,SNAI2,TWIST2,TWIST1,ZEB2,miR-200a,TGF-beta,SNAI1",N,11
102,"FOXC2,ZEB1,CLDN7,CDH1,SNAI2,TWIST2,TWIST1,ZEB2,miR-200a,TGF-beta,GSC",N,11
103,"FOXC2,ZEB1,CLDN7,CDH1,SNAI2,TWIST2,TWIST1,ZEB2,miR-200a,TGF-beta,GSC,SNAI1",P,12
104,"FOXC2,ZEB1,CLDN7,CDH1,SNAI2,TWIST2,TWIST1,ZEB2,miR-200c,TGF-beta,SNAI1",N,11
105,"FOXC2,ZEB1,CLDN7,CDH1,SNAI2,TWIST2,TWIST1,ZEB2,miR-200c,TGF-beta,GSC",N,11
106,"FOXC2,ZEB1,CLDN7,CDH1,SNAI2,TWIST2,TWIST1,ZEB2,miR-200c,TGF-beta,GSC,SNAI1",P,12
107,"FOXC2,ZEB1,CLDN7,CDH1,SNAI2,TWIST2,TWIST1,ZEB2,miR-200b,TGF-beta,SNAI1",P,11
108,"FOXC2,ZEB1,CLDN7,CDH1,SNAI2,TWIST2,TWIST1,ZEB2,miR-200b,TGF-beta,GSC",P,11
109,"FOXC2,ZEB1,CLDN7,CDH1,SNAI2,TWIST2,TWIST1,ZEB2,miR-200b,TGF-beta,GSC,SNAI1",N,12
110,"FOXC2,ZEB1,CLDN7,CDH1,SNAI2,TWIST2,TWIST1,SNAI1,miR-101,ZEB2,miR-200a,TGF-beta,GSC",P,13
111,"FOXC2,ZEB1,CLDN7,CDH1,SNAI2,TWIST2,TWIST1,SNAI1,miR-101,ZEB2,miR-200c,TGF-beta,GSC",P,13
112,"FOXC2,ZEB1,CLDN7,CDH1,SNAI2,TWIST2,TWIST1,SNAI1,miR-101,ZEB2,miR-200b,TGF-beta,GSC",N,13
113,"FOXC2,ZEB1,CLDN7,CDH1,SNAI2,TWIST2,TWIST1,SNAI1,ZEB2,miR-200a,TGF-beta,GSC",N,12
114,"FOXC2,ZEB1,CLDN7,CDH1,SNAI2,TWIST2,TWIST1,SNAI1,ZEB2,miR-200c,TGF-beta,GSC",N,12
115,"FOXC2,ZEB1,CLDN7,CDH1,SNAI2,TWIST2,TWIST1,SNAI1,ZEB2,miR-200b,TGF-beta,GSC",P,12
116,"FOXC2,ZEB1,CLDN7,CDH1,SNAI2,TWIST2,TWIST1,SNAI1",N,8
117,"FOXC2,ZEB1,CLDN7,CDH1,SNAI2,TWIST2,TWIST1",N,7
118,"FOXC2,ZEB1,CLDN7,CDH1,SNAI2,TWIST2,SNAI1,miR-101,ZEB2,miR-200a,TGF-beta,GSC",P,12
119,"FOXC2,ZEB1,CLDN7,CDH1,SNAI2,TWIST2,SNAI1,miR-101,ZEB2,miR-200a,TGF-beta,GSC,TWIST1",N,13
120,"FOXC2,ZEB1,CLDN7,CDH1,SNAI2,TWIST2,SNAI1,miR-101,ZEB2,miR-200c,TGF-beta,GSC",P,12
121,"FOXC2,ZEB1,CLDN7,CDH1,SNAI2,TWIST2,SNAI1,miR-101,ZEB2,miR-200c,TGF-beta,GSC,TWIST1",N,13
122,"FOXC2,ZEB1,CLDN7,CDH1,SNAI2,TWIST2,SNAI1,miR-101,ZEB2,miR-200b,TGF-beta,GSC",N,12
123,"FOXC2,ZEB1,CLDN7,CDH1,SNAI2,TWIST2,SNAI1,miR-101,ZEB2,miR-200b,TGF-beta,GSC,TWIST1",P,13
124,"FOXC2,ZEB1,CLDN7,CDH1,SNAI2,TWIST2,SNAI1,ZEB2,miR-200a,TGF-beta,GSC",N,11
125,"FOXC2,ZEB1,CLDN7,CDH1,SNAI2,TWIST2,SNAI1,ZEB2,miR-200a,TGF-beta,GSC,TWIST1",P,12
126,"FOXC2,ZEB1,CLDN7,CDH1,SNAI2,TWIST2,SNAI1,ZEB2,miR-200c,TGF-beta,GSC",N,11
127,"FOXC2,ZEB1,CLDN7,CDH1,SNAI2,TWIST2,SNAI1,ZEB2,miR-200c,TGF-beta,GSC,TWIST1",P,12
128,"FOXC2,ZEB1,CLDN7,CDH1,SNAI2,TWIST2,SNAI1,ZEB2,miR-200b,TGF-beta,GSC",P,11
129,"FOXC2,ZEB1,CLDN7,CDH1,SNAI2,TWIST2,SNAI1,ZEB2,miR-200b,TGF-beta,GSC,TWIST1",N,12
130,"FOXC2,ZEB1,CLDN7,CDH1,SNAI2,TWIST2,SNAI1,TWIST1,ZEB2,miR-200a,TGF-beta,GSC",P,12
131,"FOXC2,ZEB1,CLDN7,CDH1,SNAI2,TWIST2,SNAI1,TWIST1,ZEB2,miR-200c,TGF-beta,GSC",P,12
132,"FOXC2,ZEB1,CLDN7,CDH1,SNAI2,TWIST2,SNAI1,TWIST1,ZEB2,miR-200b,TGF-beta,GSC",N,12
133,"FOXC2,ZEB1,CLDN7,CDH1,SNAI2,TWIST2,SNAI1,TWIST1",P,8
134,"FOXC2,ZEB1,CLDN7,CDH1,SNAI2,TWIST2,SNAI1",N,7
135,"FOXC2,ZEB1,GRHL2,NP63,miR-205,ZEB2,miR-200a,TGF-beta,SNAI2,miR-101,SNAI1,miR-34a,TWIST2,TWIST1",P,14
136,"FOXC2,ZEB1,GRHL2,NP63,miR-205,ZEB2,miR-200a,TGF-beta,SNAI2,miR-101,SNAI1,TWIST1",P,12
137,"FOXC2,ZEB1,GRHL2,NP63,miR-205,ZEB2,miR-200a,TGF-beta,SNAI2,miR-101,SNAI1",N,11
138,"FOXC2,ZEB1,GRHL2,NP63,miR-205,ZEB2,miR-200a,TGF-beta,SNAI2,TWIST2,TWIST1,SNAI1",N,12
139,"FOXC2,ZEB1,GRHL2,NP63,miR-205,ZEB2,miR-200a,TGF-beta,SNAI2,TWIST2,TWIST1",N,11
140,"FOXC2,ZEB1,GRHL2,NP63,miR-205,ZEB2,miR-200a,TGF-beta,SNAI2,TWIST2,SNAI1,TWIST1",P,12
141,"FOXC2,ZEB1,GRHL2,NP63,miR-205,ZEB2,miR-200a,TGF-beta,SNAI2,TWIST2,SNAI1",N,11
142,"FOXC2,ZEB1,GRHL2,NP63,miR-205,ZEB2,miR-200a,TGF-beta,SNAI1,miR-101,KLF8,CDH1,SNAI2,TWIST2,TWIST1",P,15
143,"FOXC2,ZEB1,GRHL2,NP63,miR-205,ZEB2,miR-200a,TGF-beta,SNAI1,miR-34a,TWIST2,TWIST1",N,12
144,"FOXC2,ZEB1,GRHL2,NP63,miR-205,ZEB2,miR-200a,TGF-beta,SNAI1,miR-34a,SNAI2,TWIST2,TWIST1",N,13
145,"FOXC2,ZEB1,GRHL2,NP63,miR-205,ZEB2,miR-200a,TGF-beta,SNAI1,TWIST1",N,10
146,"FOXC2,ZEB1,GRHL2,NP63,miR-205,ZEB2,miR-200a,TGF-beta,SNAI1,SNAI2,TWIST2,TWIST1",P,12
147,"FOXC2,ZEB1,GRHL2,NP63,miR-205,ZEB2,miR-200a,TGF-beta,SNAI1",P,9
148,"FOXC2,ZEB1,GRHL2,NP63,miR-205,ZEB2,miR-200a,TGF-beta,SNAI1,CDH1,SNAI2,TWIST2,TWIST1",N,13
149,"FOXC2,ZEB1,GRHL2,NP63,miR-205,ZEB2,miR-200a,TGF-beta,GSC",P,9
150,"FOXC2,ZEB1,GRHL2,NP63,miR-205,ZEB2,miR-200a,TGF-beta,GSC,TWIST1,TCF3,CDH1,SNAI2,miR-101,SNAI1",N,15
151,"FOXC2,ZEB1,GRHL2,NP63,miR-205,ZEB2,miR-200a,TGF-beta,GSC,TWIST1,TCF3,CDH1,SNAI2,TWIST2,SNAI1",N,15
152,"FOXC2,ZEB1,GRHL2,NP63,miR-205,ZEB2,miR-200a,TGF-beta,GSC,TWIST1,SNAI2,miR-101,SNAI1",N,13
153,"FOXC2,ZEB1,GRHL2,NP63,miR-205,ZEB2,miR-200a,TGF-beta,GSC,TWIST1,SNAI2,TWIST2,SNAI1",N,13
154,"FOXC2,ZEB1,GRHL2,NP63,miR-205,ZEB2,miR-200a,TGF-beta,GSC,TWIST1,SNAI1",N,11
155,"FOXC2,ZEB1,GRHL2,NP63,miR-205,ZEB2,miR-200a,TGF-beta,GSC,TWIST1",N,10
156,"FOXC2,ZEB1,GRHL2,NP63,miR-205,ZEB2,miR-200a,TGF-beta,GSC,TWIST1,CDH1,SNAI2,miR-101,SNAI1",N,14
157,"FOXC2,ZEB1,GRHL2,NP63,miR-205,ZEB2,miR-200a,TGF-beta,GSC,TWIST1,CDH1,SNAI2,TWIST2,SNAI1",N,14
158,"FOXC2,ZEB1,GRHL2,NP63,miR-205,ZEB2,miR-200a,TGF-beta,GSC,SNAI1,miR-101,KLF8,CDH1,SNAI2,TWIST2,TWIST1",N,16
159,"FOXC2,ZEB1,GRHL2,NP63,miR-205,ZEB2,miR-200a,TGF-beta,GSC,SNAI1,miR-34a,TWIST2,TWIST1",P,13
160,"FOXC2,ZEB1,GRHL2,NP63,miR-205,ZEB2,miR-200a,TGF-beta,GSC,SNAI1,miR-34a,SNAI2,TWIST2,TWIST1",P,14
161,"FOXC2,ZEB1,GRHL2,NP63,miR-205,ZEB2,miR-200a,TGF-beta,GSC,SNAI1,TWIST1",P,11
162,"FOXC2,ZEB1,GRHL2,NP63,miR-205,ZEB2,miR-200a,TGF-beta,GSC,SNAI1,SNAI2,TWIST2,TWIST1",N,13
163,"FOXC2,ZEB1,GRHL2,NP63,miR-205,ZEB2,miR-200a,TGF-beta,GSC,SNAI1",N,10
164,"FOXC2,ZEB1,GRHL2,NP63,miR-205,ZEB2,miR-200a,TGF-beta,GSC,SNAI1,CDH1,SNAI2,TWIST2,TWIST1",P,14
165,"FOXC2,ZEB1,GRHL2,NP63,miR-205,ZEB2,miR-200c,TGF-beta,SNAI2,miR-101,SNAI1,miR-34a,TWIST2,TWIST1",P,14
166,"FOXC2,ZEB1,GRHL2,NP63,miR-205,ZEB2,miR-200c,TGF-beta,SNAI2,miR-101,SNAI1,TWIST1",P,12
167,"FOXC2,ZEB1,GRHL2,NP63,miR-205,ZEB2,miR-200c,TGF-beta,SNAI2,miR-101,SNAI1",N,11
168,"FOXC2,ZEB1,GRHL2,NP63,miR-205,ZEB2,miR-200c,TGF-beta,SNAI2,TWIST2,TWIST1,SNAI1",N,12
169,"FOXC2,ZEB1,GRHL2,NP63,miR-205,ZEB2,miR-200c,TGF-beta,SNAI2,TWIST2,TWIST1",N,11
170,"FOXC2,ZEB1,GRHL2,NP63,miR-205,ZEB2,miR-200c,TGF-beta,SNAI2,TWIST2,SNAI1,TWIST1",P,12
171,"FOXC2,ZEB1,GRHL2,NP63,miR-205,ZEB2,miR-200c,TGF-beta,SNAI2,TWIST2,SNAI1",N,11
172,"FOXC2,ZEB1,GRHL2,NP63,miR-205,ZEB2,miR-200c,TGF-beta,SNAI1,miR-101,KLF8,CDH1,SNAI2,TWIST2,TWIST1",P,15
173,"FOXC2,ZEB1,GRHL2,NP63,miR-205,ZEB2,miR-200c,TGF-beta,SNAI1,miR-34a,TWIST2,TWIST1",N,12
174,"FOXC2,ZEB1,GRHL2,NP63,miR-205,ZEB2,miR-200c,TGF-beta,SNAI1,miR-34a,SNAI2,TWIST2,TWIST1",N,13
175,"FOXC2,ZEB1,GRHL2,NP63,miR-205,ZEB2,miR-200c,TGF-beta,SNAI1,TWIST1",N,10
176,"FOXC2,ZEB1,GRHL2,NP63,miR-205,ZEB2,miR-200c,TGF-beta,SNAI1,SNAI2,TWIST2,TWIST1",P,12
177,"FOXC2,ZEB1,GRHL2,NP63,miR-205,ZEB2,miR-200c,TGF-beta,SNAI1",P,9
178,"FOXC2,ZEB1,GRHL2,NP63,miR-205,ZEB2,miR-200c,TGF-beta,SNAI1,CDH1,SNAI2,TWIST2,TWIST1",N,13
179,"FOXC2,ZEB1,GRHL2,NP63,miR-205,ZEB2,miR-200c,TGF-beta,GSC",P,9
180,"FOXC2,ZEB1,GRHL2,NP63,miR-205,ZEB2,miR-200c,TGF-beta,GSC,TWIST1,TCF3,CDH1,SNAI2,miR-101,SNAI1",N,15
181,"FOXC2,ZEB1,GRHL2,NP63,miR-205,ZEB2,miR-200c,TGF-beta,GSC,TWIST1,TCF3,CDH1,SNAI2,TWIST2,SNAI1",N,15
182,"FOXC2,ZEB1,GRHL2,NP63,miR-205,ZEB2,miR-200c,TGF-beta,GSC,TWIST1,SNAI2,miR-101,SNAI1",N,13
183,"FOXC2,ZEB1,GRHL2,NP63,miR-205,ZEB2,miR-200c,TGF-beta,GSC,TWIST1,SNAI2,TWIST2,SNAI1",N,13
184,"FOXC2,ZEB1,GRHL2,NP63,miR-205,ZEB2,miR-200c,TGF-beta,GSC,TWIST1,SNAI1",N,11
185,"FOXC2,ZEB1,GRHL2,NP63,miR-205,ZEB2,miR-200c,TGF-beta,GSC,TWIST1",N,10
186,"FOXC2,ZEB1,GRHL2,NP63,miR-205,ZEB2,miR-200c,TGF-beta,GSC,TWIST1,CDH1,SNAI2,miR-101,SNAI1",N,14
187,"FOXC2,ZEB1,GRHL2,NP63,miR-205,ZEB2,miR-200c,TGF-beta,GSC,TWIST1,CDH1,SNAI2,TWIST2,SNAI1",N,14
188,"FOXC2,ZEB1,GRHL2,NP63,miR-205,ZEB2,miR-200c,TGF-beta,GSC,SNAI1,miR-101,KLF8,CDH1,SNAI2,TWIST2,TWIST1",N,16
189,"FOXC2,ZEB1,GRHL2,NP63,miR-205,ZEB2,miR-200c,TGF-beta,GSC,SNAI1,miR-34a,TWIST2,TWIST1",P,13
190,"FOXC2,ZEB1,GRHL2,NP63,miR-205,ZEB2,miR-200c,TGF-beta,GSC,SNAI1,miR-34a,SNAI2,TWIST2,TWIST1",P,14
191,"FOXC2,ZEB1,GRHL2,NP63,miR-205,ZEB2,miR-200c,TGF-beta,GSC,SNAI1,TWIST1",P,11
192,"FOXC2,ZEB1,GRHL2,NP63,miR-205,ZEB2,miR-200c,TGF-beta,GSC,SNAI1,SNAI2,TWIST2,TWIST1",N,13
193,"FOXC2,ZEB1,GRHL2,NP63,miR-205,ZEB2,miR-200c,TGF-beta,GSC,SNAI1",N,10
194,"FOXC2,ZEB1,GRHL2,NP63,miR-205,ZEB2,miR-200c,TGF-beta,GSC,SNAI1,CDH1,SNAI2,TWIST2,TWIST1",P,14
195,"FOXC2,ZEB1,GRHL2,NP63,miR-205,ZEB2,miR-200b,TGF-beta,SNAI2,miR-101,SNAI1,miR-34a,TWIST2,TWIST1",N,14
196,"FOXC2,ZEB1,GRHL2,NP63,miR-205,ZEB2,miR-200b,TGF-beta,SNAI2,miR-101,SNAI1,TWIST1",N,12
197,"FOXC2,ZEB1,GRHL2,NP63,miR-205,ZEB2,miR-200b,TGF-beta,SNAI2,miR-101,SNAI1",P,11
198,"FOXC2,ZEB1,GRHL2,NP63,miR-205,ZEB2,miR-200b,TGF-beta,SNAI2,TWIST2,TWIST1,SNAI1",P,12
199,"FOXC2,ZEB1,GRHL2,NP63,miR-205,ZEB2,miR-200b,TGF-beta,SNAI2,TWIST2,TWIST1",P,11
200,"FOXC2,ZEB1,GRHL2,NP63,miR-205,ZEB2,miR-200b,TGF-beta,SNAI2,TWIST2,SNAI1,TWIST1",N,12
201,"FOXC2,ZEB1,GRHL2,NP63,miR-205,ZEB2,miR-200b,TGF-beta,SNAI2,TWIST2,SNAI1",P,11
202,"FOXC2,ZEB1,GRHL2,NP63,miR-205,ZEB2,miR-200b,TGF-beta,SNAI1,miR-101,KLF8,CDH1,SNAI2,TWIST2,TWIST1",N,15
203,"FOXC2,ZEB1,GRHL2,NP63,miR-205,ZEB2,miR-200b,TGF-beta,SNAI1,miR-34a,TWIST2,TWIST1",P,12
204,"FOXC2,ZEB1,GRHL2,NP63,miR-205,ZEB2,miR-200b,TGF-beta,SNAI1,miR-34a,SNAI2,TWIST2,TWIST1",P,13
205,"FOXC2,ZEB1,GRHL2,NP63,miR-205,ZEB2,miR-200b,TGF-beta,SNAI1,TWIST1",P,10
206,"FOXC2,ZEB1,GRHL2,NP63,miR-205,ZEB2,miR-200b,TGF-beta,SNAI1,SNAI2,TWIST2,TWIST1",N,12
207,"FOXC2,ZEB1,GRHL2,NP63,miR-205,ZEB2,miR-200b,TGF-beta,SNAI1",N,9
208,"FOXC2,ZEB1,GRHL2,NP63,miR-205,ZEB2,miR-200b,TGF-beta,SNAI1,CDH1,SNAI2,TWIST2,TWIST1",P,13
209,"FOXC2,ZEB1,GRHL2,NP63,miR-205,ZEB2,miR-200b,TGF-beta,GSC",N,9
210,"FOXC2,ZEB1,GRHL2,NP63,miR-205,ZEB2,miR-200b,TGF-beta,GSC,TWIST1,TCF3,CDH1,SNAI2,miR-101,SNAI1",P,15
211,"FOXC2,ZEB1,GRHL2,NP63,miR-205,ZEB2,miR-200b,TGF-beta,GSC,TWIST1,TCF3,CDH1,SNAI2,TWIST2,SNAI1",P,15
212,"FOXC2,ZEB1,GRHL2,NP63,miR-205,ZEB2,miR-200b,TGF-beta,GSC,TWIST1,SNAI2,miR-101,SNAI1",P,13
213,"FOXC2,ZEB1,GRHL2,NP63,miR-205,ZEB2,miR-200b,TGF-beta,GSC,TWIST1,SNAI2,TWIST2,SNAI1",P,13
214,"FOXC2,ZEB1,GRHL2,NP63,miR-205,ZEB2,miR-200b,TGF-beta,GSC,TWIST1,SNAI1",P,11
215,"FOXC2,ZEB1,GRHL2,NP63,miR-205,ZEB2,miR-200b,TGF-beta,GSC,TWIST1",P,10
216,"FOXC2,ZEB1,GRHL2,NP63,miR-205,ZEB2,miR-200b,TGF-beta,GSC,TWIST1,CDH1,SNAI2,miR-101,SNAI1",P,14
217,"FOXC2,ZEB1,GRHL2,NP63,miR-205,ZEB2,miR-200b,TGF-beta,GSC,TWIST1,CDH1,SNAI2,TWIST2,SNAI1",P,14
218,"FOXC2,ZEB1,GRHL2,NP63,miR-205,ZEB2,miR-200b,TGF-beta,GSC,SNAI1,miR-101,KLF8,CDH1,SNAI2,TWIST2,TWIST1",P,16
219,"FOXC2,ZEB1,GRHL2,NP63,miR-205,ZEB2,miR-200b,TGF-beta,GSC,SNAI1,miR-34a,TWIST2,TWIST1",N,13
220,"FOXC2,ZEB1,GRHL2,NP63,miR-205,ZEB2,miR-200b,TGF-beta,GSC,SNAI1,miR-34a,SNAI2,TWIST2,TWIST1",N,14
221,"FOXC2,ZEB1,GRHL2,NP63,miR-205,ZEB2,miR-200b,TGF-beta,GSC,SNAI1,TWIST1",N,11
222,"FOXC2,ZEB1,GRHL2,NP63,miR-205,ZEB2,miR-200b,TGF-beta,GSC,SNAI1,SNAI2,TWIST2,TWIST1",P,13
223,"FOXC2,ZEB1,GRHL2,NP63,miR-205,ZEB2,miR-200b,TGF-beta,GSC,SNAI1",P,10
224,"FOXC2,ZEB1,GRHL2,NP63,miR-205,ZEB2,miR-200b,TGF-beta,GSC,SNAI1,CDH1,SNAI2,TWIST2,TWIST1",N,14
225,"FOXC2,ZEB1,GRHL2,NP63,miR-205,ZEB2,CDH1,SNAI2,miR-200b,TGF-beta,SNAI1,miR-34a,TWIST2,TWIST1",N,14
226,"FOXC2,ZEB1,GRHL2,NP63,miR-205,ZEB2,CDH1,SNAI2,miR-200b,TGF-beta,SNAI1,TWIST1",N,12
227,"FOXC2,ZEB1,GRHL2,NP63,miR-205,ZEB2,CDH1,SNAI2,miR-200b,TGF-beta,SNAI1",P,11
228,"FOXC2,ZEB1,GRHL2,NP63,miR-205,ZEB2,CDH1,SNAI2,miR-200b,TGF-beta,GSC",P,11
229,"FOXC2,ZEB1,GRHL2,NP63,miR-205,ZEB2,CDH1,SNAI2,miR-200b,TGF-beta,GSC,TWIST1,SNAI1",N,13
230,"FOXC2,ZEB1,GRHL2,NP63,miR-205,ZEB2,CDH1,SNAI2,miR-200b,TGF-beta,GSC,TWIST1",N,12
231,"FOXC2,ZEB1,GRHL2,NP63,miR-205,ZEB2,CDH1,SNAI2,miR-200b,TGF-beta,GSC,SNAI1,miR-34a,TWIST2,TWIST1",P,15
232,"FOXC2,ZEB1,GRHL2,NP63,miR-205,ZEB2,CDH1,SNAI2,miR-200b,TGF-beta,GSC,SNAI1,TWIST1",P,13
233,"FOXC2,ZEB1,GRHL2,NP63,miR-205,ZEB2,CDH1,SNAI2,miR-200b,TGF-beta,GSC,SNAI1",N,12
234,"FOXC2,ZEB1,GRHL2,NP63,miR-205,ZEB2,CDH1,SNAI2,miR-101,SNAI1,miR-34a,TWIST2,TWIST1",N,13
235,"FOXC2,ZEB1,GRHL2,NP63,miR-205,ZEB2,CDH1,SNAI2,miR-101,SNAI1,TWIST1",N,11
236,"FOXC2,ZEB1,GRHL2,NP63,miR-205,ZEB2,CDH1,SNAI2,miR-101,SNAI1",P,10
237,"FOXC2,ZEB1,GRHL2,NP63,miR-205,ZEB2,CDH1,SNAI2,TWIST2,TWIST1,SNAI1",P,11
238,"FOXC2,ZEB1,GRHL2,NP63,miR-205,ZEB2,CDH1,SNAI2,TWIST2,TWIST1",P,10
239,"FOXC2,ZEB1,GRHL2,NP63,miR-205,ZEB2,CDH1,SNAI2,TWIST2,SNAI1,TWIST1",N,11
240,"FOXC2,ZEB1,GRHL2,NP63,miR-205,ZEB2,CDH1,SNAI2,TWIST2,SNAI1",P,10
241,"FOXC2,ZEB1,GRHL2,NP63,SNAI2,miR-200b,TGF-beta,SNAI1,miR-34a,TWIST2,TWIST1",P,11
242,"FOXC2,ZEB1,GRHL2,NP63,SNAI2,miR-200b,TGF-beta,SNAI1,TWIST1",P,9
243,"FOXC2,ZEB1,GRHL2,NP63,SNAI2,miR-200b,TGF-beta,SNAI1",N,8
244,"FOXC2,ZEB1,GRHL2,NP63,SNAI2,miR-200b,TGF-beta,GSC",N,8
245,"FOXC2,ZEB1,GRHL2,NP63,SNAI2,miR-200b,TGF-beta,GSC,TWIST1,SNAI1",P,10
246,"FOXC2,ZEB1,GRHL2,NP63,SNAI2,miR-200b,TGF-beta,GSC,TWIST1",P,9
247,"FOXC2,ZEB1,GRHL2,NP63,SNAI2,miR-200b,TGF-beta,GSC,SNAI1,miR-34a,TWIST2,TWIST1",N,12
248,"FOXC2,ZEB1,GRHL2,NP63,SNAI2,miR-200b,TGF-beta,GSC,SNAI1,TWIST1",N,10
249,"FOXC2,ZEB1,GRHL2,NP63,SNAI2,miR-200b,TGF-beta,GSC,SNAI1",P,9
250,"FOXC2,ZEB1,GRHL2,NP63,SNAI2,miR-200b,ZEB2,miR-200a,TGF-beta,SNAI1,miR-34a,TWIST2,TWIST1",N,13
251,"FOXC2,ZEB1,GRHL2,NP63,SNAI2,miR-200b,ZEB2,miR-200a,TGF-beta,SNAI1,TWIST1",N,11
252,"FOXC2,ZEB1,GRHL2,NP63,SNAI2,miR-200b,ZEB2,miR-200a,TGF-beta,SNAI1",P,10
253,"FOXC2,ZEB1,GRHL2,NP63,SNAI2,miR-200b,ZEB2,miR-200a,TGF-beta,GSC",P,10
254,"FOXC2,ZEB1,GRHL2,NP63,SNAI2,miR-200b,ZEB2,miR-200a,TGF-beta,GSC,TWIST1,SNAI1",N,12
255,"FOXC2,ZEB1,GRHL2,NP63,SNAI2,miR-200b,ZEB2,miR-200a,TGF-beta,GSC,TWIST1",N,11
256,"FOXC2,ZEB1,GRHL2,NP63,SNAI2,miR-200b,ZEB2,miR-200a,TGF-beta,GSC,SNAI1,miR-34a,TWIST2,TWIST1",P,14
257,"FOXC2,ZEB1,GRHL2,NP63,SNAI2,miR-200b,ZEB2,miR-200a,TGF-beta,GSC,SNAI1,TWIST1",P,12
258,"FOXC2,ZEB1,GRHL2,NP63,SNAI2,miR-200b,ZEB2,miR-200a,TGF-beta,GSC,SNAI1",N,11
259,"FOXC2,ZEB1,GRHL2,NP63,SNAI2,miR-200b,ZEB2,miR-200c,TGF-beta,SNAI1,miR-34a,TWIST2,TWIST1",N,13
260,"FOXC2,ZEB1,GRHL2,NP63,SNAI2,miR-200b,ZEB2,miR-200c,TGF-beta,SNAI1,TWIST1",N,11
261,"FOXC2,ZEB1,GRHL2,NP63,SNAI2,miR-200b,ZEB2,miR-200c,TGF-beta,SNAI1",P,10
262,"FOXC2,ZEB1,GRHL2,NP63,SNAI2,miR-200b,ZEB2,miR-200c,TGF-beta,GSC",P,10
263,"FOXC2,ZEB1,GRHL2,NP63,SNAI2,miR-200b,ZEB2,miR-200c,TGF-beta,GSC,TWIST1,SNAI1",N,12
264,"FOXC2,ZEB1,GRHL2,NP63,SNAI2,miR-200b,ZEB2,miR-200c,TGF-beta,GSC,TWIST1",N,11
265,"FOXC2,ZEB1,GRHL2,NP63,SNAI2,miR-200b,ZEB2,miR-200c,TGF-beta,GSC,SNAI1,miR-34a,TWIST2,TWIST1",P,14
266,"FOXC2,ZEB1,GRHL2,NP63,SNAI2,miR-200b,ZEB2,miR-200c,TGF-beta,GSC,SNAI1,TWIST1",P,12
267,"FOXC2,ZEB1,GRHL2,NP63,SNAI2,miR-200b,ZEB2,miR-200c,TGF-beta,GSC,SNAI1",N,11
268,"FOXC2,ZEB1,GRHL2,NP63,SNAI2,miR-101,SNAI1,miR-34a,TWIST2,ZEB2,miR-200a,TGF-beta,GSC",N,13
269,"FOXC2,ZEB1,GRHL2,NP63,SNAI2,miR-101,SNAI1,miR-34a,TWIST2,ZEB2,miR-200a,TGF-beta,GSC,TWIST1",P,14
270,"FOXC2,ZEB1,GRHL2,NP63,SNAI2,miR-101,SNAI1,miR-34a,TWIST2,ZEB2,miR-200c,TGF-beta,GSC",N,13
271,"FOXC2,ZEB1,GRHL2,NP63,SNAI2,miR-101,SNAI1,miR-34a,TWIST2,ZEB2,miR-200c,TGF-beta,GSC,TWIST1",P,14
272,"FOXC2,ZEB1,GRHL2,NP63,SNAI2,miR-101,SNAI1,miR-34a,TWIST2,ZEB2,miR-200b,TGF-beta,GSC",P,13
273,"FOXC2,ZEB1,GRHL2,NP63,SNAI2,miR-101,SNAI1,miR-34a,TWIST2,ZEB2,miR-200b,TGF-beta,GSC,TWIST1",N,14
274,"FOXC2,ZEB1,GRHL2,NP63,SNAI2,miR-101,SNAI1,miR-34a,TWIST2,TWIST1,ZEB2,miR-200a,TGF-beta,GSC",P,14
275,"FOXC2,ZEB1,GRHL2,NP63,SNAI2,miR-101,SNAI1,miR-34a,TWIST2,TWIST1,ZEB2,miR-200c,TGF-beta,GSC",P,14
276,"FOXC2,ZEB1,GRHL2,NP63,SNAI2,miR-101,SNAI1,miR-34a,TWIST2,TWIST1,ZEB2,miR-200b,TGF-beta,GSC",N,14
277,"FOXC2,ZEB1,GRHL2,NP63,SNAI2,miR-101,SNAI1,miR-34a,TWIST2,TWIST1",P,10
278,"FOXC2,ZEB1,GRHL2,NP63,SNAI2,miR-101,SNAI1,ZEB2,miR-200a,TGF-beta,GSC",N,11
279,"FOXC2,ZEB1,GRHL2,NP63,SNAI2,miR-101,SNAI1,ZEB2,miR-200a,TGF-beta,GSC,TWIST1",P,12
280,"FOXC2,ZEB1,GRHL2,NP63,SNAI2,miR-101,SNAI1,ZEB2,miR-200c,TGF-beta,GSC",N,11
281,"FOXC2,ZEB1,GRHL2,NP63,SNAI2,miR-101,SNAI1,ZEB2,miR-200c,TGF-beta,GSC,TWIST1",P,12
282,"FOXC2,ZEB1,GRHL2,NP63,SNAI2,miR-101,SNAI1,ZEB2,miR-200b,TGF-beta,GSC",P,11
283,"FOXC2,ZEB1,GRHL2,NP63,SNAI2,miR-101,SNAI1,ZEB2,miR-200b,TGF-beta,GSC,TWIST1",N,12
284,"FOXC2,ZEB1,GRHL2,NP63,SNAI2,miR-101,SNAI1,TWIST1,ZEB2,miR-200a,TGF-beta,GSC",P,12
285,"FOXC2,ZEB1,GRHL2,NP63,SNAI2,miR-101,SNAI1,TWIST1,ZEB2,miR-200c,TGF-beta,GSC",P,12
286,"FOXC2,ZEB1,GRHL2,NP63,SNAI2,miR-101,SNAI1,TWIST1,ZEB2,miR-200b,TGF-beta,GSC",N,12
287,"FOXC2,ZEB1,GRHL2,NP63,SNAI2,miR-101,SNAI1,TWIST1",P,8
288,"FOXC2,ZEB1,GRHL2,NP63,SNAI2,miR-101,SNAI1",N,7
289,"FOXC2,ZEB1,GRHL2,NP63,SNAI2,miR-101,ZEB2,miR-200a,TGF-beta,SNAI1,miR-34a,TWIST2,TWIST1",N,13
290,"FOXC2,ZEB1,GRHL2,NP63,SNAI2,miR-101,ZEB2,miR-200a,TGF-beta,SNAI1,TWIST1",N,11
291,"FOXC2,ZEB1,GRHL2,NP63,SNAI2,miR-101,ZEB2,miR-200a,TGF-beta,SNAI1",P,10
292,"FOXC2,ZEB1,GRHL2,NP63,SNAI2,miR-101,ZEB2,miR-200a,TGF-beta,GSC",P,10
293,"FOXC2,ZEB1,GRHL2,NP63,SNAI2,miR-101,ZEB2,miR-200a,TGF-beta,GSC,TWIST1,SNAI1",N,12
294,"FOXC2,ZEB1,GRHL2,NP63,SNAI2,miR-101,ZEB2,miR-200a,TGF-beta,GSC,TWIST1",N,11
295,"FOXC2,ZEB1,GRHL2,NP63,SNAI2,miR-101,ZEB2,miR-200a,TGF-beta,GSC,SNAI1,miR-34a,TWIST2,TWIST1",P,14
296,"FOXC2,ZEB1,GRHL2,NP63,SNAI2,miR-101,ZEB2,miR-200a,TGF-beta,GSC,SNAI1,TWIST1",P,12
297,"FOXC2,ZEB1,GRHL2,NP63,SNAI2,miR-101,ZEB2,miR-200a,TGF-beta,GSC,SNAI1",N,11
298,"FOXC2,ZEB1,GRHL2,NP63,SNAI2,miR-101,ZEB2,miR-200c,TGF-beta,SNAI1,miR-34a,TWIST2,TWIST1",N,13
299,"FOXC2,ZEB1,GRHL2,NP63,SNAI2,miR-101,ZEB2,miR-200c,TGF-beta,SNAI1,TWIST1",N,11
300,"FOXC2,ZEB1,GRHL2,NP63,SNAI2,miR-101,ZEB2,miR-200c,TGF-beta,SNAI1",P,10
301,"FOXC2,ZEB1,GRHL2,NP63,SNAI2,miR-101,ZEB2,miR-200c,TGF-beta,GSC",P,10
302,"FOXC2,ZEB1,GRHL2,NP63,SNAI2,miR-101,ZEB2,miR-200c,TGF-beta,GSC,TWIST1,SNAI1",N,12
303,"FOXC2,ZEB1,GRHL2,NP63,SNAI2,miR-101,ZEB2,miR-200c,TGF-beta,GSC,TWIST1",N,11
304,"FOXC2,ZEB1,GRHL2,NP63,SNAI2,miR-101,ZEB2,miR-200c,TGF-beta,GSC,SNAI1,miR-34a,TWIST2,TWIST1",P,14
305,"FOXC2,ZEB1,GRHL2,NP63,SNAI2,miR-101,ZEB2,miR-200c,TGF-beta,GSC,SNAI1,TWIST1",P,12
306,"FOXC2,ZEB1,GRHL2,NP63,SNAI2,miR-101,ZEB2,miR-200c,TGF-beta,GSC,SNAI1",N,11
307,"FOXC2,ZEB1,GRHL2,NP63,SNAI2,miR-101,ZEB2,miR-200b,TGF-beta,SNAI1,miR-34a,TWIST2,TWIST1",P,13
308,"FOXC2,ZEB1,GRHL2,NP63,SNAI2,miR-101,ZEB2,miR-200b,TGF-beta,SNAI1,TWIST1",P,11
309,"FOXC2,ZEB1,GRHL2,NP63,SNAI2,miR-101,ZEB2,miR-200b,TGF-beta,SNAI1",N,10
310,"FOXC2,ZEB1,GRHL2,NP63,SNAI2,miR-101,ZEB2,miR-200b,TGF-beta,GSC",N,10
311,"FOXC2,ZEB1,GRHL2,NP63,SNAI2,miR-101,ZEB2,miR-200b,TGF-beta,GSC,TWIST1,SNAI1",P,12
312,"FOXC2,ZEB1,GRHL2,NP63,SNAI2,miR-101,ZEB2,miR-200b,TGF-beta,GSC,TWIST1",P,11
313,"FOXC2,ZEB1,GRHL2,NP63,SNAI2,miR-101,ZEB2,miR-200b,TGF-beta,GSC,SNAI1,miR-34a,TWIST2,TWIST1",N,14
314,"FOXC2,ZEB1,GRHL2,NP63,SNAI2,miR-101,ZEB2,miR-200b,TGF-beta,GSC,SNAI1,TWIST1",N,12
315,"FOXC2,ZEB1,GRHL2,NP63,SNAI2,miR-101,ZEB2,miR-200b,TGF-beta,GSC,SNAI1",P,11
316,"FOXC2,ZEB1,GRHL2,NP63,SNAI2,TWIST2,ZEB2,miR-200a,TGF-beta,SNAI1,TWIST1",N,11
317,"FOXC2,ZEB1,GRHL2,NP63,SNAI2,TWIST2,ZEB2,miR-200a,TGF-beta,SNAI1",P,10
318,"FOXC2,ZEB1,GRHL2,NP63,SNAI2,TWIST2,ZEB2,miR-200a,TGF-beta,GSC",P,10
319,"FOXC2,ZEB1,GRHL2,NP63,SNAI2,TWIST2,ZEB2,miR-200a,TGF-beta,GSC,TWIST1,SNAI1",N,12
320,"FOXC2,ZEB1,GRHL2,NP63,SNAI2,TWIST2,ZEB2,miR-200a,TGF-beta,GSC,TWIST1",N,11
321,"FOXC2,ZEB1,GRHL2,NP63,SNAI2,TWIST2,ZEB2,miR-200a,TGF-beta,GSC,SNAI1,TWIST1",P,12
322,"FOXC2,ZEB1,GRHL2,NP63,SNAI2,TWIST2,ZEB2,miR-200a,TGF-beta,GSC,SNAI1",N,11
323,"FOXC2,ZEB1,GRHL2,NP63,SNAI2,TWIST2,ZEB2,miR-200c,TGF-beta,SNAI1,TWIST1",N,11
324,"FOXC2,ZEB1,GRHL2,NP63,SNAI2,TWIST2,ZEB2,miR-200c,TGF-beta,SNAI1",P,10
325,"FOXC2,ZEB1,GRHL2,NP63,SNAI2,TWIST2,ZEB2,miR-200c,TGF-beta,GSC",P,10
326,"FOXC2,ZEB1,GRHL2,NP63,SNAI2,TWIST2,ZEB2,miR-200c,TGF-beta,GSC,TWIST1,SNAI1",N,12
327,"FOXC2,ZEB1,GRHL2,NP63,SNAI2,TWIST2,ZEB2,miR-200c,TGF-beta,GSC,TWIST1",N,11
328,"FOXC2,ZEB1,GRHL2,NP63,SNAI2,TWIST2,ZEB2,miR-200c,TGF-beta,GSC,SNAI1,TWIST1",P,12
329,"FOXC2,ZEB1,GRHL2,NP63,SNAI2,TWIST2,ZEB2,miR-200c,TGF-beta,GSC,SNAI1",N,11
330,"FOXC2,ZEB1,GRHL2,NP63,SNAI2,TWIST2,ZEB2,miR-200b,TGF-beta,SNAI1,TWIST1",P,11
331,"FOXC2,ZEB1,GRHL2,NP63,SNAI2,TWIST2,ZEB2,miR-200b,TGF-beta,SNAI1",N,10
332,"FOXC2,ZEB1,GRHL2,NP63,SNAI2,TWIST2,ZEB2,miR-200b,TGF-beta,GSC",N,10
333,"FOXC2,ZEB1,GRHL2,NP63,SNAI2,TWIST2,ZEB2,miR-200b,TGF-beta,GSC,TWIST1,SNAI1",P,12
334,"FOXC2,ZEB1,GRHL2,NP63,SNAI2,TWIST2,ZEB2,miR-200b,TGF-beta,GSC,TWIST1",P,11
335,"FOXC2,ZEB1,GRHL2,NP63,SNAI2,TWIST2,ZEB2,miR-200b,TGF-beta,GSC,SNAI1,TWIST1",N,12
336,"FOXC2,ZEB1,GRHL2,NP63,SNAI2,TWIST2,ZEB2,miR-200b,TGF-beta,GSC,SNAI1",P,11
337,"FOXC2,ZEB1,GRHL2,NP63,SNAI2,TWIST2,TWIST1,ZEB2,miR-200a,TGF-beta,SNAI1",N,11
338,"FOXC2,ZEB1,GRHL2,NP63,SNAI2,TWIST2,TWIST1,ZEB2,miR-200a,TGF-beta,GSC",N,11
339,"FOXC2,ZEB1,GRHL2,NP63,SNAI2,TWIST2,TWIST1,ZEB2,miR-200a,TGF-beta,GSC,SNAI1",P,12
340,"FOXC2,ZEB1,GRHL2,NP63,SNAI2,TWIST2,TWIST1,ZEB2,miR-200c,TGF-beta,SNAI1",N,11
341,"FOXC2,ZEB1,GRHL2,NP63,SNAI2,TWIST2,TWIST1,ZEB2,miR-200c,TGF-beta,GSC",N,11
342,"FOXC2,ZEB1,GRHL2,NP63,SNAI2,TWIST2,TWIST1,ZEB2,miR-200c,TGF-beta,GSC,SNAI1",P,12
343,"FOXC2,ZEB1,GRHL2,NP63,SNAI2,TWIST2,TWIST1,ZEB2,miR-200b,TGF-beta,SNAI1",P,11
344,"FOXC2,ZEB1,GRHL2,NP63,SNAI2,TWIST2,TWIST1,ZEB2,miR-200b,TGF-beta,GSC",P,11
345,"FOXC2,ZEB1,GRHL2,NP63,SNAI2,TWIST2,TWIST1,ZEB2,miR-200b,TGF-beta,GSC,SNAI1",N,12
346,"FOXC2,ZEB1,GRHL2,NP63,SNAI2,TWIST2,TWIST1,SNAI1,miR-101,ZEB2,miR-200a,TGF-beta,GSC",P,13
347,"FOXC2,ZEB1,GRHL2,NP63,SNAI2,TWIST2,TWIST1,SNAI1,miR-101,ZEB2,miR-200c,TGF-beta,GSC",P,13
348,"FOXC2,ZEB1,GRHL2,NP63,SNAI2,TWIST2,TWIST1,SNAI1,miR-101,ZEB2,miR-200b,TGF-beta,GSC",N,13
349,"FOXC2,ZEB1,GRHL2,NP63,SNAI2,TWIST2,TWIST1,SNAI1,ZEB2,miR-200a,TGF-beta,GSC",N,12
350,"FOXC2,ZEB1,GRHL2,NP63,SNAI2,TWIST2,TWIST1,SNAI1,ZEB2,miR-200c,TGF-beta,GSC",N,12
351,"FOXC2,ZEB1,GRHL2,NP63,SNAI2,TWIST2,TWIST1,SNAI1,ZEB2,miR-200b,TGF-beta,GSC",P,12
352,"FOXC2,ZEB1,GRHL2,NP63,SNAI2,TWIST2,TWIST1,SNAI1",N,8
353,"FOXC2,ZEB1,GRHL2,NP63,SNAI2,TWIST2,TWIST1",N,7
354,"FOXC2,ZEB1,GRHL2,NP63,SNAI2,TWIST2,SNAI1,miR-101,ZEB2,miR-200a,TGF-beta,GSC",P,12
355,"FOXC2,ZEB1,GRHL2,NP63,SNAI2,TWIST2,SNAI1,miR-101,ZEB2,miR-200a,TGF-beta,GSC,TWIST1",N,13
356,"FOXC2,ZEB1,GRHL2,NP63,SNAI2,TWIST2,SNAI1,miR-101,ZEB2,miR-200c,TGF-beta,GSC",P,12
357,"FOXC2,ZEB1,GRHL2,NP63,SNAI2,TWIST2,SNAI1,miR-101,ZEB2,miR-200c,TGF-beta,GSC,TWIST1",N,13
358,"FOXC2,ZEB1,GRHL2,NP63,SNAI2,TWIST2,SNAI1,miR-101,ZEB2,miR-200b,TGF-beta,GSC",N,12
359,"FOXC2,ZEB1,GRHL2,NP63,SNAI2,TWIST2,SNAI1,miR-101,ZEB2,miR-200b,TGF-beta,GSC,TWIST1",P,13
360,"FOXC2,ZEB1,GRHL2,NP63,SNAI2,TWIST2,SNAI1,ZEB2,miR-200a,TGF-beta,GSC",N,11
361,"FOXC2,ZEB1,GRHL2,NP63,SNAI2,TWIST2,SNAI1,ZEB2,miR-200a,TGF-beta,GSC,TWIST1",P,12
362,"FOXC2,ZEB1,GRHL2,NP63,SNAI2,TWIST2,SNAI1,ZEB2,miR-200c,TGF-beta,GSC",N,11
363,"FOXC2,ZEB1,GRHL2,NP63,SNAI2,TWIST2,SNAI1,ZEB2,miR-200c,TGF-beta,GSC,TWIST1",P,12
364,"FOXC2,ZEB1,GRHL2,NP63,SNAI2,TWIST2,SNAI1,ZEB2,miR-200b,TGF-beta,GSC",P,11
365,"FOXC2,ZEB1,GRHL2,NP63,SNAI2,TWIST2,SNAI1,ZEB2,miR-200b,TGF-beta,GSC,TWIST1",N,12
366,"FOXC2,ZEB1,GRHL2,NP63,SNAI2,TWIST2,SNAI1,TWIST1,ZEB2,miR-200a,TGF-beta,GSC",P,12
367,"FOXC2,ZEB1,GRHL2,NP63,SNAI2,TWIST2,SNAI1,TWIST1,ZEB2,miR-200c,TGF-beta,GSC",P,12
368,"FOXC2,ZEB1,GRHL2,NP63,SNAI2,TWIST2,SNAI1,TWIST1,ZEB2,miR-200b,TGF-beta,GSC",N,12
369,"FOXC2,ZEB1,GRHL2,NP63,SNAI2,TWIST2,SNAI1,TWIST1",P,8
370,"FOXC2,ZEB1,GRHL2,NP63,SNAI2,TWIST2,SNAI1",N,7
371,"FOXC2,ZEB1,GRHL2,OVOL2,TGF-beta,SNAI2,miR-101,SNAI1,miR-34a,TWIST2,TWIST1",P,11
372,"FOXC2,ZEB1,GRHL2,OVOL2,TGF-beta,SNAI2,miR-101,SNAI1,TWIST1",P,9
373,"FOXC2,ZEB1,GRHL2,OVOL2,TGF-beta,SNAI2,miR-101,SNAI1",N,8
374,"FOXC2,ZEB1,GRHL2,OVOL2,TGF-beta,SNAI2,TWIST2,TWIST1,SNAI1",N,9
375,"FOXC2,ZEB1,GRHL2,OVOL2,TGF-beta,SNAI2,TWIST2,TWIST1",N,8
376,"FOXC2,ZEB1,GRHL2,OVOL2,TGF-beta,SNAI2,TWIST2,SNAI1,TWIST1",P,9
377,"FOXC2,ZEB1,GRHL2,OVOL2,TGF-beta,SNAI2,TWIST2,SNAI1",N,8
378,"FOXC2,ZEB1,GRHL2,OVOL2,TGF-beta,SNAI1,miR-101,ZEB2,CDH1,SNAI2,TWIST2,TWIST1",N,12
379,"FOXC2,ZEB1,GRHL2,OVOL2,TGF-beta,SNAI1,miR-101,KLF8,CDH1,SNAI2,TWIST2,TWIST1",P,12
380,"FOXC2,ZEB1,GRHL2,OVOL2,TGF-beta,SNAI1,miR-34a,TWIST2,TWIST1",N,9
381,"FOXC2,ZEB1,GRHL2,OVOL2,TGF-beta,SNAI1,miR-34a,SNAI2,TWIST2,TWIST1",N,10
382,"FOXC2,ZEB1,GRHL2,OVOL2,TGF-beta,SNAI1,ZEB2,CDH1,SNAI2,TWIST2,TWIST1",P,11
383,"FOXC2,ZEB1,GRHL2,OVOL2,TGF-beta,SNAI1,TWIST1",N,7
384,"FOXC2,ZEB1,GRHL2,OVOL2,TGF-beta,SNAI1,SNAI2,TWIST2,TWIST1",P,9
385,"FOXC2,ZEB1,GRHL2,OVOL2,TGF-beta,SNAI1",P,6
386,"FOXC2,ZEB1,GRHL2,OVOL2,TGF-beta,SNAI1,CDH1,SNAI2,TWIST2,TWIST1",N,10
387,"FOXC2,ZEB1,GRHL2,OVOL2,TGF-beta,GSC,ZEB2,CDH1,SNAI2,miR-101,SNAI1,miR-34a,TWIST2,TWIST1",N,14
388,"FOXC2,ZEB1,GRHL2,OVOL2,TGF-beta,GSC,ZEB2,CDH1,SNAI2,miR-101,SNAI1,TWIST1",N,12
389,"FOXC2,ZEB1,GRHL2,OVOL2,TGF-beta,GSC,ZEB2,CDH1,SNAI2,miR-101,SNAI1",P,11
390,"FOXC2,ZEB1,GRHL2,OVOL2,TGF-beta,GSC,ZEB2,CDH1,SNAI2,TWIST2,TWIST1,SNAI1",P,12
391,"FOXC2,ZEB1,GRHL2,OVOL2,TGF-beta,GSC,ZEB2,CDH1,SNAI2,TWIST2,TWIST1",P,11
392,"FOXC2,ZEB1,GRHL2,OVOL2,TGF-beta,GSC,ZEB2,CDH1,SNAI2,TWIST2,SNAI1,TWIST1",N,12
393,"FOXC2,ZEB1,GRHL2,OVOL2,TGF-beta,GSC,ZEB2,CDH1,SNAI2,TWIST2,SNAI1",P,11
394,"FOXC2,ZEB1,GRHL2,OVOL2,TGF-beta,GSC",P,6
395,"FOXC2,ZEB1,GRHL2,OVOL2,TGF-beta,GSC,TWIST1,ZEB2,CDH1,SNAI2,miR-101,SNAI1",N,12
396,"FOXC2,ZEB1,GRHL2,OVOL2,TGF-beta,GSC,TWIST1,ZEB2,CDH1,SNAI2,TWIST2,SNAI1",N,12
397,"FOXC2,ZEB1,GRHL2,OVOL2,TGF-beta,GSC,TWIST1,TCF3,CDH1,SNAI2,miR-101,SNAI1",N,12
398,"FOXC2,ZEB1,GRHL2,OVOL2,TGF-beta,GSC,TWIST1,TCF3,CDH1,SNAI2,TWIST2,SNAI1",N,12
399,"FOXC2,ZEB1,GRHL2,OVOL2,TGF-beta,GSC,TWIST1,SNAI2,miR-101,SNAI1",N,10
400,"FOXC2,ZEB1,GRHL2,OVOL2,TGF-beta,GSC,TWIST1,SNAI2,TWIST2,SNAI1",N,10
401,"FOXC2,ZEB1,GRHL2,OVOL2,TGF-beta,GSC,TWIST1,SNAI1",N,8
402,"FOXC2,ZEB1,GRHL2,OVOL2,TGF-beta,GSC,TWIST1",N,7
403,"FOXC2,ZEB1,GRHL2,OVOL2,TGF-beta,GSC,TWIST1,CDH1,SNAI2,miR-101,SNAI1",N,11
404,"FOXC2,ZEB1,GRHL2,OVOL2,TGF-beta,GSC,TWIST1,CDH1,SNAI2,TWIST2,SNAI1",N,11
405,"FOXC2,ZEB1,GRHL2,OVOL2,TGF-beta,GSC,SNAI1,miR-101,ZEB2,CDH1,SNAI2,TWIST2,TWIST1",P,13
406,"FOXC2,ZEB1,GRHL2,OVOL2,TGF-beta,GSC,SNAI1,miR-101,KLF8,CDH1,SNAI2,TWIST2,TWIST1",N,13
407,"FOXC2,ZEB1,GRHL2,OVOL2,TGF-beta,GSC,SNAI1,miR-34a,TWIST2,TWIST1",P,10
408,"FOXC2,ZEB1,GRHL2,OVOL2,TGF-beta,GSC,SNAI1,miR-34a,SNAI2,TWIST2,TWIST1",P,11
409,"FOXC2,ZEB1,GRHL2,OVOL2,TGF-beta,GSC,SNAI1,ZEB2,CDH1,SNAI2,TWIST2,TWIST1",N,12
410,"FOXC2,ZEB1,GRHL2,OVOL2,TGF-beta,GSC,SNAI1,TWIST1",P,8
411,"FOXC2,ZEB1,GRHL2,OVOL2,TGF-beta,GSC,SNAI1,SNAI2,TWIST2,TWIST1",N,10
412,"FOXC2,ZEB1,GRHL2,OVOL2,TGF-beta,GSC,SNAI1",N,7
413,"FOXC2,ZEB1,GRHL2,OVOL2,TGF-beta,GSC,SNAI1,CDH1,SNAI2,TWIST2,TWIST1",P,11
414,"FOXC2,ZEB1,GRHL2,OVOL2,NP63,miR-205,ZEB2,miR-200a,TGF-beta,SNAI2,miR-101,SNAI1,miR-34a,TWIST2,TWIST1",P,15
415,"FOXC2,ZEB1,GRHL2,OVOL2,NP63,miR-205,ZEB2,miR-200a,TGF-beta,SNAI2,miR-101,SNAI1,TWIST1",P,13
416,"FOXC2,ZEB1,GRHL2,OVOL2,NP63,miR-205,ZEB2,miR-200a,TGF-beta,SNAI2,miR-101,SNAI1",N,12
417,"FOXC2,ZEB1,GRHL2,OVOL2,NP63,miR-205,ZEB2,miR-200a,TGF-beta,SNAI2,TWIST2,TWIST1,SNAI1",N,13
418,"FOXC2,ZEB1,GRHL2,OVOL2,NP63,miR-205,ZEB2,miR-200a,TGF-beta,SNAI2,TWIST2,TWIST1",N,12
419,"FOXC2,ZEB1,GRHL2,OVOL2,NP63,miR-205,ZEB2,miR-200a,TGF-beta,SNAI2,TWIST2,SNAI1,TWIST1",P,13
420,"FOXC2,ZEB1,GRHL2,OVOL2,NP63,miR-205,ZEB2,miR-200a,TGF-beta,SNAI2,TWIST2,SNAI1",N,12
421,"FOXC2,ZEB1,GRHL2,OVOL2,NP63,miR-205,ZEB2,miR-200a,TGF-beta,SNAI1,miR-101,KLF8,CDH1,SNAI2,TWIST2,TWIST1",P,16
422,"FOXC2,ZEB1,GRHL2,OVOL2,NP63,miR-205,ZEB2,miR-200a,TGF-beta,SNAI1,miR-34a,TWIST2,TWIST1",N,13
423,"FOXC2,ZEB1,GRHL2,OVOL2,NP63,miR-205,ZEB2,miR-200a,TGF-beta,SNAI1,miR-34a,SNAI2,TWIST2,TWIST1",N,14
424,"FOXC2,ZEB1,GRHL2,OVOL2,NP63,miR-205,ZEB2,miR-200a,TGF-beta,SNAI1,TWIST1",N,11
425,"FOXC2,ZEB1,GRHL2,OVOL2,NP63,miR-205,ZEB2,miR-200a,TGF-beta,SNAI1,SNAI2,TWIST2,TWIST1",P,13
426,"FOXC2,ZEB1,GRHL2,OVOL2,NP63,miR-205,ZEB2,miR-200a,TGF-beta,SNAI1",P,10
427,"FOXC2,ZEB1,GRHL2,OVOL2,NP63,miR-205,ZEB2,miR-200a,TGF-beta,SNAI1,CDH1,SNAI2,TWIST2,TWIST1",N,14
428,"FOXC2,ZEB1,GRHL2,OVOL2,NP63,miR-205,ZEB2,miR-200a,TGF-beta,GSC",P,10
429,"FOXC2,ZEB1,GRHL2,OVOL2,NP63,miR-205,ZEB2,miR-200a,TGF-beta,GSC,TWIST1,TCF3,CDH1,SNAI2,miR-101,SNAI1",N,16
430,"FOXC2,ZEB1,GRHL2,OVOL2,NP63,miR-205,ZEB2,miR-200a,TGF-beta,GSC,TWIST1,TCF3,CDH1,SNAI2,TWIST2,SNAI1",N,16
431,"FOXC2,ZEB1,GRHL2,OVOL2,NP63,miR-205,ZEB2,miR-200a,TGF-beta,GSC,TWIST1,SNAI2,miR-101,SNAI1",N,14
432,"FOXC2,ZEB1,GRHL2,OVOL2,NP63,miR-205,ZEB2,miR-200a,TGF-beta,GSC,TWIST1,SNAI2,TWIST2,SNAI1",N,14
433,"FOXC2,ZEB1,GRHL2,OVOL2,NP63,miR-205,ZEB2,miR-200a,TGF-beta,GSC,TWIST1,SNAI1",N,12
434,"FOXC2,ZEB1,GRHL2,OVOL2,NP63,miR-205,ZEB2,miR-200a,TGF-beta,GSC,TWIST1",N,11
435,"FOXC2,ZEB1,GRHL2,OVOL2,NP63,miR-205,ZEB2,miR-200a,TGF-beta,GSC,TWIST1,CDH1,SNAI2,miR-101,SNAI1",N,15
436,"FOXC2,ZEB1,GRHL2,OVOL2,NP63,miR-205,ZEB2,miR-200a,TGF-beta,GSC,TWIST1,CDH1,SNAI2,TWIST2,SNAI1",N,15
437,"FOXC2,ZEB1,GRHL2,OVOL2,NP63,miR-205,ZEB2,miR-200a,TGF-beta,GSC,SNAI1,miR-101,KLF8,CDH1,SNAI2,TWIST2,TWIST1",N,17
438,"FOXC2,ZEB1,GRHL2,OVOL2,NP63,miR-205,ZEB2,miR-200a,TGF-beta,GSC,SNAI1,miR-34a,TWIST2,TWIST1",P,14
439,"FOXC2,ZEB1,GRHL2,OVOL2,NP63,miR-205,ZEB2,miR-200a,TGF-beta,GSC,SNAI1,miR-34a,SNAI2,TWIST2,TWIST1",P,15
440,"FOXC2,ZEB1,GRHL2,OVOL2,NP63,miR-205,ZEB2,miR-200a,TGF-beta,GSC,SNAI1,TWIST1",P,12
441,"FOXC2,ZEB1,GRHL2,OVOL2,NP63,miR-205,ZEB2,miR-200a,TGF-beta,GSC,SNAI1,SNAI2,TWIST2,TWIST1",N,14
442,"FOXC2,ZEB1,GRHL2,OVOL2,NP63,miR-205,ZEB2,miR-200a,TGF-beta,GSC,SNAI1",N,11
443,"FOXC2,ZEB1,GRHL2,OVOL2,NP63,miR-205,ZEB2,miR-200a,TGF-beta,GSC,SNAI1,CDH1,SNAI2,TWIST2,TWIST1",P,15
444,"FOXC2,ZEB1,GRHL2,OVOL2,NP63,miR-205,ZEB2,miR-200c,TGF-beta,SNAI2,miR-101,SNAI1,miR-34a,TWIST2,TWIST1",P,15
445,"FOXC2,ZEB1,GRHL2,OVOL2,NP63,miR-205,ZEB2,miR-200c,TGF-beta,SNAI2,miR-101,SNAI1,TWIST1",P,13
446,"FOXC2,ZEB1,GRHL2,OVOL2,NP63,miR-205,ZEB2,miR-200c,TGF-beta,SNAI2,miR-101,SNAI1",N,12
447,"FOXC2,ZEB1,GRHL2,OVOL2,NP63,miR-205,ZEB2,miR-200c,TGF-beta,SNAI2,TWIST2,TWIST1,SNAI1",N,13
448,"FOXC2,ZEB1,GRHL2,OVOL2,NP63,miR-205,ZEB2,miR-200c,TGF-beta,SNAI2,TWIST2,TWIST1",N,12
449,"FOXC2,ZEB1,GRHL2,OVOL2,NP63,miR-205,ZEB2,miR-200c,TGF-beta,SNAI2,TWIST2,SNAI1,TWIST1",P,13
450,"FOXC2,ZEB1,GRHL2,OVOL2,NP63,miR-205,ZEB2,miR-200c,TGF-beta,SNAI2,TWIST2,SNAI1",N,12
451,"FOXC2,ZEB1,GRHL2,OVOL2,NP63,miR-205,ZEB2,miR-200c,TGF-beta,SNAI1,miR-101,KLF8,CDH1,SNAI2,TWIST2,TWIST1",P,16
452,"FOXC2,ZEB1,GRHL2,OVOL2,NP63,miR-205,ZEB2,miR-200c,TGF-beta,SNAI1,miR-34a,TWIST2,TWIST1",N,13
453,"FOXC2,ZEB1,GRHL2,OVOL2,NP63,miR-205,ZEB2,miR-200c,TGF-beta,SNAI1,miR-34a,SNAI2,TWIST2,TWIST1",N,14
454,"FOXC2,ZEB1,GRHL2,OVOL2,NP63,miR-205,ZEB2,miR-200c,TGF-beta,SNAI1,TWIST1",N,11
455,"FOXC2,ZEB1,GRHL2,OVOL2,NP63,miR-205,ZEB2,miR-200c,TGF-beta,SNAI1,SNAI2,TWIST2,TWIST1",P,13
456,"FOXC2,ZEB1,GRHL2,OVOL2,NP63,miR-205,ZEB2,miR-200c,TGF-beta,SNAI1",P,10
457,"FOXC2,ZEB1,GRHL2,OVOL2,NP63,miR-205,ZEB2,miR-200c,TGF-beta,SNAI1,CDH1,SNAI2,TWIST2,TWIST1",N,14
458,"FOXC2,ZEB1,GRHL2,OVOL2,NP63,miR-205,ZEB2,miR-200c,TGF-beta,GSC",P,10
459,"FOXC2,ZEB1,GRHL2,OVOL2,NP63,miR-205,ZEB2,miR-200c,TGF-beta,GSC,TWIST1,TCF3,CDH1,SNAI2,miR-101,SNAI1",N,16
460,"FOXC2,ZEB1,GRHL2,OVOL2,NP63,miR-205,ZEB2,miR-200c,TGF-beta,GSC,TWIST1,TCF3,CDH1,SNAI2,TWIST2,SNAI1",N,16
461,"FOXC2,ZEB1,GRHL2,OVOL2,NP63,miR-205,ZEB2,miR-200c,TGF-beta,GSC,TWIST1,SNAI2,miR-101,SNAI1",N,14
462,"FOXC2,ZEB1,GRHL2,OVOL2,NP63,miR-205,ZEB2,miR-200c,TGF-beta,GSC,TWIST1,SNAI2,TWIST2,SNAI1",N,14
463,"FOXC2,ZEB1,GRHL2,OVOL2,NP63,miR-205,ZEB2,miR-200c,TGF-beta,GSC,TWIST1,SNAI1",N,12
464,"FOXC2,ZEB1,GRHL2,OVOL2,NP63,miR-205,ZEB2,miR-200c,TGF-beta,GSC,TWIST1",N,11
465,"FOXC2,ZEB1,GRHL2,OVOL2,NP63,miR-205,ZEB2,miR-200c,TGF-beta,GSC,TWIST1,CDH1,SNAI2,miR-101,SNAI1",N,15
466,"FOXC2,ZEB1,GRHL2,OVOL2,NP63,miR-205,ZEB2,miR-200c,TGF-beta,GSC,TWIST1,CDH1,SNAI2,TWIST2,SNAI1",N,15
467,"FOXC2,ZEB1,GRHL2,OVOL2,NP63,miR-205,ZEB2,miR-200c,TGF-beta,GSC,SNAI1,miR-101,KLF8,CDH1,SNAI2,TWIST2,TWIST1",N,17
468,"FOXC2,ZEB1,GRHL2,OVOL2,NP63,miR-205,ZEB2,miR-200c,TGF-beta,GSC,SNAI1,miR-34a,TWIST2,TWIST1",P,14
469,"FOXC2,ZEB1,GRHL2,OVOL2,NP63,miR-205,ZEB2,miR-200c,TGF-beta,GSC,SNAI1,miR-34a,SNAI2,TWIST2,TWIST1",P,15
470,"FOXC2,ZEB1,GRHL2,OVOL2,NP63,miR-205,ZEB2,miR-200c,TGF-beta,GSC,SNAI1,TWIST1",P,12
471,"FOXC2,ZEB1,GRHL2,OVOL2,NP63,miR-205,ZEB2,miR-200c,TGF-beta,GSC,SNAI1,SNAI2,TWIST2,TWIST1",N,14
472,"FOXC2,ZEB1,GRHL2,OVOL2,NP63,miR-205,ZEB2,miR-200c,TGF-beta,GSC,SNAI1",N,11
473,"FOXC2,ZEB1,GRHL2,OVOL2,NP63,miR-205,ZEB2,miR-200c,TGF-beta,GSC,SNAI1,CDH1,SNAI2,TWIST2,TWIST1",P,15
474,"FOXC2,ZEB1,GRHL2,OVOL2,NP63,miR-205,ZEB2,miR-200b,TGF-beta,SNAI2,miR-101,SNAI1,miR-34a,TWIST2,TWIST1",N,15
475,"FOXC2,ZEB1,GRHL2,OVOL2,NP63,miR-205,ZEB2,miR-200b,TGF-beta,SNAI2,miR-101,SNAI1,TWIST1",N,13
476,"FOXC2,ZEB1,GRHL2,OVOL2,NP63,miR-205,ZEB2,miR-200b,TGF-beta,SNAI2,miR-101,SNAI1",P,12
477,"FOXC2,ZEB1,GRHL2,OVOL2,NP63,miR-205,ZEB2,miR-200b,TGF-beta,SNAI2,TWIST2,TWIST1,SNAI1",P,13
478,"FOXC2,ZEB1,GRHL2,OVOL2,NP63,miR-205,ZEB2,miR-200b,TGF-beta,SNAI2,TWIST2,TWIST1",P,12
479,"FOXC2,ZEB1,GRHL2,OVOL2,NP63,miR-205,ZEB2,miR-200b,TGF-beta,SNAI2,TWIST2,SNAI1,TWIST1",N,13
480,"FOXC2,ZEB1,GRHL2,OVOL2,NP63,miR-205,ZEB2,miR-200b,TGF-beta,SNAI2,TWIST2,SNAI1",P,12
481,"FOXC2,ZEB1,GRHL2,OVOL2,NP63,miR-205,ZEB2,miR-200b,TGF-beta,SNAI1,miR-101,KLF8,CDH1,SNAI2,TWIST2,TWIST1",N,16
482,"FOXC2,ZEB1,GRHL2,OVOL2,NP63,miR-205,ZEB2,miR-200b,TGF-beta,SNAI1,miR-34a,TWIST2,TWIST1",P,13
483,"FOXC2,ZEB1,GRHL2,OVOL2,NP63,miR-205,ZEB2,miR-200b,TGF-beta,SNAI1,miR-34a,SNAI2,TWIST2,TWIST1",P,14
484,"FOXC2,ZEB1,GRHL2,OVOL2,NP63,miR-205,ZEB2,miR-200b,TGF-beta,SNAI1,TWIST1",P,11
485,"FOXC2,ZEB1,GRHL2,OVOL2,NP63,miR-205,ZEB2,miR-200b,TGF-beta,SNAI1,SNAI2,TWIST2,TWIST1",N,13
486,"FOXC2,ZEB1,GRHL2,OVOL2,NP63,miR-205,ZEB2,miR-200b,TGF-beta,SNAI1",N,10
487,"FOXC2,ZEB1,GRHL2,OVOL2,NP63,miR-205,ZEB2,miR-200b,TGF-beta,SNAI1,CDH1,SNAI2,TWIST2,TWIST1",P,14
488,"FOXC2,ZEB1,GRHL2,OVOL2,NP63,miR-205,ZEB2,miR-200b,TGF-beta,GSC",N,10
489,"FOXC2,ZEB1,GRHL2,OVOL2,NP63,miR-205,ZEB2,miR-200b,TGF-beta,GSC,TWIST1,TCF3,CDH1,SNAI2,miR-101,SNAI1",P,16
490,"FOXC2,ZEB1,GRHL2,OVOL2,NP63,miR-205,ZEB2,miR-200b,TGF-beta,GSC,TWIST1,TCF3,CDH1,SNAI2,TWIST2,SNAI1",P,16
491,"FOXC2,ZEB1,GRHL2,OVOL2,NP63,miR-205,ZEB2,miR-200b,TGF-beta,GSC,TWIST1,SNAI2,miR-101,SNAI1",P,14
492,"FOXC2,ZEB1,GRHL2,OVOL2,NP63,miR-205,ZEB2,miR-200b,TGF-beta,GSC,TWIST1,SNAI2,TWIST2,SNAI1",P,14
493,"FOXC2,ZEB1,GRHL2,OVOL2,NP63,miR-205,ZEB2,miR-200b,TGF-beta,GSC,TWIST1,SNAI1",P,12
494,"FOXC2,ZEB1,GRHL2,OVOL2,NP63,miR-205,ZEB2,miR-200b,TGF-beta,GSC,TWIST1",P,11
495,"FOXC2,ZEB1,GRHL2,OVOL2,NP63,miR-205,ZEB2,miR-200b,TGF-beta,GSC,TWIST1,CDH1,SNAI2,miR-101,SNAI1",P,15
496,"FOXC2,ZEB1,GRHL2,OVOL2,NP63,miR-205,ZEB2,miR-200b,TGF-beta,GSC,TWIST1,CDH1,SNAI2,TWIST2,SNAI1",P,15
497,"FOXC2,ZEB1,GRHL2,OVOL2,NP63,miR-205,ZEB2,miR-200b,TGF-beta,GSC,SNAI1,miR-101,KLF8,CDH1,SNAI2,TWIST2,TWIST1",P,17
498,"FOXC2,ZEB1,GRHL2,OVOL2,NP63,miR-205,ZEB2,miR-200b,TGF-beta,GSC,SNAI1,miR-34a,TWIST2,TWIST1",N,14
499,"FOXC2,ZEB1,GRHL2,OVOL2,NP63,miR-205,ZEB2,miR-200b,TGF-beta,GSC,SNAI1,miR-34a,SNAI2,TWIST2,TWIST1",N,15
500,"FOXC2,ZEB1,GRHL2,OVOL2,NP63,miR-205,ZEB2,miR-200b,TGF-beta,GSC,SNAI1,TWIST1",N,12
501,"FOXC2,ZEB1,GRHL2,OVOL2,NP63,miR-205,ZEB2,miR-200b,TGF-beta,GSC,SNAI1,SNAI2,TWIST2,TWIST1",P,14
502,"FOXC2,ZEB1,GRHL2,OVOL2,NP63,miR-205,ZEB2,miR-200b,TGF-beta,GSC,SNAI1",P,11
503,"FOXC2,ZEB1,GRHL2,OVOL2,NP63,miR-205,ZEB2,miR-200b,TGF-beta,GSC,SNAI1,CDH1,SNAI2,TWIST2,TWIST1",N,15
504,"FOXC2,ZEB1,GRHL2,OVOL2,NP63,miR-205,ZEB2,CDH1,SNAI2,miR-200b,TGF-beta,SNAI1,miR-34a,TWIST2,TWIST1",N,15
505,"FOXC2,ZEB1,GRHL2,OVOL2,NP63,miR-205,ZEB2,CDH1,SNAI2,miR-200b,TGF-beta,SNAI1,TWIST1",N,13
506,"FOXC2,ZEB1,GRHL2,OVOL2,NP63,miR-205,ZEB2,CDH1,SNAI2,miR-200b,TGF-beta,SNAI1",P,12
507,"FOXC2,ZEB1,GRHL2,OVOL2,NP63,miR-205,ZEB2,CDH1,SNAI2,miR-200b,TGF-beta,GSC",P,12
508,"FOXC2,ZEB1,GRHL2,OVOL2,NP63,miR-205,ZEB2,CDH1,SNAI2,miR-200b,TGF-beta,GSC,TWIST1,SNAI1",N,14
509,"FOXC2,ZEB1,GRHL2,OVOL2,NP63,miR-205,ZEB2,CDH1,SNAI2,miR-200b,TGF-beta,GSC,TWIST1",N,13
510,"FOXC2,ZEB1,GRHL2,OVOL2,NP63,miR-205,ZEB2,CDH1,SNAI2,miR-200b,TGF-beta,GSC,SNAI1,miR-34a,TWIST2,TWIST1",P,16
511,"FOXC2,ZEB1,GRHL2,OVOL2,NP63,miR-205,ZEB2,CDH1,SNAI2,miR-200b,TGF-beta,GSC,SNAI1,TWIST1",P,14
512,"FOXC2,ZEB1,GRHL2,OVOL2,NP63,miR-205,ZEB2,CDH1,SNAI2,miR-200b,TGF-beta,GSC,SNAI1",N,13
513,"FOXC2,ZEB1,GRHL2,OVOL2,NP63,miR-205,ZEB2,CDH1,SNAI2,miR-101,SNAI1,miR-34a,TWIST2,TWIST1",N,14
514,"FOXC2,ZEB1,GRHL2,OVOL2,NP63,miR-205,ZEB2,CDH1,SNAI2,miR-101,SNAI1,TWIST1",N,12
515,"FOXC2,ZEB1,GRHL2,OVOL2,NP63,miR-205,ZEB2,CDH1,SNAI2,miR-101,SNAI1",P,11
516,"FOXC2,ZEB1,GRHL2,OVOL2,NP63,miR-205,ZEB2,CDH1,SNAI2,TWIST2,TWIST1,SNAI1",P,12
517,"FOXC2,ZEB1,GRHL2,OVOL2,NP63,miR-205,ZEB2,CDH1,SNAI2,TWIST2,TWIST1",P,11
518,"FOXC2,ZEB1,GRHL2,OVOL2,NP63,miR-205,ZEB2,CDH1,SNAI2,TWIST2,SNAI1,TWIST1",N,12
519,"FOXC2,ZEB1,GRHL2,OVOL2,NP63,miR-205,ZEB2,CDH1,SNAI2,TWIST2,SNAI1",P,11
520,"FOXC2,ZEB1,GRHL2,OVOL2,NP63,SNAI2,miR-200b,TGF-beta,SNAI1,miR-34a,TWIST2,TWIST1",P,12
521,"FOXC2,ZEB1,GRHL2,OVOL2,NP63,SNAI2,miR-200b,TGF-beta,SNAI1,TWIST1",P,10
522,"FOXC2,ZEB1,GRHL2,OVOL2,NP63,SNAI2,miR-200b,TGF-beta,SNAI1",N,9
523,"FOXC2,ZEB1,GRHL2,OVOL2,NP63,SNAI2,miR-200b,TGF-beta,GSC",N,9
524,"FOXC2,ZEB1,GRHL2,OVOL2,NP63,SNAI2,miR-200b,TGF-beta,GSC,TWIST1,SNAI1",P,11
525,"FOXC2,ZEB1,GRHL2,OVOL2,NP63,SNAI2,miR-200b,TGF-beta,GSC,TWIST1",P,10
526,"FOXC2,ZEB1,GRHL2,OVOL2,NP63,SNAI2,miR-200b,TGF-beta,GSC,SNAI1,miR-34a,TWIST2,TWIST1",N,13
527,"FOXC2,ZEB1,GRHL2,OVOL2,NP63,SNAI2,miR-200b,TGF-beta,GSC,SNAI1,TWIST1",N,11
528,"FOXC2,ZEB1,GRHL2,OVOL2,NP63,SNAI2,miR-200b,TGF-beta,GSC,SNAI1",P,10
529,"FOXC2,ZEB1,GRHL2,OVOL2,NP63,SNAI2,miR-200b,ZEB2,miR-200a,TGF-beta,SNAI1,miR-34a,TWIST2,TWIST1",N,14
530,"FOXC2,ZEB1,GRHL2,OVOL2,NP63,SNAI2,miR-200b,ZEB2,miR-200a,TGF-beta,SNAI1,TWIST1",N,12
531,"FOXC2,ZEB1,GRHL2,OVOL2,NP63,SNAI2,miR-200b,ZEB2,miR-200a,TGF-beta,SNAI1",P,11
532,"FOXC2,ZEB1,GRHL2,OVOL2,NP63,SNAI2,miR-200b,ZEB2,miR-200a,TGF-beta,GSC",P,11
533,"FOXC2,ZEB1,GRHL2,OVOL2,NP63,SNAI2,miR-200b,ZEB2,miR-200a,TGF-beta,GSC,TWIST1,SNAI1",N,13
534,"FOXC2,ZEB1,GRHL2,OVOL2,NP63,SNAI2,miR-200b,ZEB2,miR-200a,TGF-beta,GSC,TWIST1",N,12
535,"FOXC2,ZEB1,GRHL2,OVOL2,NP63,SNAI2,miR-200b,ZEB2,miR-200a,TGF-beta,GSC,SNAI1,miR-34a,TWIST2,TWIST1",P,15
536,"FOXC2,ZEB1,GRHL2,OVOL2,NP63,SNAI2,miR-200b,ZEB2,miR-200a,TGF-beta,GSC,SNAI1,TWIST1",P,13
537,"FOXC2,ZEB1,GRHL2,OVOL2,NP63,SNAI2,miR-200b,ZEB2,miR-200a,TGF-beta,GSC,SNAI1",N,12
538,"FOXC2,ZEB1,GRHL2,OVOL2,NP63,SNAI2,miR-200b,ZEB2,miR-200c,TGF-beta,SNAI1,miR-34a,TWIST2,TWIST1",N,14
539,"FOXC2,ZEB1,GRHL2,OVOL2,NP63,SNAI2,miR-200b,ZEB2,miR-200c,TGF-beta,SNAI1,TWIST1",N,12
540,"FOXC2,ZEB1,GRHL2,OVOL2,NP63,SNAI2,miR-200b,ZEB2,miR-200c,TGF-beta,SNAI1",P,11
541,"FOXC2,ZEB1,GRHL2,OVOL2,NP63,SNAI2,miR-200b,ZEB2,miR-200c,TGF-beta,GSC",P,11
542,"FOXC2,ZEB1,GRHL2,OVOL2,NP63,SNAI2,miR-200b,ZEB2,miR-200c,TGF-beta,GSC,TWIST1,SNAI1",N,13
543,"FOXC2,ZEB1,GRHL2,OVOL2,NP63,SNAI2,miR-200b,ZEB2,miR-200c,TGF-beta,GSC,TWIST1",N,12
544,"FOXC2,ZEB1,GRHL2,OVOL2,NP63,SNAI2,miR-200b,ZEB2,miR-200c,TGF-beta,GSC,SNAI1,miR-34a,TWIST2,TWIST1",P,15
545,"FOXC2,ZEB1,GRHL2,OVOL2,NP63,SNAI2,miR-200b,ZEB2,miR-200c,TGF-beta,GSC,SNAI1,TWIST1",P,13
546,"FOXC2,ZEB1,GRHL2,OVOL2,NP63,SNAI2,miR-200b,ZEB2,miR-200c,TGF-beta,GSC,SNAI1",N,12
547,"FOXC2,ZEB1,GRHL2,OVOL2,NP63,SNAI2,miR-101,SNAI1,miR-34a,TWIST2,ZEB2,miR-200a,TGF-beta,GSC",N,14
548,"FOXC2,ZEB1,GRHL2,OVOL2,NP63,SNAI2,miR-101,SNAI1,miR-34a,TWIST2,ZEB2,miR-200a,TGF-beta,GSC,TWIST1",P,15
549,"FOXC2,ZEB1,GRHL2,OVOL2,NP63,SNAI2,miR-101,SNAI1,miR-34a,TWIST2,ZEB2,miR-200c,TGF-beta,GSC",N,14
550,"FOXC2,ZEB1,GRHL2,OVOL2,NP63,SNAI2,miR-101,SNAI1,miR-34a,TWIST2,ZEB2,miR-200c,TGF-beta,GSC,TWIST1",P,15
551,"FOXC2,ZEB1,GRHL2,OVOL2,NP63,SNAI2,miR-101,SNAI1,miR-34a,TWIST2,ZEB2,miR-200b,TGF-beta,GSC",P,14
552,"FOXC2,ZEB1,GRHL2,OVOL2,NP63,SNAI2,miR-101,SNAI1,miR-34a,TWIST2,ZEB2,miR-200b,TGF-beta,GSC,TWIST1",N,15
553,"FOXC2,ZEB1,GRHL2,OVOL2,NP63,SNAI2,miR-101,SNAI1,miR-34a,TWIST2,TWIST1,ZEB2,miR-200a,TGF-beta,GSC",P,15
554,"FOXC2,ZEB1,GRHL2,OVOL2,NP63,SNAI2,miR-101,SNAI1,miR-34a,TWIST2,TWIST1,ZEB2,miR-200c,TGF-beta,GSC",P,15
555,"FOXC2,ZEB1,GRHL2,OVOL2,NP63,SNAI2,miR-101,SNAI1,miR-34a,TWIST2,TWIST1,ZEB2,miR-200b,TGF-beta,GSC",N,15
556,"FOXC2,ZEB1,GRHL2,OVOL2,NP63,SNAI2,miR-101,SNAI1,miR-34a,TWIST2,TWIST1",P,11
557,"FOXC2,ZEB1,GRHL2,OVOL2,NP63,SNAI2,miR-101,SNAI1,ZEB2,miR-200a,TGF-beta,GSC",N,12
558,"FOXC2,ZEB1,GRHL2,OVOL2,NP63,SNAI2,miR-101,SNAI1,ZEB2,miR-200a,TGF-beta,GSC,TWIST1",P,13
559,"FOXC2,ZEB1,GRHL2,OVOL2,NP63,SNAI2,miR-101,SNAI1,ZEB2,miR-200c,TGF-beta,GSC",N,12
560,"FOXC2,ZEB1,GRHL2,OVOL2,NP63,SNAI2,miR-101,SNAI1,ZEB2,miR-200c,TGF-beta,GSC,TWIST1",P,13
561,"FOXC2,ZEB1,GRHL2,OVOL2,NP63,SNAI2,miR-101,SNAI1,ZEB2,miR-200b,TGF-beta,GSC",P,12
562,"FOXC2,ZEB1,GRHL2,OVOL2,NP63,SNAI2,miR-101,SNAI1,ZEB2,miR-200b,TGF-beta,GSC,TWIST1",N,13
563,"FOXC2,ZEB1,GRHL2,OVOL2,NP63,SNAI2,miR-101,SNAI1,TWIST1,ZEB2,miR-200a,TGF-beta,GSC",P,13
564,"FOXC2,ZEB1,GRHL2,OVOL2,NP63,SNAI2,miR-101,SNAI1,TWIST1,ZEB2,miR-200c,TGF-beta,GSC",P,13
565,"FOXC2,ZEB1,GRHL2,OVOL2,NP63,SNAI2,miR-101,SNAI1,TWIST1,ZEB2,miR-200b,TGF-beta,GSC",N,13
566,"FOXC2,ZEB1,GRHL2,OVOL2,NP63,SNAI2,miR-101,SNAI1,TWIST1",P,9
567,"FOXC2,ZEB1,GRHL2,OVOL2,NP63,SNAI2,miR-101,SNAI1",N,8
568,"FOXC2,ZEB1,GRHL2,OVOL2,NP63,SNAI2,miR-101,ZEB2,miR-200a,TGF-beta,SNAI1,miR-34a,TWIST2,TWIST1",N,14
569,"FOXC2,ZEB1,GRHL2,OVOL2,NP63,SNAI2,miR-101,ZEB2,miR-200a,TGF-beta,SNAI1,TWIST1",N,12
570,"FOXC2,ZEB1,GRHL2,OVOL2,NP63,SNAI2,miR-101,ZEB2,miR-200a,TGF-beta,SNAI1",P,11
571,"FOXC2,ZEB1,GRHL2,OVOL2,NP63,SNAI2,miR-101,ZEB2,miR-200a,TGF-beta,GSC",P,11
572,"FOXC2,ZEB1,GRHL2,OVOL2,NP63,SNAI2,miR-101,ZEB2,miR-200a,TGF-beta,GSC,TWIST1,SNAI1",N,13
573,"FOXC2,ZEB1,GRHL2,OVOL2,NP63,SNAI2,miR-101,ZEB2,miR-200a,TGF-beta,GSC,TWIST1",N,12
574,"FOXC2,ZEB1,GRHL2,OVOL2,NP63,SNAI2,miR-101,ZEB2,miR-200a,TGF-beta,GSC,SNAI1,miR-34a,TWIST2,TWIST1",P,15
575,"FOXC2,ZEB1,GRHL2,OVOL2,NP63,SNAI2,miR-101,ZEB2,miR-200a,TGF-beta,GSC,SNAI1,TWIST1",P,13
576,"FOXC2,ZEB1,GRHL2,OVOL2,NP63,SNAI2,miR-101,ZEB2,miR-200a,TGF-beta,GSC,SNAI1",N,12
577,"FOXC2,ZEB1,GRHL2,OVOL2,NP63,SNAI2,miR-101,ZEB2,miR-200c,TGF-beta,SNAI1,miR-34a,TWIST2,TWIST1",N,14
578,"FOXC2,ZEB1,GRHL2,OVOL2,NP63,SNAI2,miR-101,ZEB2,miR-200c,TGF-beta,SNAI1,TWIST1",N,12
579,"FOXC2,ZEB1,GRHL2,OVOL2,NP63,SNAI2,miR-101,ZEB2,miR-200c,TGF-beta,SNAI1",P,11
580,"FOXC2,ZEB1,GRHL2,OVOL2,NP63,SNAI2,miR-101,ZEB2,miR-200c,TGF-beta,GSC",P,11
581,"FOXC2,ZEB1,GRHL2,OVOL2,NP63,SNAI2,miR-101,ZEB2,miR-200c,TGF-beta,GSC,TWIST1,SNAI1",N,13
582,"FOXC2,ZEB1,GRHL2,OVOL2,NP63,SNAI2,miR-101,ZEB2,miR-200c,TGF-beta,GSC,TWIST1",N,12
583,"FOXC2,ZEB1,GRHL2,OVOL2,NP63,SNAI2,miR-101,ZEB2,miR-200c,TGF-beta,GSC,SNAI1,miR-34a,TWIST2,TWIST1",P,15
584,"FOXC2,ZEB1,GRHL2,OVOL2,NP63,SNAI2,miR-101,ZEB2,miR-200c,TGF-beta,GSC,SNAI1,TWIST1",P,13
585,"FOXC2,ZEB1,GRHL2,OVOL2,NP63,SNAI2,miR-101,ZEB2,miR-200c,TGF-beta,GSC,SNAI1",N,12
586,"FOXC2,ZEB1,GRHL2,OVOL2,NP63,SNAI2,miR-101,ZEB2,miR-200b,TGF-beta,SNAI1,miR-34a,TWIST2,TWIST1",P,14
587,"FOXC2,ZEB1,GRHL2,OVOL2,NP63,SNAI2,miR-101,ZEB2,miR-200b,TGF-beta,SNAI1,TWIST1",P,12
588,"FOXC2,ZEB1,GRHL2,OVOL2,NP63,SNAI2,miR-101,ZEB2,miR-200b,TGF-beta,SNAI1",N,11
589,"FOXC2,ZEB1,GRHL2,OVOL2,NP63,SNAI2,miR-101,ZEB2,miR-200b,TGF-beta,GSC",N,11
590,"FOXC2,ZEB1,GRHL2,OVOL2,NP63,SNAI2,miR-101,ZEB2,miR-200b,TGF-beta,GSC,TWIST1,SNAI1",P,13
591,"FOXC2,ZEB1,GRHL2,OVOL2,NP63,SNAI2,miR-101,ZEB2,miR-200b,TGF-beta,GSC,TWIST1",P,12
592,"FOXC2,ZEB1,GRHL2,OVOL2,NP63,SNAI2,miR-101,ZEB2,miR-200b,TGF-beta,GSC,SNAI1,miR-34a,TWIST2,TWIST1",N,15
593,"FOXC2,ZEB1,GRHL2,OVOL2,NP63,SNAI2,miR-101,ZEB2,miR-200b,TGF-beta,GSC,SNAI1,TWIST1",N,13
594,"FOXC2,ZEB1,GRHL2,OVOL2,NP63,SNAI2,miR-101,ZEB2,miR-200b,TGF-beta,GSC,SNAI1",P,12
595,"FOXC2,ZEB1,GRHL2,OVOL2,NP63,SNAI2,TWIST2,ZEB2,miR-200a,TGF-beta,SNAI1,TWIST1",N,12
596,"FOXC2,ZEB1,GRHL2,OVOL2,NP63,SNAI2,TWIST2,ZEB2,miR-200a,TGF-beta,SNAI1",P,11
597,"FOXC2,ZEB1,GRHL2,OVOL2,NP63,SNAI2,TWIST2,ZEB2,miR-200a,TGF-beta,GSC",P,11
598,"FOXC2,ZEB1,GRHL2,OVOL2,NP63,SNAI2,TWIST2,ZEB2,miR-200a,TGF-beta,GSC,TWIST1,SNAI1",N,13
599,"FOXC2,ZEB1,GRHL2,OVOL2,NP63,SNAI2,TWIST2,ZEB2,miR-200a,TGF-beta,GSC,TWIST1",N,12
600,"FOXC2,ZEB1,GRHL2,OVOL2,NP63,SNAI2,TWIST2,ZEB2,miR-200a,TGF-beta,GSC,SNAI1,TWIST1",P,13
601,"FOXC2,ZEB1,GRHL2,OVOL2,NP63,SNAI2,TWIST2,ZEB2,miR-200a,TGF-beta,GSC,SNAI1",N,12
602,"FOXC2,ZEB1,GRHL2,OVOL2,NP63,SNAI2,TWIST2,ZEB2,miR-200c,TGF-beta,SNAI1,TWIST1",N,12
603,"FOXC2,ZEB1,GRHL2,OVOL2,NP63,SNAI2,TWIST2,ZEB2,miR-200c,TGF-beta,SNAI1",P,11
604,"FOXC2,ZEB1,GRHL2,OVOL2,NP63,SNAI2,TWIST2,ZEB2,miR-200c,TGF-beta,GSC",P,11
605,"FOXC2,ZEB1,GRHL2,OVOL2,NP63,SNAI2,TWIST2,ZEB2,miR-200c,TGF-beta,GSC,TWIST1,SNAI1",N,13
606,"FOXC2,ZEB1,GRHL2,OVOL2,NP63,SNAI2,TWIST2,ZEB2,miR-200c,TGF-beta,GSC,TWIST1",N,12
607,"FOXC2,ZEB1,GRHL2,OVOL2,NP63,SNAI2,TWIST2,ZEB2,miR-200c,TGF-beta,GSC,SNAI1,TWIST1",P,13
608,"FOXC2,ZEB1,GRHL2,OVOL2,NP63,SNAI2,TWIST2,ZEB2,miR-200c,TGF-beta,GSC,SNAI1",N,12
609,"FOXC2,ZEB1,GRHL2,OVOL2,NP63,SNAI2,TWIST2,ZEB2,miR-200b,TGF-beta,SNAI1,TWIST1",P,12
610,"FOXC2,ZEB1,GRHL2,OVOL2,NP63,SNAI2,TWIST2,ZEB2,miR-200b,TGF-beta,SNAI1",N,11
611,"FOXC2,ZEB1,GRHL2,OVOL2,NP63,SNAI2,TWIST2,ZEB2,miR-200b,TGF-beta,GSC",N,11
612,"FOXC2,ZEB1,GRHL2,OVOL2,NP63,SNAI2,TWIST2,ZEB2,miR-200b,TGF-beta,GSC,TWIST1,SNAI1",P,13
613,"FOXC2,ZEB1,GRHL2,OVOL2,NP63,SNAI2,TWIST2,ZEB2,miR-200b,TGF-beta,GSC,TWIST1",P,12
614,"FOXC2,ZEB1,GRHL2,OVOL2,NP63,SNAI2,TWIST2,ZEB2,miR-200b,TGF-beta,GSC,SNAI1,TWIST1",N,13
615,"FOXC2,ZEB1,GRHL2,OVOL2,NP63,SNAI2,TWIST2,ZEB2,miR-200b,TGF-beta,GSC,SNAI1",P,12
616,"FOXC2,ZEB1,GRHL2,OVOL2,NP63,SNAI2,TWIST2,TWIST1,ZEB2,miR-200a,TGF-beta,SNAI1",N,12
617,"FOXC2,ZEB1,GRHL2,OVOL2,NP63,SNAI2,TWIST2,TWIST1,ZEB2,miR-200a,TGF-beta,GSC",N,12
618,"FOXC2,ZEB1,GRHL2,OVOL2,NP63,SNAI2,TWIST2,TWIST1,ZEB2,miR-200a,TGF-beta,GSC,SNAI1",P,13
619,"FOXC2,ZEB1,GRHL2,OVOL2,NP63,SNAI2,TWIST2,TWIST1,ZEB2,miR-200c,TGF-beta,SNAI1",N,12
620,"FOXC2,ZEB1,GRHL2,OVOL2,NP63,SNAI2,TWIST2,TWIST1,ZEB2,miR-200c,TGF-beta,GSC",N,12
621,"FOXC2,ZEB1,GRHL2,OVOL2,NP63,SNAI2,TWIST2,TWIST1,ZEB2,miR-200c,TGF-beta,GSC,SNAI1",P,13
622,"FOXC2,ZEB1,GRHL2,OVOL2,NP63,SNAI2,TWIST2,TWIST1,ZEB2,miR-200b,TGF-beta,SNAI1",P,12
623,"FOXC2,ZEB1,GRHL2,OVOL2,NP63,SNAI2,TWIST2,TWIST1,ZEB2,miR-200b,TGF-beta,GSC",P,12
624,"FOXC2,ZEB1,GRHL2,OVOL2,NP63,SNAI2,TWIST2,TWIST1,ZEB2,miR-200b,TGF-beta,GSC,SNAI1",N,13
625,"FOXC2,ZEB1,GRHL2,OVOL2,NP63,SNAI2,TWIST2,TWIST1,SNAI1,miR-101,ZEB2,miR-200a,TGF-beta,GSC",P,14
626,"FOXC2,ZEB1,GRHL2,OVOL2,NP63,SNAI2,TWIST2,TWIST1,SNAI1,miR-101,ZEB2,miR-200c,TGF-beta,GSC",P,14
627,"FOXC2,ZEB1,GRHL2,OVOL2,NP63,SNAI2,TWIST2,TWIST1,SNAI1,miR-101,ZEB2,miR-200b,TGF-beta,GSC",N,14
628,"FOXC2,ZEB1,GRHL2,OVOL2,NP63,SNAI2,TWIST2,TWIST1,SNAI1,ZEB2,miR-200a,TGF-beta,GSC",N,13
629,"FOXC2,ZEB1,GRHL2,OVOL2,NP63,SNAI2,TWIST2,TWIST1,SNAI1,ZEB2,miR-200c,TGF-beta,GSC",N,13
630,"FOXC2,ZEB1,GRHL2,OVOL2,NP63,SNAI2,TWIST2,TWIST1,SNAI1,ZEB2,miR-200b,TGF-beta,GSC",P,13
631,"FOXC2,ZEB1,GRHL2,OVOL2,NP63,SNAI2,TWIST2,TWIST1,SNAI1",N,9
632,"FOXC2,ZEB1,GRHL2,OVOL2,NP63,SNAI2,TWIST2,TWIST1",N,8
633,"FOXC2,ZEB1,GRHL2,OVOL2,NP63,SNAI2,TWIST2,SNAI1,miR-101,ZEB2,miR-200a,TGF-beta,GSC",P,13
634,"FOXC2,ZEB1,GRHL2,OVOL2,NP63,SNAI2,TWIST2,SNAI1,miR-101,ZEB2,miR-200a,TGF-beta,GSC,TWIST1",N,14
635,"FOXC2,ZEB1,GRHL2,OVOL2,NP63,SNAI2,TWIST2,SNAI1,miR-101,ZEB2,miR-200c,TGF-beta,GSC",P,13
636,"FOXC2,ZEB1,GRHL2,OVOL2,NP63,SNAI2,TWIST2,SNAI1,miR-101,ZEB2,miR-200c,TGF-beta,GSC,TWIST1",N,14
637,"FOXC2,ZEB1,GRHL2,OVOL2,NP63,SNAI2,TWIST2,SNAI1,miR-101,ZEB2,miR-200b,TGF-beta,GSC",N,13
638,"FOXC2,ZEB1,GRHL2,OVOL2,NP63,SNAI2,TWIST2,SNAI1,miR-101,ZEB2,miR-200b,TGF-beta,GSC,TWIST1",P,14
639,"FOXC2,ZEB1,GRHL2,OVOL2,NP63,SNAI2,TWIST2,SNAI1,ZEB2,miR-200a,TGF-beta,GSC",N,12
640,"FOXC2,ZEB1,GRHL2,OVOL2,NP63,SNAI2,TWIST2,SNAI1,ZEB2,miR-200a,TGF-beta,GSC,TWIST1",P,13
641,"FOXC2,ZEB1,GRHL2,OVOL2,NP63,SNAI2,TWIST2,SNAI1,ZEB2,miR-200c,TGF-beta,GSC",N,12
642,"FOXC2,ZEB1,GRHL2,OVOL2,NP63,SNAI2,TWIST2,SNAI1,ZEB2,miR-200c,TGF-beta,GSC,TWIST1",P,13
643,"FOXC2,ZEB1,GRHL2,OVOL2,NP63,SNAI2,TWIST2,SNAI1,ZEB2,miR-200b,TGF-beta,GSC",P,12
644,"FOXC2,ZEB1,GRHL2,OVOL2,NP63,SNAI2,TWIST2,SNAI1,ZEB2,miR-200b,TGF-beta,GSC,TWIST1",N,13
645,"FOXC2,ZEB1,GRHL2,OVOL2,NP63,SNAI2,TWIST2,SNAI1,TWIST1,ZEB2,miR-200a,TGF-beta,GSC",P,13
646,"FOXC2,ZEB1,GRHL2,OVOL2,NP63,SNAI2,TWIST2,SNAI1,TWIST1,ZEB2,miR-200c,TGF-beta,GSC",P,13
647,"FOXC2,ZEB1,GRHL2,OVOL2,NP63,SNAI2,TWIST2,SNAI1,TWIST1,ZEB2,miR-200b,TGF-beta,GSC",N,13
648,"FOXC2,ZEB1,GRHL2,OVOL2,NP63,SNAI2,TWIST2,SNAI1,TWIST1",P,9
649,"FOXC2,ZEB1,GRHL2,OVOL2,NP63,SNAI2,TWIST2,SNAI1",N,8
650,"FOXC2,ZEB1,GRHL2,OVOL2,SNAI2,miR-200b,TGF-beta,SNAI1,miR-34a,TWIST2,TWIST1",P,11
651,"FOXC2,ZEB1,GRHL2,OVOL2,SNAI2,miR-200b,TGF-beta,SNAI1,TWIST1",P,9
652,"FOXC2,ZEB1,GRHL2,OVOL2,SNAI2,miR-200b,TGF-beta,SNAI1",N,8
653,"FOXC2,ZEB1,GRHL2,OVOL2,SNAI2,miR-200b,TGF-beta,GSC",N,8
654,"FOXC2,ZEB1,GRHL2,OVOL2,SNAI2,miR-200b,TGF-beta,GSC,TWIST1,SNAI1",P,10
655,"FOXC2,ZEB1,GRHL2,OVOL2,SNAI2,miR-200b,TGF-beta,GSC,TWIST1",P,9
656,"FOXC2,ZEB1,GRHL2,OVOL2,SNAI2,miR-200b,TGF-beta,GSC,SNAI1,miR-34a,TWIST2,TWIST1",N,12
657,"FOXC2,ZEB1,GRHL2,OVOL2,SNAI2,miR-200b,TGF-beta,GSC,SNAI1,TWIST1",N,10
658,"FOXC2,ZEB1,GRHL2,OVOL2,SNAI2,miR-200b,TGF-beta,GSC,SNAI1",P,9
659,"FOXC2,ZEB1,GRHL2,OVOL2,SNAI2,miR-200b,ZEB2,miR-200a,TGF-beta,SNAI1,miR-34a,TWIST2,TWIST1",N,13
660,"FOXC2,ZEB1,GRHL2,OVOL2,SNAI2,miR-200b,ZEB2,miR-200a,TGF-beta,SNAI1,TWIST1",N,11
661,"FOXC2,ZEB1,GRHL2,OVOL2,SNAI2,miR-200b,ZEB2,miR-200a,TGF-beta,SNAI1",P,10
662,"FOXC2,ZEB1,GRHL2,OVOL2,SNAI2,miR-200b,ZEB2,miR-200a,TGF-beta,GSC",P,10
663,"FOXC2,ZEB1,GRHL2,OVOL2,SNAI2,miR-200b,ZEB2,miR-200a,TGF-beta,GSC,TWIST1,SNAI1",N,12
664,"FOXC2,ZEB1,GRHL2,OVOL2,SNAI2,miR-200b,ZEB2,miR-200a,TGF-beta,GSC,TWIST1",N,11
665,"FOXC2,ZEB1,GRHL2,OVOL2,SNAI2,miR-200b,ZEB2,miR-200a,TGF-beta,GSC,SNAI1,miR-34a,TWIST2,TWIST1",P,14
666,"FOXC2,ZEB1,GRHL2,OVOL2,SNAI2,miR-200b,ZEB2,miR-200a,TGF-beta,GSC,SNAI1,TWIST1",P,12
667,"FOXC2,ZEB1,GRHL2,OVOL2,SNAI2,miR-200b,ZEB2,miR-200a,TGF-beta,GSC,SNAI1",N,11
668,"FOXC2,ZEB1,GRHL2,OVOL2,SNAI2,miR-200b,ZEB2,miR-200c,TGF-beta,SNAI1,miR-34a,TWIST2,TWIST1",N,13
669,"FOXC2,ZEB1,GRHL2,OVOL2,SNAI2,miR-200b,ZEB2,miR-200c,TGF-beta,SNAI1,TWIST1",N,11
670,"FOXC2,ZEB1,GRHL2,OVOL2,SNAI2,miR-200b,ZEB2,miR-200c,TGF-beta,SNAI1",P,10
671,"FOXC2,ZEB1,GRHL2,OVOL2,SNAI2,miR-200b,ZEB2,miR-200c,TGF-beta,GSC",P,10
672,"FOXC2,ZEB1,GRHL2,OVOL2,SNAI2,miR-200b,ZEB2,miR-200c,TGF-beta,GSC,TWIST1,SNAI1",N,12
673,"FOXC2,ZEB1,GRHL2,OVOL2,SNAI2,miR-200b,ZEB2,miR-200c,TGF-beta,GSC,TWIST1",N,11
674,"FOXC2,ZEB1,GRHL2,OVOL2,SNAI2,miR-200b,ZEB2,miR-200c,TGF-beta,GSC,SNAI1,miR-34a,TWIST2,TWIST1",P,14
675,"FOXC2,ZEB1,GRHL2,OVOL2,SNAI2,miR-200b,ZEB2,miR-200c,TGF-beta,GSC,SNAI1,TWIST1",P,12
676,"FOXC2,ZEB1,GRHL2,OVOL2,SNAI2,miR-200b,ZEB2,miR-200c,TGF-beta,GSC,SNAI1",N,11
677,"FOXC2,ZEB1,GRHL2,OVOL2,SNAI2,miR-101,SNAI1,miR-34a,TWIST2,ZEB2,miR-200a,TGF-beta,GSC",N,13
678,"FOXC2,ZEB1,GRHL2,OVOL2,SNAI2,miR-101,SNAI1,miR-34a,TWIST2,ZEB2,miR-200a,TGF-beta,GSC,TWIST1",P,14
679,"FOXC2,ZEB1,GRHL2,OVOL2,SNAI2,miR-101,SNAI1,miR-34a,TWIST2,ZEB2,miR-200c,TGF-beta,GSC",N,13
680,"FOXC2,ZEB1,GRHL2,OVOL2,SNAI2,miR-101,SNAI1,miR-34a,TWIST2,ZEB2,miR-200c,TGF-beta,GSC,TWIST1",P,14
681,"FOXC2,ZEB1,GRHL2,OVOL2,SNAI2,miR-101,SNAI1,miR-34a,TWIST2,ZEB2,miR-200b,TGF-beta,GSC",P,13
682,"FOXC2,ZEB1,GRHL2,OVOL2,SNAI2,miR-101,SNAI1,miR-34a,TWIST2,ZEB2,miR-200b,TGF-beta,GSC,TWIST1",N,14
683,"FOXC2,ZEB1,GRHL2,OVOL2,SNAI2,miR-101,SNAI1,miR-34a,TWIST2,TWIST1,ZEB2,miR-200a,TGF-beta,GSC",P,14
684,"FOXC2,ZEB1,GRHL2,OVOL2,SNAI2,miR-101,SNAI1,miR-34a,TWIST2,TWIST1,ZEB2,miR-200c,TGF-beta,GSC",P,14
685,"FOXC2,ZEB1,GRHL2,OVOL2,SNAI2,miR-101,SNAI1,miR-34a,TWIST2,TWIST1,ZEB2,miR-200b,TGF-beta,GSC",N,14
686,"FOXC2,ZEB1,GRHL2,OVOL2,SNAI2,miR-101,SNAI1,miR-34a,TWIST2,TWIST1",P,10
687,"FOXC2,ZEB1,GRHL2,OVOL2,SNAI2,miR-101,SNAI1,ZEB2,miR-200a,TGF-beta,GSC",N,11
688,"FOXC2,ZEB1,GRHL2,OVOL2,SNAI2,miR-101,SNAI1,ZEB2,miR-200a,TGF-beta,GSC,TWIST1",P,12
689,"FOXC2,ZEB1,GRHL2,OVOL2,SNAI2,miR-101,SNAI1,ZEB2,miR-200c,TGF-beta,GSC",N,11
690,"FOXC2,ZEB1,GRHL2,OVOL2,SNAI2,miR-101,SNAI1,ZEB2,miR-200c,TGF-beta,GSC,TWIST1",P,12
691,"FOXC2,ZEB1,GRHL2,OVOL2,SNAI2,miR-101,SNAI1,ZEB2,miR-200b,TGF-beta,GSC",P,11
692,"FOXC2,ZEB1,GRHL2,OVOL2,SNAI2,miR-101,SNAI1,ZEB2,miR-200b,TGF-beta,GSC,TWIST1",N,12
693,"FOXC2,ZEB1,GRHL2,OVOL2,SNAI2,miR-101,SNAI1,TWIST1,ZEB2,miR-200a,TGF-beta,GSC",P,12
694,"FOXC2,ZEB1,GRHL2,OVOL2,SNAI2,miR-101,SNAI1,TWIST1,ZEB2,miR-200c,TGF-beta,GSC",P,12
695,"FOXC2,ZEB1,GRHL2,OVOL2,SNAI2,miR-101,SNAI1,TWIST1,ZEB2,miR-200b,TGF-beta,GSC",N,12
696,"FOXC2,ZEB1,GRHL2,OVOL2,SNAI2,miR-101,SNAI1,TWIST1",P,8
697,"FOXC2,ZEB1,GRHL2,OVOL2,SNAI2,miR-101,SNAI1",N,7
698,"FOXC2,ZEB1,GRHL2,OVOL2,SNAI2,miR-101,ZEB2,miR-200a,TGF-beta,SNAI1,miR-34a,TWIST2,TWIST1",N,13
699,"FOXC2,ZEB1,GRHL2,OVOL2,SNAI2,miR-101,ZEB2,miR-200a,TGF-beta,SNAI1,TWIST1",N,11
700,"FOXC2,ZEB1,GRHL2,OVOL2,SNAI2,miR-101,ZEB2,miR-200a,TGF-beta,SNAI1",P,10
701,"FOXC2,ZEB1,GRHL2,OVOL2,SNAI2,miR-101,ZEB2,miR-200a,TGF-beta,GSC",P,10
702,"FOXC2,ZEB1,GRHL2,OVOL2,SNAI2,miR-101,ZEB2,miR-200a,TGF-beta,GSC,TWIST1,SNAI1",N,12
703,"FOXC2,ZEB1,GRHL2,OVOL2,SNAI2,miR-101,ZEB2,miR-200a,TGF-beta,GSC,TWIST1",N,11
704,"FOXC2,ZEB1,GRHL2,OVOL2,SNAI2,miR-101,ZEB2,miR-200a,TGF-beta,GSC,SNAI1,miR-34a,TWIST2,TWIST1",P,14
705,"FOXC2,ZEB1,GRHL2,OVOL2,SNAI2,miR-101,ZEB2,miR-200a,TGF-beta,GSC,SNAI1,TWIST1",P,12
706,"FOXC2,ZEB1,GRHL2,OVOL2,SNAI2,miR-101,ZEB2,miR-200a,TGF-beta,GSC,SNAI1",N,11
707,"FOXC2,ZEB1,GRHL2,OVOL2,SNAI2,miR-101,ZEB2,miR-200c,TGF-beta,SNAI1,miR-34a,TWIST2,TWIST1",N,13
708,"FOXC2,ZEB1,GRHL2,OVOL2,SNAI2,miR-101,ZEB2,miR-200c,TGF-beta,SNAI1,TWIST1",N,11
709,"FOXC2,ZEB1,GRHL2,OVOL2,SNAI2,miR-101,ZEB2,miR-200c,TGF-beta,SNAI1",P,10
710,"FOXC2,ZEB1,GRHL2,OVOL2,SNAI2,miR-101,ZEB2,miR-200c,TGF-beta,GSC",P,10
711,"FOXC2,ZEB1,GRHL2,OVOL2,SNAI2,miR-101,ZEB2,miR-200c,TGF-beta,GSC,TWIST1,SNAI1",N,12
712,"FOXC2,ZEB1,GRHL2,OVOL2,SNAI2,miR-101,ZEB2,miR-200c,TGF-beta,GSC,TWIST1",N,11
713,"FOXC2,ZEB1,GRHL2,OVOL2,SNAI2,miR-101,ZEB2,miR-200c,TGF-beta,GSC,SNAI1,miR-34a,TWIST2,TWIST1",P,14
714,"FOXC2,ZEB1,GRHL2,OVOL2,SNAI2,miR-101,ZEB2,miR-200c,TGF-beta,GSC,SNAI1,TWIST1",P,12
715,"FOXC2,ZEB1,GRHL2,OVOL2,SNAI2,miR-101,ZEB2,miR-200c,TGF-beta,GSC,SNAI1",N,11
716,"FOXC2,ZEB1,GRHL2,OVOL2,SNAI2,miR-101,ZEB2,miR-200b,TGF-beta,SNAI1,miR-34a,TWIST2,TWIST1",P,13
717,"FOXC2,ZEB1,GRHL2,OVOL2,SNAI2,miR-101,ZEB2,miR-200b,TGF-beta,SNAI1,TWIST1",P,11
718,"FOXC2,ZEB1,GRHL2,OVOL2,SNAI2,miR-101,ZEB2,miR-200b,TGF-beta,SNAI1",N,10
719,"FOXC2,ZEB1,GRHL2,OVOL2,SNAI2,miR-101,ZEB2,miR-200b,TGF-beta,GSC",N,10
720,"FOXC2,ZEB1,GRHL2,OVOL2,SNAI2,miR-101,ZEB2,miR-200b,TGF-beta,GSC,TWIST1,SNAI1",P,12
721,"FOXC2,ZEB1,GRHL2,OVOL2,SNAI2,miR-101,ZEB2,miR-200b,TGF-beta,GSC,TWIST1",P,11
722,"FOXC2,ZEB1,GRHL2,OVOL2,SNAI2,miR-101,ZEB2,miR-200b,TGF-beta,GSC,SNAI1,miR-34a,TWIST2,TWIST1",N,14
723,"FOXC2,ZEB1,GRHL2,OVOL2,SNAI2,miR-101,ZEB2,miR-200b,TGF-beta,GSC,SNAI1,TWIST1",N,12
724,"FOXC2,ZEB1,GRHL2,OVOL2,SNAI2,miR-101,ZEB2,miR-200b,TGF-beta,GSC,SNAI1",P,11
725,"FOXC2,ZEB1,GRHL2,OVOL2,SNAI2,TWIST2,ZEB2,miR-200a,TGF-beta,SNAI1,TWIST1",N,11
726,"FOXC2,ZEB1,GRHL2,OVOL2,SNAI2,TWIST2,ZEB2,miR-200a,TGF-beta,SNAI1",P,10
727,"FOXC2,ZEB1,GRHL2,OVOL2,SNAI2,TWIST2,ZEB2,miR-200a,TGF-beta,GSC",P,10
728,"FOXC2,ZEB1,GRHL2,OVOL2,SNAI2,TWIST2,ZEB2,miR-200a,TGF-beta,GSC,TWIST1,SNAI1",N,12
729,"FOXC2,ZEB1,GRHL2,OVOL2,SNAI2,TWIST2,ZEB2,miR-200a,TGF-beta,GSC,TWIST1",N,11
730,"FOXC2,ZEB1,GRHL2,OVOL2,SNAI2,TWIST2,ZEB2,miR-200a,TGF-beta,GSC,SNAI1,TWIST1",P,12
731,"FOXC2,ZEB1,GRHL2,OVOL2,SNAI2,TWIST2,ZEB2,miR-200a,TGF-beta,GSC,SNAI1",N,11
732,"FOXC2,ZEB1,GRHL2,OVOL2,SNAI2,TWIST2,ZEB2,miR-200c,TGF-beta,SNAI1,TWIST1",N,11
733,"FOXC2,ZEB1,GRHL2,OVOL2,SNAI2,TWIST2,ZEB2,miR-200c,TGF-beta,SNAI1",P,10
734,"FOXC2,ZEB1,GRHL2,OVOL2,SNAI2,TWIST2,ZEB2,miR-200c,TGF-beta,GSC",P,10
735,"FOXC2,ZEB1,GRHL2,OVOL2,SNAI2,TWIST2,ZEB2,miR-200c,TGF-beta,GSC,TWIST1,SNAI1",N,12
736,"FOXC2,ZEB1,GRHL2,OVOL2,SNAI2,TWIST2,ZEB2,miR-200c,TGF-beta,GSC,TWIST1",N,11
737,"FOXC2,ZEB1,GRHL2,OVOL2,SNAI2,TWIST2,ZEB2,miR-200c,TGF-beta,GSC,SNAI1,TWIST1",P,12
738,"FOXC2,ZEB1,GRHL2,OVOL2,SNAI2,TWIST2,ZEB2,miR-200c,TGF-beta,GSC,SNAI1",N,11
739,"FOXC2,ZEB1,GRHL2,OVOL2,SNAI2,TWIST2,ZEB2,miR-200b,TGF-beta,SNAI1,TWIST1",P,11
740,"FOXC2,ZEB1,GRHL2,OVOL2,SNAI2,TWIST2,ZEB2,miR-200b,TGF-beta,SNAI1",N,10
741,"FOXC2,ZEB1,GRHL2,OVOL2,SNAI2,TWIST2,ZEB2,miR-200b,TGF-beta,GSC",N,10
742,"FOXC2,ZEB1,GRHL2,OVOL2,SNAI2,TWIST2,ZEB2,miR-200b,TGF-beta,GSC,TWIST1,SNAI1",P,12
743,"FOXC2,ZEB1,GRHL2,OVOL2,SNAI2,TWIST2,ZEB2,miR-200b,TGF-beta,GSC,TWIST1",P,11
744,"FOXC2,ZEB1,GRHL2,OVOL2,SNAI2,TWIST2,ZEB2,miR-200b,TGF-beta,GSC,SNAI1,TWIST1",N,12
745,"FOXC2,ZEB1,GRHL2,OVOL2,SNAI2,TWIST2,ZEB2,miR-200b,TGF-beta,GSC,SNAI1",P,11
746,"FOXC2,ZEB1,GRHL2,OVOL2,SNAI2,TWIST2,TWIST1,ZEB2,miR-200a,TGF-beta,SNAI1",N,11
747,"FOXC2,ZEB1,GRHL2,OVOL2,SNAI2,TWIST2,TWIST1,ZEB2,miR-200a,TGF-beta,GSC",N,11
748,"FOXC2,ZEB1,GRHL2,OVOL2,SNAI2,TWIST2,TWIST1,ZEB2,miR-200a,TGF-beta,GSC,SNAI1",P,12
749,"FOXC2,ZEB1,GRHL2,OVOL2,SNAI2,TWIST2,TWIST1,ZEB2,miR-200c,TGF-beta,SNAI1",N,11
750,"FOXC2,ZEB1,GRHL2,OVOL2,SNAI2,TWIST2,TWIST1,ZEB2,miR-200c,TGF-beta,GSC",N,11
751,"FOXC2,ZEB1,GRHL2,OVOL2,SNAI2,TWIST2,TWIST1,ZEB2,miR-200c,TGF-beta,GSC,SNAI1",P,12
752,"FOXC2,ZEB1,GRHL2,OVOL2,SNAI2,TWIST2,TWIST1,ZEB2,miR-200b,TGF-beta,SNAI1",P,11
753,"FOXC2,ZEB1,GRHL2,OVOL2,SNAI2,TWIST2,TWIST1,ZEB2,miR-200b,TGF-beta,GSC",P,11
754,"FOXC2,ZEB1,GRHL2,OVOL2,SNAI2,TWIST2,TWIST1,ZEB2,miR-200b,TGF-beta,GSC,SNAI1",N,12
755,"FOXC2,ZEB1,GRHL2,OVOL2,SNAI2,TWIST2,TWIST1,SNAI1,miR-101,ZEB2,miR-200a,TGF-beta,GSC",P,13
756,"FOXC2,ZEB1,GRHL2,OVOL2,SNAI2,TWIST2,TWIST1,SNAI1,miR-101,ZEB2,miR-200c,TGF-beta,GSC",P,13
757,"FOXC2,ZEB1,GRHL2,OVOL2,SNAI2,TWIST2,TWIST1,SNAI1,miR-101,ZEB2,miR-200b,TGF-beta,GSC",N,13
758,"FOXC2,ZEB1,GRHL2,OVOL2,SNAI2,TWIST2,TWIST1,SNAI1,ZEB2,miR-200a,TGF-beta,GSC",N,12
759,"FOXC2,ZEB1,GRHL2,OVOL2,SNAI2,TWIST2,TWIST1,SNAI1,ZEB2,miR-200c,TGF-beta,GSC",N,12
760,"FOXC2,ZEB1,GRHL2,OVOL2,SNAI2,TWIST2,TWIST1,SNAI1,ZEB2,miR-200b,TGF-beta,GSC",P,12
761,"FOXC2,ZEB1,GRHL2,OVOL2,SNAI2,TWIST2,TWIST1,SNAI1",N,8
762,"FOXC2,ZEB1,GRHL2,OVOL2,SNAI2,TWIST2,TWIST1",N,7
763,"FOXC2,ZEB1,GRHL2,OVOL2,SNAI2,TWIST2,SNAI1,miR-101,ZEB2,miR-200a,TGF-beta,GSC",P,12
764,"FOXC2,ZEB1,GRHL2,OVOL2,SNAI2,TWIST2,SNAI1,miR-101,ZEB2,miR-200a,TGF-beta,GSC,TWIST1",N,13
765,"FOXC2,ZEB1,GRHL2,OVOL2,SNAI2,TWIST2,SNAI1,miR-101,ZEB2,miR-200c,TGF-beta,GSC",P,12
766,"FOXC2,ZEB1,GRHL2,OVOL2,SNAI2,TWIST2,SNAI1,miR-101,ZEB2,miR-200c,TGF-beta,GSC,TWIST1",N,13
767,"FOXC2,ZEB1,GRHL2,OVOL2,SNAI2,TWIST2,SNAI1,miR-101,ZEB2,miR-200b,TGF-beta,GSC",N,12
768,"FOXC2,ZEB1,GRHL2,OVOL2,SNAI2,TWIST2,SNAI1,miR-101,ZEB2,miR-200b,TGF-beta,GSC,TWIST1",P,13
769,"FOXC2,ZEB1,GRHL2,OVOL2,SNAI2,TWIST2,SNAI1,ZEB2,miR-200a,TGF-beta,GSC",N,11
770,"FOXC2,ZEB1,GRHL2,OVOL2,SNAI2,TWIST2,SNAI1,ZEB2,miR-200a,TGF-beta,GSC,TWIST1",P,12
771,"FOXC2,ZEB1,GRHL2,OVOL2,SNAI2,TWIST2,SNAI1,ZEB2,miR-200c,TGF-beta,GSC",N,11
772,"FOXC2,ZEB1,GRHL2,OVOL2,SNAI2,TWIST2,SNAI1,ZEB2,miR-200c,TGF-beta,GSC,TWIST1",P,12
773,"FOXC2,ZEB1,GRHL2,OVOL2,SNAI2,TWIST2,SNAI1,ZEB2,miR-200b,TGF-beta,GSC",P,11
774,"FOXC2,ZEB1,GRHL2,OVOL2,SNAI2,TWIST2,SNAI1,ZEB2,miR-200b,TGF-beta,GSC,TWIST1",N,12
775,"FOXC2,ZEB1,GRHL2,OVOL2,SNAI2,TWIST2,SNAI1,TWIST1,ZEB2,miR-200a,TGF-beta,GSC",P,12
776,"FOXC2,ZEB1,GRHL2,OVOL2,SNAI2,TWIST2,SNAI1,TWIST1,ZEB2,miR-200c,TGF-beta,GSC",P,12
777,"FOXC2,ZEB1,GRHL2,OVOL2,SNAI2,TWIST2,SNAI1,TWIST1,ZEB2,miR-200b,TGF-beta,GSC",N,12
778,"FOXC2,ZEB1,GRHL2,OVOL2,SNAI2,TWIST2,SNAI1,TWIST1",P,8
779,"FOXC2,ZEB1,GRHL2,OVOL2,SNAI2,TWIST2,SNAI1",N,7
780,"FOXC2,ZEB1,GRHL2,OVOL2,CDH1,SNAI2,miR-200b,TGF-beta,SNAI1,miR-34a,TWIST2,TWIST1",N,12
781,"FOXC2,ZEB1,GRHL2,OVOL2,CDH1,SNAI2,miR-200b,TGF-beta,SNAI1,TWIST1",N,10
782,"FOXC2,ZEB1,GRHL2,OVOL2,CDH1,SNAI2,miR-200b,TGF-beta,SNAI1",P,9
783,"FOXC2,ZEB1,GRHL2,OVOL2,CDH1,SNAI2,miR-200b,TGF-beta,GSC",P,9
784,"FOXC2,ZEB1,GRHL2,OVOL2,CDH1,SNAI2,miR-200b,TGF-beta,GSC,TWIST1,SNAI1",N,11
785,"FOXC2,ZEB1,GRHL2,OVOL2,CDH1,SNAI2,miR-200b,TGF-beta,GSC,TWIST1",N,10
786,"FOXC2,ZEB1,GRHL2,OVOL2,CDH1,SNAI2,miR-200b,TGF-beta,GSC,SNAI1,miR-34a,TWIST2,TWIST1",P,13
787,"FOXC2,ZEB1,GRHL2,OVOL2,CDH1,SNAI2,miR-200b,TGF-beta,GSC,SNAI1,TWIST1",P,11
788,"FOXC2,ZEB1,GRHL2,OVOL2,CDH1,SNAI2,miR-200b,TGF-beta,GSC,SNAI1",N,10
789,"FOXC2,ZEB1,GRHL2,OVOL2,CDH1,SNAI2,miR-200b,ZEB2,miR-200a,TGF-beta,SNAI1,miR-34a,TWIST2,TWIST1",P,14
790,"FOXC2,ZEB1,GRHL2,OVOL2,CDH1,SNAI2,miR-200b,ZEB2,miR-200a,TGF-beta,SNAI1,TWIST1",P,12
791,"FOXC2,ZEB1,GRHL2,OVOL2,CDH1,SNAI2,miR-200b,ZEB2,miR-200a,TGF-beta,SNAI1",N,11
792,"FOXC2,ZEB1,GRHL2,OVOL2,CDH1,SNAI2,miR-200b,ZEB2,miR-200a,TGF-beta,GSC",N,11
793,"FOXC2,ZEB1,GRHL2,OVOL2,CDH1,SNAI2,miR-200b,ZEB2,miR-200a,TGF-beta,GSC,TWIST1,SNAI1",P,13
794,"FOXC2,ZEB1,GRHL2,OVOL2,CDH1,SNAI2,miR-200b,ZEB2,miR-200a,TGF-beta,GSC,TWIST1",P,12
795,"FOXC2,ZEB1,GRHL2,OVOL2,CDH1,SNAI2,miR-200b,ZEB2,miR-200a,TGF-beta,GSC,SNAI1,miR-34a,TWIST2,TWIST1",N,15
796,"FOXC2,ZEB1,GRHL2,OVOL2,CDH1,SNAI2,miR-200b,ZEB2,miR-200a,TGF-beta,GSC,SNAI1,TWIST1",N,13
797,"FOXC2,ZEB1,GRHL2,OVOL2,CDH1,SNAI2,miR-200b,ZEB2,miR-200a,TGF-beta,GSC,SNAI1",P,12
798,"FOXC2,ZEB1,GRHL2,OVOL2,CDH1,SNAI2,miR-200b,ZEB2,miR-200c,TGF-beta,SNAI1,miR-34a,TWIST2,TWIST1",P,14
799,"FOXC2,ZEB1,GRHL2,OVOL2,CDH1,SNAI2,miR-200b,ZEB2,miR-200c,TGF-beta,SNAI1,TWIST1",P,12
800,"FOXC2,ZEB1,GRHL2,OVOL2,CDH1,SNAI2,miR-200b,ZEB2,miR-200c,TGF-beta,SNAI1",N,11
801,"FOXC2,ZEB1,GRHL2,OVOL2,CDH1,SNAI2,miR-200b,ZEB2,miR-200c,TGF-beta,GSC",N,11
802,"FOXC2,ZEB1,GRHL2,OVOL2,CDH1,SNAI2,miR-200b,ZEB2,miR-200c,TGF-beta,GSC,TWIST1,SNAI1",P,13
803,"FOXC2,ZEB1,GRHL2,OVOL2,CDH1,SNAI2,miR-200b,ZEB2,miR-200c,TGF-beta,GSC,TWIST1",P,12
804,"FOXC2,ZEB1,GRHL2,OVOL2,CDH1,SNAI2,miR-200b,ZEB2,miR-200c,TGF-beta,GSC,SNAI1,miR-34a,TWIST2,TWIST1",N,15
805,"FOXC2,ZEB1,GRHL2,OVOL2,CDH1,SNAI2,miR-200b,ZEB2,miR-200c,TGF-beta,GSC,SNAI1,TWIST1",N,13
806,"FOXC2,ZEB1,GRHL2,OVOL2,CDH1,SNAI2,miR-200b,ZEB2,miR-200c,TGF-beta,GSC,SNAI1",P,12
807,"FOXC2,ZEB1,GRHL2,OVOL2,CDH1,SNAI2,miR-101,SNAI1,miR-34a,TWIST2,ZEB2,miR-200a,TGF-beta,GSC",P,14
808,"FOXC2,ZEB1,GRHL2,OVOL2,CDH1,SNAI2,miR-101,SNAI1,miR-34a,TWIST2,ZEB2,miR-200a,TGF-beta,GSC,TWIST1",N,15
809,"FOXC2,ZEB1,GRHL2,OVOL2,CDH1,SNAI2,miR-101,SNAI1,miR-34a,TWIST2,ZEB2,miR-200c,TGF-beta,GSC",P,14
810,"FOXC2,ZEB1,GRHL2,OVOL2,CDH1,SNAI2,miR-101,SNAI1,miR-34a,TWIST2,ZEB2,miR-200c,TGF-beta,GSC,TWIST1",N,15
811,"FOXC2,ZEB1,GRHL2,OVOL2,CDH1,SNAI2,miR-101,SNAI1,miR-34a,TWIST2,ZEB2,miR-200b,TGF-beta,GSC",N,14
812,"FOXC2,ZEB1,GRHL2,OVOL2,CDH1,SNAI2,miR-101,SNAI1,miR-34a,TWIST2,ZEB2,miR-200b,TGF-beta,GSC,TWIST1",P,15
813,"FOXC2,ZEB1,GRHL2,OVOL2,CDH1,SNAI2,miR-101,SNAI1,miR-34a,TWIST2,TWIST1,ZEB2,miR-200a,TGF-beta,GSC",N,15
814,"FOXC2,ZEB1,GRHL2,OVOL2,CDH1,SNAI2,miR-101,SNAI1,miR-34a,TWIST2,TWIST1,ZEB2,miR-200c,TGF-beta,GSC",N,15
815,"FOXC2,ZEB1,GRHL2,OVOL2,CDH1,SNAI2,miR-101,SNAI1,miR-34a,TWIST2,TWIST1,ZEB2,miR-200b,TGF-beta,GSC",P,15
816,"FOXC2,ZEB1,GRHL2,OVOL2,CDH1,SNAI2,miR-101,SNAI1,miR-34a,TWIST2,TWIST1",N,11
817,"FOXC2,ZEB1,GRHL2,OVOL2,CDH1,SNAI2,miR-101,SNAI1,ZEB2,miR-200a,TGF-beta,GSC",P,12
818,"FOXC2,ZEB1,GRHL2,OVOL2,CDH1,SNAI2,miR-101,SNAI1,ZEB2,miR-200a,TGF-beta,GSC,TWIST1",N,13
819,"FOXC2,ZEB1,GRHL2,OVOL2,CDH1,SNAI2,miR-101,SNAI1,ZEB2,miR-200c,TGF-beta,GSC",P,12
820,"FOXC2,ZEB1,GRHL2,OVOL2,CDH1,SNAI2,miR-101,SNAI1,ZEB2,miR-200c,TGF-beta,GSC,TWIST1",N,13
821,"FOXC2,ZEB1,GRHL2,OVOL2,CDH1,SNAI2,miR-101,SNAI1,ZEB2,miR-200b,TGF-beta,GSC",N,12
822,"FOXC2,ZEB1,GRHL2,OVOL2,CDH1,SNAI2,miR-101,SNAI1,ZEB2,miR-200b,TGF-beta,GSC,TWIST1",P,13
823,"FOXC2,ZEB1,GRHL2,OVOL2,CDH1,SNAI2,miR-101,SNAI1,TWIST1,ZEB2,miR-200a,TGF-beta,GSC",N,13
824,"FOXC2,ZEB1,GRHL2,OVOL2,CDH1,SNAI2,miR-101,SNAI1,TWIST1,ZEB2,miR-200c,TGF-beta,GSC",N,13
825,"FOXC2,ZEB1,GRHL2,OVOL2,CDH1,SNAI2,miR-101,SNAI1,TWIST1,ZEB2,miR-200b,TGF-beta,GSC",P,13
826,"FOXC2,ZEB1,GRHL2,OVOL2,CDH1,SNAI2,miR-101,SNAI1,TWIST1",N,9
827,"FOXC2,ZEB1,GRHL2,OVOL2,CDH1,SNAI2,miR-101,SNAI1",P,8
828,"FOXC2,ZEB1,GRHL2,OVOL2,CDH1,SNAI2,miR-101,ZEB2,miR-200a,TGF-beta,SNAI1,miR-34a,TWIST2,TWIST1",P,14
829,"FOXC2,ZEB1,GRHL2,OVOL2,CDH1,SNAI2,miR-101,ZEB2,miR-200a,TGF-beta,SNAI1,TWIST1",P,12
830,"FOXC2,ZEB1,GRHL2,OVOL2,CDH1,SNAI2,miR-101,ZEB2,miR-200a,TGF-beta,SNAI1",N,11
831,"FOXC2,ZEB1,GRHL2,OVOL2,CDH1,SNAI2,miR-101,ZEB2,miR-200a,TGF-beta,GSC",N,11
832,"FOXC2,ZEB1,GRHL2,OVOL2,CDH1,SNAI2,miR-101,ZEB2,miR-200a,TGF-beta,GSC,TWIST1,SNAI1",P,13
833,"FOXC2,ZEB1,GRHL2,OVOL2,CDH1,SNAI2,miR-101,ZEB2,miR-200a,TGF-beta,GSC,TWIST1",P,12
834,"FOXC2,ZEB1,GRHL2,OVOL2,CDH1,SNAI2,miR-101,ZEB2,miR-200a,TGF-beta,GSC,SNAI1,miR-34a,TWIST2,TWIST1",N,15
835,"FOXC2,ZEB1,GRHL2,OVOL2,CDH1,SNAI2,miR-101,ZEB2,miR-200a,TGF-beta,GSC,SNAI1,TWIST1",N,13
836,"FOXC2,ZEB1,GRHL2,OVOL2,CDH1,SNAI2,miR-101,ZEB2,miR-200a,TGF-beta,GSC,SNAI1",P,12
837,"FOXC2,ZEB1,GRHL2,OVOL2,CDH1,SNAI2,miR-101,ZEB2,miR-200c,TGF-beta,SNAI1,miR-34a,TWIST2,TWIST1",P,14
838,"FOXC2,ZEB1,GRHL2,OVOL2,CDH1,SNAI2,miR-101,ZEB2,miR-200c,TGF-beta,SNAI1,TWIST1",P,12
839,"FOXC2,ZEB1,GRHL2,OVOL2,CDH1,SNAI2,miR-101,ZEB2,miR-200c,TGF-beta,SNAI1",N,11
840,"FOXC2,ZEB1,GRHL2,OVOL2,CDH1,SNAI2,miR-101,ZEB2,miR-200c,TGF-beta,GSC",N,11
841,"FOXC2,ZEB1,GRHL2,OVOL2,CDH1,SNAI2,miR-101,ZEB2,miR-200c,TGF-beta,GSC,TWIST1,SNAI1",P,13
842,"FOXC2,ZEB1,GRHL2,OVOL2,CDH1,SNAI2,miR-101,ZEB2,miR-200c,TGF-beta,GSC,TWIST1",P,12
843,"FOXC2,ZEB1,GRHL2,OVOL2,CDH1,SNAI2,miR-101,ZEB2,miR-200c,TGF-beta,GSC,SNAI1,miR-34a,TWIST2,TWIST1",N,15
844,"FOXC2,ZEB1,GRHL2,OVOL2,CDH1,SNAI2,miR-101,ZEB2,miR-200c,TGF-beta,GSC,SNAI1,TWIST1",N,13
845,"FOXC2,ZEB1,GRHL2,OVOL2,CDH1,SNAI2,miR-101,ZEB2,miR-200c,TGF-beta,GSC,SNAI1",P,12
846,"FOXC2,ZEB1,GRHL2,OVOL2,CDH1,SNAI2,miR-101,ZEB2,miR-200b,TGF-beta,SNAI1,miR-34a,TWIST2,TWIST1",N,14
847,"FOXC2,ZEB1,GRHL2,OVOL2,CDH1,SNAI2,miR-101,ZEB2,miR-200b,TGF-beta,SNAI1,TWIST1",N,12
848,"FOXC2,ZEB1,GRHL2,OVOL2,CDH1,SNAI2,miR-101,ZEB2,miR-200b,TGF-beta,SNAI1",P,11
849,"FOXC2,ZEB1,GRHL2,OVOL2,CDH1,SNAI2,miR-101,ZEB2,miR-200b,TGF-beta,GSC",P,11
850,"FOXC2,ZEB1,GRHL2,OVOL2,CDH1,SNAI2,miR-101,ZEB2,miR-200b,TGF-beta,GSC,TWIST1,SNAI1",N,13
851,"FOXC2,ZEB1,GRHL2,OVOL2,CDH1,SNAI2,miR-101,ZEB2,miR-200b,TGF-beta,GSC,TWIST1",N,12
852,"FOXC2,ZEB1,GRHL2,OVOL2,CDH1,SNAI2,miR-101,ZEB2,miR-200b,TGF-beta,GSC,SNAI1,miR-34a,TWIST2,TWIST1",P,15
853,"FOXC2,ZEB1,GRHL2,OVOL2,CDH1,SNAI2,miR-101,ZEB2,miR-200b,TGF-beta,GSC,SNAI1,TWIST1",P,13
854,"FOXC2,ZEB1,GRHL2,OVOL2,CDH1,SNAI2,miR-101,ZEB2,miR-200b,TGF-beta,GSC,SNAI1",N,12
855,"FOXC2,ZEB1,GRHL2,OVOL2,CDH1,SNAI2,TWIST2,ZEB2,miR-200a,TGF-beta,SNAI1,TWIST1",P,12
856,"FOXC2,ZEB1,GRHL2,OVOL2,CDH1,SNAI2,TWIST2,ZEB2,miR-200a,TGF-beta,SNAI1",N,11
857,"FOXC2,ZEB1,GRHL2,OVOL2,CDH1,SNAI2,TWIST2,ZEB2,miR-200a,TGF-beta,GSC",N,11
858,"FOXC2,ZEB1,GRHL2,OVOL2,CDH1,SNAI2,TWIST2,ZEB2,miR-200a,TGF-beta,GSC,TWIST1,SNAI1",P,13
859,"FOXC2,ZEB1,GRHL2,OVOL2,CDH1,SNAI2,TWIST2,ZEB2,miR-200a,TGF-beta,GSC,TWIST1",P,12
860,"FOXC2,ZEB1,GRHL2,OVOL2,CDH1,SNAI2,TWIST2,ZEB2,miR-200a,TGF-beta,GSC,SNAI1,TWIST1",N,13
861,"FOXC2,ZEB1,GRHL2,OVOL2,CDH1,SNAI2,TWIST2,ZEB2,miR-200a,TGF-beta,GSC,SNAI1",P,12
862,"FOXC2,ZEB1,GRHL2,OVOL2,CDH1,SNAI2,TWIST2,ZEB2,miR-200c,TGF-beta,SNAI1,TWIST1",P,12
863,"FOXC2,ZEB1,GRHL2,OVOL2,CDH1,SNAI2,TWIST2,ZEB2,miR-200c,TGF-beta,SNAI1",N,11
864,"FOXC2,ZEB1,GRHL2,OVOL2,CDH1,SNAI2,TWIST2,ZEB2,miR-200c,TGF-beta,GSC",N,11
865,"FOXC2,ZEB1,GRHL2,OVOL2,CDH1,SNAI2,TWIST2,ZEB2,miR-200c,TGF-beta,GSC,TWIST1,SNAI1",P,13
866,"FOXC2,ZEB1,GRHL2,OVOL2,CDH1,SNAI2,TWIST2,ZEB2,miR-200c,TGF-beta,GSC,TWIST1",P,12
867,"FOXC2,ZEB1,GRHL2,OVOL2,CDH1,SNAI2,TWIST2,ZEB2,miR-200c,TGF-beta,GSC,SNAI1,TWIST1",N,13
868,"FOXC2,ZEB1,GRHL2,OVOL2,CDH1,SNAI2,TWIST2,ZEB2,miR-200c,TGF-beta,GSC,SNAI1",P,12
869,"FOXC2,ZEB1,GRHL2,OVOL2,CDH1,SNAI2,TWIST2,ZEB2,miR-200b,TGF-beta,SNAI1,TWIST1",N,12
870,"FOXC2,ZEB1,GRHL2,OVOL2,CDH1,SNAI2,TWIST2,ZEB2,miR-200b,TGF-beta,SNAI1",P,11
871,"FOXC2,ZEB1,GRHL2,OVOL2,CDH1,SNAI2,TWIST2,ZEB2,miR-200b,TGF-beta,GSC",P,11
872,"FOXC2,ZEB1,GRHL2,OVOL2,CDH1,SNAI2,TWIST2,ZEB2,miR-200b,TGF-beta,GSC,TWIST1,SNAI1",N,13
873,"FOXC2,ZEB1,GRHL2,OVOL2,CDH1,SNAI2,TWIST2,ZEB2,miR-200b,TGF-beta,GSC,TWIST1",N,12
874,"FOXC2,ZEB1,GRHL2,OVOL2,CDH1,SNAI2,TWIST2,ZEB2,miR-200b,TGF-beta,GSC,SNAI1,TWIST1",P,13
875,"FOXC2,ZEB1,GRHL2,OVOL2,CDH1,SNAI2,TWIST2,ZEB2,miR-200b,TGF-beta,GSC,SNAI1",N,12
876,"FOXC2,ZEB1,GRHL2,OVOL2,CDH1,SNAI2,TWIST2,TWIST1,ZEB2,miR-200a,TGF-beta,SNAI1",P,12
877,"FOXC2,ZEB1,GRHL2,OVOL2,CDH1,SNAI2,TWIST2,TWIST1,ZEB2,miR-200a,TGF-beta,GSC",P,12
878,"FOXC2,ZEB1,GRHL2,OVOL2,CDH1,SNAI2,TWIST2,TWIST1,ZEB2,miR-200a,TGF-beta,GSC,SNAI1",N,13
879,"FOXC2,ZEB1,GRHL2,OVOL2,CDH1,SNAI2,TWIST2,TWIST1,ZEB2,miR-200c,TGF-beta,SNAI1",P,12
880,"FOXC2,ZEB1,GRHL2,OVOL2,CDH1,SNAI2,TWIST2,TWIST1,ZEB2,miR-200c,TGF-beta,GSC",P,12
881,"FOXC2,ZEB1,GRHL2,OVOL2,CDH1,SNAI2,TWIST2,TWIST1,ZEB2,miR-200c,TGF-beta,GSC,SNAI1",N,13
882,"FOXC2,ZEB1,GRHL2,OVOL2,CDH1,SNAI2,TWIST2,TWIST1,ZEB2,miR-200b,TGF-beta,SNAI1",N,12
883,"FOXC2,ZEB1,GRHL2,OVOL2,CDH1,SNAI2,TWIST2,TWIST1,ZEB2,miR-200b,TGF-beta,GSC",N,12
884,"FOXC2,ZEB1,GRHL2,OVOL2,CDH1,SNAI2,TWIST2,TWIST1,ZEB2,miR-200b,TGF-beta,GSC,SNAI1",P,13
885,"FOXC2,ZEB1,GRHL2,OVOL2,CDH1,SNAI2,TWIST2,TWIST1,SNAI1,miR-101,ZEB2,miR-200a,TGF-beta,GSC",N,14
886,"FOXC2,ZEB1,GRHL2,OVOL2,CDH1,SNAI2,TWIST2,TWIST1,SNAI1,miR-101,ZEB2,miR-200c,TGF-beta,GSC",N,14
887,"FOXC2,ZEB1,GRHL2,OVOL2,CDH1,SNAI2,TWIST2,TWIST1,SNAI1,miR-101,ZEB2,miR-200b,TGF-beta,GSC",P,14
888,"FOXC2,ZEB1,GRHL2,OVOL2,CDH1,SNAI2,TWIST2,TWIST1,SNAI1,ZEB2,miR-200a,TGF-beta,GSC",P,13
889,"FOXC2,ZEB1,GRHL2,OVOL2,CDH1,SNAI2,TWIST2,TWIST1,SNAI1,ZEB2,miR-200c,TGF-beta,GSC",P,13
890,"FOXC2,ZEB1,GRHL2,OVOL2,CDH1,SNAI2,TWIST2,TWIST1,SNAI1,ZEB2,miR-200b,TGF-beta,GSC",N,13
891,"FOXC2,ZEB1,GRHL2,OVOL2,CDH1,SNAI2,TWIST2,TWIST1,SNAI1",P,9
892,"FOXC2,ZEB1,GRHL2,OVOL2,CDH1,SNAI2,TWIST2,TWIST1",P,8
893,"FOXC2,ZEB1,GRHL2,OVOL2,CDH1,SNAI2,TWIST2,SNAI1,miR-101,ZEB2,miR-200a,TGF-beta,GSC",N,13
894,"FOXC2,ZEB1,GRHL2,OVOL2,CDH1,SNAI2,TWIST2,SNAI1,miR-101,ZEB2,miR-200a,TGF-beta,GSC,TWIST1",P,14
895,"FOXC2,ZEB1,GRHL2,OVOL2,CDH1,SNAI2,TWIST2,SNAI1,miR-101,ZEB2,miR-200c,TGF-beta,GSC",N,13
896,"FOXC2,ZEB1,GRHL2,OVOL2,CDH1,SNAI2,TWIST2,SNAI1,miR-101,ZEB2,miR-200c,TGF-beta,GSC,TWIST1",P,14
897,"FOXC2,ZEB1,GRHL2,OVOL2,CDH1,SNAI2,TWIST2,SNAI1,miR-101,ZEB2,miR-200b,TGF-beta,GSC",P,13
898,"FOXC2,ZEB1,GRHL2,OVOL2,CDH1,SNAI2,TWIST2,SNAI1,miR-101,ZEB2,miR-200b,TGF-beta,GSC,TWIST1",N,14
899,"FOXC2,ZEB1,GRHL2,OVOL2,CDH1,SNAI2,TWIST2,SNAI1,ZEB2,miR-200a,TGF-beta,GSC",P,12
900,"FOXC2,ZEB1,GRHL2,OVOL2,CDH1,SNAI2,TWIST2,SNAI1,ZEB2,miR-200a,TGF-beta,GSC,TWIST1",N,13
901,"FOXC2,ZEB1,GRHL2,OVOL2,CDH1,SNAI2,TWIST2,SNAI1,ZEB2,miR-200c,TGF-beta,GSC",P,12
902,"FOXC2,ZEB1,GRHL2,OVOL2,CDH1,SNAI2,TWIST2,SNAI1,ZEB2,miR-200c,TGF-beta,GSC,TWIST1",N,13
903,"FOXC2,ZEB1,GRHL2,OVOL2,CDH1,SNAI2,TWIST2,SNAI1,ZEB2,miR-200b,TGF-beta,GSC",N,12
904,"FOXC2,ZEB1,GRHL2,OVOL2,CDH1,SNAI2,TWIST2,SNAI1,ZEB2,miR-200b,TGF-beta,GSC,TWIST1",P,13
905,"FOXC2,ZEB1,GRHL2,OVOL2,CDH1,SNAI2,TWIST2,SNAI1,TWIST1,ZEB2,miR-200a,TGF-beta,GSC",N,13
906,"FOXC2,ZEB1,GRHL2,OVOL2,CDH1,SNAI2,TWIST2,SNAI1,TWIST1,ZEB2,miR-200c,TGF-beta,GSC",N,13
907,"FOXC2,ZEB1,GRHL2,OVOL2,CDH1,SNAI2,TWIST2,SNAI1,TWIST1,ZEB2,miR-200b,TGF-beta,GSC",P,13
908,"FOXC2,ZEB1,GRHL2,OVOL2,CDH1,SNAI2,TWIST2,SNAI1,TWIST1",N,9
909,"FOXC2,ZEB1,GRHL2,OVOL2,CDH1,SNAI2,TWIST2,SNAI1",P,8
910,"FOXC2,ZEB1,OVOL2,TGF-beta,SNAI2,miR-101,SNAI1,miR-34a,TWIST2,TWIST1",N,10
911,"FOXC2,ZEB1,OVOL2,TGF-beta,SNAI2,miR-101,SNAI1,TWIST1",N,8
912,"FOXC2,ZEB1,OVOL2,TGF-beta,SNAI2,miR-101,SNAI1",P,7
913,"FOXC2,ZEB1,OVOL2,TGF-beta,SNAI2,TWIST2,TWIST1,SNAI1",P,8
914,"FOXC2,ZEB1,OVOL2,TGF-beta,SNAI2,TWIST2,TWIST1",P,7
915,"FOXC2,ZEB1,OVOL2,TGF-beta,SNAI2,TWIST2,SNAI1,TWIST1",N,8
916,"FOXC2,ZEB1,OVOL2,TGF-beta,SNAI2,TWIST2,SNAI1",P,7
917,"FOXC2,ZEB1,OVOL2,TGF-beta,SNAI1,miR-101,ZEB2,CDH1,SNAI2,TWIST2,TWIST1",P,11
918,"FOXC2,ZEB1,OVOL2,TGF-beta,SNAI1,miR-101,KLF8,CDH1,SNAI2,TWIST2,TWIST1",N,11
919,"FOXC2,ZEB1,OVOL2,TGF-beta,SNAI1,miR-34a,TWIST2,TWIST1",P,8
920,"FOXC2,ZEB1,OVOL2,TGF-beta,SNAI1,miR-34a,SNAI2,TWIST2,TWIST1",P,9
921,"FOXC2,ZEB1,OVOL2,TGF-beta,SNAI1,ZEB2,CDH1,SNAI2,TWIST2,TWIST1",N,10
922,"FOXC2,ZEB1,OVOL2,TGF-beta,SNAI1,TWIST1",P,6
923,"FOXC2,ZEB1,OVOL2,TGF-beta,SNAI1,SNAI2,TWIST2,TWIST1",N,8
924,"FOXC2,ZEB1,OVOL2,TGF-beta,SNAI1",N,5
925,"FOXC2,ZEB1,OVOL2,TGF-beta,SNAI1,CDH1,SNAI2,TWIST2,TWIST1",P,9
926,"FOXC2,ZEB1,OVOL2,TGF-beta,GSC,ZEB2,CDH1,SNAI2,miR-101,SNAI1,miR-34a,TWIST2,TWIST1",P,13
927,"FOXC2,ZEB1,OVOL2,TGF-beta,GSC,ZEB2,CDH1,SNAI2,miR-101,SNAI1,TWIST1",P,11
928,"FOXC2,ZEB1,OVOL2,TGF-beta,GSC,ZEB2,CDH1,SNAI2,miR-101,SNAI1",N,10
929,"FOXC2,ZEB1,OVOL2,TGF-beta,GSC,ZEB2,CDH1,SNAI2,TWIST2,TWIST1,SNAI1",N,11
930,"FOXC2,ZEB1,OVOL2,TGF-beta,GSC,ZEB2,CDH1,SNAI2,TWIST2,TWIST1",N,10
931,"FOXC2,ZEB1,OVOL2,TGF-beta,GSC,ZEB2,CDH1,SNAI2,TWIST2,SNAI1,TWIST1",P,11
932,"FOXC2,ZEB1,OVOL2,TGF-beta,GSC,ZEB2,CDH1,SNAI2,TWIST2,SNAI1",N,10
933,"FOXC2,ZEB1,OVOL2,TGF-beta,GSC",N,5
934,"FOXC2,ZEB1,OVOL2,TGF-beta,GSC,TWIST1,ZEB2,CDH1,SNAI2,miR-101,SNAI1",P,11
935,"FOXC2,ZEB1,OVOL2,TGF-beta,GSC,TWIST1,ZEB2,CDH1,SNAI2,TWIST2,SNAI1",P,11
936,"FOXC2,ZEB1,OVOL2,TGF-beta,GSC,TWIST1,TCF3,CDH1,SNAI2,miR-101,SNAI1",P,11
937,"FOXC2,ZEB1,OVOL2,TGF-beta,GSC,TWIST1,TCF3,CDH1,SNAI2,TWIST2,SNAI1",P,11
938,"FOXC2,ZEB1,OVOL2,TGF-beta,GSC,TWIST1,SNAI2,miR-101,SNAI1",P,9
939,"FOXC2,ZEB1,OVOL2,TGF-beta,GSC,TWIST1,SNAI2,TWIST2,SNAI1",P,9
940,"FOXC2,ZEB1,OVOL2,TGF-beta,GSC,TWIST1,SNAI1",P,7
941,"FOXC2,ZEB1,OVOL2,TGF-beta,GSC,TWIST1",P,6
942,"FOXC2,ZEB1,OVOL2,TGF-beta,GSC,TWIST1,CDH1,SNAI2,miR-101,SNAI1",P,10
943,"FOXC2,ZEB1,OVOL2,TGF-beta,GSC,TWIST1,CDH1,SNAI2,TWIST2,SNAI1",P,10
944,"FOXC2,ZEB1,OVOL2,TGF-beta,GSC,SNAI1,miR-101,ZEB2,CDH1,SNAI2,TWIST2,TWIST1",N,12
945,"FOXC2,ZEB1,OVOL2,TGF-beta,GSC,SNAI1,miR-101,KLF8,CDH1,SNAI2,TWIST2,TWIST1",P,12
946,"FOXC2,ZEB1,OVOL2,TGF-beta,GSC,SNAI1,miR-34a,TWIST2,TWIST1",N,9
947,"FOXC2,ZEB1,OVOL2,TGF-beta,GSC,SNAI1,miR-34a,SNAI2,TWIST2,TWIST1",N,10
948,"FOXC2,ZEB1,OVOL2,TGF-beta,GSC,SNAI1,ZEB2,CDH1,SNAI2,TWIST2,TWIST1",P,11
949,"FOXC2,ZEB1,OVOL2,TGF-beta,GSC,SNAI1,TWIST1",N,7
950,"FOXC2,ZEB1,OVOL2,TGF-beta,GSC,SNAI1,SNAI2,TWIST2,TWIST1",P,9
951,"FOXC2,ZEB1,OVOL2,TGF-beta,GSC,SNAI1",P,6
952,"FOXC2,ZEB1,OVOL2,TGF-beta,GSC,SNAI1,CDH1,SNAI2,TWIST2,TWIST1",N,10
953,"FOXC2,ZEB1,OVOL2,NP63,miR-205,ZEB2,miR-200a,TGF-beta,SNAI2,miR-101,SNAI1,miR-34a,TWIST2,TWIST1",N,14
954,"FOXC2,ZEB1,OVOL2,NP63,miR-205,ZEB2,miR-200a,TGF-beta,SNAI2,miR-101,SNAI1,TWIST1",N,12
955,"FOXC2,ZEB1,OVOL2,NP63,miR-205,ZEB2,miR-200a,TGF-beta,SNAI2,miR-101,SNAI1",P,11
956,"FOXC2,ZEB1,OVOL2,NP63,miR-205,ZEB2,miR-200a,TGF-beta,SNAI2,TWIST2,TWIST1,SNAI1",P,12
957,"FOXC2,ZEB1,OVOL2,NP63,miR-205,ZEB2,miR-200a,TGF-beta,SNAI2,TWIST2,TWIST1",P,11
958,"FOXC2,ZEB1,OVOL2,NP63,miR-205,ZEB2,miR-200a,TGF-beta,SNAI2,TWIST2,SNAI1,TWIST1",N,12
959,"FOXC2,ZEB1,OVOL2,NP63,miR-205,ZEB2,miR-200a,TGF-beta,SNAI2,TWIST2,SNAI1",P,11
960,"FOXC2,ZEB1,OVOL2,NP63,miR-205,ZEB2,miR-200a,TGF-beta,SNAI1,miR-101,KLF8,CDH1,SNAI2,TWIST2,TWIST1",N,15
961,"FOXC2,ZEB1,OVOL2,NP63,miR-205,ZEB2,miR-200a,TGF-beta,SNAI1,miR-34a,TWIST2,TWIST1",P,12
962,"FOXC2,ZEB1,OVOL2,NP63,miR-205,ZEB2,miR-200a,TGF-beta,SNAI1,miR-34a,SNAI2,TWIST2,TWIST1",P,13
963,"FOXC2,ZEB1,OVOL2,NP63,miR-205,ZEB2,miR-200a,TGF-beta,SNAI1,TWIST1",P,10
964,"FOXC2,ZEB1,OVOL2,NP63,miR-205,ZEB2,miR-200a,TGF-beta,SNAI1,SNAI2,TWIST2,TWIST1",N,12
965,"FOXC2,ZEB1,OVOL2,NP63,miR-205,ZEB2,miR-200a,TGF-beta,SNAI1",N,9
966,"FOXC2,ZEB1,OVOL2,NP63,miR-205,ZEB2,miR-200a,TGF-beta,SNAI1,CDH1,SNAI2,TWIST2,TWIST1",P,13
967,"FOXC2,ZEB1,OVOL2,NP63,miR-205,ZEB2,miR-200a,TGF-beta,GSC",N,9
968,"FOXC2,ZEB1,OVOL2,NP63,miR-205,ZEB2,miR-200a,TGF-beta,GSC,TWIST1,TCF3,CDH1,SNAI2,miR-101,SNAI1",P,15
969,"FOXC2,ZEB1,OVOL2,NP63,miR-205,ZEB2,miR-200a,TGF-beta,GSC,TWIST1,TCF3,CDH1,SNAI2,TWIST2,SNAI1",P,15
970,"FOXC2,ZEB1,OVOL2,NP63,miR-205,ZEB2,miR-200a,TGF-beta,GSC,TWIST1,SNAI2,miR-101,SNAI1",P,13
971,"FOXC2,ZEB1,OVOL2,NP63,miR-205,ZEB2,miR-200a,TGF-beta,GSC,TWIST1,SNAI2,TWIST2,SNAI1",P,13
972,"FOXC2,ZEB1,OVOL2,NP63,miR-205,ZEB2,miR-200a,TGF-beta,GSC,TWIST1,SNAI1",P,11
973,"FOXC2,ZEB1,OVOL2,NP63,miR-205,ZEB2,miR-200a,TGF-beta,GSC,TWIST1",P,10
974,"FOXC2,ZEB1,OVOL2,NP63,miR-205,ZEB2,miR-200a,TGF-beta,GSC,TWIST1,CDH1,SNAI2,miR-101,SNAI1",P,14
975,"FOXC2,ZEB1,OVOL2,NP63,miR-205,ZEB2,miR-200a,TGF-beta,GSC,TWIST1,CDH1,SNAI2,TWIST2,SNAI1",P,14
976,"FOXC2,ZEB1,OVOL2,NP63,miR-205,ZEB2,miR-200a,TGF-beta,GSC,SNAI1,miR-101,KLF8,CDH1,SNAI2,TWIST2,TWIST1",P,16
977,"FOXC2,ZEB1,OVOL2,NP63,miR-205,ZEB2,miR-200a,TGF-beta,GSC,SNAI1,miR-34a,TWIST2,TWIST1",N,13
978,"FOXC2,ZEB1,OVOL2,NP63,miR-205,ZEB2,miR-200a,TGF-beta,GSC,SNAI1,miR-34a,SNAI2,TWIST2,TWIST1",N,14
979,"FOXC2,ZEB1,OVOL2,NP63,miR-205,ZEB2,miR-200a,TGF-beta,GSC,SNAI1,TWIST1",N,11
980,"FOXC2,ZEB1,OVOL2,NP63,miR-205,ZEB2,miR-200a,TGF-beta,GSC,SNAI1,SNAI2,TWIST2,TWIST1",P,13
981,"FOXC2,ZEB1,OVOL2,NP63,miR-205,ZEB2,miR-200a,TGF-beta,GSC,SNAI1",P,10
982,"FOXC2,ZEB1,OVOL2,NP63,miR-205,ZEB2,miR-200a,TGF-beta,GSC,SNAI1,CDH1,SNAI2,TWIST2,TWIST1",N,14
983,"FOXC2,ZEB1,OVOL2,NP63,miR-205,ZEB2,miR-200c,TGF-beta,SNAI2,miR-101,SNAI1,miR-34a,TWIST2,TWIST1",N,14
984,"FOXC2,ZEB1,OVOL2,NP63,miR-205,ZEB2,miR-200c,TGF-beta,SNAI2,miR-101,SNAI1,TWIST1",N,12
985,"FOXC2,ZEB1,OVOL2,NP63,miR-205,ZEB2,miR-200c,TGF-beta,SNAI2,miR-101,SNAI1",P,11
986,"FOXC2,ZEB1,OVOL2,NP63,miR-205,ZEB2,miR-200c,TGF-beta,SNAI2,TWIST2,TWIST1,SNAI1",P,12
987,"FOXC2,ZEB1,OVOL2,NP63,miR-205,ZEB2,miR-200c,TGF-beta,SNAI2,TWIST2,TWIST1",P,11
988,"FOXC2,ZEB1,OVOL2,NP63,miR-205,ZEB2,miR-200c,TGF-beta,SNAI2,TWIST2,SNAI1,TWIST1",N,12
989,"FOXC2,ZEB1,OVOL2,NP63,miR-205,ZEB2,miR-200c,TGF-beta,SNAI2,TWIST2,SNAI1",P,11
990,"FOXC2,ZEB1,OVOL2,NP63,miR-205,ZEB2,miR-200c,TGF-beta,SNAI1,miR-101,KLF8,CDH1,SNAI2,TWIST2,TWIST1",N,15
991,"FOXC2,ZEB1,OVOL2,NP63,miR-205,ZEB2,miR-200c,TGF-beta,SNAI1,miR-34a,TWIST2,TWIST1",P,12
992,"FOXC2,ZEB1,OVOL2,NP63,miR-205,ZEB2,miR-200c,TGF-beta,SNAI1,miR-34a,SNAI2,TWIST2,TWIST1",P,13
993,"FOXC2,ZEB1,OVOL2,NP63,miR-205,ZEB2,miR-200c,TGF-beta,SNAI1,TWIST1",P,10
994,"FOXC2,ZEB1,OVOL2,NP63,miR-205,ZEB2,miR-200c,TGF-beta,SNAI1,SNAI2,TWIST2,TWIST1",N,12
995,"FOXC2,ZEB1,OVOL2,NP63,miR-205,ZEB2,miR-200c,TGF-beta,SNAI1",N,9
996,"FOXC2,ZEB1,OVOL2,NP63,miR-205,ZEB2,miR-200c,TGF-beta,SNAI1,CDH1,SNAI2,TWIST2,TWIST1",P,13
997,"FOXC2,ZEB1,OVOL2,NP63,miR-205,ZEB2,miR-200c,TGF-beta,GSC",N,9
998,"FOXC2,ZEB1,OVOL2,NP63,miR-205,ZEB2,miR-200c,TGF-beta,GSC,TWIST1,TCF3,CDH1,SNAI2,miR-101,SNAI1",P,15
999,"FOXC2,ZEB1,OVOL2,NP63,miR-205,ZEB2,miR-200c,TGF-beta,GSC,TWIST1,TCF3,CDH1,SNAI2,TWIST2,SNAI1",P,15
1000,"FOXC2,ZEB1,OVOL2,NP63,miR-205,ZEB2,miR-200c,TGF-beta,GSC,TWIST1,SNAI2,miR-101,SNAI1",P,13
1001,"FOXC2,ZEB1,OVOL2,NP63,miR-205,ZEB2,miR-200c,TGF-beta,GSC,TWIST1,SNAI2,TWIST2,SNAI1",P,13
1002,"FOXC2,ZEB1,OVOL2,NP63,miR-205,ZEB2,miR-200c,TGF-beta,GSC,TWIST1,SNAI1",P,11
1003,"FOXC2,ZEB1,OVOL2,NP63,miR-205,ZEB2,miR-200c,TGF-beta,GSC,TWIST1",P,10
1004,"FOXC2,ZEB1,OVOL2,NP63,miR-205,ZEB2,miR-200c,TGF-beta,GSC,TWIST1,CDH1,SNAI2,miR-101,SNAI1",P,14
1005,"FOXC2,ZEB1,OVOL2,NP63,miR-205,ZEB2,miR-200c,TGF-beta,GSC,TWIST1,CDH1,SNAI2,TWIST2,SNAI1",P,14
1006,"FOXC2,ZEB1,OVOL2,NP63,miR-205,ZEB2,miR-200c,TGF-beta,GSC,SNAI1,miR-101,KLF8,CDH1,SNAI2,TWIST2,TWIST1",P,16
1007,"FOXC2,ZEB1,OVOL2,NP63,miR-205,ZEB2,miR-200c,TGF-beta,GSC,SNAI1,miR-34a,TWIST2,TWIST1",N,13
1008,"FOXC2,ZEB1,OVOL2,NP63,miR-205,ZEB2,miR-200c,TGF-beta,GSC,SNAI1,miR-34a,SNAI2,TWIST2,TWIST1",N,14
1009,"FOXC2,ZEB1,OVOL2,NP63,miR-205,ZEB2,miR-200c,TGF-beta,GSC,SNAI1,TWIST1",N,11
1010,"FOXC2,ZEB1,OVOL2,NP63,miR-205,ZEB2,miR-200c,TGF-beta,GSC,SNAI1,SNAI2,TWIST2,TWIST1",P,13
1011,"FOXC2,ZEB1,OVOL2,NP63,miR-205,ZEB2,miR-200c,TGF-beta,GSC,SNAI1",P,10
1012,"FOXC2,ZEB1,OVOL2,NP63,miR-205,ZEB2,miR-200c,TGF-beta,GSC,SNAI1,CDH1,SNAI2,TWIST2,TWIST1",N,14
1013,"FOXC2,ZEB1,OVOL2,NP63,miR-205,ZEB2,miR-200b,TGF-beta,SNAI2,miR-101,SNAI1,miR-34a,TWIST2,TWIST1",P,14
1014,"FOXC2,ZEB1,OVOL2,NP63,miR-205,ZEB2,miR-200b,TGF-beta,SNAI2,miR-101,SNAI1,TWIST1",P,12
1015,"FOXC2,ZEB1,OVOL2,NP63,miR-205,ZEB2,miR-200b,TGF-beta,SNAI2,miR-101,SNAI1",N,11
1016,"FOXC2,ZEB1,OVOL2,NP63,miR-205,ZEB2,miR-200b,TGF-beta,SNAI2,TWIST2,TWIST1,SNAI1",N,12
1017,"FOXC2,ZEB1,OVOL2,NP63,miR-205,ZEB2,miR-200b,TGF-beta,SNAI2,TWIST2,TWIST1",N,11
1018,"FOXC2,ZEB1,OVOL2,NP63,miR-205,ZEB2,miR-200b,TGF-beta,SNAI2,TWIST2,SNAI1,TWIST1",P,12
1019,"FOXC2,ZEB1,OVOL2,NP63,miR-205,ZEB2,miR-200b,TGF-beta,SNAI2,TWIST2,SNAI1",N,11
1020,"FOXC2,ZEB1,OVOL2,NP63,miR-205,ZEB2,miR-200b,TGF-beta,SNAI1,miR-101,KLF8,CDH1,SNAI2,TWIST2,TWIST1",P,15
1021,"FOXC2,ZEB1,OVOL2,NP63,miR-205,ZEB2,miR-200b,TGF-beta,SNAI1,miR-34a,TWIST2,TWIST1",N,12
1022,"FOXC2,ZEB1,OVOL2,NP63,miR-205,ZEB2,miR-200b,TGF-beta,SNAI1,miR-34a,SNAI2,TWIST2,TWIST1",N,13
1023,"FOXC2,ZEB1,OVOL2,NP63,miR-205,ZEB2,miR-200b,TGF-beta,SNAI1,TWIST1",N,10
1024,"FOXC2,ZEB1,OVOL2,NP63,miR-205,ZEB2,miR-200b,TGF-beta,SNAI1,SNAI2,TWIST2,TWIST1",P,12
1025,"FOXC2,ZEB1,OVOL2,NP63,miR-205,ZEB2,miR-200b,TGF-beta,SNAI1",P,9
1026,"FOXC2,ZEB1,OVOL2,NP63,miR-205,ZEB2,miR-200b,TGF-beta,SNAI1,CDH1,SNAI2,TWIST2,TWIST1",N,13
1027,"FOXC2,ZEB1,OVOL2,NP63,miR-205,ZEB2,miR-200b,TGF-beta,GSC",P,9
1028,"FOXC2,ZEB1,OVOL2,NP63,miR-205,ZEB2,miR-200b,TGF-beta,GSC,TWIST1,TCF3,CDH1,SNAI2,miR-101,SNAI1",N,15
1029,"FOXC2,ZEB1,OVOL2,NP63,miR-205,ZEB2,miR-200b,TGF-beta,GSC,TWIST1,TCF3,CDH1,SNAI2,TWIST2,SNAI1",N,15
1030,"FOXC2,ZEB1,OVOL2,NP63,miR-205,ZEB2,miR-200b,TGF-beta,GSC,TWIST1,SNAI2,miR-101,SNAI1",N,13
1031,"FOXC2,ZEB1,OVOL2,NP63,miR-205,ZEB2,miR-200b,TGF-beta,GSC,TWIST1,SNAI2,TWIST2,SNAI1",N,13
1032,"FOXC2,ZEB1,OVOL2,NP63,miR-205,ZEB2,miR-200b,TGF-beta,GSC,TWIST1,SNAI1",N,11
1033,"FOXC2,ZEB1,OVOL2,NP63,miR-205,ZEB2,miR-200b,TGF-beta,GSC,TWIST1",N,10
1034,"FOXC2,ZEB1,OVOL2,NP63,miR-205,ZEB2,miR-200b,TGF-beta,GSC,TWIST1,CDH1,SNAI2,miR-101,SNAI1",N,14
1035,"FOXC2,ZEB1,OVOL2,NP63,miR-205,ZEB2,miR-200b,TGF-beta,GSC,TWIST1,CDH1,SNAI2,TWIST2,SNAI1",N,14
1036,"FOXC2,ZEB1,OVOL2,NP63,miR-205,ZEB2,miR-200b,TGF-beta,GSC,SNAI1,miR-101,KLF8,CDH1,SNAI2,TWIST2,TWIST1",N,16
1037,"FOXC2,ZEB1,OVOL2,NP63,miR-205,ZEB2,miR-200b,TGF-beta,GSC,SNAI1,miR-34a,TWIST2,TWIST1",P,13
1038,"FOXC2,ZEB1,OVOL2,NP63,miR-205,ZEB2,miR-200b,TGF-beta,GSC,SNAI1,miR-34a,SNAI2,TWIST2,TWIST1",P,14
1039,"FOXC2,ZEB1,OVOL2,NP63,miR-205,ZEB2,miR-200b,TGF-beta,GSC,SNAI1,TWIST1",P,11
1040,"FOXC2,ZEB1,OVOL2,NP63,miR-205,ZEB2,miR-200b,TGF-beta,GSC,SNAI1,SNAI2,TWIST2,TWIST1",N,13
1041,"FOXC2,ZEB1,OVOL2,NP63,miR-205,ZEB2,miR-200b,TGF-beta,GSC,SNAI1",N,10
1042,"FOXC2,ZEB1,OVOL2,NP63,miR-205,ZEB2,miR-200b,TGF-beta,GSC,SNAI1,CDH1,SNAI2,TWIST2,TWIST1",P,14
1043,"FOXC2,ZEB1,OVOL2,NP63,miR-205,ZEB2,CDH1,SNAI2,miR-200b,TGF-beta,SNAI1,miR-34a,TWIST2,TWIST1",P,14
1044,"FOXC2,ZEB1,OVOL2,NP63,miR-205,ZEB2,CDH1,SNAI2,miR-200b,TGF-beta,SNAI1,TWIST1",P,12
1045,"FOXC2,ZEB1,OVOL2,NP63,miR-205,ZEB2,CDH1,SNAI2,miR-200b,TGF-beta,SNAI1",N,11
1046,"FOXC2,ZEB1,OVOL2,NP63,miR-205,ZEB2,CDH1,SNAI2,miR-200b,TGF-beta,GSC",N,11
1047,"FOXC2,ZEB1,OVOL2,NP63,miR-205,ZEB2,CDH1,SNAI2,miR-200b,TGF-beta,GSC,TWIST1,SNAI1",P,13
1048,"FOXC2,ZEB1,OVOL2,NP63,miR-205,ZEB2,CDH1,SNAI2,miR-200b,TGF-beta,GSC,TWIST1",P,12
1049,"FOXC2,ZEB1,OVOL2,NP63,miR-205,ZEB2,CDH1,SNAI2,miR-200b,TGF-beta,GSC,SNAI1,miR-34a,TWIST2,TWIST1",N,15
1050,"FOXC2,ZEB1,OVOL2,NP63,miR-205,ZEB2,CDH1,SNAI2,miR-200b,TGF-beta,GSC,SNAI1,TWIST1",N,13
1051,"FOXC2,ZEB1,OVOL2,NP63,miR-205,ZEB2,CDH1,SNAI2,miR-200b,TGF-beta,GSC,SNAI1",P,12
1052,"FOXC2,ZEB1,OVOL2,NP63,miR-205,ZEB2,CDH1,SNAI2,miR-101,SNAI1,miR-34a,TWIST2,TWIST1",P,13
1053,"FOXC2,ZEB1,OVOL2,NP63,miR-205,ZEB2,CDH1,SNAI2,miR-101,SNAI1,TWIST1",P,11
1054,"FOXC2,ZEB1,OVOL2,NP63,miR-205,ZEB2,CDH1,SNAI2,miR-101,SNAI1",N,10
1055,"FOXC2,ZEB1,OVOL2,NP63,miR-205,ZEB2,CDH1,SNAI2,TWIST2,TWIST1,SNAI1",N,11
1056,"FOXC2,ZEB1,OVOL2,NP63,miR-205,ZEB2,CDH1,SNAI2,TWIST2,TWIST1",N,10
1057,"FOXC2,ZEB1,OVOL2,NP63,miR-205,ZEB2,CDH1,SNAI2,TWIST2,SNAI1,TWIST1",P,11
1058,"FOXC2,ZEB1,OVOL2,NP63,miR-205,ZEB2,CDH1,SNAI2,TWIST2,SNAI1",N,10
1059,"FOXC2,ZEB1,OVOL2,NP63,SNAI2,miR-200b,TGF-beta,SNAI1,miR-34a,TWIST2,TWIST1",N,11
1060,"FOXC2,ZEB1,OVOL2,NP63,SNAI2,miR-200b,TGF-beta,SNAI1,TWIST1",N,9
1061,"FOXC2,ZEB1,OVOL2,NP63,SNAI2,miR-200b,TGF-beta,SNAI1",P,8
1062,"FOXC2,ZEB1,OVOL2,NP63,SNAI2,miR-200b,TGF-beta,GSC",P,8
1063,"FOXC2,ZEB1,OVOL2,NP63,SNAI2,miR-200b,TGF-beta,GSC,TWIST1,SNAI1",N,10
1064,"FOXC2,ZEB1,OVOL2,NP63,SNAI2,miR-200b,TGF-beta,GSC,TWIST1",N,9
1065,"FOXC2,ZEB1,OVOL2,NP63,SNAI2,miR-200b,TGF-beta,GSC,SNAI1,miR-34a,TWIST2,TWIST1",P,12
1066,"FOXC2,ZEB1,OVOL2,NP63,SNAI2,miR-200b,TGF-beta,GSC,SNAI1,TWIST1",P,10
1067,"FOXC2,ZEB1,OVOL2,NP63,SNAI2,miR-200b,TGF-beta,GSC,SNAI1",N,9
1068,"FOXC2,ZEB1,OVOL2,NP63,SNAI2,miR-200b,ZEB2,miR-200a,TGF-beta,SNAI1,miR-34a,TWIST2,TWIST1",P,13
1069,"FOXC2,ZEB1,OVOL2,NP63,SNAI2,miR-200b,ZEB2,miR-200a,TGF-beta,SNAI1,TWIST1",P,11
1070,"FOXC2,ZEB1,OVOL2,NP63,SNAI2,miR-200b,ZEB2,miR-200a,TGF-beta,SNAI1",N,10
1071,"FOXC2,ZEB1,OVOL2,NP63,SNAI2,miR-200b,ZEB2,miR-200a,TGF-beta,GSC",N,10
1072,"FOXC2,ZEB1,OVOL2,NP63,SNAI2,miR-200b,ZEB2,miR-200a,TGF-beta,GSC,TWIST1,SNAI1",P,12
1073,"FOXC2,ZEB1,OVOL2,NP63,SNAI2,miR-200b,ZEB2,miR-200a,TGF-beta,GSC,TWIST1",P,11
1074,"FOXC2,ZEB1,OVOL2,NP63,SNAI2,miR-200b,ZEB2,miR-200a,TGF-beta,GSC,SNAI1,miR-34a,TWIST2,TWIST1",N,14
1075,"FOXC2,ZEB1,OVOL2,NP63,SNAI2,miR-200b,ZEB2,miR-200a,TGF-beta,GSC,SNAI1,TWIST1",N,12
1076,"FOXC2,ZEB1,OVOL2,NP63,SNAI2,miR-200b,ZEB2,miR-200a,TGF-beta,GSC,SNAI1",P,11
1077,"FOXC2,ZEB1,OVOL2,NP63,SNAI2,miR-200b,ZEB2,miR-200c,TGF-beta,SNAI1,miR-34a,TWIST2,TWIST1",P,13
1078,"FOXC2,ZEB1,OVOL2,NP63,SNAI2,miR-200b,ZEB2,miR-200c,TGF-beta,SNAI1,TWIST1",P,11
1079,"FOXC2,ZEB1,OVOL2,NP63,SNAI2,miR-200b,ZEB2,miR-200c,TGF-beta,SNAI1",N,10
1080,"FOXC2,ZEB1,OVOL2,NP63,SNAI2,miR-200b,ZEB2,miR-200c,TGF-beta,GSC",N,10
1081,"FOXC2,ZEB1,OVOL2,NP63,SNAI2,miR-200b,ZEB2,miR-200c,TGF-beta,GSC,TWIST1,SNAI1",P,12
1082,"FOXC2,ZEB1,OVOL2,NP63,SNAI2,miR-200b,ZEB2,miR-200c,TGF-beta,GSC,TWIST1",P,11
1083,"FOXC2,ZEB1,OVOL2,NP63,SNAI2,miR-200b,ZEB2,miR-200c,TGF-beta,GSC,SNAI1,miR-34a,TWIST2,TWIST1",N,14
1084,"FOXC2,ZEB1,OVOL2,NP63,SNAI2,miR-200b,ZEB2,miR-200c,TGF-beta,GSC,SNAI1,TWIST1",N,12
1085,"FOXC2,ZEB1,OVOL2,NP63,SNAI2,miR-200b,ZEB2,miR-200c,TGF-beta,GSC,SNAI1",P,11
1086,"FOXC2,ZEB1,OVOL2,NP63,SNAI2,miR-101,SNAI1,miR-34a,TWIST2,ZEB2,miR-200a,TGF-beta,GSC",P,13
1087,"FOXC2,ZEB1,OVOL2,NP63,SNAI2,miR-101,SNAI1,miR-34a,TWIST2,ZEB2,miR-200a,TGF-beta,GSC,TWIST1",N,14
1088,"FOXC2,ZEB1,OVOL2,NP63,SNAI2,miR-101,SNAI1,miR-34a,TWIST2,ZEB2,miR-200c,TGF-beta,GSC",P,13
1089,"FOXC2,ZEB1,OVOL2,NP63,SNAI2,miR-101,SNAI1,miR-34a,TWIST2,ZEB2,miR-200c,TGF-beta,GSC,TWIST1",N,14
1090,"FOXC2,ZEB1,OVOL2,NP63,SNAI2,miR-101,SNAI1,miR-34a,TWIST2,ZEB2,miR-200b,TGF-beta,GSC",N,13
1091,"FOXC2,ZEB1,OVOL2,NP63,SNAI2,miR-101,SNAI1,miR-34a,TWIST2,ZEB2,miR-200b,TGF-beta,GSC,TWIST1",P,14
1092,"FOXC2,ZEB1,OVOL2,NP63,SNAI2,miR-101,SNAI1,miR-34a,TWIST2,TWIST1,ZEB2,miR-200a,TGF-beta,GSC",N,14
1093,"FOXC2,ZEB1,OVOL2,NP63,SNAI2,miR-101,SNAI1,miR-34a,TWIST2,TWIST1,ZEB2,miR-200c,TGF-beta,GSC",N,14
1094,"FOXC2,ZEB1,OVOL2,NP63,SNAI2,miR-101,SNAI1,miR-34a,TWIST2,TWIST1,ZEB2,miR-200b,TGF-beta,GSC",P,14
1095,"FOXC2,ZEB1,OVOL2,NP63,SNAI2,miR-101,SNAI1,miR-34a,TWIST2,TWIST1",N,10
1096,"FOXC2,ZEB1,OVOL2,NP63,SNAI2,miR-101,SNAI1,ZEB2,miR-200a,TGF-beta,GSC",P,11
1097,"FOXC2,ZEB1,OVOL2,NP63,SNAI2,miR-101,SNAI1,ZEB2,miR-200a,TGF-beta,GSC,TWIST1",N,12
1098,"FOXC2,ZEB1,OVOL2,NP63,SNAI2,miR-101,SNAI1,ZEB2,miR-200c,TGF-beta,GSC",P,11
1099,"FOXC2,ZEB1,OVOL2,NP63,SNAI2,miR-101,SNAI1,ZEB2,miR-200c,TGF-beta,GSC,TWIST1",N,12
1100,"FOXC2,ZEB1,OVOL2,NP63,SNAI2,miR-101,SNAI1,ZEB2,miR-200b,TGF-beta,GSC",N,11
1101,"FOXC2,ZEB1,OVOL2,NP63,SNAI2,miR-101,SNAI1,ZEB2,miR-200b,TGF-beta,GSC,TWIST1",P,12
1102,"FOXC2,ZEB1,OVOL2,NP63,SNAI2,miR-101,SNAI1,TWIST1,ZEB2,miR-200a,TGF-beta,GSC",N,12
1103,"FOXC2,ZEB1,OVOL2,NP63,SNAI2,miR-101,SNAI1,TWIST1,ZEB2,miR-200c,TGF-beta,GSC",N,12
1104,"FOXC2,ZEB1,OVOL2,NP63,SNAI2,miR-101,SNAI1,TWIST1,ZEB2,miR-200b,TGF-beta,GSC",P,12
1105,"FOXC2,ZEB1,OVOL2,NP63,SNAI2,miR-101,SNAI1,TWIST1",N,8
1106,"FOXC2,ZEB1,OVOL2,NP63,SNAI2,miR-101,SNAI1",P,7
1107,"FOXC2,ZEB1,OVOL2,NP63,SNAI2,miR-101,ZEB2,miR-200a,TGF-beta,SNAI1,miR-34a,TWIST2,TWIST1",P,13
1108,"FOXC2,ZEB1,OVOL2,NP63,SNAI2,miR-101,ZEB2,miR-200a,TGF-beta,SNAI1,TWIST1",P,11
1109,"FOXC2,ZEB1,OVOL2,NP63,SNAI2,miR-101,ZEB2,miR-200a,TGF-beta,SNAI1",N,10
1110,"FOXC2,ZEB1,OVOL2,NP63,SNAI2,miR-101,ZEB2,miR-200a,TGF-beta,GSC",N,10
1111,"FOXC2,ZEB1,OVOL2,NP63,SNAI2,miR-101,ZEB2,miR-200a,TGF-beta,GSC,TWIST1,SNAI1",P,12
1112,"FOXC2,ZEB1,OVOL2,NP63,SNAI2,miR-101,ZEB2,miR-200a,TGF-beta,GSC,TWIST1",P,11
1113,"FOXC2,ZEB1,OVOL2,NP63,SNAI2,miR-101,ZEB2,miR-200a,TGF-beta,GSC,SNAI1,miR-34a,TWIST2,TWIST1",N,14
1114,"FOXC2,ZEB1,OVOL2,NP63,SNAI2,miR-101,ZEB2,miR-200a,TGF-beta,GSC,SNAI1,TWIST1",N,12
1115,"FOXC2,ZEB1,OVOL2,NP63,SNAI2,miR-101,ZEB2,miR-200a,TGF-beta,GSC,SNAI1",P,11
1116,"FOXC2,ZEB1,OVOL2,NP63,SNAI2,miR-101,ZEB2,miR-200c,TGF-beta,SNAI1,miR-34a,TWIST2,TWIST1",P,13
1117,"FOXC2,ZEB1,OVOL2,NP63,SNAI2,miR-101,ZEB2,miR-200c,TGF-beta,SNAI1,TWIST1",P,11
1118,"FOXC2,ZEB1,OVOL2,NP63,SNAI2,miR-101,ZEB2,miR-200c,TGF-beta,SNAI1",N,10
1119,"FOXC2,ZEB1,OVOL2,NP63,SNAI2,miR-101,ZEB2,miR-200c,TGF-beta,GSC",N,10
1120,"FOXC2,ZEB1,OVOL2,NP63,SNAI2,miR-101,ZEB2,miR-200c,TGF-beta,GSC,TWIST1,SNAI1",P,12
1121,"FOXC2,ZEB1,OVOL2,NP63,SNAI2,miR-101,ZEB2,miR-200c,TGF-beta,GSC,TWIST1",P,11
1122,"FOXC2,ZEB1,OVOL2,NP63,SNAI2,miR-101,ZEB2,miR-200c,TGF-beta,GSC,SNAI1,miR-34a,TWIST2,TWIST1",N,14
1123,"FOXC2,ZEB1,OVOL2,NP63,SNAI2,miR-101,ZEB2,miR-200c,TGF-beta,GSC,SNAI1,TWIST1",N,12
1124,"FOXC2,ZEB1,OVOL2,NP63,SNAI2,miR-101,ZEB2,miR-200c,TGF-beta,GSC,SNAI1",P,11
1125,"FOXC2,ZEB1,OVOL2,NP63,SNAI2,miR-101,ZEB2,miR-200b,TGF-beta,SNAI1,miR-34a,TWIST2,TWIST1",N,13
1126,"FOXC2,ZEB1,OVOL2,NP63,SNAI2,miR-101,ZEB2,miR-200b,TGF-beta,SNAI1,TWIST1",N,11
1127,"FOXC2,ZEB1,OVOL2,NP63,SNAI2,miR-101,ZEB2,miR-200b,TGF-beta,SNAI1",P,10
1128,"FOXC2,ZEB1,OVOL2,NP63,SNAI2,miR-101,ZEB2,miR-200b,TGF-beta,GSC",P,10
1129,"FOXC2,ZEB1,OVOL2,NP63,SNAI2,miR-101,ZEB2,miR-200b,TGF-beta,GSC,TWIST1,SNAI1",N,12
1130,"FOXC2,ZEB1,OVOL2,NP63,SNAI2,miR-101,ZEB2,miR-200b,TGF-beta,GSC,TWIST1",N,11
1131,"FOXC2,ZEB1,OVOL2,NP63,SNAI2,miR-101,ZEB2,miR-200b,TGF-beta,GSC,SNAI1,miR-34a,TWIST2,TWIST1",P,14
1132,"FOXC2,ZEB1,OVOL2,NP63,SNAI2,miR-101,ZEB2,miR-200b,TGF-beta,GSC,SNAI1,TWIST1",P,12
1133,"FOXC2,ZEB1,OVOL2,NP63,SNAI2,miR-101,ZEB2,miR-200b,TGF-beta,GSC,SNAI1",N,11
1134,"FOXC2,ZEB1,OVOL2,NP63,SNAI2,TWIST2,ZEB2,miR-200a,TGF-beta,SNAI1,TWIST1",P,11
1135,"FOXC2,ZEB1,OVOL2,NP63,SNAI2,TWIST2,ZEB2,miR-200a,TGF-beta,SNAI1",N,10
1136,"FOXC2,ZEB1,OVOL2,NP63,SNAI2,TWIST2,ZEB2,miR-200a,TGF-beta,GSC",N,10
1137,"FOXC2,ZEB1,OVOL2,NP63,SNAI2,TWIST2,ZEB2,miR-200a,TGF-beta,GSC,TWIST1,SNAI1",P,12
1138,"FOXC2,ZEB1,OVOL2,NP63,SNAI2,TWIST2,ZEB2,miR-200a,TGF-beta,GSC,TWIST1",P,11
1139,"FOXC2,ZEB1,OVOL2,NP63,SNAI2,TWIST2,ZEB2,miR-200a,TGF-beta,GSC,SNAI1,TWIST1",N,12
1140,"FOXC2,ZEB1,OVOL2,NP63,SNAI2,TWIST2,ZEB2,miR-200a,TGF-beta,GSC,SNAI1",P,11
1141,"FOXC2,ZEB1,OVOL2,NP63,SNAI2,TWIST2,ZEB2,miR-200c,TGF-beta,SNAI1,TWIST1",P,11
1142,"FOXC2,ZEB1,OVOL2,NP63,SNAI2,TWIST2,ZEB2,miR-200c,TGF-beta,SNAI1",N,10
1143,"FOXC2,ZEB1,OVOL2,NP63,SNAI2,TWIST2,ZEB2,miR-200c,TGF-beta,GSC",N,10
1144,"FOXC2,ZEB1,OVOL2,NP63,SNAI2,TWIST2,ZEB2,miR-200c,TGF-beta,GSC,TWIST1,SNAI1",P,12
1145,"FOXC2,ZEB1,OVOL2,NP63,SNAI2,TWIST2,ZEB2,miR-200c,TGF-beta,GSC,TWIST1",P,11
1146,"FOXC2,ZEB1,OVOL2,NP63,SNAI2,TWIST2,ZEB2,miR-200c,TGF-beta,GSC,SNAI1,TWIST1",N,12
1147,"FOXC2,ZEB1,OVOL2,NP63,SNAI2,TWIST2,ZEB2,miR-200c,TGF-beta,GSC,SNAI1",P,11
1148,"FOXC2,ZEB1,OVOL2,NP63,SNAI2,TWIST2,ZEB2,miR-200b,TGF-beta,SNAI1,TWIST1",N,11
1149,"FOXC2,ZEB1,OVOL2,NP63,SNAI2,TWIST2,ZEB2,miR-200b,TGF-beta,SNAI1",P,10
1150,"FOXC2,ZEB1,OVOL2,NP63,SNAI2,TWIST2,ZEB2,miR-200b,TGF-beta,GSC",P,10
1151,"FOXC2,ZEB1,OVOL2,NP63,SNAI2,TWIST2,ZEB2,miR-200b,TGF-beta,GSC,TWIST1,SNAI1",N,12
1152,"FOXC2,ZEB1,OVOL2,NP63,SNAI2,TWIST2,ZEB2,miR-200b,TGF-beta,GSC,TWIST1",N,11
1153,"FOXC2,ZEB1,OVOL2,NP63,SNAI2,TWIST2,ZEB2,miR-200b,TGF-beta,GSC,SNAI1,TWIST1",P,12
1154,"FOXC2,ZEB1,OVOL2,NP63,SNAI2,TWIST2,ZEB2,miR-200b,TGF-beta,GSC,SNAI1",N,11
1155,"FOXC2,ZEB1,OVOL2,NP63,SNAI2,TWIST2,TWIST1,ZEB2,miR-200a,TGF-beta,SNAI1",P,11
1156,"FOXC2,ZEB1,OVOL2,NP63,SNAI2,TWIST2,TWIST1,ZEB2,miR-200a,TGF-beta,GSC",P,11
1157,"FOXC2,ZEB1,OVOL2,NP63,SNAI2,TWIST2,TWIST1,ZEB2,miR-200a,TGF-beta,GSC,SNAI1",N,12
1158,"FOXC2,ZEB1,OVOL2,NP63,SNAI2,TWIST2,TWIST1,ZEB2,miR-200c,TGF-beta,SNAI1",P,11
1159,"FOXC2,ZEB1,OVOL2,NP63,SNAI2,TWIST2,TWIST1,ZEB2,miR-200c,TGF-beta,GSC",P,11
1160,"FOXC2,ZEB1,OVOL2,NP63,SNAI2,TWIST2,TWIST1,ZEB2,miR-200c,TGF-beta,GSC,SNAI1",N,12
1161,"FOXC2,ZEB1,OVOL2,NP63,SNAI2,TWIST2,TWIST1,ZEB2,miR-200b,TGF-beta,SNAI1",N,11
1162,"FOXC2,ZEB1,OVOL2,NP63,SNAI2,TWIST2,TWIST1,ZEB2,miR-200b,TGF-beta,GSC",N,11
1163,"FOXC2,ZEB1,OVOL2,NP63,SNAI2,TWIST2,TWIST1,ZEB2,miR-200b,TGF-beta,GSC,SNAI1",P,12
1164,"FOXC2,ZEB1,OVOL2,NP63,SNAI2,TWIST2,TWIST1,SNAI1,miR-101,ZEB2,miR-200a,TGF-beta,GSC",N,13
1165,"FOXC2,ZEB1,OVOL2,NP63,SNAI2,TWIST2,TWIST1,SNAI1,miR-101,ZEB2,miR-200c,TGF-beta,GSC",N,13
1166,"FOXC2,ZEB1,OVOL2,NP63,SNAI2,TWIST2,TWIST1,SNAI1,miR-101,ZEB2,miR-200b,TGF-beta,GSC",P,13
1167,"FOXC2,ZEB1,OVOL2,NP63,SNAI2,TWIST2,TWIST1,SNAI1,ZEB2,miR-200a,TGF-beta,GSC",P,12
1168,"FOXC2,ZEB1,OVOL2,NP63,SNAI2,TWIST2,TWIST1,SNAI1,ZEB2,miR-200c,TGF-beta,GSC",P,12
1169,"FOXC2,ZEB1,OVOL2,NP63,SNAI2,TWIST2,TWIST1,SNAI1,ZEB2,miR-200b,TGF-beta,GSC",N,12
1170,"FOXC2,ZEB1,OVOL2,NP63,SNAI2,TWIST2,TWIST1,SNAI1",P,8
1171,"FOXC2,ZEB1,OVOL2,NP63,SNAI2,TWIST2,TWIST1",P,7
1172,"FOXC2,ZEB1,OVOL2,NP63,SNAI2,TWIST2,SNAI1,miR-101,ZEB2,miR-200a,TGF-beta,GSC",N,12
1173,"FOXC2,ZEB1,OVOL2,NP63,SNAI2,TWIST2,SNAI1,miR-101,ZEB2,miR-200a,TGF-beta,GSC,TWIST1",P,13
1174,"FOXC2,ZEB1,OVOL2,NP63,SNAI2,TWIST2,SNAI1,miR-101,ZEB2,miR-200c,TGF-beta,GSC",N,12
1175,"FOXC2,ZEB1,OVOL2,NP63,SNAI2,TWIST2,SNAI1,miR-101,ZEB2,miR-200c,TGF-beta,GSC,TWIST1",P,13
1176,"FOXC2,ZEB1,OVOL2,NP63,SNAI2,TWIST2,SNAI1,miR-101,ZEB2,miR-200b,TGF-beta,GSC",P,12
1177,"FOXC2,ZEB1,OVOL2,NP63,SNAI2,TWIST2,SNAI1,miR-101,ZEB2,miR-200b,TGF-beta,GSC,TWIST1",N,13
1178,"FOXC2,ZEB1,OVOL2,NP63,SNAI2,TWIST2,SNAI1,ZEB2,miR-200a,TGF-beta,GSC",P,11
1179,"FOXC2,ZEB1,OVOL2,NP63,SNAI2,TWIST2,SNAI1,ZEB2,miR-200a,TGF-beta,GSC,TWIST1",N,12
1180,"FOXC2,ZEB1,OVOL2,NP63,SNAI2,TWIST2,SNAI1,ZEB2,miR-200c,TGF-beta,GSC",P,11
1181,"FOXC2,ZEB1,OVOL2,NP63,SNAI2,TWIST2,SNAI1,ZEB2,miR-200c,TGF-beta,GSC,TWIST1",N,12
1182,"FOXC2,ZEB1,OVOL2,NP63,SNAI2,TWIST2,SNAI1,ZEB2,miR-200b,TGF-beta,GSC",N,11
1183,"FOXC2,ZEB1,OVOL2,NP63,SNAI2,TWIST2,SNAI1,ZEB2,miR-200b,TGF-beta,GSC,TWIST1",P,12
1184,"FOXC2,ZEB1,OVOL2,NP63,SNAI2,TWIST2,SNAI1,TWIST1,ZEB2,miR-200a,TGF-beta,GSC",N,12
1185,"FOXC2,ZEB1,OVOL2,NP63,SNAI2,TWIST2,SNAI1,TWIST1,ZEB2,miR-200c,TGF-beta,GSC",N,12
1186,"FOXC2,ZEB1,OVOL2,NP63,SNAI2,TWIST2,SNAI1,TWIST1,ZEB2,miR-200b,TGF-beta,GSC",P,12
1187,"FOXC2,ZEB1,OVOL2,NP63,SNAI2,TWIST2,SNAI1,TWIST1",N,8
1188,"FOXC2,ZEB1,OVOL2,NP63,SNAI2,TWIST2,SNAI1",P,7
1189,"FOXC2,ZEB1,OVOL2,SNAI2,miR-200b,TGF-beta,SNAI1,miR-34a,TWIST2,TWIST1",N,10
1190,"FOXC2,ZEB1,OVOL2,SNAI2,miR-200b,TGF-beta,SNAI1,TWIST1",N,8
1191,"FOXC2,ZEB1,OVOL2,SNAI2,miR-200b,TGF-beta,SNAI1",P,7
1192,"FOXC2,ZEB1,OVOL2,SNAI2,miR-200b,TGF-beta,GSC",P,7
1193,"FOXC2,ZEB1,OVOL2,SNAI2,miR-200b,TGF-beta,GSC,TWIST1,SNAI1",N,9
1194,"FOXC2,ZEB1,OVOL2,SNAI2,miR-200b,TGF-beta,GSC,TWIST1",N,8
1195,"FOXC2,ZEB1,OVOL2,SNAI2,miR-200b,TGF-beta,GSC,SNAI1,miR-34a,TWIST2,TWIST1",P,11
1196,"FOXC2,ZEB1,OVOL2,SNAI2,miR-200b,TGF-beta,GSC,SNAI1,TWIST1",P,9
1197,"FOXC2,ZEB1,OVOL2,SNAI2,miR-200b,TGF-beta,GSC,SNAI1",N,8
1198,"FOXC2,ZEB1,OVOL2,SNAI2,miR-200b,ZEB2,miR-200a,TGF-beta,SNAI1,miR-34a,TWIST2,TWIST1",P,12
1199,"FOXC2,ZEB1,OVOL2,SNAI2,miR-200b,ZEB2,miR-200a,TGF-beta,SNAI1,TWIST1",P,10
1200,"FOXC2,ZEB1,OVOL2,SNAI2,miR-200b,ZEB2,miR-200a,TGF-beta,SNAI1",N,9
1201,"FOXC2,ZEB1,OVOL2,SNAI2,miR-200b,ZEB2,miR-200a,TGF-beta,GSC",N,9
1202,"FOXC2,ZEB1,OVOL2,SNAI2,miR-200b,ZEB2,miR-200a,TGF-beta,GSC,TWIST1,SNAI1",P,11
1203,"FOXC2,ZEB1,OVOL2,SNAI2,miR-200b,ZEB2,miR-200a,TGF-beta,GSC,TWIST1",P,10
1204,"FOXC2,ZEB1,OVOL2,SNAI2,miR-200b,ZEB2,miR-200a,TGF-beta,GSC,SNAI1,miR-34a,TWIST2,TWIST1",N,13
1205,"FOXC2,ZEB1,OVOL2,SNAI2,miR-200b,ZEB2,miR-200a,TGF-beta,GSC,SNAI1,TWIST1",N,11
1206,"FOXC2,ZEB1,OVOL2,SNAI2,miR-200b,ZEB2,miR-200a,TGF-beta,GSC,SNAI1",P,10
1207,"FOXC2,ZEB1,OVOL2,SNAI2,miR-200b,ZEB2,miR-200c,TGF-beta,SNAI1,miR-34a,TWIST2,TWIST1",P,12
1208,"FOXC2,ZEB1,OVOL2,SNAI2,miR-200b,ZEB2,miR-200c,TGF-beta,SNAI1,TWIST1",P,10
1209,"FOXC2,ZEB1,OVOL2,SNAI2,miR-200b,ZEB2,miR-200c,TGF-beta,SNAI1",N,9
1210,"FOXC2,ZEB1,OVOL2,SNAI2,miR-200b,ZEB2,miR-200c,TGF-beta,GSC",N,9
1211,"FOXC2,ZEB1,OVOL2,SNAI2,miR-200b,ZEB2,miR-200c,TGF-beta,GSC,TWIST1,SNAI1",P,11
1212,"FOXC2,ZEB1,OVOL2,SNAI2,miR-200b,ZEB2,miR-200c,TGF-beta,GSC,TWIST1",P,10
1213,"FOXC2,ZEB1,OVOL2,SNAI2,miR-200b,ZEB2,miR-200c,TGF-beta,GSC,SNAI1,miR-34a,TWIST2,TWIST1",N,13
1214,"FOXC2,ZEB1,OVOL2,SNAI2,miR-200b,ZEB2,miR-200c,TGF-beta,GSC,SNAI1,TWIST1",N,11
1215,"FOXC2,ZEB1,OVOL2,SNAI2,miR-200b,ZEB2,miR-200c,TGF-beta,GSC,SNAI1",P,10
1216,"FOXC2,ZEB1,OVOL2,SNAI2,miR-101,SNAI1,miR-34a,TWIST2,ZEB2,miR-200a,TGF-beta,GSC",P,12
1217,"FOXC2,ZEB1,OVOL2,SNAI2,miR-101,SNAI1,miR-34a,TWIST2,ZEB2,miR-200a,TGF-beta,GSC,TWIST1",N,13
1218,"FOXC2,ZEB1,OVOL2,SNAI2,miR-101,SNAI1,miR-34a,TWIST2,ZEB2,miR-200c,TGF-beta,GSC",P,12
1219,"FOXC2,ZEB1,OVOL2,SNAI2,miR-101,SNAI1,miR-34a,TWIST2,ZEB2,miR-200c,TGF-beta,GSC,TWIST1",N,13
1220,"FOXC2,ZEB1,OVOL2,SNAI2,miR-101,SNAI1,miR-34a,TWIST2,ZEB2,miR-200b,TGF-beta,GSC",N,12
1221,"FOXC2,ZEB1,OVOL2,SNAI2,miR-101,SNAI1,miR-34a,TWIST2,ZEB2,miR-200b,TGF-beta,GSC,TWIST1",P,13
1222,"FOXC2,ZEB1,OVOL2,SNAI2,miR-101,SNAI1,miR-34a,TWIST2,TWIST1,ZEB2,miR-200a,TGF-beta,GSC",N,13
1223,"FOXC2,ZEB1,OVOL2,SNAI2,miR-101,SNAI1,miR-34a,TWIST2,TWIST1,ZEB2,miR-200c,TGF-beta,GSC",N,13
1224,"FOXC2,ZEB1,OVOL2,SNAI2,miR-101,SNAI1,miR-34a,TWIST2,TWIST1,ZEB2,miR-200b,TGF-beta,GSC",P,13
1225,"FOXC2,ZEB1,OVOL2,SNAI2,miR-101,SNAI1,miR-34a,TWIST2,TWIST1",N,9
1226,"FOXC2,ZEB1,OVOL2,SNAI2,miR-101,SNAI1,ZEB2,miR-200a,TGF-beta,GSC",P,10
1227,"FOXC2,ZEB1,OVOL2,SNAI2,miR-101,SNAI1,ZEB2,miR-200a,TGF-beta,GSC,TWIST1",N,11
1228,"FOXC2,ZEB1,OVOL2,SNAI2,miR-101,SNAI1,ZEB2,miR-200c,TGF-beta,GSC",P,10
1229,"FOXC2,ZEB1,OVOL2,SNAI2,miR-101,SNAI1,ZEB2,miR-200c,TGF-beta,GSC,TWIST1",N,11
1230,"FOXC2,ZEB1,OVOL2,SNAI2,miR-101,SNAI1,ZEB2,miR-200b,TGF-beta,GSC",N,10
1231,"FOXC2,ZEB1,OVOL2,SNAI2,miR-101,SNAI1,ZEB2,miR-200b,TGF-beta,GSC,TWIST1",P,11
1232,"FOXC2,ZEB1,OVOL2,SNAI2,miR-101,SNAI1,TWIST1,ZEB2,miR-200a,TGF-beta,GSC",N,11
1233,"FOXC2,ZEB1,OVOL2,SNAI2,miR-101,SNAI1,TWIST1,ZEB2,miR-200c,TGF-beta,GSC",N,11
1234,"FOXC2,ZEB1,OVOL2,SNAI2,miR-101,SNAI1,TWIST1,ZEB2,miR-200b,TGF-beta,GSC",P,11
1235,"FOXC2,ZEB1,OVOL2,SNAI2,miR-101,SNAI1,TWIST1",N,7
1236,"FOXC2,ZEB1,OVOL2,SNAI2,miR-101,SNAI1",P,6
1237,"FOXC2,ZEB1,OVOL2,SNAI2,miR-101,ZEB2,miR-200a,TGF-beta,SNAI1,miR-34a,TWIST2,TWIST1",P,12
1238,"FOXC2,ZEB1,OVOL2,SNAI2,miR-101,ZEB2,miR-200a,TGF-beta,SNAI1,TWIST1",P,10
1239,"FOXC2,ZEB1,OVOL2,SNAI2,miR-101,ZEB2,miR-200a,TGF-beta,SNAI1",N,9
1240,"FOXC2,ZEB1,OVOL2,SNAI2,miR-101,ZEB2,miR-200a,TGF-beta,GSC",N,9
1241,"FOXC2,ZEB1,OVOL2,SNAI2,miR-101,ZEB2,miR-200a,TGF-beta,GSC,TWIST1,SNAI1",P,11
1242,"FOXC2,ZEB1,OVOL2,SNAI2,miR-101,ZEB2,miR-200a,TGF-beta,GSC,TWIST1",P,10
1243,"FOXC2,ZEB1,OVOL2,SNAI2,miR-101,ZEB2,miR-200a,TGF-beta,GSC,SNAI1,miR-34a,TWIST2,TWIST1",N,13
1244,"FOXC2,ZEB1,OVOL2,SNAI2,miR-101,ZEB2,miR-200a,TGF-beta,GSC,SNAI1,TWIST1",N,11
1245,"FOXC2,ZEB1,OVOL2,SNAI2,miR-101,ZEB2,miR-200a,TGF-beta,GSC,SNAI1",P,10
1246,"FOXC2,ZEB1,OVOL2,SNAI2,miR-101,ZEB2,miR-200c,TGF-beta,SNAI1,miR-34a,TWIST2,TWIST1",P,12
1247,"FOXC2,ZEB1,OVOL2,SNAI2,miR-101,ZEB2,miR-200c,TGF-beta,SNAI1,TWIST1",P,10
1248,"FOXC2,ZEB1,OVOL2,SNAI2,miR-101,ZEB2,miR-200c,TGF-beta,SNAI1",N,9
1249,"FOXC2,ZEB1,OVOL2,SNAI2,miR-101,ZEB2,miR-200c,TGF-beta,GSC",N,9
1250,"FOXC2,ZEB1,OVOL2,SNAI2,miR-101,ZEB2,miR-200c,TGF-beta,GSC,TWIST1,SNAI1",P,11
1251,"FOXC2,ZEB1,OVOL2,SNAI2,miR-101,ZEB2,miR-200c,TGF-beta,GSC,TWIST1",P,10
1252,"FOXC2,ZEB1,OVOL2,SNAI2,miR-101,ZEB2,miR-200c,TGF-beta,GSC,SNAI1,miR-34a,TWIST2,TWIST1",N,13
1253,"FOXC2,ZEB1,OVOL2,SNAI2,miR-101,ZEB2,miR-200c,TGF-beta,GSC,SNAI1,TWIST1",N,11
1254,"FOXC2,ZEB1,OVOL2,SNAI2,miR-101,ZEB2,miR-200c,TGF-beta,GSC,SNAI1",P,10
1255,"FOXC2,ZEB1,OVOL2,SNAI2,miR-101,ZEB2,miR-200b,TGF-beta,SNAI1,miR-34a,TWIST2,TWIST1",N,12
1256,"FOXC2,ZEB1,OVOL2,SNAI2,miR-101,ZEB2,miR-200b,TGF-beta,SNAI1,TWIST1",N,10
1257,"FOXC2,ZEB1,OVOL2,SNAI2,miR-101,ZEB2,miR-200b,TGF-beta,SNAI1",P,9
1258,"FOXC2,ZEB1,OVOL2,SNAI2,miR-101,ZEB2,miR-200b,TGF-beta,GSC",P,9
1259,"FOXC2,ZEB1,OVOL2,SNAI2,miR-101,ZEB2,miR-200b,TGF-beta,GSC,TWIST1,SNAI1",N,11
1260,"FOXC2,ZEB1,OVOL2,SNAI2,miR-101,ZEB2,miR-200b,TGF-beta,GSC,TWIST1",N,10
1261,"FOXC2,ZEB1,OVOL2,SNAI2,miR-101,ZEB2,miR-200b,TGF-beta,GSC,SNAI1,miR-34a,TWIST2,TWIST1",P,13
1262,"FOXC2,ZEB1,OVOL2,SNAI2,miR-101,ZEB2,miR-200b,TGF-beta,GSC,SNAI1,TWIST1",P,11
1263,"FOXC2,ZEB1,OVOL2,SNAI2,miR-101,ZEB2,miR-200b,TGF-beta,GSC,SNAI1",N,10
1264,"FOXC2,ZEB1,OVOL2,SNAI2,TWIST2,ZEB2,miR-200a,TGF-beta,SNAI1,TWIST1",P,10
1265,"FOXC2,ZEB1,OVOL2,SNAI2,TWIST2,ZEB2,miR-200a,TGF-beta,SNAI1",N,9
1266,"FOXC2,ZEB1,OVOL2,SNAI2,TWIST2,ZEB2,miR-200a,TGF-beta,GSC",N,9
1267,"FOXC2,ZEB1,OVOL2,SNAI2,TWIST2,ZEB2,miR-200a,TGF-beta,GSC,TWIST1,SNAI1",P,11
1268,"FOXC2,ZEB1,OVOL2,SNAI2,TWIST2,ZEB2,miR-200a,TGF-beta,GSC,TWIST1",P,10
1269,"FOXC2,ZEB1,OVOL2,SNAI2,TWIST2,ZEB2,miR-200a,TGF-beta,GSC,SNAI1,TWIST1",N,11
1270,"FOXC2,ZEB1,OVOL2,SNAI2,TWIST2,ZEB2,miR-200a,TGF-beta,GSC,SNAI1",P,10
1271,"FOXC2,ZEB1,OVOL2,SNAI2,TWIST2,ZEB2,miR-200c,TGF-beta,SNAI1,TWIST1",P,10
1272,"FOXC2,ZEB1,OVOL2,SNAI2,TWIST2,ZEB2,miR-200c,TGF-beta,SNAI1",N,9
1273,"FOXC2,ZEB1,OVOL2,SNAI2,TWIST2,ZEB2,miR-200c,TGF-beta,GSC",N,9
1274,"FOXC2,ZEB1,OVOL2,SNAI2,TWIST2,ZEB2,miR-200c,TGF-beta,GSC,TWIST1,SNAI1",P,11
1275,"FOXC2,ZEB1,OVOL2,SNAI2,TWIST2,ZEB2,miR-200c,TGF-beta,GSC,TWIST1",P,10
1276,"FOXC2,ZEB1,OVOL2,SNAI2,TWIST2,ZEB2,miR-200c,TGF-beta,GSC,SNAI1,TWIST1",N,11
1277,"FOXC2,ZEB1,OVOL2,SNAI2,TWIST2,ZEB2,miR-200c,TGF-beta,GSC,SNAI1",P,10
1278,"FOXC2,ZEB1,OVOL2,SNAI2,TWIST2,ZEB2,miR-200b,TGF-beta,SNAI1,TWIST1",N,10
1279,"FOXC2,ZEB1,OVOL2,SNAI2,TWIST2,ZEB2,miR-200b,TGF-beta,SNAI1",P,9
1280,"FOXC2,ZEB1,OVOL2,SNAI2,TWIST2,ZEB2,miR-200b,TGF-beta,GSC",P,9
1281,"FOXC2,ZEB1,OVOL2,SNAI2,TWIST2,ZEB2,miR-200b,TGF-beta,GSC,TWIST1,SNAI1",N,11
1282,"FOXC2,ZEB1,OVOL2,SNAI2,TWIST2,ZEB2,miR-200b,TGF-beta,GSC,TWIST1",N,10
1283,"FOXC2,ZEB1,OVOL2,SNAI2,TWIST2,ZEB2,miR-200b,TGF-beta,GSC,SNAI1,TWIST1",P,11
1284,"FOXC2,ZEB1,OVOL2,SNAI2,TWIST2,ZEB2,miR-200b,TGF-beta,GSC,SNAI1",N,10
1285,"FOXC2,ZEB1,OVOL2,SNAI2,TWIST2,TWIST1,ZEB2,miR-200a,TGF-beta,SNAI1",P,10
1286,"FOXC2,ZEB1,OVOL2,SNAI2,TWIST2,TWIST1,ZEB2,miR-200a,TGF-beta,GSC",P,10
1287,"FOXC2,ZEB1,OVOL2,SNAI2,TWIST2,TWIST1,ZEB2,miR-200a,TGF-beta,GSC,SNAI1",N,11
1288,"FOXC2,ZEB1,OVOL2,SNAI2,TWIST2,TWIST1,ZEB2,miR-200c,TGF-beta,SNAI1",P,10
1289,"FOXC2,ZEB1,OVOL2,SNAI2,TWIST2,TWIST1,ZEB2,miR-200c,TGF-beta,GSC",P,10
1290,"FOXC2,ZEB1,OVOL2,SNAI2,TWIST2,TWIST1,ZEB2,miR-200c,TGF-beta,GSC,SNAI1",N,11
1291,"FOXC2,ZEB1,OVOL2,SNAI2,TWIST2,TWIST1,ZEB2,miR-200b,TGF-beta,SNAI1",N,10
1292,"FOXC2,ZEB1,OVOL2,SNAI2,TWIST2,TWIST1,ZEB2,miR-200b,TGF-beta,GSC",N,10
1293,"FOXC2,ZEB1,OVOL2,SNAI2,TWIST2,TWIST1,ZEB2,miR-200b,TGF-beta,GSC,SNAI1",P,11
1294,"FOXC2,ZEB1,OVOL2,SNAI2,TWIST2,TWIST1,SNAI1,miR-101,ZEB2,miR-200a,TGF-beta,GSC",N,12
1295,"FOXC2,ZEB1,OVOL2,SNAI2,TWIST2,TWIST1,SNAI1,miR-101,ZEB2,miR-200c,TGF-beta,GSC",N,12
1296,"FOXC2,ZEB1,OVOL2,SNAI2,TWIST2,TWIST1,SNAI1,miR-101,ZEB2,miR-200b,TGF-beta,GSC",P,12
1297,"FOXC2,ZEB1,OVOL2,SNAI2,TWIST2,TWIST1,SNAI1,ZEB2,miR-200a,TGF-beta,GSC",P,11
1298,"FOXC2,ZEB1,OVOL2,SNAI2,TWIST2,TWIST1,SNAI1,ZEB2,miR-200c,TGF-beta,GSC",P,11
1299,"FOXC2,ZEB1,OVOL2,SNAI2,TWIST2,TWIST1,SNAI1,ZEB2,miR-200b,TGF-beta,GSC",N,11
1300,"FOXC2,ZEB1,OVOL2,SNAI2,TWIST2,TWIST1,SNAI1",P,7
1301,"FOXC2,ZEB1,OVOL2,SNAI2,TWIST2,TWIST1",P,6
1302,"FOXC2,ZEB1,OVOL2,SNAI2,TWIST2,SNAI1,miR-101,ZEB2,miR-200a,TGF-beta,GSC",N,11
1303,"FOXC2,ZEB1,OVOL2,SNAI2,TWIST2,SNAI1,miR-101,ZEB2,miR-200a,TGF-beta,GSC,TWIST1",P,12
1304,"FOXC2,ZEB1,OVOL2,SNAI2,TWIST2,SNAI1,miR-101,ZEB2,miR-200c,TGF-beta,GSC",N,11
1305,"FOXC2,ZEB1,OVOL2,SNAI2,TWIST2,SNAI1,miR-101,ZEB2,miR-200c,TGF-beta,GSC,TWIST1",P,12
1306,"FOXC2,ZEB1,OVOL2,SNAI2,TWIST2,SNAI1,miR-101,ZEB2,miR-200b,TGF-beta,GSC",P,11
1307,"FOXC2,ZEB1,OVOL2,SNAI2,TWIST2,SNAI1,miR-101,ZEB2,miR-200b,TGF-beta,GSC,TWIST1",N,12
1308,"FOXC2,ZEB1,OVOL2,SNAI2,TWIST2,SNAI1,ZEB2,miR-200a,TGF-beta,GSC",P,10
1309,"FOXC2,ZEB1,OVOL2,SNAI2,TWIST2,SNAI1,ZEB2,miR-200a,TGF-beta,GSC,TWIST1",N,11
1310,"FOXC2,ZEB1,OVOL2,SNAI2,TWIST2,SNAI1,ZEB2,miR-200c,TGF-beta,GSC",P,10
1311,"FOXC2,ZEB1,OVOL2,SNAI2,TWIST2,SNAI1,ZEB2,miR-200c,TGF-beta,GSC,TWIST1",N,11
1312,"FOXC2,ZEB1,OVOL2,SNAI2,TWIST2,SNAI1,ZEB2,miR-200b,TGF-beta,GSC",N,10
1313,"FOXC2,ZEB1,OVOL2,SNAI2,TWIST2,SNAI1,ZEB2,miR-200b,TGF-beta,GSC,TWIST1",P,11
1314,"FOXC2,ZEB1,OVOL2,SNAI2,TWIST2,SNAI1,TWIST1,ZEB2,miR-200a,TGF-beta,GSC",N,11
1315,"FOXC2,ZEB1,OVOL2,SNAI2,TWIST2,SNAI1,TWIST1,ZEB2,miR-200c,TGF-beta,GSC",N,11
1316,"FOXC2,ZEB1,OVOL2,SNAI2,TWIST2,SNAI1,TWIST1,ZEB2,miR-200b,TGF-beta,GSC",P,11
1317,"FOXC2,ZEB1,OVOL2,SNAI2,TWIST2,SNAI1,TWIST1",N,7
1318,"FOXC2,ZEB1,OVOL2,SNAI2,TWIST2,SNAI1",P,6
1319,"FOXC2,ZEB1,OVOL2,CDH1,SNAI2,miR-200b,TGF-beta,SNAI1,miR-34a,TWIST2,TWIST1",P,11
1320,"FOXC2,ZEB1,OVOL2,CDH1,SNAI2,miR-200b,TGF-beta,SNAI1,TWIST1",P,9
1321,"FOXC2,ZEB1,OVOL2,CDH1,SNAI2,miR-200b,TGF-beta,SNAI1",N,8
1322,"FOXC2,ZEB1,OVOL2,CDH1,SNAI2,miR-200b,TGF-beta,GSC",N,8
1323,"FOXC2,ZEB1,OVOL2,CDH1,SNAI2,miR-200b,TGF-beta,GSC,TWIST1,SNAI1",P,10
1324,"FOXC2,ZEB1,OVOL2,CDH1,SNAI2,miR-200b,TGF-beta,GSC,TWIST1",P,9
1325,"FOXC2,ZEB1,OVOL2,CDH1,SNAI2,miR-200b,TGF-beta,GSC,SNAI1,miR-34a,TWIST2,TWIST1",N,12
1326,"FOXC2,ZEB1,OVOL2,CDH1,SNAI2,miR-200b,TGF-beta,GSC,SNAI1,TWIST1",N,10
1327,"FOXC2,ZEB1,OVOL2,CDH1,SNAI2,miR-200b,TGF-beta,GSC,SNAI1",P,9
1328,"FOXC2,ZEB1,OVOL2,CDH1,SNAI2,miR-200b,ZEB2,miR-200a,TGF-beta,SNAI1,miR-34a,TWIST2,TWIST1",N,13
1329,"FOXC2,ZEB1,OVOL2,CDH1,SNAI2,miR-200b,ZEB2,miR-200a,TGF-beta,SNAI1,TWIST1",N,11
1330,"FOXC2,ZEB1,OVOL2,CDH1,SNAI2,miR-200b,ZEB2,miR-200a,TGF-beta,SNAI1",P,10
1331,"FOXC2,ZEB1,OVOL2,CDH1,SNAI2,miR-200b,ZEB2,miR-200a,TGF-beta,GSC",P,10
1332,"FOXC2,ZEB1,OVOL2,CDH1,SNAI2,miR-200b,ZEB2,miR-200a,TGF-beta,GSC,TWIST1,SNAI1",N,12
1333,"FOXC2,ZEB1,OVOL2,CDH1,SNAI2,miR-200b,ZEB2,miR-200a,TGF-beta,GSC,TWIST1",N,11
1334,"FOXC2,ZEB1,OVOL2,CDH1,SNAI2,miR-200b,ZEB2,miR-200a,TGF-beta,GSC,SNAI1,miR-34a,TWIST2,TWIST1",P,14
1335,"FOXC2,ZEB1,OVOL2,CDH1,SNAI2,miR-200b,ZEB2,miR-200a,TGF-beta,GSC,SNAI1,TWIST1",P,12
1336,"FOXC2,ZEB1,OVOL2,CDH1,SNAI2,miR-200b,ZEB2,miR-200a,TGF-beta,GSC,SNAI1",N,11
1337,"FOXC2,ZEB1,OVOL2,CDH1,SNAI2,miR-200b,ZEB2,miR-200c,TGF-beta,SNAI1,miR-34a,TWIST2,TWIST1",N,13
1338,"FOXC2,ZEB1,OVOL2,CDH1,SNAI2,miR-200b,ZEB2,miR-200c,TGF-beta,SNAI1,TWIST1",N,11
1339,"FOXC2,ZEB1,OVOL2,CDH1,SNAI2,miR-200b,ZEB2,miR-200c,TGF-beta,SNAI1",P,10
1340,"FOXC2,ZEB1,OVOL2,CDH1,SNAI2,miR-200b,ZEB2,miR-200c,TGF-beta,GSC",P,10
1341,"FOXC2,ZEB1,OVOL2,CDH1,SNAI2,miR-200b,ZEB2,miR-200c,TGF-beta,GSC,TWIST1,SNAI1",N,12
1342,"FOXC2,ZEB1,OVOL2,CDH1,SNAI2,miR-200b,ZEB2,miR-200c,TGF-beta,GSC,TWIST1",N,11
1343,"FOXC2,ZEB1,OVOL2,CDH1,SNAI2,miR-200b,ZEB2,miR-200c,TGF-beta,GSC,SNAI1,miR-34a,TWIST2,TWIST1",P,14
1344,"FOXC2,ZEB1,OVOL2,CDH1,SNAI2,miR-200b,ZEB2,miR-200c,TGF-beta,GSC,SNAI1,TWIST1",P,12
1345,"FOXC2,ZEB1,OVOL2,CDH1,SNAI2,miR-200b,ZEB2,miR-200c,TGF-beta,GSC,SNAI1",N,11
1346,"FOXC2,ZEB1,OVOL2,CDH1,SNAI2,miR-101,SNAI1,miR-34a,TWIST2,ZEB2,miR-200a,TGF-beta,GSC",N,13
1347,"FOXC2,ZEB1,OVOL2,CDH1,SNAI2,miR-101,SNAI1,miR-34a,TWIST2,ZEB2,miR-200a,TGF-beta,GSC,TWIST1",P,14
1348,"FOXC2,ZEB1,OVOL2,CDH1,SNAI2,miR-101,SNAI1,miR-34a,TWIST2,ZEB2,miR-200c,TGF-beta,GSC",N,13
1349,"FOXC2,ZEB1,OVOL2,CDH1,SNAI2,miR-101,SNAI1,miR-34a,TWIST2,ZEB2,miR-200c,TGF-beta,GSC,TWIST1",P,14
1350,"FOXC2,ZEB1,OVOL2,CDH1,SNAI2,miR-101,SNAI1,miR-34a,TWIST2,ZEB2,miR-200b,TGF-beta,GSC",P,13
1351,"FOXC2,ZEB1,OVOL2,CDH1,SNAI2,miR-101,SNAI1,miR-34a,TWIST2,ZEB2,miR-200b,TGF-beta,GSC,TWIST1",N,14
1352,"FOXC2,ZEB1,OVOL2,CDH1,SNAI2,miR-101,SNAI1,miR-34a,TWIST2,TWIST1,ZEB2,miR-200a,TGF-beta,GSC",P,14
1353,"FOXC2,ZEB1,OVOL2,CDH1,SNAI2,miR-101,SNAI1,miR-34a,TWIST2,TWIST1,ZEB2,miR-200c,TGF-beta,GSC",P,14
1354,"FOXC2,ZEB1,OVOL2,CDH1,SNAI2,miR-101,SNAI1,miR-34a,TWIST2,TWIST1,ZEB2,miR-200b,TGF-beta,GSC",N,14
1355,"FOXC2,ZEB1,OVOL2,CDH1,SNAI2,miR-101,SNAI1,miR-34a,TWIST2,TWIST1",P,10
1356,"FOXC2,ZEB1,OVOL2,CDH1,SNAI2,miR-101,SNAI1,ZEB2,miR-200a,TGF-beta,GSC",N,11
1357,"FOXC2,ZEB1,OVOL2,CDH1,SNAI2,miR-101,SNAI1,ZEB2,miR-200a,TGF-beta,GSC,TWIST1",P,12
1358,"FOXC2,ZEB1,OVOL2,CDH1,SNAI2,miR-101,SNAI1,ZEB2,miR-200c,TGF-beta,GSC",N,11
1359,"FOXC2,ZEB1,OVOL2,CDH1,SNAI2,miR-101,SNAI1,ZEB2,miR-200c,TGF-beta,GSC,TWIST1",P,12
1360,"FOXC2,ZEB1,OVOL2,CDH1,SNAI2,miR-101,SNAI1,ZEB2,miR-200b,TGF-beta,GSC",P,11
1361,"FOXC2,ZEB1,OVOL2,CDH1,SNAI2,miR-101,SNAI1,ZEB2,miR-200b,TGF-beta,GSC,TWIST1",N,12
1362,"FOXC2,ZEB1,OVOL2,CDH1,SNAI2,miR-101,SNAI1,TWIST1,ZEB2,miR-200a,TGF-beta,GSC",P,12
1363,"FOXC2,ZEB1,OVOL2,CDH1,SNAI2,miR-101,SNAI1,TWIST1,ZEB2,miR-200c,TGF-beta,GSC",P,12
1364,"FOXC2,ZEB1,OVOL2,CDH1,SNAI2,miR-101,SNAI1,TWIST1,ZEB2,miR-200b,TGF-beta,GSC",N,12
1365,"FOXC2,ZEB1,OVOL2,CDH1,SNAI2,miR-101,SNAI1,TWIST1",P,8
1366,"FOXC2,ZEB1,OVOL2,CDH1,SNAI2,miR-101,SNAI1",N,7
1367,"FOXC2,ZEB1,OVOL2,CDH1,SNAI2,miR-101,ZEB2,miR-200a,TGF-beta,SNAI1,miR-34a,TWIST2,TWIST1",N,13
1368,"FOXC2,ZEB1,OVOL2,CDH1,SNAI2,miR-101,ZEB2,miR-200a,TGF-beta,SNAI1,TWIST1",N,11
1369,"FOXC2,ZEB1,OVOL2,CDH1,SNAI2,miR-101,ZEB2,miR-200a,TGF-beta,SNAI1",P,10
1370,"FOXC2,ZEB1,OVOL2,CDH1,SNAI2,miR-101,ZEB2,miR-200a,TGF-beta,GSC",P,10
1371,"FOXC2,ZEB1,OVOL2,CDH1,SNAI2,miR-101,ZEB2,miR-200a,TGF-beta,GSC,TWIST1,SNAI1",N,12
1372,"FOXC2,ZEB1,OVOL2,CDH1,SNAI2,miR-101,ZEB2,miR-200a,TGF-beta,GSC,TWIST1",N,11
1373,"FOXC2,ZEB1,OVOL2,CDH1,SNAI2,miR-101,ZEB2,miR-200a,TGF-beta,GSC,SNAI1,miR-34a,TWIST2,TWIST1",P,14
1374,"FOXC2,ZEB1,OVOL2,CDH1,SNAI2,miR-101,ZEB2,miR-200a,TGF-beta,GSC,SNAI1,TWIST1",P,12
1375,"FOXC2,ZEB1,OVOL2,CDH1,SNAI2,miR-101,ZEB2,miR-200a,TGF-beta,GSC,SNAI1",N,11
1376,"FOXC2,ZEB1,OVOL2,CDH1,SNAI2,miR-101,ZEB2,miR-200c,TGF-beta,SNAI1,miR-34a,TWIST2,TWIST1",N,13
1377,"FOXC2,ZEB1,OVOL2,CDH1,SNAI2,miR-101,ZEB2,miR-200c,TGF-beta,SNAI1,TWIST1",N,11
1378,"FOXC2,ZEB1,OVOL2,CDH1,SNAI2,miR-101,ZEB2,miR-200c,TGF-beta,SNAI1",P,10
1379,"FOXC2,ZEB1,OVOL2,CDH1,SNAI2,miR-101,ZEB2,miR-200c,TGF-beta,GSC",P,10
1380,"FOXC2,ZEB1,OVOL2,CDH1,SNAI2,miR-101,ZEB2,miR-200c,TGF-beta,GSC,TWIST1,SNAI1",N,12
1381,"FOXC2,ZEB1,OVOL2,CDH1,SNAI2,miR-101,ZEB2,miR-200c,TGF-beta,GSC,TWIST1",N,11
1382,"FOXC2,ZEB1,OVOL2,CDH1,SNAI2,miR-101,ZEB2,miR-200c,TGF-beta,GSC,SNAI1,miR-34a,TWIST2,TWIST1",P,14
1383,"FOXC2,ZEB1,OVOL2,CDH1,SNAI2,miR-101,ZEB2,miR-200c,TGF-beta,GSC,SNAI1,TWIST1",P,12
1384,"FOXC2,ZEB1,OVOL2,CDH1,SNAI2,miR-101,ZEB2,miR-200c,TGF-beta,GSC,SNAI1",N,11
1385,"FOXC2,ZEB1,OVOL2,CDH1,SNAI2,miR-101,ZEB2,miR-200b,TGF-beta,SNAI1,miR-34a,TWIST2,TWIST1",P,13
1386,"FOXC2,ZEB1,OVOL2,CDH1,SNAI2,miR-101,ZEB2,miR-200b,TGF-beta,SNAI1,TWIST1",P,11
1387,"FOXC2,ZEB1,OVOL2,CDH1,SNAI2,miR-101,ZEB2,miR-200b,TGF-beta,SNAI1",N,10
1388,"FOXC2,ZEB1,OVOL2,CDH1,SNAI2,miR-101,ZEB2,miR-200b,TGF-beta,GSC",N,10
1389,"FOXC2,ZEB1,OVOL2,CDH1,SNAI2,miR-101,ZEB2,miR-200b,TGF-beta,GSC,TWIST1,SNAI1",P,12
1390,"FOXC2,ZEB1,OVOL2,CDH1,SNAI2,miR-101,ZEB2,miR-200b,TGF-beta,GSC,TWIST1",P,11
1391,"FOXC2,ZEB1,OVOL2,CDH1,SNAI2,miR-101,ZEB2,miR-200b,TGF-beta,GSC,SNAI1,miR-34a,TWIST2,TWIST1",N,14
1392,"FOXC2,ZEB1,OVOL2,CDH1,SNAI2,miR-101,ZEB2,miR-200b,TGF-beta,GSC,SNAI1,TWIST1",N,12
1393,"FOXC2,ZEB1,OVOL2,CDH1,SNAI2,miR-101,ZEB2,miR-200b,TGF-beta,GSC,SNAI1",P,11
1394,"FOXC2,ZEB1,OVOL2,CDH1,SNAI2,TWIST2,ZEB2,miR-200a,TGF-beta,SNAI1,TWIST1",N,11
1395,"FOXC2,ZEB1,OVOL2,CDH1,SNAI2,TWIST2,ZEB2,miR-200a,TGF-beta,SNAI1",P,10
1396,"FOXC2,ZEB1,OVOL2,CDH1,SNAI2,TWIST2,ZEB2,miR-200a,TGF-beta,GSC",P,10
1397,"FOXC2,ZEB1,OVOL2,CDH1,SNAI2,TWIST2,ZEB2,miR-200a,TGF-beta,GSC,TWIST1,SNAI1",N,12
1398,"FOXC2,ZEB1,OVOL2,CDH1,SNAI2,TWIST2,ZEB2,miR-200a,TGF-beta,GSC,TWIST1",N,11
1399,"FOXC2,ZEB1,OVOL2,CDH1,SNAI2,TWIST2,ZEB2,miR-200a,TGF-beta,GSC,SNAI1,TWIST1",P,12
1400,"FOXC2,ZEB1,OVOL2,CDH1,SNAI2,TWIST2,ZEB2,miR-200a,TGF-beta,GSC,SNAI1",N,11
1401,"FOXC2,ZEB1,OVOL2,CDH1,SNAI2,TWIST2,ZEB2,miR-200c,TGF-beta,SNAI1,TWIST1",N,11
1402,"FOXC2,ZEB1,OVOL2,CDH1,SNAI2,TWIST2,ZEB2,miR-200c,TGF-beta,SNAI1",P,10
1403,"FOXC2,ZEB1,OVOL2,CDH1,SNAI2,TWIST2,ZEB2,miR-200c,TGF-beta,GSC",P,10
1404,"FOXC2,ZEB1,OVOL2,CDH1,SNAI2,TWIST2,ZEB2,miR-200c,TGF-beta,GSC,TWIST1,SNAI1",N,12
1405,"FOXC2,ZEB1,OVOL2,CDH1,SNAI2,TWIST2,ZEB2,miR-200c,TGF-beta,GSC,TWIST1",N,11
1406,"FOXC2,ZEB1,OVOL2,CDH1,SNAI2,TWIST2,ZEB2,miR-200c,TGF-beta,GSC,SNAI1,TWIST1",P,12
1407,"FOXC2,ZEB1,OVOL2,CDH1,SNAI2,TWIST2,ZEB2,miR-200c,TGF-beta,GSC,SNAI1",N,11
1408,"FOXC2,ZEB1,OVOL2,CDH1,SNAI2,TWIST2,ZEB2,miR-200b,TGF-beta,SNAI1,TWIST1",P,11
1409,"FOXC2,ZEB1,OVOL2,CDH1,SNAI2,TWIST2,ZEB2,miR-200b,TGF-beta,SNAI1",N,10
1410,"FOXC2,ZEB1,OVOL2,CDH1,SNAI2,TWIST2,ZEB2,miR-200b,TGF-beta,GSC",N,10
1411,"FOXC2,ZEB1,OVOL2,CDH1,SNAI2,TWIST2,ZEB2,miR-200b,TGF-beta,GSC,TWIST1,SNAI1",P,12
1412,"FOXC2,ZEB1,OVOL2,CDH1,SNAI2,TWIST2,ZEB2,miR-200b,TGF-beta,GSC,TWIST1",P,11
1413,"FOXC2,ZEB1,OVOL2,CDH1,SNAI2,TWIST2,ZEB2,miR-200b,TGF-beta,GSC,SNAI1,TWIST1",N,12
1414,"FOXC2,ZEB1,OVOL2,CDH1,SNAI2,TWIST2,ZEB2,miR-200b,TGF-beta,GSC,SNAI1",P,11
1415,"FOXC2,ZEB1,OVOL2,CDH1,SNAI2,TWIST2,TWIST1,ZEB2,miR-200a,TGF-beta,SNAI1",N,11
1416,"FOXC2,ZEB1,OVOL2,CDH1,SNAI2,TWIST2,TWIST1,ZEB2,miR-200a,TGF-beta,GSC",N,11
1417,"FOXC2,ZEB1,OVOL2,CDH1,SNAI2,TWIST2,TWIST1,ZEB2,miR-200a,TGF-beta,GSC,SNAI1",P,12
1418,"FOXC2,ZEB1,OVOL2,CDH1,SNAI2,TWIST2,TWIST1,ZEB2,miR-200c,TGF-beta,SNAI1",N,11
1419,"FOXC2,ZEB1,OVOL2,CDH1,SNAI2,TWIST2,TWIST1,ZEB2,miR-200c,TGF-beta,GSC",N,11
1420,"FOXC2,ZEB1,OVOL2,CDH1,SNAI2,TWIST2,TWIST1,ZEB2,miR-200c,TGF-beta,GSC,SNAI1",P,12
1421,"FOXC2,ZEB1,OVOL2,CDH1,SNAI2,TWIST2,TWIST1,ZEB2,miR-200b,TGF-beta,SNAI1",P,11
1422,"FOXC2,ZEB1,OVOL2,CDH1,SNAI2,TWIST2,TWIST1,ZEB2,miR-200b,TGF-beta,GSC",P,11
1423,"FOXC2,ZEB1,OVOL2,CDH1,SNAI2,TWIST2,TWIST1,ZEB2,miR-200b,TGF-beta,GSC,SNAI1",N,12
1424,"FOXC2,ZEB1,OVOL2,CDH1,SNAI2,TWIST2,TWIST1,SNAI1,miR-101,ZEB2,miR-200a,TGF-beta,GSC",P,13
1425,"FOXC2,ZEB1,OVOL2,CDH1,SNAI2,TWIST2,TWIST1,SNAI1,miR-101,ZEB2,miR-200c,TGF-beta,GSC",P,13
1426,"FOXC2,ZEB1,OVOL2,CDH1,SNAI2,TWIST2,TWIST1,SNAI1,miR-101,ZEB2,miR-200b,TGF-beta,GSC",N,13
1427,"FOXC2,ZEB1,OVOL2,CDH1,SNAI2,TWIST2,TWIST1,SNAI1,ZEB2,miR-200a,TGF-beta,GSC",N,12
1428,"FOXC2,ZEB1,OVOL2,CDH1,SNAI2,TWIST2,TWIST1,SNAI1,ZEB2,miR-200c,TGF-beta,GSC",N,12
1429,"FOXC2,ZEB1,OVOL2,CDH1,SNAI2,TWIST2,TWIST1,SNAI1,ZEB2,miR-200b,TGF-beta,GSC",P,12
1430,"FOXC2,ZEB1,OVOL2,CDH1,SNAI2,TWIST2,TWIST1,SNAI1",N,8
1431,"FOXC2,ZEB1,OVOL2,CDH1,SNAI2,TWIST2,TWIST1",N,7
1432,"FOXC2,ZEB1,OVOL2,CDH1,SNAI2,TWIST2,SNAI1,miR-101,ZEB2,miR-200a,TGF-beta,GSC",P,12
1433,"FOXC2,ZEB1,OVOL2,CDH1,SNAI2,TWIST2,SNAI1,miR-101,ZEB2,miR-200a,TGF-beta,GSC,TWIST1",N,13
1434,"FOXC2,ZEB1,OVOL2,CDH1,SNAI2,TWIST2,SNAI1,miR-101,ZEB2,miR-200c,TGF-beta,GSC",P,12
1435,"FOXC2,ZEB1,OVOL2,CDH1,SNAI2,TWIST2,SNAI1,miR-101,ZEB2,miR-200c,TGF-beta,GSC,TWIST1",N,13
1436,"FOXC2,ZEB1,OVOL2,CDH1,SNAI2,TWIST2,SNAI1,miR-101,ZEB2,miR-200b,TGF-beta,GSC",N,12
1437,"FOXC2,ZEB1,OVOL2,CDH1,SNAI2,TWIST2,SNAI1,miR-101,ZEB2,miR-200b,TGF-beta,GSC,TWIST1",P,13
1438,"FOXC2,ZEB1,OVOL2,CDH1,SNAI2,TWIST2,SNAI1,ZEB2,miR-200a,TGF-beta,GSC",N,11
1439,"FOXC2,ZEB1,OVOL2,CDH1,SNAI2,TWIST2,SNAI1,ZEB2,miR-200a,TGF-beta,GSC,TWIST1",P,12
1440,"FOXC2,ZEB1,OVOL2,CDH1,SNAI2,TWIST2,SNAI1,ZEB2,miR-200c,TGF-beta,GSC",N,11
1441,"FOXC2,ZEB1,OVOL2,CDH1,SNAI2,TWIST2,SNAI1,ZEB2,miR-200c,TGF-beta,GSC,TWIST1",P,12
1442,"FOXC2,ZEB1,OVOL2,CDH1,SNAI2,TWIST2,SNAI1,ZEB2,miR-200b,TGF-beta,GSC",P,11
1443,"FOXC2,ZEB1,OVOL2,CDH1,SNAI2,TWIST2,SNAI1,ZEB2,miR-200b,TGF-beta,GSC,TWIST1",N,12
1444,"FOXC2,ZEB1,OVOL2,CDH1,SNAI2,TWIST2,SNAI1,TWIST1,ZEB2,miR-200a,TGF-beta,GSC",P,12
1445,"FOXC2,ZEB1,OVOL2,CDH1,SNAI2,TWIST2,SNAI1,TWIST1,ZEB2,miR-200c,TGF-beta,GSC",P,12
1446,"FOXC2,ZEB1,OVOL2,CDH1,SNAI2,TWIST2,SNAI1,TWIST1,ZEB2,miR-200b,TGF-beta,GSC",N,12
1447,"FOXC2,ZEB1,OVOL2,CDH1,SNAI2,TWIST2,SNAI1,TWIST1",P,8
1448,"FOXC2,ZEB1,OVOL2,CDH1,SNAI2,TWIST2,SNAI1",N,7
1449,"FOXC2,ZEB1,miR-34a,TWIST2,ZEB2,miR-200a,TGF-beta,SNAI2,miR-101,SNAI1,TWIST1",N,11
1450,"FOXC2,ZEB1,miR-34a,TWIST2,ZEB2,miR-200a,TGF-beta,SNAI2,miR-101,SNAI1",P,10
1451,"FOXC2,ZEB1,miR-34a,TWIST2,ZEB2,miR-200a,TGF-beta,SNAI1,TWIST1",P,9
1452,"FOXC2,ZEB1,miR-34a,TWIST2,ZEB2,miR-200a,TGF-beta,SNAI1",N,8
1453,"FOXC2,ZEB1,miR-34a,TWIST2,ZEB2,miR-200a,TGF-beta,GSC",N,8
1454,"FOXC2,ZEB1,miR-34a,TWIST2,ZEB2,miR-200a,TGF-beta,GSC,TWIST1,TCF3,CDH1,SNAI2,miR-101,SNAI1",P,14
1455,"FOXC2,ZEB1,miR-34a,TWIST2,ZEB2,miR-200a,TGF-beta,GSC,TWIST1,SNAI2,miR-101,SNAI1",P,12
1456,"FOXC2,ZEB1,miR-34a,TWIST2,ZEB2,miR-200a,TGF-beta,GSC,TWIST1,SNAI1",P,10
1457,"FOXC2,ZEB1,miR-34a,TWIST2,ZEB2,miR-200a,TGF-beta,GSC,TWIST1",P,9
1458,"FOXC2,ZEB1,miR-34a,TWIST2,ZEB2,miR-200a,TGF-beta,GSC,TWIST1,CDH1,SNAI2,miR-101,SNAI1",P,13
1459,"FOXC2,ZEB1,miR-34a,TWIST2,ZEB2,miR-200a,TGF-beta,GSC,SNAI1,TWIST1",N,10
1460,"FOXC2,ZEB1,miR-34a,TWIST2,ZEB2,miR-200a,TGF-beta,GSC,SNAI1",P,9
1461,"FOXC2,ZEB1,miR-34a,TWIST2,ZEB2,miR-200c,TGF-beta,SNAI2,miR-101,SNAI1,TWIST1",N,11
1462,"FOXC2,ZEB1,miR-34a,TWIST2,ZEB2,miR-200c,TGF-beta,SNAI2,miR-101,SNAI1",P,10
1463,"FOXC2,ZEB1,miR-34a,TWIST2,ZEB2,miR-200c,TGF-beta,SNAI1,TWIST1",P,9
1464,"FOXC2,ZEB1,miR-34a,TWIST2,ZEB2,miR-200c,TGF-beta,SNAI1",N,8
1465,"FOXC2,ZEB1,miR-34a,TWIST2,ZEB2,miR-200c,TGF-beta,GSC",N,8
1466,"FOXC2,ZEB1,miR-34a,TWIST2,ZEB2,miR-200c,TGF-beta,GSC,TWIST1,TCF3,CDH1,SNAI2,miR-101,SNAI1",P,14
1467,"FOXC2,ZEB1,miR-34a,TWIST2,ZEB2,miR-200c,TGF-beta,GSC,TWIST1,SNAI2,miR-101,SNAI1",P,12
1468,"FOXC2,ZEB1,miR-34a,TWIST2,ZEB2,miR-200c,TGF-beta,GSC,TWIST1,SNAI1",P,10
1469,"FOXC2,ZEB1,miR-34a,TWIST2,ZEB2,miR-200c,TGF-beta,GSC,TWIST1",P,9
1470,"FOXC2,ZEB1,miR-34a,TWIST2,ZEB2,miR-200c,TGF-beta,GSC,TWIST1,CDH1,SNAI2,miR-101,SNAI1",P,13
1471,"FOXC2,ZEB1,miR-34a,TWIST2,ZEB2,miR-200c,TGF-beta,GSC,SNAI1,TWIST1",N,10
1472,"FOXC2,ZEB1,miR-34a,TWIST2,ZEB2,miR-200c,TGF-beta,GSC,SNAI1",P,9
1473,"FOXC2,ZEB1,miR-34a,TWIST2,ZEB2,miR-200b,TGF-beta,SNAI2,miR-101,SNAI1,TWIST1",P,11
1474,"FOXC2,ZEB1,miR-34a,TWIST2,ZEB2,miR-200b,TGF-beta,SNAI2,miR-101,SNAI1",N,10
1475,"FOXC2,ZEB1,miR-34a,TWIST2,ZEB2,miR-200b,TGF-beta,SNAI1,TWIST1",N,9
1476,"FOXC2,ZEB1,miR-34a,TWIST2,ZEB2,miR-200b,TGF-beta,SNAI1",P,8
1477,"FOXC2,ZEB1,miR-34a,TWIST2,ZEB2,miR-200b,TGF-beta,GSC",P,8
1478,"FOXC2,ZEB1,miR-34a,TWIST2,ZEB2,miR-200b,TGF-beta,GSC,TWIST1,TCF3,CDH1,SNAI2,miR-101,SNAI1",N,14
1479,"FOXC2,ZEB1,miR-34a,TWIST2,ZEB2,miR-200b,TGF-beta,GSC,TWIST1,SNAI2,miR-101,SNAI1",N,12
1480,"FOXC2,ZEB1,miR-34a,TWIST2,ZEB2,miR-200b,TGF-beta,GSC,TWIST1,SNAI1",N,10
1481,"FOXC2,ZEB1,miR-34a,TWIST2,ZEB2,miR-200b,TGF-beta,GSC,TWIST1",N,9
1482,"FOXC2,ZEB1,miR-34a,TWIST2,ZEB2,miR-200b,TGF-beta,GSC,TWIST1,CDH1,SNAI2,miR-101,SNAI1",N,13
1483,"FOXC2,ZEB1,miR-34a,TWIST2,ZEB2,miR-200b,TGF-beta,GSC,SNAI1,TWIST1",P,10
1484,"FOXC2,ZEB1,miR-34a,TWIST2,ZEB2,miR-200b,TGF-beta,GSC,SNAI1",N,9
1485,"FOXC2,ZEB1,miR-34a,TWIST2,ZEB2,CDH1,SNAI2,miR-200b,TGF-beta,SNAI1,TWIST1",P,11
1486,"FOXC2,ZEB1,miR-34a,TWIST2,ZEB2,CDH1,SNAI2,miR-200b,TGF-beta,SNAI1",N,10
1487,"FOXC2,ZEB1,miR-34a,TWIST2,ZEB2,CDH1,SNAI2,miR-200b,TGF-beta,GSC",N,10
1488,"FOXC2,ZEB1,miR-34a,TWIST2,ZEB2,CDH1,SNAI2,miR-200b,TGF-beta,GSC,TWIST1,SNAI1",P,12
1489,"FOXC2,ZEB1,miR-34a,TWIST2,ZEB2,CDH1,SNAI2,miR-200b,TGF-beta,GSC,TWIST1",P,11
1490,"FOXC2,ZEB1,miR-34a,TWIST2,ZEB2,CDH1,SNAI2,miR-200b,TGF-beta,GSC,SNAI1,TWIST1",N,12
1491,"FOXC2,ZEB1,miR-34a,TWIST2,ZEB2,CDH1,SNAI2,miR-200b,TGF-beta,GSC,SNAI1",P,11
1492,"FOXC2,ZEB1,miR-34a,TWIST2,ZEB2,CDH1,SNAI2,miR-101,SNAI1,TWIST1",P,10
1493,"FOXC2,ZEB1,miR-34a,TWIST2,ZEB2,CDH1,SNAI2,miR-101,SNAI1",N,9
1494,"FOXC2,ZEB1,miR-34a,TWIST2,TWIST1,ZEB2,miR-200a,TGF-beta,SNAI2,miR-101,SNAI1",N,11
1495,"FOXC2,ZEB1,miR-34a,TWIST2,TWIST1,ZEB2,miR-200a,TGF-beta,SNAI1",P,9
1496,"FOXC2,ZEB1,miR-34a,TWIST2,TWIST1,ZEB2,miR-200a,TGF-beta,GSC",P,9
1497,"FOXC2,ZEB1,miR-34a,TWIST2,TWIST1,ZEB2,miR-200a,TGF-beta,GSC,SNAI1",N,10
1498,"FOXC2,ZEB1,miR-34a,TWIST2,TWIST1,ZEB2,miR-200c,TGF-beta,SNAI2,miR-101,SNAI1",N,11
1499,"FOXC2,ZEB1,miR-34a,TWIST2,TWIST1,ZEB2,miR-200c,TGF-beta,SNAI1",P,9
1500,"FOXC2,ZEB1,miR-34a,TWIST2,TWIST1,ZEB2,miR-200c,TGF-beta,GSC",P,9
1501,"FOXC2,ZEB1,miR-34a,TWIST2,TWIST1,ZEB2,miR-200c,TGF-beta,GSC,SNAI1",N,10
1502,"FOXC2,ZEB1,miR-34a,TWIST2,TWIST1,ZEB2,miR-200b,TGF-beta,SNAI2,miR-101,SNAI1",P,11
1503,"FOXC2,ZEB1,miR-34a,TWIST2,TWIST1,ZEB2,miR-200b,TGF-beta,SNAI1",N,9
1504,"FOXC2,ZEB1,miR-34a,TWIST2,TWIST1,ZEB2,miR-200b,TGF-beta,GSC",N,9
1505,"FOXC2,ZEB1,miR-34a,TWIST2,TWIST1,ZEB2,miR-200b,TGF-beta,GSC,SNAI1",P,10
1506,"FOXC2,ZEB1,miR-34a,TWIST2,TWIST1,ZEB2,CDH1,SNAI2,miR-200b,TGF-beta,SNAI1",P,11
1507,"FOXC2,ZEB1,miR-34a,TWIST2,TWIST1,ZEB2,CDH1,SNAI2,miR-200b,TGF-beta,GSC",P,11
1508,"FOXC2,ZEB1,miR-34a,TWIST2,TWIST1,ZEB2,CDH1,SNAI2,miR-200b,TGF-beta,GSC,SNAI1",N,12
1509,"FOXC2,ZEB1,miR-34a,TWIST2,TWIST1,ZEB2,CDH1,SNAI2,miR-101,SNAI1",P,10
1510,"FOXC2,ZEB1,miR-34a,TWIST2,TWIST1,TCF3,CDH1,SNAI2,miR-200b,TGF-beta,SNAI1",P,11
1511,"FOXC2,ZEB1,miR-34a,TWIST2,TWIST1,TCF3,CDH1,SNAI2,miR-200b,TGF-beta,GSC",P,11
1512,"FOXC2,ZEB1,miR-34a,TWIST2,TWIST1,TCF3,CDH1,SNAI2,miR-200b,TGF-beta,GSC,SNAI1",N,12
1513,"FOXC2,ZEB1,miR-34a,TWIST2,TWIST1,TCF3,CDH1,SNAI2,miR-200b,ZEB2,miR-200a,TGF-beta,SNAI1",N,13
1514,"FOXC2,ZEB1,miR-34a,TWIST2,TWIST1,TCF3,CDH1,SNAI2,miR-200b,ZEB2,miR-200a,TGF-beta,GSC",N,13
1515,"FOXC2,ZEB1,miR-34a,TWIST2,TWIST1,TCF3,CDH1,SNAI2,miR-200b,ZEB2,miR-200a,TGF-beta,GSC,SNAI1",P,14
1516,"FOXC2,ZEB1,miR-34a,TWIST2,TWIST1,TCF3,CDH1,SNAI2,miR-200b,ZEB2,miR-200c,TGF-beta,SNAI1",N,13
1517,"FOXC2,ZEB1,miR-34a,TWIST2,TWIST1,TCF3,CDH1,SNAI2,miR-200b,ZEB2,miR-200c,TGF-beta,GSC",N,13
1518,"FOXC2,ZEB1,miR-34a,TWIST2,TWIST1,TCF3,CDH1,SNAI2,miR-200b,ZEB2,miR-200c,TGF-beta,GSC,SNAI1",P,14
1519,"FOXC2,ZEB1,miR-34a,TWIST2,TWIST1,TCF3,CDH1,SNAI2,miR-101,SNAI1,ZEB2,miR-200a,TGF-beta,GSC",P,14
1520,"FOXC2,ZEB1,miR-34a,TWIST2,TWIST1,TCF3,CDH1,SNAI2,miR-101,SNAI1,ZEB2,miR-200c,TGF-beta,GSC",P,14
1521,"FOXC2,ZEB1,miR-34a,TWIST2,TWIST1,TCF3,CDH1,SNAI2,miR-101,SNAI1,ZEB2,miR-200b,TGF-beta,GSC",N,14
1522,"FOXC2,ZEB1,miR-34a,TWIST2,TWIST1,TCF3,CDH1,SNAI2,miR-101,SNAI1",P,10
1523,"FOXC2,ZEB1,miR-34a,TWIST2,TWIST1,TCF3,CDH1,SNAI2,miR-101,ZEB2,miR-200a,TGF-beta,SNAI1",N,13
1524,"FOXC2,ZEB1,miR-34a,TWIST2,TWIST1,TCF3,CDH1,SNAI2,miR-101,ZEB2,miR-200a,TGF-beta,GSC",N,13
1525,"FOXC2,ZEB1,miR-34a,TWIST2,TWIST1,TCF3,CDH1,SNAI2,miR-101,ZEB2,miR-200a,TGF-beta,GSC,SNAI1",P,14
1526,"FOXC2,ZEB1,miR-34a,TWIST2,TWIST1,TCF3,CDH1,SNAI2,miR-101,ZEB2,miR-200c,TGF-beta,SNAI1",N,13
1527,"FOXC2,ZEB1,miR-34a,TWIST2,TWIST1,TCF3,CDH1,SNAI2,miR-101,ZEB2,miR-200c,TGF-beta,GSC",N,13
1528,"FOXC2,ZEB1,miR-34a,TWIST2,TWIST1,TCF3,CDH1,SNAI2,miR-101,ZEB2,miR-200c,TGF-beta,GSC,SNAI1",P,14
1529,"FOXC2,ZEB1,miR-34a,TWIST2,TWIST1,TCF3,CDH1,SNAI2,miR-101,ZEB2,miR-200b,TGF-beta,SNAI1",P,13
1530,"FOXC2,ZEB1,miR-34a,TWIST2,TWIST1,TCF3,CDH1,SNAI2,miR-101,ZEB2,miR-200b,TGF-beta,GSC",P,13
1531,"FOXC2,ZEB1,miR-34a,TWIST2,TWIST1,TCF3,CDH1,SNAI2,miR-101,ZEB2,miR-200b,TGF-beta,GSC,SNAI1",N,14
1532,"FOXC2,ZEB1,miR-34a,TWIST2,TWIST1,SNAI2,miR-200b,TGF-beta,SNAI1",P,9
1533,"FOXC2,ZEB1,miR-34a,TWIST2,TWIST1,SNAI2,miR-200b,TGF-beta,GSC",P,9
1534,"FOXC2,ZEB1,miR-34a,TWIST2,TWIST1,SNAI2,miR-200b,TGF-beta,GSC,SNAI1",N,10
1535,"FOXC2,ZEB1,miR-34a,TWIST2,TWIST1,SNAI2,miR-200b,ZEB2,miR-200a,TGF-beta,SNAI1",N,11
1536,"FOXC2,ZEB1,miR-34a,TWIST2,TWIST1,SNAI2,miR-200b,ZEB2,miR-200a,TGF-beta,GSC",N,11
1537,"FOXC2,ZEB1,miR-34a,TWIST2,TWIST1,SNAI2,miR-200b,ZEB2,miR-200a,TGF-beta,GSC,SNAI1",P,12
1538,"FOXC2,ZEB1,miR-34a,TWIST2,TWIST1,SNAI2,miR-200b,ZEB2,miR-200c,TGF-beta,SNAI1",N,11
1539,"FOXC2,ZEB1,miR-34a,TWIST2,TWIST1,SNAI2,miR-200b,ZEB2,miR-200c,TGF-beta,GSC",N,11
1540,"FOXC2,ZEB1,miR-34a,TWIST2,TWIST1,SNAI2,miR-200b,ZEB2,miR-200c,TGF-beta,GSC,SNAI1",P,12
1541,"FOXC2,ZEB1,miR-34a,TWIST2,TWIST1,SNAI2,miR-101,SNAI1,ZEB2,miR-200a,TGF-beta,GSC",P,12
1542,"FOXC2,ZEB1,miR-34a,TWIST2,TWIST1,SNAI2,miR-101,SNAI1,ZEB2,miR-200c,TGF-beta,GSC",P,12
1543,"FOXC2,ZEB1,miR-34a,TWIST2,TWIST1,SNAI2,miR-101,SNAI1,ZEB2,miR-200b,TGF-beta,GSC",N,12
1544,"FOXC2,ZEB1,miR-34a,TWIST2,TWIST1,SNAI2,miR-101,SNAI1",P,8
1545,"FOXC2,ZEB1,miR-34a,TWIST2,TWIST1,SNAI2,miR-101,ZEB2,miR-200a,TGF-beta,SNAI1",N,11
1546,"FOXC2,ZEB1,miR-34a,TWIST2,TWIST1,SNAI2,miR-101,ZEB2,miR-200a,TGF-beta,GSC",N,11
1547,"FOXC2,ZEB1,miR-34a,TWIST2,TWIST1,SNAI2,miR-101,ZEB2,miR-200a,TGF-beta,GSC,SNAI1",P,12
1548,"FOXC2,ZEB1,miR-34a,TWIST2,TWIST1,SNAI2,miR-101,ZEB2,miR-200c,TGF-beta,SNAI1",N,11
1549,"FOXC2,ZEB1,miR-34a,TWIST2,TWIST1,SNAI2,miR-101,ZEB2,miR-200c,TGF-beta,GSC",N,11
1550,"FOXC2,ZEB1,miR-34a,TWIST2,TWIST1,SNAI2,miR-101,ZEB2,miR-200c,TGF-beta,GSC,SNAI1",P,12
1551,"FOXC2,ZEB1,miR-34a,TWIST2,TWIST1,SNAI2,miR-101,ZEB2,miR-200b,TGF-beta,SNAI1",P,11
1552,"FOXC2,ZEB1,miR-34a,TWIST2,TWIST1,SNAI2,miR-101,ZEB2,miR-200b,TGF-beta,GSC",P,11
1553,"FOXC2,ZEB1,miR-34a,TWIST2,TWIST1,SNAI2,miR-101,ZEB2,miR-200b,TGF-beta,GSC,SNAI1",N,12
1554,"FOXC2,ZEB1,miR-34a,TWIST2,TWIST1,SNAI1,miR-101,ZEB2,miR-200a,TGF-beta,GSC",N,11
1555,"FOXC2,ZEB1,miR-34a,TWIST2,TWIST1,SNAI1,miR-101,ZEB2,miR-200c,TGF-beta,GSC",N,11
1556,"FOXC2,ZEB1,miR-34a,TWIST2,TWIST1,SNAI1,miR-101,ZEB2,miR-200b,TGF-beta,GSC",P,11
1557,"FOXC2,ZEB1,miR-34a,TWIST2,TWIST1,SNAI1,miR-101,ZEB2,CDH1,SNAI2,miR-200b,TGF-beta,GSC",N,13
1558,"FOXC2,ZEB1,miR-34a,TWIST2,TWIST1,SNAI1,miR-101,KLF8,CDH1,SNAI2,miR-200b,TGF-beta,GSC",P,13
1559,"FOXC2,ZEB1,miR-34a,TWIST2,TWIST1,SNAI1,miR-101,KLF8,CDH1,SNAI2,miR-200b,ZEB2,miR-200a,TGF-beta,GSC",N,15
1560,"FOXC2,ZEB1,miR-34a,TWIST2,TWIST1,SNAI1,miR-101,KLF8,CDH1,SNAI2,miR-200b,ZEB2,miR-200c,TGF-beta,GSC",N,15
1561,"FOXC2,ZEB1,miR-34a,TWIST2,TWIST1,SNAI1,ZEB2,miR-200a,TGF-beta,GSC",P,10
1562,"FOXC2,ZEB1,miR-34a,TWIST2,TWIST1,SNAI1,ZEB2,miR-200c,TGF-beta,GSC",P,10
1563,"FOXC2,ZEB1,miR-34a,TWIST2,TWIST1,SNAI1,ZEB2,miR-200b,TGF-beta,GSC",N,10
1564,"FOXC2,ZEB1,miR-34a,TWIST2,TWIST1,SNAI1,ZEB2,CDH1,SNAI2,miR-200b,TGF-beta,GSC",P,12
1565,"FOXC2,ZEB1,miR-34a,TWIST2,TWIST1,SNAI1,SNAI2,miR-200b,TGF-beta,GSC",P,10
1566,"FOXC2,ZEB1,miR-34a,TWIST2,TWIST1,SNAI1,SNAI2,miR-200b,ZEB2,miR-200a,TGF-beta,GSC",N,12
1567,"FOXC2,ZEB1,miR-34a,TWIST2,TWIST1,SNAI1,SNAI2,miR-200b,ZEB2,miR-200c,TGF-beta,GSC",N,12
1568,"FOXC2,ZEB1,miR-34a,TWIST2,TWIST1,SNAI1,SNAI2,miR-101,ZEB2,miR-200a,TGF-beta,GSC",N,12
1569,"FOXC2,ZEB1,miR-34a,TWIST2,TWIST1,SNAI1,SNAI2,miR-101,ZEB2,miR-200c,TGF-beta,GSC",N,12
1570,"FOXC2,ZEB1,miR-34a,TWIST2,TWIST1,SNAI1,SNAI2,miR-101,ZEB2,miR-200b,TGF-beta,GSC",P,12
1571,"FOXC2,ZEB1,miR-34a,TWIST2,TWIST1,SNAI1",P,6
1572,"FOXC2,ZEB1,miR-34a,TWIST2,TWIST1,SNAI1,CDH1,SNAI2,miR-200b,TGF-beta,GSC",N,11
1573,"FOXC2,ZEB1,miR-34a,TWIST2,TWIST1,SNAI1,CDH1,SNAI2,miR-200b,ZEB2,miR-200a,TGF-beta,GSC",P,13
1574,"FOXC2,ZEB1,miR-34a,TWIST2,TWIST1,SNAI1,CDH1,SNAI2,miR-200b,ZEB2,miR-200c,TGF-beta,GSC",P,13
1575,"FOXC2,ZEB1,miR-34a,TWIST2,TWIST1,SNAI1,CDH1,SNAI2,miR-101,ZEB2,miR-200a,TGF-beta,GSC",P,13
1576,"FOXC2,ZEB1,miR-34a,TWIST2,TWIST1,SNAI1,CDH1,SNAI2,miR-101,ZEB2,miR-200c,TGF-beta,GSC",P,13
1577,"FOXC2,ZEB1,miR-34a,TWIST2,TWIST1,SNAI1,CDH1,SNAI2,miR-101,ZEB2,miR-200b,TGF-beta,GSC",N,13
1578,"FOXC2,ZEB1,miR-34a,TWIST2,TWIST1",P,5
1579,"FOXC2,ZEB1,miR-34a,TWIST2,TWIST1,CDH1,SNAI2,miR-200b,TGF-beta,SNAI1",P,10
1580,"FOXC2,ZEB1,miR-34a,TWIST2,TWIST1,CDH1,SNAI2,miR-200b,TGF-beta,GSC",P,10
1581,"FOXC2,ZEB1,miR-34a,TWIST2,TWIST1,CDH1,SNAI2,miR-200b,TGF-beta,GSC,SNAI1",N,11
1582,"FOXC2,ZEB1,miR-34a,TWIST2,TWIST1,CDH1,SNAI2,miR-200b,ZEB2,miR-200a,TGF-beta,SNAI1",N,12
1583,"FOXC2,ZEB1,miR-34a,TWIST2,TWIST1,CDH1,SNAI2,miR-200b,ZEB2,miR-200a,TGF-beta,GSC",N,12
1584,"FOXC2,ZEB1,miR-34a,TWIST2,TWIST1,CDH1,SNAI2,miR-200b,ZEB2,miR-200a,TGF-beta,GSC,SNAI1",P,13
1585,"FOXC2,ZEB1,miR-34a,TWIST2,TWIST1,CDH1,SNAI2,miR-200b,ZEB2,miR-200c,TGF-beta,SNAI1",N,12
1586,"FOXC2,ZEB1,miR-34a,TWIST2,TWIST1,CDH1,SNAI2,miR-200b,ZEB2,miR-200c,TGF-beta,GSC",N,12
1587,"FOXC2,ZEB1,miR-34a,TWIST2,TWIST1,CDH1,SNAI2,miR-200b,ZEB2,miR-200c,TGF-beta,GSC,SNAI1",P,13
1588,"FOXC2,ZEB1,miR-34a,TWIST2,TWIST1,CDH1,SNAI2,miR-101,SNAI1,ZEB2,miR-200a,TGF-beta,GSC",P,13
1589,"FOXC2,ZEB1,miR-34a,TWIST2,TWIST1,CDH1,SNAI2,miR-101,SNAI1,ZEB2,miR-200c,TGF-beta,GSC",P,13
1590,"FOXC2,ZEB1,miR-34a,TWIST2,TWIST1,CDH1,SNAI2,miR-101,SNAI1,ZEB2,miR-200b,TGF-beta,GSC",N,13
1591,"FOXC2,ZEB1,miR-34a,TWIST2,TWIST1,CDH1,SNAI2,miR-101,SNAI1",P,9
1592,"FOXC2,ZEB1,miR-34a,TWIST2,TWIST1,CDH1,SNAI2,miR-101,ZEB2,miR-200a,TGF-beta,SNAI1",N,12
1593,"FOXC2,ZEB1,miR-34a,TWIST2,TWIST1,CDH1,SNAI2,miR-101,ZEB2,miR-200a,TGF-beta,GSC",N,12
1594,"FOXC2,ZEB1,miR-34a,TWIST2,TWIST1,CDH1,SNAI2,miR-101,ZEB2,miR-200a,TGF-beta,GSC,SNAI1",P,13
1595,"FOXC2,ZEB1,miR-34a,TWIST2,TWIST1,CDH1,SNAI2,miR-101,ZEB2,miR-200c,TGF-beta,SNAI1",N,12
1596,"FOXC2,ZEB1,miR-34a,TWIST2,TWIST1,CDH1,SNAI2,miR-101,ZEB2,miR-200c,TGF-beta,GSC",N,12
1597,"FOXC2,ZEB1,miR-34a,TWIST2,TWIST1,CDH1,SNAI2,miR-101,ZEB2,miR-200c,TGF-beta,GSC,SNAI1",P,13
1598,"FOXC2,ZEB1,miR-34a,TWIST2,TWIST1,CDH1,SNAI2,miR-101,ZEB2,miR-200b,TGF-beta,SNAI1",P,12
1599,"FOXC2,ZEB1,miR-34a,TWIST2,TWIST1,CDH1,SNAI2,miR-101,ZEB2,miR-200b,TGF-beta,GSC",P,12
1600,"FOXC2,ZEB1,miR-34a,TWIST2,TWIST1,CDH1,SNAI2,miR-101,ZEB2,miR-200b,TGF-beta,GSC,SNAI1",N,13
1601,"FOXC2,ZEB1,miR-34a,TWIST2,SNAI2,miR-200b,TGF-beta,SNAI1,TWIST1",N,9
1602,"FOXC2,ZEB1,miR-34a,TWIST2,SNAI2,miR-200b,TGF-beta,SNAI1",P,8
1603,"FOXC2,ZEB1,miR-34a,TWIST2,SNAI2,miR-200b,TGF-beta,GSC",P,8
1604,"FOXC2,ZEB1,miR-34a,TWIST2,SNAI2,miR-200b,TGF-beta,GSC,TWIST1,SNAI1",N,10
1605,"FOXC2,ZEB1,miR-34a,TWIST2,SNAI2,miR-200b,TGF-beta,GSC,TWIST1",N,9
1606,"FOXC2,ZEB1,miR-34a,TWIST2,SNAI2,miR-200b,TGF-beta,GSC,SNAI1,TWIST1",P,10
1607,"FOXC2,ZEB1,miR-34a,TWIST2,SNAI2,miR-200b,TGF-beta,GSC,SNAI1",N,9
1608,"FOXC2,ZEB1,miR-34a,TWIST2,SNAI2,miR-200b,ZEB2,miR-200a,TGF-beta,SNAI1,TWIST1",P,11
1609,"FOXC2,ZEB1,miR-34a,TWIST2,SNAI2,miR-200b,ZEB2,miR-200a,TGF-beta,SNAI1",N,10
1610,"FOXC2,ZEB1,miR-34a,TWIST2,SNAI2,miR-200b,ZEB2,miR-200a,TGF-beta,GSC",N,10
1611,"FOXC2,ZEB1,miR-34a,TWIST2,SNAI2,miR-200b,ZEB2,miR-200a,TGF-beta,GSC,TWIST1,SNAI1",P,12
1612,"FOXC2,ZEB1,miR-34a,TWIST2,SNAI2,miR-200b,ZEB2,miR-200a,TGF-beta,GSC,TWIST1",P,11
1613,"FOXC2,ZEB1,miR-34a,TWIST2,SNAI2,miR-200b,ZEB2,miR-200a,TGF-beta,GSC,SNAI1,TWIST1",N,12
1614,"FOXC2,ZEB1,miR-34a,TWIST2,SNAI2,miR-200b,ZEB2,miR-200a,TGF-beta,GSC,SNAI1",P,11
1615,"FOXC2,ZEB1,miR-34a,TWIST2,SNAI2,miR-200b,ZEB2,miR-200c,TGF-beta,SNAI1,TWIST1",P,11
1616,"FOXC2,ZEB1,miR-34a,TWIST2,SNAI2,miR-200b,ZEB2,miR-200c,TGF-beta,SNAI1",N,10
1617,"FOXC2,ZEB1,miR-34a,TWIST2,SNAI2,miR-200b,ZEB2,miR-200c,TGF-beta,GSC",N,10
1618,"FOXC2,ZEB1,miR-34a,TWIST2,SNAI2,miR-200b,ZEB2,miR-200c,TGF-beta,GSC,TWIST1,SNAI1",P,12
1619,"FOXC2,ZEB1,miR-34a,TWIST2,SNAI2,miR-200b,ZEB2,miR-200c,TGF-beta,GSC,TWIST1",P,11
1620,"FOXC2,ZEB1,miR-34a,TWIST2,SNAI2,miR-200b,ZEB2,miR-200c,TGF-beta,GSC,SNAI1,TWIST1",N,12
1621,"FOXC2,ZEB1,miR-34a,TWIST2,SNAI2,miR-200b,ZEB2,miR-200c,TGF-beta,GSC,SNAI1",P,11
1622,"FOXC2,ZEB1,miR-34a,TWIST2,SNAI2,miR-101,SNAI1,ZEB2,miR-200a,TGF-beta,GSC",P,11
1623,"FOXC2,ZEB1,miR-34a,TWIST2,SNAI2,miR-101,SNAI1,ZEB2,miR-200a,TGF-beta,GSC,TWIST1",N,12
1624,"FOXC2,ZEB1,miR-34a,TWIST2,SNAI2,miR-101,SNAI1,ZEB2,miR-200c,TGF-beta,GSC",P,11
1625,"FOXC2,ZEB1,miR-34a,TWIST2,SNAI2,miR-101,SNAI1,ZEB2,miR-200c,TGF-beta,GSC,TWIST1",N,12
1626,"FOXC2,ZEB1,miR-34a,TWIST2,SNAI2,miR-101,SNAI1,ZEB2,miR-200b,TGF-beta,GSC",N,11
1627,"FOXC2,ZEB1,miR-34a,TWIST2,SNAI2,miR-101,SNAI1,ZEB2,miR-200b,TGF-beta,GSC,TWIST1",P,12
1628,"FOXC2,ZEB1,miR-34a,TWIST2,SNAI2,miR-101,SNAI1,TWIST1,ZEB2,miR-200a,TGF-beta,GSC",N,12
1629,"FOXC2,ZEB1,miR-34a,TWIST2,SNAI2,miR-101,SNAI1,TWIST1,ZEB2,miR-200c,TGF-beta,GSC",N,12
1630,"FOXC2,ZEB1,miR-34a,TWIST2,SNAI2,miR-101,SNAI1,TWIST1,ZEB2,miR-200b,TGF-beta,GSC",P,12
1631,"FOXC2,ZEB1,miR-34a,TWIST2,SNAI2,miR-101,SNAI1,TWIST1",N,8
1632,"FOXC2,ZEB1,miR-34a,TWIST2,SNAI2,miR-101,SNAI1",P,7
1633,"FOXC2,ZEB1,miR-34a,TWIST2,SNAI2,miR-101,ZEB2,miR-200a,TGF-beta,SNAI1,TWIST1",P,11
1634,"FOXC2,ZEB1,miR-34a,TWIST2,SNAI2,miR-101,ZEB2,miR-200a,TGF-beta,SNAI1",N,10
1635,"FOXC2,ZEB1,miR-34a,TWIST2,SNAI2,miR-101,ZEB2,miR-200a,TGF-beta,GSC",N,10
1636,"FOXC2,ZEB1,miR-34a,TWIST2,SNAI2,miR-101,ZEB2,miR-200a,TGF-beta,GSC,TWIST1,SNAI1",P,12
1637,"FOXC2,ZEB1,miR-34a,TWIST2,SNAI2,miR-101,ZEB2,miR-200a,TGF-beta,GSC,TWIST1",P,11
1638,"FOXC2,ZEB1,miR-34a,TWIST2,SNAI2,miR-101,ZEB2,miR-200a,TGF-beta,GSC,SNAI1,TWIST1",N,12
1639,"FOXC2,ZEB1,miR-34a,TWIST2,SNAI2,miR-101,ZEB2,miR-200a,TGF-beta,GSC,SNAI1",P,11
1640,"FOXC2,ZEB1,miR-34a,TWIST2,SNAI2,miR-101,ZEB2,miR-200c,TGF-beta,SNAI1,TWIST1",P,11
1641,"FOXC2,ZEB1,miR-34a,TWIST2,SNAI2,miR-101,ZEB2,miR-200c,TGF-beta,SNAI1",N,10
1642,"FOXC2,ZEB1,miR-34a,TWIST2,SNAI2,miR-101,ZEB2,miR-200c,TGF-beta,GSC",N,10
1643,"FOXC2,ZEB1,miR-34a,TWIST2,SNAI2,miR-101,ZEB2,miR-200c,TGF-beta,GSC,TWIST1,SNAI1",P,12
1644,"FOXC2,ZEB1,miR-34a,TWIST2,SNAI2,miR-101,ZEB2,miR-200c,TGF-beta,GSC,TWIST1",P,11
1645,"FOXC2,ZEB1,miR-34a,TWIST2,SNAI2,miR-101,ZEB2,miR-200c,TGF-beta,GSC,SNAI1,TWIST1",N,12
1646,"FOXC2,ZEB1,miR-34a,TWIST2,SNAI2,miR-101,ZEB2,miR-200c,TGF-beta,GSC,SNAI1",P,11
1647,"FOXC2,ZEB1,miR-34a,TWIST2,SNAI2,miR-101,ZEB2,miR-200b,TGF-beta,SNAI1,TWIST1",N,11
1648,"FOXC2,ZEB1,miR-34a,TWIST2,SNAI2,miR-101,ZEB2,miR-200b,TGF-beta,SNAI1",P,10
1649,"FOXC2,ZEB1,miR-34a,TWIST2,SNAI2,miR-101,ZEB2,miR-200b,TGF-beta,GSC",P,10
1650,"FOXC2,ZEB1,miR-34a,TWIST2,SNAI2,miR-101,ZEB2,miR-200b,TGF-beta,GSC,TWIST1,SNAI1",N,12
1651,"FOXC2,ZEB1,miR-34a,TWIST2,SNAI2,miR-101,ZEB2,miR-200b,TGF-beta,GSC,TWIST1",N,11
1652,"FOXC2,ZEB1,miR-34a,TWIST2,SNAI2,miR-101,ZEB2,miR-200b,TGF-beta,GSC,SNAI1,TWIST1",P,12
1653,"FOXC2,ZEB1,miR-34a,TWIST2,SNAI2,miR-101,ZEB2,miR-200b,TGF-beta,GSC,SNAI1",N,11
1654,"FOXC2,ZEB1,miR-34a,TWIST2,SNAI1,miR-101,ZEB2,miR-200a,TGF-beta,GSC",N,10
1655,"FOXC2,ZEB1,miR-34a,TWIST2,SNAI1,miR-101,ZEB2,miR-200a,TGF-beta,GSC,TWIST1",P,11
1656,"FOXC2,ZEB1,miR-34a,TWIST2,SNAI1,miR-101,ZEB2,miR-200c,TGF-beta,GSC",N,10
1657,"FOXC2,ZEB1,miR-34a,TWIST2,SNAI1,miR-101,ZEB2,miR-200c,TGF-beta,GSC,TWIST1",P,11
1658,"FOXC2,ZEB1,miR-34a,TWIST2,SNAI1,miR-101,ZEB2,miR-200b,TGF-beta,GSC",P,10
1659,"FOXC2,ZEB1,miR-34a,TWIST2,SNAI1,miR-101,ZEB2,miR-200b,TGF-beta,GSC,TWIST1",N,11
1660,"FOXC2,ZEB1,miR-34a,TWIST2,SNAI1,miR-101,ZEB2,CDH1,SNAI2,miR-200b,TGF-beta,GSC",N,12
1661,"FOXC2,ZEB1,miR-34a,TWIST2,SNAI1,miR-101,ZEB2,CDH1,SNAI2,miR-200b,TGF-beta,GSC,TWIST1",P,13
1662,"FOXC2,ZEB1,miR-34a,TWIST2,SNAI1,miR-101,KLF8,CDH1,SNAI2,miR-200b,TGF-beta,GSC",P,12
1663,"FOXC2,ZEB1,miR-34a,TWIST2,SNAI1,miR-101,KLF8,CDH1,SNAI2,miR-200b,TGF-beta,GSC,TWIST1",N,13
1664,"FOXC2,ZEB1,miR-34a,TWIST2,SNAI1,miR-101,KLF8,CDH1,SNAI2,miR-200b,ZEB2,miR-200a,TGF-beta,GSC",N,14
1665,"FOXC2,ZEB1,miR-34a,TWIST2,SNAI1,miR-101,KLF8,CDH1,SNAI2,miR-200b,ZEB2,miR-200a,TGF-beta,GSC,TWIST1",P,15
1666,"FOXC2,ZEB1,miR-34a,TWIST2,SNAI1,miR-101,KLF8,CDH1,SNAI2,miR-200b,ZEB2,miR-200c,TGF-beta,GSC",N,14
1667,"FOXC2,ZEB1,miR-34a,TWIST2,SNAI1,miR-101,KLF8,CDH1,SNAI2,miR-200b,ZEB2,miR-200c,TGF-beta,GSC,TWIST1",P,15
1668,"FOXC2,ZEB1,miR-34a,TWIST2,SNAI1,ZEB2,miR-200a,TGF-beta,GSC",P,9
1669,"FOXC2,ZEB1,miR-34a,TWIST2,SNAI1,ZEB2,miR-200a,TGF-beta,GSC,TWIST1",N,10
1670,"FOXC2,ZEB1,miR-34a,TWIST2,SNAI1,ZEB2,miR-200c,TGF-beta,GSC",P,9
1671,"FOXC2,ZEB1,miR-34a,TWIST2,SNAI1,ZEB2,miR-200c,TGF-beta,GSC,TWIST1",N,10
1672,"FOXC2,ZEB1,miR-34a,TWIST2,SNAI1,ZEB2,miR-200b,TGF-beta,GSC",N,9
1673,"FOXC2,ZEB1,miR-34a,TWIST2,SNAI1,ZEB2,miR-200b,TGF-beta,GSC,TWIST1",P,10
1674,"FOXC2,ZEB1,miR-34a,TWIST2,SNAI1,ZEB2,CDH1,SNAI2,miR-200b,TGF-beta,GSC",P,11
1675,"FOXC2,ZEB1,miR-34a,TWIST2,SNAI1,ZEB2,CDH1,SNAI2,miR-200b,TGF-beta,GSC,TWIST1",N,12
1676,"FOXC2,ZEB1,miR-34a,TWIST2,SNAI1,TWIST1,ZEB2,miR-200a,TGF-beta,GSC",N,10
1677,"FOXC2,ZEB1,miR-34a,TWIST2,SNAI1,TWIST1,ZEB2,miR-200c,TGF-beta,GSC",N,10
1678,"FOXC2,ZEB1,miR-34a,TWIST2,SNAI1,TWIST1,ZEB2,miR-200b,TGF-beta,GSC",P,10
1679,"FOXC2,ZEB1,miR-34a,TWIST2,SNAI1,TWIST1,ZEB2,CDH1,SNAI2,miR-200b,TGF-beta,GSC",N,12
1680,"FOXC2,ZEB1,miR-34a,TWIST2,SNAI1,TWIST1,TCF3,CDH1,SNAI2,miR-200b,TGF-beta,GSC",N,12
1681,"FOXC2,ZEB1,miR-34a,TWIST2,SNAI1,TWIST1,TCF3,CDH1,SNAI2,miR-200b,ZEB2,miR-200a,TGF-beta,GSC",P,14
1682,"FOXC2,ZEB1,miR-34a,TWIST2,SNAI1,TWIST1,TCF3,CDH1,SNAI2,miR-200b,ZEB2,miR-200c,TGF-beta,GSC",P,14
1683,"FOXC2,ZEB1,miR-34a,TWIST2,SNAI1,TWIST1,TCF3,CDH1,SNAI2,miR-101,ZEB2,miR-200a,TGF-beta,GSC",P,14
1684,"FOXC2,ZEB1,miR-34a,TWIST2,SNAI1,TWIST1,TCF3,CDH1,SNAI2,miR-101,ZEB2,miR-200c,TGF-beta,GSC",P,14
1685,"FOXC2,ZEB1,miR-34a,TWIST2,SNAI1,TWIST1,TCF3,CDH1,SNAI2,miR-101,ZEB2,miR-200b,TGF-beta,GSC",N,14
1686,"FOXC2,ZEB1,miR-34a,TWIST2,SNAI1,TWIST1,SNAI2,miR-200b,TGF-beta,GSC",N,10
1687,"FOXC2,ZEB1,miR-34a,TWIST2,SNAI1,TWIST1,SNAI2,miR-200b,ZEB2,miR-200a,TGF-beta,GSC",P,12
1688,"FOXC2,ZEB1,miR-34a,TWIST2,SNAI1,TWIST1,SNAI2,miR-200b,ZEB2,miR-200c,TGF-beta,GSC",P,12
1689,"FOXC2,ZEB1,miR-34a,TWIST2,SNAI1,TWIST1,SNAI2,miR-101,ZEB2,miR-200a,TGF-beta,GSC",P,12
1690,"FOXC2,ZEB1,miR-34a,TWIST2,SNAI1,TWIST1,SNAI2,miR-101,ZEB2,miR-200c,TGF-beta,GSC",P,12
1691,"FOXC2,ZEB1,miR-34a,TWIST2,SNAI1,TWIST1,SNAI2,miR-101,ZEB2,miR-200b,TGF-beta,GSC",N,12
1692,"FOXC2,ZEB1,miR-34a,TWIST2,SNAI1,TWIST1",N,6
1693,"FOXC2,ZEB1,miR-34a,TWIST2,SNAI1,TWIST1,CDH1,SNAI2,miR-200b,TGF-beta,GSC",N,11
1694,"FOXC2,ZEB1,miR-34a,TWIST2,SNAI1,TWIST1,CDH1,SNAI2,miR-200b,ZEB2,miR-200a,TGF-beta,GSC",P,13
1695,"FOXC2,ZEB1,miR-34a,TWIST2,SNAI1,TWIST1,CDH1,SNAI2,miR-200b,ZEB2,miR-200c,TGF-beta,GSC",P,13
1696,"FOXC2,ZEB1,miR-34a,TWIST2,SNAI1,TWIST1,CDH1,SNAI2,miR-101,ZEB2,miR-200a,TGF-beta,GSC",P,13
1697,"FOXC2,ZEB1,miR-34a,TWIST2,SNAI1,TWIST1,CDH1,SNAI2,miR-101,ZEB2,miR-200c,TGF-beta,GSC",P,13
1698,"FOXC2,ZEB1,miR-34a,TWIST2,SNAI1,TWIST1,CDH1,SNAI2,miR-101,ZEB2,miR-200b,TGF-beta,GSC",N,13
1699,"FOXC2,ZEB1,miR-34a,TWIST2,SNAI1,SNAI2,miR-200b,TGF-beta,GSC",P,9
1700,"FOXC2,ZEB1,miR-34a,TWIST2,SNAI1,SNAI2,miR-200b,TGF-beta,GSC,TWIST1",N,10
1701,"FOXC2,ZEB1,miR-34a,TWIST2,SNAI1,SNAI2,miR-200b,ZEB2,miR-200a,TGF-beta,GSC",N,11
1702,"FOXC2,ZEB1,miR-34a,TWIST2,SNAI1,SNAI2,miR-200b,ZEB2,miR-200a,TGF-beta,GSC,TWIST1",P,12
1703,"FOXC2,ZEB1,miR-34a,TWIST2,SNAI1,SNAI2,miR-200b,ZEB2,miR-200c,TGF-beta,GSC",N,11
1704,"FOXC2,ZEB1,miR-34a,TWIST2,SNAI1,SNAI2,miR-200b,ZEB2,miR-200c,TGF-beta,GSC,TWIST1",P,12
1705,"FOXC2,ZEB1,miR-34a,TWIST2,SNAI1,SNAI2,miR-101,ZEB2,miR-200a,TGF-beta,GSC",N,11
1706,"FOXC2,ZEB1,miR-34a,TWIST2,SNAI1,SNAI2,miR-101,ZEB2,miR-200a,TGF-beta,GSC,TWIST1",P,12
1707,"FOXC2,ZEB1,miR-34a,TWIST2,SNAI1,SNAI2,miR-101,ZEB2,miR-200c,TGF-beta,GSC",N,11
1708,"FOXC2,ZEB1,miR-34a,TWIST2,SNAI1,SNAI2,miR-101,ZEB2,miR-200c,TGF-beta,GSC,TWIST1",P,12
1709,"FOXC2,ZEB1,miR-34a,TWIST2,SNAI1,SNAI2,miR-101,ZEB2,miR-200b,TGF-beta,GSC",P,11
1710,"FOXC2,ZEB1,miR-34a,TWIST2,SNAI1,SNAI2,miR-101,ZEB2,miR-200b,TGF-beta,GSC,TWIST1",N,12
1711,"FOXC2,ZEB1,miR-34a,TWIST2,SNAI1",P,5
1712,"FOXC2,ZEB1,miR-34a,TWIST2,SNAI1,CDH1,SNAI2,miR-200b,TGF-beta,GSC",N,10
1713,"FOXC2,ZEB1,miR-34a,TWIST2,SNAI1,CDH1,SNAI2,miR-200b,TGF-beta,GSC,TWIST1",P,11
1714,"FOXC2,ZEB1,miR-34a,TWIST2,SNAI1,CDH1,SNAI2,miR-200b,ZEB2,miR-200a,TGF-beta,GSC",P,12
1715,"FOXC2,ZEB1,miR-34a,TWIST2,SNAI1,CDH1,SNAI2,miR-200b,ZEB2,miR-200a,TGF-beta,GSC,TWIST1",N,13
1716,"FOXC2,ZEB1,miR-34a,TWIST2,SNAI1,CDH1,SNAI2,miR-200b,ZEB2,miR-200c,TGF-beta,GSC",P,12
1717,"FOXC2,ZEB1,miR-34a,TWIST2,SNAI1,CDH1,SNAI2,miR-200b,ZEB2,miR-200c,TGF-beta,GSC,TWIST1",N,13
1718,"FOXC2,ZEB1,miR-34a,TWIST2,SNAI1,CDH1,SNAI2,miR-101,ZEB2,miR-200a,TGF-beta,GSC",P,12
1719,"FOXC2,ZEB1,miR-34a,TWIST2,SNAI1,CDH1,SNAI2,miR-101,ZEB2,miR-200a,TGF-beta,GSC,TWIST1",N,13
1720,"FOXC2,ZEB1,miR-34a,TWIST2,SNAI1,CDH1,SNAI2,miR-101,ZEB2,miR-200c,TGF-beta,GSC",P,12
1721,"FOXC2,ZEB1,miR-34a,TWIST2,SNAI1,CDH1,SNAI2,miR-101,ZEB2,miR-200c,TGF-beta,GSC,TWIST1",N,13
1722,"FOXC2,ZEB1,miR-34a,TWIST2,SNAI1,CDH1,SNAI2,miR-101,ZEB2,miR-200b,TGF-beta,GSC",N,12
1723,"FOXC2,ZEB1,miR-34a,TWIST2,SNAI1,CDH1,SNAI2,miR-101,ZEB2,miR-200b,TGF-beta,GSC,TWIST1",P,13
1724,"FOXC2,ZEB1,miR-34a,TWIST2,CDH1,SNAI2,miR-200b,TGF-beta,SNAI1,TWIST1",N,10
1725,"FOXC2,ZEB1,miR-34a,TWIST2,CDH1,SNAI2,miR-200b,TGF-beta,SNAI1",P,9
1726,"FOXC2,ZEB1,miR-34a,TWIST2,CDH1,SNAI2,miR-200b,TGF-beta,GSC",P,9
1727,"FOXC2,ZEB1,miR-34a,TWIST2,CDH1,SNAI2,miR-200b,TGF-beta,GSC,TWIST1,SNAI1",N,11
1728,"FOXC2,ZEB1,miR-34a,TWIST2,CDH1,SNAI2,miR-200b,TGF-beta,GSC,TWIST1",N,10
1729,"FOXC2,ZEB1,miR-34a,TWIST2,CDH1,SNAI2,miR-200b,TGF-beta,GSC,SNAI1,TWIST1",P,11
1730,"FOXC2,ZEB1,miR-34a,TWIST2,CDH1,SNAI2,miR-200b,TGF-beta,GSC,SNAI1",N,10
1731,"FOXC2,ZEB1,miR-34a,TWIST2,CDH1,SNAI2,miR-200b,ZEB2,miR-200a,TGF-beta,SNAI1,TWIST1",P,12
1732,"FOXC2,ZEB1,miR-34a,TWIST2,CDH1,SNAI2,miR-200b,ZEB2,miR-200a,TGF-beta,SNAI1",N,11
1733,"FOXC2,ZEB1,miR-34a,TWIST2,CDH1,SNAI2,miR-200b,ZEB2,miR-200a,TGF-beta,GSC",N,11
1734,"FOXC2,ZEB1,miR-34a,TWIST2,CDH1,SNAI2,miR-200b,ZEB2,miR-200a,TGF-beta,GSC,TWIST1,SNAI1",P,13
1735,"FOXC2,ZEB1,miR-34a,TWIST2,CDH1,SNAI2,miR-200b,ZEB2,miR-200a,TGF-beta,GSC,TWIST1",P,12
1736,"FOXC2,ZEB1,miR-34a,TWIST2,CDH1,SNAI2,miR-200b,ZEB2,miR-200a,TGF-beta,GSC,SNAI1,TWIST1",N,13
1737,"FOXC2,ZEB1,miR-34a,TWIST2,CDH1,SNAI2,miR-200b,ZEB2,miR-200a,TGF-beta,GSC,SNAI1",P,12
1738,"FOXC2,ZEB1,miR-34a,TWIST2,CDH1,SNAI2,miR-200b,ZEB2,miR-200c,TGF-beta,SNAI1,TWIST1",P,12
1739,"FOXC2,ZEB1,miR-34a,TWIST2,CDH1,SNAI2,miR-200b,ZEB2,miR-200c,TGF-beta,SNAI1",N,11
1740,"FOXC2,ZEB1,miR-34a,TWIST2,CDH1,SNAI2,miR-200b,ZEB2,miR-200c,TGF-beta,GSC",N,11
1741,"FOXC2,ZEB1,miR-34a,TWIST2,CDH1,SNAI2,miR-200b,ZEB2,miR-200c,TGF-beta,GSC,TWIST1,SNAI1",P,13
1742,"FOXC2,ZEB1,miR-34a,TWIST2,CDH1,SNAI2,miR-200b,ZEB2,miR-200c,TGF-beta,GSC,TWIST1",P,12
1743,"FOXC2,ZEB1,miR-34a,TWIST2,CDH1,SNAI2,miR-200b,ZEB2,miR-200c,TGF-beta,GSC,SNAI1,TWIST1",N,13
1744,"FOXC2,ZEB1,miR-34a,TWIST2,CDH1,SNAI2,miR-200b,ZEB2,miR-200c,TGF-beta,GSC,SNAI1",P,12
1745,"FOXC2,ZEB1,miR-34a,TWIST2,CDH1,SNAI2,miR-101,SNAI1,ZEB2,miR-200a,TGF-beta,GSC",P,12
1746,"FOXC2,ZEB1,miR-34a,TWIST2,CDH1,SNAI2,miR-101,SNAI1,ZEB2,miR-200a,TGF-beta,GSC,TWIST1",N,13
1747,"FOXC2,ZEB1,miR-34a,TWIST2,CDH1,SNAI2,miR-101,SNAI1,ZEB2,miR-200c,TGF-beta,GSC",P,12
1748,"FOXC2,ZEB1,miR-34a,TWIST2,CDH1,SNAI2,miR-101,SNAI1,ZEB2,miR-200c,TGF-beta,GSC,TWIST1",N,13
1749,"FOXC2,ZEB1,miR-34a,TWIST2,CDH1,SNAI2,miR-101,SNAI1,ZEB2,miR-200b,TGF-beta,GSC",N,12
1750,"FOXC2,ZEB1,miR-34a,TWIST2,CDH1,SNAI2,miR-101,SNAI1,ZEB2,miR-200b,TGF-beta,GSC,TWIST1",P,13
1751,"FOXC2,ZEB1,miR-34a,TWIST2,CDH1,SNAI2,miR-101,SNAI1,TWIST1,ZEB2,miR-200a,TGF-beta,GSC",N,13
1752,"FOXC2,ZEB1,miR-34a,TWIST2,CDH1,SNAI2,miR-101,SNAI1,TWIST1,ZEB2,miR-200c,TGF-beta,GSC",N,13
1753,"FOXC2,ZEB1,miR-34a,TWIST2,CDH1,SNAI2,miR-101,SNAI1,TWIST1,ZEB2,miR-200b,TGF-beta,GSC",P,13
1754,"FOXC2,ZEB1,miR-34a,TWIST2,CDH1,SNAI2,miR-101,SNAI1,TWIST1",N,9
1755,"FOXC2,ZEB1,miR-34a,TWIST2,CDH1,SNAI2,miR-101,SNAI1",P,8
1756,"FOXC2,ZEB1,miR-34a,TWIST2,CDH1,SNAI2,miR-101,ZEB2,miR-200a,TGF-beta,SNAI1,TWIST1",P,12
1757,"FOXC2,ZEB1,miR-34a,TWIST2,CDH1,SNAI2,miR-101,ZEB2,miR-200a,TGF-beta,SNAI1",N,11
1758,"FOXC2,ZEB1,miR-34a,TWIST2,CDH1,SNAI2,miR-101,ZEB2,miR-200a,TGF-beta,GSC",N,11
1759,"FOXC2,ZEB1,miR-34a,TWIST2,CDH1,SNAI2,miR-101,ZEB2,miR-200a,TGF-beta,GSC,TWIST1,SNAI1",P,13
1760,"FOXC2,ZEB1,miR-34a,TWIST2,CDH1,SNAI2,miR-101,ZEB2,miR-200a,TGF-beta,GSC,TWIST1",P,12
1761,"FOXC2,ZEB1,miR-34a,TWIST2,CDH1,SNAI2,miR-101,ZEB2,miR-200a,TGF-beta,GSC,SNAI1,TWIST1",N,13
1762,"FOXC2,ZEB1,miR-34a,TWIST2,CDH1,SNAI2,miR-101,ZEB2,miR-200a,TGF-beta,GSC,SNAI1",P,12
1763,"FOXC2,ZEB1,miR-34a,TWIST2,CDH1,SNAI2,miR-101,ZEB2,miR-200c,TGF-beta,SNAI1,TWIST1",P,12
1764,"FOXC2,ZEB1,miR-34a,TWIST2,CDH1,SNAI2,miR-101,ZEB2,miR-200c,TGF-beta,SNAI1",N,11
1765,"FOXC2,ZEB1,miR-34a,TWIST2,CDH1,SNAI2,miR-101,ZEB2,miR-200c,TGF-beta,GSC",N,11
1766,"FOXC2,ZEB1,miR-34a,TWIST2,CDH1,SNAI2,miR-101,ZEB2,miR-200c,TGF-beta,GSC,TWIST1,SNAI1",P,13
1767,"FOXC2,ZEB1,miR-34a,TWIST2,CDH1,SNAI2,miR-101,ZEB2,miR-200c,TGF-beta,GSC,TWIST1",P,12
1768,"FOXC2,ZEB1,miR-34a,TWIST2,CDH1,SNAI2,miR-101,ZEB2,miR-200c,TGF-beta,GSC,SNAI1,TWIST1",N,13
1769,"FOXC2,ZEB1,miR-34a,TWIST2,CDH1,SNAI2,miR-101,ZEB2,miR-200c,TGF-beta,GSC,SNAI1",P,12
1770,"FOXC2,ZEB1,miR-34a,TWIST2,CDH1,SNAI2,miR-101,ZEB2,miR-200b,TGF-beta,SNAI1,TWIST1",N,12
1771,"FOXC2,ZEB1,miR-34a,TWIST2,CDH1,SNAI2,miR-101,ZEB2,miR-200b,TGF-beta,SNAI1",P,11
1772,"FOXC2,ZEB1,miR-34a,TWIST2,CDH1,SNAI2,miR-101,ZEB2,miR-200b,TGF-beta,GSC",P,11
1773,"FOXC2,ZEB1,miR-34a,TWIST2,CDH1,SNAI2,miR-101,ZEB2,miR-200b,TGF-beta,GSC,TWIST1,SNAI1",N,13
1774,"FOXC2,ZEB1,miR-34a,TWIST2,CDH1,SNAI2,miR-101,ZEB2,miR-200b,TGF-beta,GSC,TWIST1",N,12
1775,"FOXC2,ZEB1,miR-34a,TWIST2,CDH1,SNAI2,miR-101,ZEB2,miR-200b,TGF-beta,GSC,SNAI1,TWIST1",P,13
1776,"FOXC2,ZEB1,miR-34a,TWIST2,CDH1,SNAI2,miR-101,ZEB2,miR-200b,TGF-beta,GSC,SNAI1",N,12
1777,"FOXC2,ZEB1,miR-34a,SNAI2,miR-200b,TGF-beta,SNAI1,TWIST1",N,8
1778,"FOXC2,ZEB1,miR-34a,SNAI2,miR-200b,TGF-beta,SNAI1",P,7
1779,"FOXC2,ZEB1,miR-34a,SNAI2,miR-200b,TGF-beta,GSC",P,7
1780,"FOXC2,ZEB1,miR-34a,SNAI2,miR-200b,TGF-beta,GSC,TWIST1,SNAI1",N,9
1781,"FOXC2,ZEB1,miR-34a,SNAI2,miR-200b,TGF-beta,GSC,TWIST1",N,8
1782,"FOXC2,ZEB1,miR-34a,SNAI2,miR-200b,TGF-beta,GSC,SNAI1,TWIST1",P,9
1783,"FOXC2,ZEB1,miR-34a,SNAI2,miR-200b,TGF-beta,GSC,SNAI1",N,8
1784,"FOXC2,ZEB1,miR-34a,SNAI2,miR-200b,ZEB2,miR-200a,TGF-beta,SNAI1,TWIST1",P,10
1785,"FOXC2,ZEB1,miR-34a,SNAI2,miR-200b,ZEB2,miR-200a,TGF-beta,SNAI1",N,9
1786,"FOXC2,ZEB1,miR-34a,SNAI2,miR-200b,ZEB2,miR-200a,TGF-beta,GSC",N,9
1787,"FOXC2,ZEB1,miR-34a,SNAI2,miR-200b,ZEB2,miR-200a,TGF-beta,GSC,TWIST1,SNAI1",P,11
1788,"FOXC2,ZEB1,miR-34a,SNAI2,miR-200b,ZEB2,miR-200a,TGF-beta,GSC,TWIST1",P,10
1789,"FOXC2,ZEB1,miR-34a,SNAI2,miR-200b,ZEB2,miR-200a,TGF-beta,GSC,SNAI1,TWIST1",N,11
1790,"FOXC2,ZEB1,miR-34a,SNAI2,miR-200b,ZEB2,miR-200a,TGF-beta,GSC,SNAI1",P,10
1791,"FOXC2,ZEB1,miR-34a,SNAI2,miR-200b,ZEB2,miR-200c,TGF-beta,SNAI1,TWIST1",P,10
1792,"FOXC2,ZEB1,miR-34a,SNAI2,miR-200b,ZEB2,miR-200c,TGF-beta,SNAI1",N,9
1793,"FOXC2,ZEB1,miR-34a,SNAI2,miR-200b,ZEB2,miR-200c,TGF-beta,GSC",N,9
1794,"FOXC2,ZEB1,miR-34a,SNAI2,miR-200b,ZEB2,miR-200c,TGF-beta,GSC,TWIST1,SNAI1",P,11
1795,"FOXC2,ZEB1,miR-34a,SNAI2,miR-200b,ZEB2,miR-200c,TGF-beta,GSC,TWIST1",P,10
1796,"FOXC2,ZEB1,miR-34a,SNAI2,miR-200b,ZEB2,miR-200c,TGF-beta,GSC,SNAI1,TWIST1",N,11
1797,"FOXC2,ZEB1,miR-34a,SNAI2,miR-200b,ZEB2,miR-200c,TGF-beta,GSC,SNAI1",P,10
1798,"FOXC2,ZEB1,miR-34a,SNAI2,miR-101,SNAI1,ZEB2,miR-200a,TGF-beta,GSC",P,10
1799,"FOXC2,ZEB1,miR-34a,SNAI2,miR-101,SNAI1,ZEB2,miR-200a,TGF-beta,GSC,TWIST1",N,11
1800,"FOXC2,ZEB1,miR-34a,SNAI2,miR-101,SNAI1,ZEB2,miR-200c,TGF-beta,GSC",P,10
1801,"FOXC2,ZEB1,miR-34a,SNAI2,miR-101,SNAI1,ZEB2,miR-200c,TGF-beta,GSC,TWIST1",N,11
1802,"FOXC2,ZEB1,miR-34a,SNAI2,miR-101,SNAI1,ZEB2,miR-200b,TGF-beta,GSC",N,10
1803,"FOXC2,ZEB1,miR-34a,SNAI2,miR-101,SNAI1,ZEB2,miR-200b,TGF-beta,GSC,TWIST1",P,11
1804,"FOXC2,ZEB1,miR-34a,SNAI2,miR-101,SNAI1,TWIST1,ZEB2,miR-200a,TGF-beta,GSC",N,11
1805,"FOXC2,ZEB1,miR-34a,SNAI2,miR-101,SNAI1,TWIST1,ZEB2,miR-200c,TGF-beta,GSC",N,11
1806,"FOXC2,ZEB1,miR-34a,SNAI2,miR-101,SNAI1,TWIST1,ZEB2,miR-200b,TGF-beta,GSC",P,11
1807,"FOXC2,ZEB1,miR-34a,SNAI2,miR-101,SNAI1,TWIST1",N,7
1808,"FOXC2,ZEB1,miR-34a,SNAI2,miR-101,SNAI1",P,6
1809,"FOXC2,ZEB1,miR-34a,SNAI2,miR-101,ZEB2,miR-200a,TGF-beta,SNAI1,TWIST1",P,10
1810,"FOXC2,ZEB1,miR-34a,SNAI2,miR-101,ZEB2,miR-200a,TGF-beta,SNAI1",N,9
1811,"FOXC2,ZEB1,miR-34a,SNAI2,miR-101,ZEB2,miR-200a,TGF-beta,GSC",N,9
1812,"FOXC2,ZEB1,miR-34a,SNAI2,miR-101,ZEB2,miR-200a,TGF-beta,GSC,TWIST1,SNAI1",P,11
1813,"FOXC2,ZEB1,miR-34a,SNAI2,miR-101,ZEB2,miR-200a,TGF-beta,GSC,TWIST1",P,10
1814,"FOXC2,ZEB1,miR-34a,SNAI2,miR-101,ZEB2,miR-200a,TGF-beta,GSC,SNAI1,TWIST1",N,11
1815,"FOXC2,ZEB1,miR-34a,SNAI2,miR-101,ZEB2,miR-200a,TGF-beta,GSC,SNAI1",P,10
1816,"FOXC2,ZEB1,miR-34a,SNAI2,miR-101,ZEB2,miR-200c,TGF-beta,SNAI1,TWIST1",P,10
1817,"FOXC2,ZEB1,miR-34a,SNAI2,miR-101,ZEB2,miR-200c,TGF-beta,SNAI1",N,9
1818,"FOXC2,ZEB1,miR-34a,SNAI2,miR-101,ZEB2,miR-200c,TGF-beta,GSC",N,9
1819,"FOXC2,ZEB1,miR-34a,SNAI2,miR-101,ZEB2,miR-200c,TGF-beta,GSC,TWIST1,SNAI1",P,11
1820,"FOXC2,ZEB1,miR-34a,SNAI2,miR-101,ZEB2,miR-200c,TGF-beta,GSC,TWIST1",P,10
1821,"FOXC2,ZEB1,miR-34a,SNAI2,miR-101,ZEB2,miR-200c,TGF-beta,GSC,SNAI1,TWIST1",N,11
1822,"FOXC2,ZEB1,miR-34a,SNAI2,miR-101,ZEB2,miR-200c,TGF-beta,GSC,SNAI1",P,10
1823,"FOXC2,ZEB1,miR-34a,SNAI2,miR-101,ZEB2,miR-200b,TGF-beta,SNAI1,TWIST1",N,10
1824,"FOXC2,ZEB1,miR-34a,SNAI2,miR-101,ZEB2,miR-200b,TGF-beta,SNAI1",P,9
1825,"FOXC2,ZEB1,miR-34a,SNAI2,miR-101,ZEB2,miR-200b,TGF-beta,GSC",P,9
1826,"FOXC2,ZEB1,miR-34a,SNAI2,miR-101,ZEB2,miR-200b,TGF-beta,GSC,TWIST1,SNAI1",N,11
1827,"FOXC2,ZEB1,miR-34a,SNAI2,miR-101,ZEB2,miR-200b,TGF-beta,GSC,TWIST1",N,10
1828,"FOXC2,ZEB1,miR-34a,SNAI2,miR-101,ZEB2,miR-200b,TGF-beta,GSC,SNAI1,TWIST1",P,11
1829,"FOXC2,ZEB1,miR-34a,SNAI2,miR-101,ZEB2,miR-200b,TGF-beta,GSC,SNAI1",N,10
1830,"FOXC2,ZEB1,miR-34a,SNAI2,TWIST2,ZEB2,miR-200a,TGF-beta,SNAI1,TWIST1",P,10
1831,"FOXC2,ZEB1,miR-34a,SNAI2,TWIST2,ZEB2,miR-200a,TGF-beta,SNAI1",N,9
1832,"FOXC2,ZEB1,miR-34a,SNAI2,TWIST2,ZEB2,miR-200a,TGF-beta,GSC",N,9
1833,"FOXC2,ZEB1,miR-34a,SNAI2,TWIST2,ZEB2,miR-200a,TGF-beta,GSC,TWIST1,SNAI1",P,11
1834,"FOXC2,ZEB1,miR-34a,SNAI2,TWIST2,ZEB2,miR-200a,TGF-beta,GSC,TWIST1",P,10
1835,"FOXC2,ZEB1,miR-34a,SNAI2,TWIST2,ZEB2,miR-200a,TGF-beta,GSC,SNAI1,TWIST1",N,11
1836,"FOXC2,ZEB1,miR-34a,SNAI2,TWIST2,ZEB2,miR-200a,TGF-beta,GSC,SNAI1",P,10
1837,"FOXC2,ZEB1,miR-34a,SNAI2,TWIST2,ZEB2,miR-200c,TGF-beta,SNAI1,TWIST1",P,10
1838,"FOXC2,ZEB1,miR-34a,SNAI2,TWIST2,ZEB2,miR-200c,TGF-beta,SNAI1",N,9
1839,"FOXC2,ZEB1,miR-34a,SNAI2,TWIST2,ZEB2,miR-200c,TGF-beta,GSC",N,9
1840,"FOXC2,ZEB1,miR-34a,SNAI2,TWIST2,ZEB2,miR-200c,TGF-beta,GSC,TWIST1,SNAI1",P,11
1841,"FOXC2,ZEB1,miR-34a,SNAI2,TWIST2,ZEB2,miR-200c,TGF-beta,GSC,TWIST1",P,10
1842,"FOXC2,ZEB1,miR-34a,SNAI2,TWIST2,ZEB2,miR-200c,TGF-beta,GSC,SNAI1,TWIST1",N,11
1843,"FOXC2,ZEB1,miR-34a,SNAI2,TWIST2,ZEB2,miR-200c,TGF-beta,GSC,SNAI1",P,10
1844,"FOXC2,ZEB1,miR-34a,SNAI2,TWIST2,ZEB2,miR-200b,TGF-beta,SNAI1,TWIST1",N,10
1845,"FOXC2,ZEB1,miR-34a,SNAI2,TWIST2,ZEB2,miR-200b,TGF-beta,SNAI1",P,9
1846,"FOXC2,ZEB1,miR-34a,SNAI2,TWIST2,ZEB2,miR-200b,TGF-beta,GSC",P,9
1847,"FOXC2,ZEB1,miR-34a,SNAI2,TWIST2,ZEB2,miR-200b,TGF-beta,GSC,TWIST1,SNAI1",N,11
1848,"FOXC2,ZEB1,miR-34a,SNAI2,TWIST2,ZEB2,miR-200b,TGF-beta,GSC,TWIST1",N,10
1849,"FOXC2,ZEB1,miR-34a,SNAI2,TWIST2,ZEB2,miR-200b,TGF-beta,GSC,SNAI1,TWIST1",P,11
1850,"FOXC2,ZEB1,miR-34a,SNAI2,TWIST2,ZEB2,miR-200b,TGF-beta,GSC,SNAI1",N,10
1851,"FOXC2,ZEB1,miR-34a,SNAI2,TWIST2,TWIST1,ZEB2,miR-200a,TGF-beta,SNAI1",P,10
1852,"FOXC2,ZEB1,miR-34a,SNAI2,TWIST2,TWIST1,ZEB2,miR-200a,TGF-beta,GSC",P,10
1853,"FOXC2,ZEB1,miR-34a,SNAI2,TWIST2,TWIST1,ZEB2,miR-200a,TGF-beta,GSC,SNAI1",N,11
1854,"FOXC2,ZEB1,miR-34a,SNAI2,TWIST2,TWIST1,ZEB2,miR-200c,TGF-beta,SNAI1",P,10
1855,"FOXC2,ZEB1,miR-34a,SNAI2,TWIST2,TWIST1,ZEB2,miR-200c,TGF-beta,GSC",P,10
1856,"FOXC2,ZEB1,miR-34a,SNAI2,TWIST2,TWIST1,ZEB2,miR-200c,TGF-beta,GSC,SNAI1",N,11
1857,"FOXC2,ZEB1,miR-34a,SNAI2,TWIST2,TWIST1,ZEB2,miR-200b,TGF-beta,SNAI1",N,10
1858,"FOXC2,ZEB1,miR-34a,SNAI2,TWIST2,TWIST1,ZEB2,miR-200b,TGF-beta,GSC",N,10
1859,"FOXC2,ZEB1,miR-34a,SNAI2,TWIST2,TWIST1,ZEB2,miR-200b,TGF-beta,GSC,SNAI1",P,11
1860,"FOXC2,ZEB1,miR-34a,SNAI2,TWIST2,TWIST1,SNAI1,miR-101,ZEB2,miR-200a,TGF-beta,GSC",N,12
1861,"FOXC2,ZEB1,miR-34a,SNAI2,TWIST2,TWIST1,SNAI1,miR-101,ZEB2,miR-200c,TGF-beta,GSC",N,12
1862,"FOXC2,ZEB1,miR-34a,SNAI2,TWIST2,TWIST1,SNAI1,miR-101,ZEB2,miR-200b,TGF-beta,GSC",P,12
1863,"FOXC2,ZEB1,miR-34a,SNAI2,TWIST2,TWIST1,SNAI1,ZEB2,miR-200a,TGF-beta,GSC",P,11
1864,"FOXC2,ZEB1,miR-34a,SNAI2,TWIST2,TWIST1,SNAI1,ZEB2,miR-200c,TGF-beta,GSC",P,11
1865,"FOXC2,ZEB1,miR-34a,SNAI2,TWIST2,TWIST1,SNAI1,ZEB2,miR-200b,TGF-beta,GSC",N,11
1866,"FOXC2,ZEB1,miR-34a,SNAI2,TWIST2,TWIST1,SNAI1",P,7
1867,"FOXC2,ZEB1,miR-34a,SNAI2,TWIST2,TWIST1",P,6
1868,"FOXC2,ZEB1,miR-34a,SNAI2,TWIST2,SNAI1,miR-101,ZEB2,miR-200a,TGF-beta,GSC",N,11
1869,"FOXC2,ZEB1,miR-34a,SNAI2,TWIST2,SNAI1,miR-101,ZEB2,miR-200a,TGF-beta,GSC,TWIST1",P,12
1870,"FOXC2,ZEB1,miR-34a,SNAI2,TWIST2,SNAI1,miR-101,ZEB2,miR-200c,TGF-beta,GSC",N,11
1871,"FOXC2,ZEB1,miR-34a,SNAI2,TWIST2,SNAI1,miR-101,ZEB2,miR-200c,TGF-beta,GSC,TWIST1",P,12
1872,"FOXC2,ZEB1,miR-34a,SNAI2,TWIST2,SNAI1,miR-101,ZEB2,miR-200b,TGF-beta,GSC",P,11
1873,"FOXC2,ZEB1,miR-34a,SNAI2,TWIST2,SNAI1,miR-101,ZEB2,miR-200b,TGF-beta,GSC,TWIST1",N,12
1874,"FOXC2,ZEB1,miR-34a,SNAI2,TWIST2,SNAI1,ZEB2,miR-200a,TGF-beta,GSC",P,10
1875,"FOXC2,ZEB1,miR-34a,SNAI2,TWIST2,SNAI1,ZEB2,miR-200a,TGF-beta,GSC,TWIST1",N,11
1876,"FOXC2,ZEB1,miR-34a,SNAI2,TWIST2,SNAI1,ZEB2,miR-200c,TGF-beta,GSC",P,10
1877,"FOXC2,ZEB1,miR-34a,SNAI2,TWIST2,SNAI1,ZEB2,miR-200c,TGF-beta,GSC,TWIST1",N,11
1878,"FOXC2,ZEB1,miR-34a,SNAI2,TWIST2,SNAI1,ZEB2,miR-200b,TGF-beta,GSC",N,10
1879,"FOXC2,ZEB1,miR-34a,SNAI2,TWIST2,SNAI1,ZEB2,miR-200b,TGF-beta,GSC,TWIST1",P,11
1880,"FOXC2,ZEB1,miR-34a,SNAI2,TWIST2,SNAI1,TWIST1,ZEB2,miR-200a,TGF-beta,GSC",N,11
1881,"FOXC2,ZEB1,miR-34a,SNAI2,TWIST2,SNAI1,TWIST1,ZEB2,miR-200c,TGF-beta,GSC",N,11
1882,"FOXC2,ZEB1,miR-34a,SNAI2,TWIST2,SNAI1,TWIST1,ZEB2,miR-200b,TGF-beta,GSC",P,11
1883,"FOXC2,ZEB1,miR-34a,SNAI2,TWIST2,SNAI1,TWIST1",N,7
1884,"FOXC2,ZEB1,miR-34a,SNAI2,TWIST2,SNAI1",P,6
1885,"FOXC2,ZEB1,miR-34a,SNAI1,miR-101,ZEB2,miR-200a,TGF-beta,SNAI2,TWIST2,TWIST1",P,11
1886,"FOXC2,ZEB1,miR-34a,SNAI1,miR-101,ZEB2,miR-200a,TGF-beta,GSC",N,9
1887,"FOXC2,ZEB1,miR-34a,SNAI1,miR-101,ZEB2,miR-200a,TGF-beta,GSC,TWIST1",P,10
1888,"FOXC2,ZEB1,miR-34a,SNAI1,miR-101,ZEB2,miR-200c,TGF-beta,SNAI2,TWIST2,TWIST1",P,11
1889,"FOXC2,ZEB1,miR-34a,SNAI1,miR-101,ZEB2,miR-200c,TGF-beta,GSC",N,9
1890,"FOXC2,ZEB1,miR-34a,SNAI1,miR-101,ZEB2,miR-200c,TGF-beta,GSC,TWIST1",P,10
1891,"FOXC2,ZEB1,miR-34a,SNAI1,miR-101,ZEB2,miR-200b,TGF-beta,SNAI2,TWIST2,TWIST1",N,11
1892,"FOXC2,ZEB1,miR-34a,SNAI1,miR-101,ZEB2,miR-200b,TGF-beta,GSC",P,9
1893,"FOXC2,ZEB1,miR-34a,SNAI1,miR-101,ZEB2,miR-200b,TGF-beta,GSC,TWIST1",N,10
1894,"FOXC2,ZEB1,miR-34a,SNAI1,miR-101,ZEB2,CDH1,SNAI2,miR-200b,TGF-beta,GSC",N,11
1895,"FOXC2,ZEB1,miR-34a,SNAI1,miR-101,ZEB2,CDH1,SNAI2,miR-200b,TGF-beta,GSC,TWIST1",P,12
1896,"FOXC2,ZEB1,miR-34a,SNAI1,miR-101,ZEB2,CDH1,SNAI2,TWIST2,TWIST1",N,10
1897,"FOXC2,ZEB1,miR-34a,SNAI1,miR-101,KLF8,CDH1,SNAI2,miR-200b,TGF-beta,GSC",P,11
1898,"FOXC2,ZEB1,miR-34a,SNAI1,miR-101,KLF8,CDH1,SNAI2,miR-200b,TGF-beta,GSC,TWIST1",N,12
1899,"FOXC2,ZEB1,miR-34a,SNAI1,miR-101,KLF8,CDH1,SNAI2,miR-200b,ZEB2,miR-200a,TGF-beta,GSC",N,13
1900,"FOXC2,ZEB1,miR-34a,SNAI1,miR-101,KLF8,CDH1,SNAI2,miR-200b,ZEB2,miR-200a,TGF-beta,GSC,TWIST1",P,14
1901,"FOXC2,ZEB1,miR-34a,SNAI1,miR-101,KLF8,CDH1,SNAI2,miR-200b,ZEB2,miR-200c,TGF-beta,GSC",N,13
1902,"FOXC2,ZEB1,miR-34a,SNAI1,miR-101,KLF8,CDH1,SNAI2,miR-200b,ZEB2,miR-200c,TGF-beta,GSC,TWIST1",P,14
1903,"FOXC2,ZEB1,miR-34a,SNAI1,miR-101,KLF8,CDH1,SNAI2,TWIST2,ZEB2,miR-200a,TGF-beta,GSC",N,13
1904,"FOXC2,ZEB1,miR-34a,SNAI1,miR-101,KLF8,CDH1,SNAI2,TWIST2,ZEB2,miR-200a,TGF-beta,GSC,TWIST1",P,14
1905,"FOXC2,ZEB1,miR-34a,SNAI1,miR-101,KLF8,CDH1,SNAI2,TWIST2,ZEB2,miR-200c,TGF-beta,GSC",N,13
1906,"FOXC2,ZEB1,miR-34a,SNAI1,miR-101,KLF8,CDH1,SNAI2,TWIST2,ZEB2,miR-200c,TGF-beta,GSC,TWIST1",P,14
1907,"FOXC2,ZEB1,miR-34a,SNAI1,miR-101,KLF8,CDH1,SNAI2,TWIST2,ZEB2,miR-200b,TGF-beta,GSC",P,13
1908,"FOXC2,ZEB1,miR-34a,SNAI1,miR-101,KLF8,CDH1,SNAI2,TWIST2,ZEB2,miR-200b,TGF-beta,GSC,TWIST1",N,14
1909,"FOXC2,ZEB1,miR-34a,SNAI1,miR-101,KLF8,CDH1,SNAI2,TWIST2,TWIST1,ZEB2,miR-200a,TGF-beta,GSC",P,14
1910,"FOXC2,ZEB1,miR-34a,SNAI1,miR-101,KLF8,CDH1,SNAI2,TWIST2,TWIST1,ZEB2,miR-200c,TGF-beta,GSC",P,14
1911,"FOXC2,ZEB1,miR-34a,SNAI1,miR-101,KLF8,CDH1,SNAI2,TWIST2,TWIST1,ZEB2,miR-200b,TGF-beta,GSC",N,14
1912,"FOXC2,ZEB1,miR-34a,SNAI1,miR-101,KLF8,CDH1,SNAI2,TWIST2,TWIST1",P,10
1913,"FOXC2,ZEB1,miR-34a,SNAI1,ZEB2,miR-200a,TGF-beta,SNAI2,TWIST2,TWIST1",N,10
1914,"FOXC2,ZEB1,miR-34a,SNAI1,ZEB2,miR-200a,TGF-beta,GSC",P,8
1915,"FOXC2,ZEB1,miR-34a,SNAI1,ZEB2,miR-200a,TGF-beta,GSC,TWIST1",N,9
1916,"FOXC2,ZEB1,miR-34a,SNAI1,ZEB2,miR-200c,TGF-beta,SNAI2,TWIST2,TWIST1",N,10
1917,"FOXC2,ZEB1,miR-34a,SNAI1,ZEB2,miR-200c,TGF-beta,GSC",P,8
1918,"FOXC2,ZEB1,miR-34a,SNAI1,ZEB2,miR-200c,TGF-beta,GSC,TWIST1",N,9
1919,"FOXC2,ZEB1,miR-34a,SNAI1,ZEB2,miR-200b,TGF-beta,SNAI2,TWIST2,TWIST1",P,10
1920,"FOXC2,ZEB1,miR-34a,SNAI1,ZEB2,miR-200b,TGF-beta,GSC",N,8
1921,"FOXC2,ZEB1,miR-34a,SNAI1,ZEB2,miR-200b,TGF-beta,GSC,TWIST1",P,9
1922,"FOXC2,ZEB1,miR-34a,SNAI1,ZEB2,CDH1,SNAI2,miR-200b,TGF-beta,GSC",P,10
1923,"FOXC2,ZEB1,miR-34a,SNAI1,ZEB2,CDH1,SNAI2,miR-200b,TGF-beta,GSC,TWIST1",N,11
1924,"FOXC2,ZEB1,miR-34a,SNAI1,ZEB2,CDH1,SNAI2,TWIST2,TWIST1",P,9
1925,"FOXC2,ZEB1,miR-34a,SNAI1,TWIST1,ZEB2,miR-200a,TGF-beta,GSC",N,9
1926,"FOXC2,ZEB1,miR-34a,SNAI1,TWIST1,ZEB2,miR-200c,TGF-beta,GSC",N,9
1927,"FOXC2,ZEB1,miR-34a,SNAI1,TWIST1,ZEB2,miR-200b,TGF-beta,GSC",P,9
1928,"FOXC2,ZEB1,miR-34a,SNAI1,TWIST1,ZEB2,CDH1,SNAI2,miR-200b,TGF-beta,GSC",N,11
1929,"FOXC2,ZEB1,miR-34a,SNAI1,TWIST1,TCF3,CDH1,SNAI2,miR-200b,TGF-beta,GSC",N,11
1930,"FOXC2,ZEB1,miR-34a,SNAI1,TWIST1,TCF3,CDH1,SNAI2,miR-200b,ZEB2,miR-200a,TGF-beta,GSC",P,13
1931,"FOXC2,ZEB1,miR-34a,SNAI1,TWIST1,TCF3,CDH1,SNAI2,miR-200b,ZEB2,miR-200c,TGF-beta,GSC",P,13
1932,"FOXC2,ZEB1,miR-34a,SNAI1,TWIST1,TCF3,CDH1,SNAI2,miR-101,ZEB2,miR-200a,TGF-beta,GSC",P,13
1933,"FOXC2,ZEB1,miR-34a,SNAI1,TWIST1,TCF3,CDH1,SNAI2,miR-101,ZEB2,miR-200c,TGF-beta,GSC",P,13
1934,"FOXC2,ZEB1,miR-34a,SNAI1,TWIST1,TCF3,CDH1,SNAI2,miR-101,ZEB2,miR-200b,TGF-beta,GSC",N,13
1935,"FOXC2,ZEB1,miR-34a,SNAI1,TWIST1,TCF3,CDH1,SNAI2,TWIST2,ZEB2,miR-200a,TGF-beta,GSC",P,13
1936,"FOXC2,ZEB1,miR-34a,SNAI1,TWIST1,TCF3,CDH1,SNAI2,TWIST2,ZEB2,miR-200c,TGF-beta,GSC",P,13
1937,"FOXC2,ZEB1,miR-34a,SNAI1,TWIST1,TCF3,CDH1,SNAI2,TWIST2,ZEB2,miR-200b,TGF-beta,GSC",N,13
1938,"FOXC2,ZEB1,miR-34a,SNAI1,TWIST1,SNAI2,miR-200b,TGF-beta,GSC",N,9
1939,"FOXC2,ZEB1,miR-34a,SNAI1,TWIST1,SNAI2,miR-200b,ZEB2,miR-200a,TGF-beta,GSC",P,11
1940,"FOXC2,ZEB1,miR-34a,SNAI1,TWIST1,SNAI2,miR-200b,ZEB2,miR-200c,TGF-beta,GSC",P,11
1941,"FOXC2,ZEB1,miR-34a,SNAI1,TWIST1,SNAI2,miR-101,ZEB2,miR-200a,TGF-beta,GSC",P,11
1942,"FOXC2,ZEB1,miR-34a,SNAI1,TWIST1,SNAI2,miR-101,ZEB2,miR-200c,TGF-beta,GSC",P,11
1943,"FOXC2,ZEB1,miR-34a,SNAI1,TWIST1,SNAI2,miR-101,ZEB2,miR-200b,TGF-beta,GSC",N,11
1944,"FOXC2,ZEB1,miR-34a,SNAI1,TWIST1,SNAI2,TWIST2,ZEB2,miR-200a,TGF-beta,GSC",P,11
1945,"FOXC2,ZEB1,miR-34a,SNAI1,TWIST1,SNAI2,TWIST2,ZEB2,miR-200c,TGF-beta,GSC",P,11
1946,"FOXC2,ZEB1,miR-34a,SNAI1,TWIST1,SNAI2,TWIST2,ZEB2,miR-200b,TGF-beta,GSC",N,11
1947,"FOXC2,ZEB1,miR-34a,SNAI1,TWIST1",N,5
1948,"FOXC2,ZEB1,miR-34a,SNAI1,TWIST1,CDH1,SNAI2,miR-200b,TGF-beta,GSC",N,10
1949,"FOXC2,ZEB1,miR-34a,SNAI1,TWIST1,CDH1,SNAI2,miR-200b,ZEB2,miR-200a,TGF-beta,GSC",P,12
1950,"FOXC2,ZEB1,miR-34a,SNAI1,TWIST1,CDH1,SNAI2,miR-200b,ZEB2,miR-200c,TGF-beta,GSC",P,12
1951,"FOXC2,ZEB1,miR-34a,SNAI1,TWIST1,CDH1,SNAI2,miR-101,ZEB2,miR-200a,TGF-beta,GSC",P,12
1952,"FOXC2,ZEB1,miR-34a,SNAI1,TWIST1,CDH1,SNAI2,miR-101,ZEB2,miR-200c,TGF-beta,GSC",P,12
1953,"FOXC2,ZEB1,miR-34a,SNAI1,TWIST1,CDH1,SNAI2,miR-101,ZEB2,miR-200b,TGF-beta,GSC",N,12
1954,"FOXC2,ZEB1,miR-34a,SNAI1,TWIST1,CDH1,SNAI2,TWIST2,ZEB2,miR-200a,TGF-beta,GSC",P,12
1955,"FOXC2,ZEB1,miR-34a,SNAI1,TWIST1,CDH1,SNAI2,TWIST2,ZEB2,miR-200c,TGF-beta,GSC",P,12
1956,"FOXC2,ZEB1,miR-34a,SNAI1,TWIST1,CDH1,SNAI2,TWIST2,ZEB2,miR-200b,TGF-beta,GSC",N,12
1957,"FOXC2,ZEB1,miR-34a,SNAI1,SNAI2,miR-200b,TGF-beta,GSC",P,8
1958,"FOXC2,ZEB1,miR-34a,SNAI1,SNAI2,miR-200b,TGF-beta,GSC,TWIST1",N,9
1959,"FOXC2,ZEB1,miR-34a,SNAI1,SNAI2,miR-200b,ZEB2,miR-200a,TGF-beta,GSC",N,10
1960,"FOXC2,ZEB1,miR-34a,SNAI1,SNAI2,miR-200b,ZEB2,miR-200a,TGF-beta,GSC,TWIST1",P,11
1961,"FOXC2,ZEB1,miR-34a,SNAI1,SNAI2,miR-200b,ZEB2,miR-200c,TGF-beta,GSC",N,10
1962,"FOXC2,ZEB1,miR-34a,SNAI1,SNAI2,miR-200b,ZEB2,miR-200c,TGF-beta,GSC,TWIST1",P,11
1963,"FOXC2,ZEB1,miR-34a,SNAI1,SNAI2,miR-101,ZEB2,miR-200a,TGF-beta,GSC",N,10
1964,"FOXC2,ZEB1,miR-34a,SNAI1,SNAI2,miR-101,ZEB2,miR-200a,TGF-beta,GSC,TWIST1",P,11
1965,"FOXC2,ZEB1,miR-34a,SNAI1,SNAI2,miR-101,ZEB2,miR-200c,TGF-beta,GSC",N,10
1966,"FOXC2,ZEB1,miR-34a,SNAI1,SNAI2,miR-101,ZEB2,miR-200c,TGF-beta,GSC,TWIST1",P,11
1967,"FOXC2,ZEB1,miR-34a,SNAI1,SNAI2,miR-101,ZEB2,miR-200b,TGF-beta,GSC",P,10
1968,"FOXC2,ZEB1,miR-34a,SNAI1,SNAI2,miR-101,ZEB2,miR-200b,TGF-beta,GSC,TWIST1",N,11
1969,"FOXC2,ZEB1,miR-34a,SNAI1,SNAI2,TWIST2,ZEB2,miR-200a,TGF-beta,GSC",N,10
1970,"FOXC2,ZEB1,miR-34a,SNAI1,SNAI2,TWIST2,ZEB2,miR-200a,TGF-beta,GSC,TWIST1",P,11
1971,"FOXC2,ZEB1,miR-34a,SNAI1,SNAI2,TWIST2,ZEB2,miR-200c,TGF-beta,GSC",N,10
1972,"FOXC2,ZEB1,miR-34a,SNAI1,SNAI2,TWIST2,ZEB2,miR-200c,TGF-beta,GSC,TWIST1",P,11
1973,"FOXC2,ZEB1,miR-34a,SNAI1,SNAI2,TWIST2,ZEB2,miR-200b,TGF-beta,GSC",P,10
1974,"FOXC2,ZEB1,miR-34a,SNAI1,SNAI2,TWIST2,ZEB2,miR-200b,TGF-beta,GSC,TWIST1",N,11
1975,"FOXC2,ZEB1,miR-34a,SNAI1,SNAI2,TWIST2,TWIST1,ZEB2,miR-200a,TGF-beta,GSC",P,11
1976,"FOXC2,ZEB1,miR-34a,SNAI1,SNAI2,TWIST2,TWIST1,ZEB2,miR-200c,TGF-beta,GSC",P,11
1977,"FOXC2,ZEB1,miR-34a,SNAI1,SNAI2,TWIST2,TWIST1,ZEB2,miR-200b,TGF-beta,GSC",N,11
1978,"FOXC2,ZEB1,miR-34a,SNAI1,SNAI2,TWIST2,TWIST1",P,7
1979,"FOXC2,ZEB1,miR-34a,SNAI1",P,4
1980,"FOXC2,ZEB1,miR-34a,SNAI1,CDH1,SNAI2,miR-200b,TGF-beta,GSC",N,9
1981,"FOXC2,ZEB1,miR-34a,SNAI1,CDH1,SNAI2,miR-200b,TGF-beta,GSC,TWIST1",P,10
1982,"FOXC2,ZEB1,miR-34a,SNAI1,CDH1,SNAI2,miR-200b,ZEB2,miR-200a,TGF-beta,GSC",P,11
1983,"FOXC2,ZEB1,miR-34a,SNAI1,CDH1,SNAI2,miR-200b,ZEB2,miR-200a,TGF-beta,GSC,TWIST1",N,12
1984,"FOXC2,ZEB1,miR-34a,SNAI1,CDH1,SNAI2,miR-200b,ZEB2,miR-200c,TGF-beta,GSC",P,11
1985,"FOXC2,ZEB1,miR-34a,SNAI1,CDH1,SNAI2,miR-200b,ZEB2,miR-200c,TGF-beta,GSC,TWIST1",N,12
1986,"FOXC2,ZEB1,miR-34a,SNAI1,CDH1,SNAI2,miR-101,ZEB2,miR-200a,TGF-beta,GSC",P,11
1987,"FOXC2,ZEB1,miR-34a,SNAI1,CDH1,SNAI2,miR-101,ZEB2,miR-200a,TGF-beta,GSC,TWIST1",N,12
1988,"FOXC2,ZEB1,miR-34a,SNAI1,CDH1,SNAI2,miR-101,ZEB2,miR-200c,TGF-beta,GSC",P,11
1989,"FOXC2,ZEB1,miR-34a,SNAI1,CDH1,SNAI2,miR-101,ZEB2,miR-200c,TGF-beta,GSC,TWIST1",N,12
1990,"FOXC2,ZEB1,miR-34a,SNAI1,CDH1,SNAI2,miR-101,ZEB2,miR-200b,TGF-beta,GSC",N,11
1991,"FOXC2,ZEB1,miR-34a,SNAI1,CDH1,SNAI2,miR-101,ZEB2,miR-200b,TGF-beta,GSC,TWIST1",P,12
1992,"FOXC2,ZEB1,miR-34a,SNAI1,CDH1,SNAI2,TWIST2,ZEB2,miR-200a,TGF-beta,GSC",P,11
1993,"FOXC2,ZEB1,miR-34a,SNAI1,CDH1,SNAI2,TWIST2,ZEB2,miR-200a,TGF-beta,GSC,TWIST1",N,12
1994,"FOXC2,ZEB1,miR-34a,SNAI1,CDH1,SNAI2,TWIST2,ZEB2,miR-200c,TGF-beta,GSC",P,11
1995,"FOXC2,ZEB1,miR-34a,SNAI1,CDH1,SNAI2,TWIST2,ZEB2,miR-200c,TGF-beta,GSC,TWIST1",N,12
1996,"FOXC2,ZEB1,miR-34a,SNAI1,CDH1,SNAI2,TWIST2,ZEB2,miR-200b,TGF-beta,GSC",N,11
1997,"FOXC2,ZEB1,miR-34a,SNAI1,CDH1,SNAI2,TWIST2,ZEB2,miR-200b,TGF-beta,GSC,TWIST1",P,12
1998,"FOXC2,ZEB1,miR-34a,SNAI1,CDH1,SNAI2,TWIST2,TWIST1,ZEB2,miR-200a,TGF-beta,GSC",N,12
1999,"FOXC2,ZEB1,miR-34a,SNAI1,CDH1,SNAI2,TWIST2,TWIST1,ZEB2,miR-200c,TGF-beta,GSC",N,12
2000,"FOXC2,ZEB1,miR-34a,SNAI1,CDH1,SNAI2,TWIST2,TWIST1,ZEB2,miR-200b,TGF-beta,GSC",P,12
2001,"FOXC2,ZEB1,miR-34a,SNAI1,CDH1,SNAI2,TWIST2,TWIST1",N,8
2002,"FOXC2,ZEB1,miR-200a,TGF-beta,SNAI2,miR-101,SNAI1,miR-34a,TWIST2,TWIST1",N,10
2003,"FOXC2,ZEB1,miR-200a,TGF-beta,SNAI2,miR-101,SNAI1,TWIST1",N,8
2004,"FOXC2,ZEB1,miR-200a,TGF-beta,SNAI2,miR-101,SNAI1",P,7
2005,"FOXC2,ZEB1,miR-200a,TGF-beta,SNAI2,TWIST2,TWIST1,SNAI1",P,8
2006,"FOXC2,ZEB1,miR-200a,TGF-beta,SNAI2,TWIST2,TWIST1",P,7
2007,"FOXC2,ZEB1,miR-200a,TGF-beta,SNAI2,TWIST2,SNAI1,TWIST1",N,8
2008,"FOXC2,ZEB1,miR-200a,TGF-beta,SNAI2,TWIST2,SNAI1",P,7
2009,"FOXC2,ZEB1,miR-200a,TGF-beta,SNAI1,miR-101,ZEB2,CDH1,SNAI2,TWIST2,TWIST1",P,11
2010,"FOXC2,ZEB1,miR-200a,TGF-beta,SNAI1,miR-101,KLF8,CDH1,SNAI2,TWIST2,TWIST1",N,11
2011,"FOXC2,ZEB1,miR-200a,TGF-beta,SNAI1,miR-34a,TWIST2,TWIST1",P,8
2012,"FOXC2,ZEB1,miR-200a,TGF-beta,SNAI1,miR-34a,SNAI2,TWIST2,TWIST1",P,9
2013,"FOXC2,ZEB1,miR-200a,TGF-beta,SNAI1,ZEB2,CDH1,SNAI2,TWIST2,TWIST1",N,10
2014,"FOXC2,ZEB1,miR-200a,TGF-beta,SNAI1,TWIST1",P,6
2015,"FOXC2,ZEB1,miR-200a,TGF-beta,SNAI1,SNAI2,TWIST2,TWIST1",N,8
2016,"FOXC2,ZEB1,miR-200a,TGF-beta,SNAI1",N,5
2017,"FOXC2,ZEB1,miR-200a,TGF-beta,SNAI1,CDH1,SNAI2,TWIST2,TWIST1",P,9
2018,"FOXC2,ZEB1,miR-200a,TGF-beta,GSC,ZEB2,CDH1,SNAI2,miR-101,SNAI1,miR-34a,TWIST2,TWIST1",P,13
2019,"FOXC2,ZEB1,miR-200a,TGF-beta,GSC,ZEB2,CDH1,SNAI2,miR-101,SNAI1,TWIST1",P,11
2020,"FOXC2,ZEB1,miR-200a,TGF-beta,GSC,ZEB2,CDH1,SNAI2,miR-101,SNAI1",N,10
2021,"FOXC2,ZEB1,miR-200a,TGF-beta,GSC,ZEB2,CDH1,SNAI2,TWIST2,TWIST1,SNAI1",N,11
2022,"FOXC2,ZEB1,miR-200a,TGF-beta,GSC,ZEB2,CDH1,SNAI2,TWIST2,TWIST1",N,10
2023,"FOXC2,ZEB1,miR-200a,TGF-beta,GSC,ZEB2,CDH1,SNAI2,TWIST2,SNAI1,TWIST1",P,11
2024,"FOXC2,ZEB1,miR-200a,TGF-beta,GSC,ZEB2,CDH1,SNAI2,TWIST2,SNAI1",N,10
2025,"FOXC2,ZEB1,miR-200a,TGF-beta,GSC",N,5
2026,"FOXC2,ZEB1,miR-200a,TGF-beta,GSC,TWIST1,ZEB2,CDH1,SNAI2,miR-101,SNAI1",P,11
2027,"FOXC2,ZEB1,miR-200a,TGF-beta,GSC,TWIST1,ZEB2,CDH1,SNAI2,TWIST2,SNAI1",P,11
2028,"FOXC2,ZEB1,miR-200a,TGF-beta,GSC,TWIST1,TCF3,CDH1,SNAI2,miR-101,SNAI1",P,11
2029,"FOXC2,ZEB1,miR-200a,TGF-beta,GSC,TWIST1,TCF3,CDH1,SNAI2,TWIST2,SNAI1",P,11
2030,"FOXC2,ZEB1,miR-200a,TGF-beta,GSC,TWIST1,SNAI2,miR-101,SNAI1",P,9
2031,"FOXC2,ZEB1,miR-200a,TGF-beta,GSC,TWIST1,SNAI2,TWIST2,SNAI1",P,9
2032,"FOXC2,ZEB1,miR-200a,TGF-beta,GSC,TWIST1,SNAI1",P,7
2033,"FOXC2,ZEB1,miR-200a,TGF-beta,GSC,TWIST1",P,6
2034,"FOXC2,ZEB1,miR-200a,TGF-beta,GSC,TWIST1,CDH1,SNAI2,miR-101,SNAI1",P,10
2035,"FOXC2,ZEB1,miR-200a,TGF-beta,GSC,TWIST1,CDH1,SNAI2,TWIST2,SNAI1",P,10
2036,"FOXC2,ZEB1,miR-200a,TGF-beta,GSC,SNAI1,miR-101,ZEB2,CDH1,SNAI2,TWIST2,TWIST1",N,12
2037,"FOXC2,ZEB1,miR-200a,TGF-beta,GSC,SNAI1,miR-101,KLF8,CDH1,SNAI2,TWIST2,TWIST1",P,12
2038,"FOXC2,ZEB1,miR-200a,TGF-beta,GSC,SNAI1,miR-34a,TWIST2,TWIST1",N,9
2039,"FOXC2,ZEB1,miR-200a,TGF-beta,GSC,SNAI1,miR-34a,SNAI2,TWIST2,TWIST1",N,10
2040,"FOXC2,ZEB1,miR-200a,TGF-beta,GSC,SNAI1,ZEB2,CDH1,SNAI2,TWIST2,TWIST1",P,11
2041,"FOXC2,ZEB1,miR-200a,TGF-beta,GSC,SNAI1,TWIST1",N,7
2042,"FOXC2,ZEB1,miR-200a,TGF-beta,GSC,SNAI1,SNAI2,TWIST2,TWIST1",P,9
2043,"FOXC2,ZEB1,miR-200a,TGF-beta,GSC,SNAI1",P,6
2044,"FOXC2,ZEB1,miR-200a,TGF-beta,GSC,SNAI1,CDH1,SNAI2,TWIST2,TWIST1",N,10
2045,"FOXC2,ZEB1,miR-200a,ZEB2,miR-200c,TGF-beta,SNAI2,miR-101,SNAI1,miR-34a,TWIST2,TWIST1",P,12
2046,"FOXC2,ZEB1,miR-200a,ZEB2,miR-200c,TGF-beta,SNAI2,miR-101,SNAI1,TWIST1",P,10
2047,"FOXC2,ZEB1,miR-200a,ZEB2,miR-200c,TGF-beta,SNAI2,miR-101,SNAI1",N,9
2048,"FOXC2,ZEB1,miR-200a,ZEB2,miR-200c,TGF-beta,SNAI2,TWIST2,TWIST1,SNAI1",N,10
2049,"FOXC2,ZEB1,miR-200a,ZEB2,miR-200c,TGF-beta,SNAI2,TWIST2,TWIST1",N,9
2050,"FOXC2,ZEB1,miR-200a,ZEB2,miR-200c,TGF-beta,SNAI2,TWIST2,SNAI1,TWIST1",P,10
2051,"FOXC2,ZEB1,miR-200a,ZEB2,miR-200c,TGF-beta,SNAI2,TWIST2,SNAI1",N,9
2052,"FOXC2,ZEB1,miR-200a,ZEB2,miR-200c,TGF-beta,SNAI1,miR-101,KLF8,CDH1,SNAI2,TWIST2,TWIST1",P,13
2053,"FOXC2,ZEB1,miR-200a,ZEB2,miR-200c,TGF-beta,SNAI1,miR-34a,TWIST2,TWIST1",N,10
2054,"FOXC2,ZEB1,miR-200a,ZEB2,miR-200c,TGF-beta,SNAI1,miR-34a,SNAI2,TWIST2,TWIST1",N,11
2055,"FOXC2,ZEB1,miR-200a,ZEB2,miR-200c,TGF-beta,SNAI1,TWIST1",N,8
2056,"FOXC2,ZEB1,miR-200a,ZEB2,miR-200c,TGF-beta,SNAI1,SNAI2,TWIST2,TWIST1",P,10
2057,"FOXC2,ZEB1,miR-200a,ZEB2,miR-200c,TGF-beta,SNAI1",P,7
2058,"FOXC2,ZEB1,miR-200a,ZEB2,miR-200c,TGF-beta,SNAI1,CDH1,SNAI2,TWIST2,TWIST1",N,11
2059,"FOXC2,ZEB1,miR-200a,ZEB2,miR-200c,TGF-beta,GSC",P,7
2060,"FOXC2,ZEB1,miR-200a,ZEB2,miR-200c,TGF-beta,GSC,TWIST1,TCF3,CDH1,SNAI2,miR-101,SNAI1",N,13
2061,"FOXC2,ZEB1,miR-200a,ZEB2,miR-200c,TGF-beta,GSC,TWIST1,TCF3,CDH1,SNAI2,TWIST2,SNAI1",N,13
2062,"FOXC2,ZEB1,miR-200a,ZEB2,miR-200c,TGF-beta,GSC,TWIST1,SNAI2,miR-101,SNAI1",N,11
2063,"FOXC2,ZEB1,miR-200a,ZEB2,miR-200c,TGF-beta,GSC,TWIST1,SNAI2,TWIST2,SNAI1",N,11
2064,"FOXC2,ZEB1,miR-200a,ZEB2,miR-200c,TGF-beta,GSC,TWIST1,SNAI1",N,9
2065,"FOXC2,ZEB1,miR-200a,ZEB2,miR-200c,TGF-beta,GSC,TWIST1",N,8
2066,"FOXC2,ZEB1,miR-200a,ZEB2,miR-200c,TGF-beta,GSC,TWIST1,CDH1,SNAI2,miR-101,SNAI1",N,12
2067,"FOXC2,ZEB1,miR-200a,ZEB2,miR-200c,TGF-beta,GSC,TWIST1,CDH1,SNAI2,TWIST2,SNAI1",N,12
2068,"FOXC2,ZEB1,miR-200a,ZEB2,miR-200c,TGF-beta,GSC,SNAI1,miR-101,KLF8,CDH1,SNAI2,TWIST2,TWIST1",N,14
2069,"FOXC2,ZEB1,miR-200a,ZEB2,miR-200c,TGF-beta,GSC,SNAI1,miR-34a,TWIST2,TWIST1",P,11
2070,"FOXC2,ZEB1,miR-200a,ZEB2,miR-200c,TGF-beta,GSC,SNAI1,miR-34a,SNAI2,TWIST2,TWIST1",P,12
2071,"FOXC2,ZEB1,miR-200a,ZEB2,miR-200c,TGF-beta,GSC,SNAI1,TWIST1",P,9
2072,"FOXC2,ZEB1,miR-200a,ZEB2,miR-200c,TGF-beta,GSC,SNAI1,SNAI2,TWIST2,TWIST1",N,11
2073,"FOXC2,ZEB1,miR-200a,ZEB2,miR-200c,TGF-beta,GSC,SNAI1",N,8
2074,"FOXC2,ZEB1,miR-200a,ZEB2,miR-200c,TGF-beta,GSC,SNAI1,CDH1,SNAI2,TWIST2,TWIST1",P,12
2075,"FOXC2,ZEB1,miR-200a,ZEB2,miR-200b,TGF-beta,SNAI2,miR-101,SNAI1,miR-34a,TWIST2,TWIST1",N,12
2076,"FOXC2,ZEB1,miR-200a,ZEB2,miR-200b,TGF-beta,SNAI2,miR-101,SNAI1,TWIST1",N,10
2077,"FOXC2,ZEB1,miR-200a,ZEB2,miR-200b,TGF-beta,SNAI2,miR-101,SNAI1",P,9
2078,"FOXC2,ZEB1,miR-200a,ZEB2,miR-200b,TGF-beta,SNAI2,TWIST2,TWIST1,SNAI1",P,10
2079,"FOXC2,ZEB1,miR-200a,ZEB2,miR-200b,TGF-beta,SNAI2,TWIST2,TWIST1",P,9
2080,"FOXC2,ZEB1,miR-200a,ZEB2,miR-200b,TGF-beta,SNAI2,TWIST2,SNAI1,TWIST1",N,10
2081,"FOXC2,ZEB1,miR-200a,ZEB2,miR-200b,TGF-beta,SNAI2,TWIST2,SNAI1",P,9
2082,"FOXC2,ZEB1,miR-200a,ZEB2,miR-200b,TGF-beta,SNAI1,miR-101,KLF8,CDH1,SNAI2,TWIST2,TWIST1",N,13
2083,"FOXC2,ZEB1,miR-200a,ZEB2,miR-200b,TGF-beta,SNAI1,miR-34a,TWIST2,TWIST1",P,10
2084,"FOXC2,ZEB1,miR-200a,ZEB2,miR-200b,TGF-beta,SNAI1,miR-34a,SNAI2,TWIST2,TWIST1",P,11
2085,"FOXC2,ZEB1,miR-200a,ZEB2,miR-200b,TGF-beta,SNAI1,TWIST1",P,8
2086,"FOXC2,ZEB1,miR-200a,ZEB2,miR-200b,TGF-beta,SNAI1,SNAI2,TWIST2,TWIST1",N,10
2087,"FOXC2,ZEB1,miR-200a,ZEB2,miR-200b,TGF-beta,SNAI1",N,7
2088,"FOXC2,ZEB1,miR-200a,ZEB2,miR-200b,TGF-beta,SNAI1,CDH1,SNAI2,TWIST2,TWIST1",P,11
2089,"FOXC2,ZEB1,miR-200a,ZEB2,miR-200b,TGF-beta,GSC",N,7
2090,"FOXC2,ZEB1,miR-200a,ZEB2,miR-200b,TGF-beta,GSC,TWIST1,TCF3,CDH1,SNAI2,miR-101,SNAI1",P,13
2091,"FOXC2,ZEB1,miR-200a,ZEB2,miR-200b,TGF-beta,GSC,TWIST1,TCF3,CDH1,SNAI2,TWIST2,SNAI1",P,13
2092,"FOXC2,ZEB1,miR-200a,ZEB2,miR-200b,TGF-beta,GSC,TWIST1,SNAI2,miR-101,SNAI1",P,11
2093,"FOXC2,ZEB1,miR-200a,ZEB2,miR-200b,TGF-beta,GSC,TWIST1,SNAI2,TWIST2,SNAI1",P,11
2094,"FOXC2,ZEB1,miR-200a,ZEB2,miR-200b,TGF-beta,GSC,TWIST1,SNAI1",P,9
2095,"FOXC2,ZEB1,miR-200a,ZEB2,miR-200b,TGF-beta,GSC,TWIST1",P,8
2096,"FOXC2,ZEB1,miR-200a,ZEB2,miR-200b,TGF-beta,GSC,TWIST1,CDH1,SNAI2,miR-101,SNAI1",P,12
2097,"FOXC2,ZEB1,miR-200a,ZEB2,miR-200b,TGF-beta,GSC,TWIST1,CDH1,SNAI2,TWIST2,SNAI1",P,12
2098,"FOXC2,ZEB1,miR-200a,ZEB2,miR-200b,TGF-beta,GSC,SNAI1,miR-101,KLF8,CDH1,SNAI2,TWIST2,TWIST1",P,14
2099,"FOXC2,ZEB1,miR-200a,ZEB2,miR-200b,TGF-beta,GSC,SNAI1,miR-34a,TWIST2,TWIST1",N,11
2100,"FOXC2,ZEB1,miR-200a,ZEB2,miR-200b,TGF-beta,GSC,SNAI1,miR-34a,SNAI2,TWIST2,TWIST1",N,12
2101,"FOXC2,ZEB1,miR-200a,ZEB2,miR-200b,TGF-beta,GSC,SNAI1,TWIST1",N,9
2102,"FOXC2,ZEB1,miR-200a,ZEB2,miR-200b,TGF-beta,GSC,SNAI1,SNAI2,TWIST2,TWIST1",P,11
2103,"FOXC2,ZEB1,miR-200a,ZEB2,miR-200b,TGF-beta,GSC,SNAI1",P,8
2104,"FOXC2,ZEB1,miR-200a,ZEB2,miR-200b,TGF-beta,GSC,SNAI1,CDH1,SNAI2,TWIST2,TWIST1",N,12
2105,"FOXC2,ZEB1,miR-200a,ZEB2,CDH1,SNAI2,miR-200b,TGF-beta,SNAI1,miR-34a,TWIST2,TWIST1",N,12
2106,"FOXC2,ZEB1,miR-200a,ZEB2,CDH1,SNAI2,miR-200b,TGF-beta,SNAI1,TWIST1",N,10
2107,"FOXC2,ZEB1,miR-200a,ZEB2,CDH1,SNAI2,miR-200b,TGF-beta,SNAI1",P,9
2108,"FOXC2,ZEB1,miR-200a,ZEB2,CDH1,SNAI2,miR-200b,TGF-beta,GSC",P,9
2109,"FOXC2,ZEB1,miR-200a,ZEB2,CDH1,SNAI2,miR-200b,TGF-beta,GSC,TWIST1,SNAI1",N,11
2110,"FOXC2,ZEB1,miR-200a,ZEB2,CDH1,SNAI2,miR-200b,TGF-beta,GSC,TWIST1",N,10
2111,"FOXC2,ZEB1,miR-200a,ZEB2,CDH1,SNAI2,miR-200b,TGF-beta,GSC,SNAI1,miR-34a,TWIST2,TWIST1",P,13
2112,"FOXC2,ZEB1,miR-200a,ZEB2,CDH1,SNAI2,miR-200b,TGF-beta,GSC,SNAI1,TWIST1",P,11
2113,"FOXC2,ZEB1,miR-200a,ZEB2,CDH1,SNAI2,miR-200b,TGF-beta,GSC,SNAI1",N,10
2114,"FOXC2,ZEB1,miR-200a,ZEB2,CDH1,SNAI2,miR-101,SNAI1,miR-34a,TWIST2,TWIST1",N,11
2115,"FOXC2,ZEB1,miR-200a,ZEB2,CDH1,SNAI2,miR-101,SNAI1,TWIST1",N,9
2116,"FOXC2,ZEB1,miR-200a,ZEB2,CDH1,SNAI2,miR-101,SNAI1",P,8
2117,"FOXC2,ZEB1,miR-200a,ZEB2,CDH1,SNAI2,TWIST2,TWIST1,SNAI1",P,9
2118,"FOXC2,ZEB1,miR-200a,ZEB2,CDH1,SNAI2,TWIST2,TWIST1",P,8
2119,"FOXC2,ZEB1,miR-200a,ZEB2,CDH1,SNAI2,TWIST2,SNAI1,TWIST1",N,9
2120,"FOXC2,ZEB1,miR-200a,ZEB2,CDH1,SNAI2,TWIST2,SNAI1",P,8
2121,"FOXC2,ZEB1,miR-200c,TGF-beta,SNAI2,miR-101,SNAI1,miR-34a,TWIST2,TWIST1",P,10
2122,"FOXC2,ZEB1,miR-200c,TGF-beta,SNAI2,miR-101,SNAI1,TWIST1",P,8
2123,"FOXC2,ZEB1,miR-200c,TGF-beta,SNAI2,miR-101,SNAI1",N,7
2124,"FOXC2,ZEB1,miR-200c,TGF-beta,SNAI2,TWIST2,TWIST1,SNAI1",N,8
2125,"FOXC2,ZEB1,miR-200c,TGF-beta,SNAI2,TWIST2,TWIST1",N,7
2126,"FOXC2,ZEB1,miR-200c,TGF-beta,SNAI2,TWIST2,SNAI1,TWIST1",P,8
2127,"FOXC2,ZEB1,miR-200c,TGF-beta,SNAI2,TWIST2,SNAI1",N,7
2128,"FOXC2,ZEB1,miR-200c,TGF-beta,SNAI1,miR-101,ZEB2,CDH1,SNAI2,TWIST2,TWIST1",N,11
2129,"FOXC2,ZEB1,miR-200c,TGF-beta,SNAI1,miR-101,KLF8,CDH1,SNAI2,TWIST2,TWIST1",P,11
2130,"FOXC2,ZEB1,miR-200c,TGF-beta,SNAI1,miR-34a,TWIST2,TWIST1",N,8
2131,"FOXC2,ZEB1,miR-200c,TGF-beta,SNAI1,miR-34a,SNAI2,TWIST2,TWIST1",N,9
2132,"FOXC2,ZEB1,miR-200c,TGF-beta,SNAI1,ZEB2,CDH1,SNAI2,TWIST2,TWIST1",P,10
2133,"FOXC2,ZEB1,miR-200c,TGF-beta,SNAI1,TWIST1",N,6
2134,"FOXC2,ZEB1,miR-200c,TGF-beta,SNAI1,SNAI2,TWIST2,TWIST1",P,8
2135,"FOXC2,ZEB1,miR-200c,TGF-beta,SNAI1",P,5
2136,"FOXC2,ZEB1,miR-200c,TGF-beta,SNAI1,CDH1,SNAI2,TWIST2,TWIST1",N,9
2137,"FOXC2,ZEB1,miR-200c,TGF-beta,GSC,ZEB2,CDH1,SNAI2,miR-101,SNAI1,miR-34a,TWIST2,TWIST1",N,13
2138,"FOXC2,ZEB1,miR-200c,TGF-beta,GSC,ZEB2,CDH1,SNAI2,miR-101,SNAI1,TWIST1",N,11
2139,"FOXC2,ZEB1,miR-200c,TGF-beta,GSC,ZEB2,CDH1,SNAI2,miR-101,SNAI1",P,10
2140,"FOXC2,ZEB1,miR-200c,TGF-beta,GSC,ZEB2,CDH1,SNAI2,TWIST2,TWIST1,SNAI1",P,11
2141,"FOXC2,ZEB1,miR-200c,TGF-beta,GSC,ZEB2,CDH1,SNAI2,TWIST2,TWIST1",P,10
2142,"FOXC2,ZEB1,miR-200c,TGF-beta,GSC,ZEB2,CDH1,SNAI2,TWIST2,SNAI1,TWIST1",N,11
2143,"FOXC2,ZEB1,miR-200c,TGF-beta,GSC,ZEB2,CDH1,SNAI2,TWIST2,SNAI1",P,10
2144,"FOXC2,ZEB1,miR-200c,TGF-beta,GSC",P,5
2145,"FOXC2,ZEB1,miR-200c,TGF-beta,GSC,TWIST1,ZEB2,CDH1,SNAI2,miR-101,SNAI1",N,11
2146,"FOXC2,ZEB1,miR-200c,TGF-beta,GSC,TWIST1,ZEB2,CDH1,SNAI2,TWIST2,SNAI1",N,11
2147,"FOXC2,ZEB1,miR-200c,TGF-beta,GSC,TWIST1,TCF3,CDH1,SNAI2,miR-101,SNAI1",N,11
2148,"FOXC2,ZEB1,miR-200c,TGF-beta,GSC,TWIST1,TCF3,CDH1,SNAI2,TWIST2,SNAI1",N,11
2149,"FOXC2,ZEB1,miR-200c,TGF-beta,GSC,TWIST1,SNAI2,miR-101,SNAI1",N,9
2150,"FOXC2,ZEB1,miR-200c,TGF-beta,GSC,TWIST1,SNAI2,TWIST2,SNAI1",N,9
2151,"FOXC2,ZEB1,miR-200c,TGF-beta,GSC,TWIST1,SNAI1",N,7
2152,"FOXC2,ZEB1,miR-200c,TGF-beta,GSC,TWIST1",N,6
2153,"FOXC2,ZEB1,miR-200c,TGF-beta,GSC,TWIST1,CDH1,SNAI2,miR-101,SNAI1",N,10
2154,"FOXC2,ZEB1,miR-200c,TGF-beta,GSC,TWIST1,CDH1,SNAI2,TWIST2,SNAI1",N,10
2155,"FOXC2,ZEB1,miR-200c,TGF-beta,GSC,SNAI1,miR-101,ZEB2,CDH1,SNAI2,TWIST2,TWIST1",P,12
2156,"FOXC2,ZEB1,miR-200c,TGF-beta,GSC,SNAI1,miR-101,KLF8,CDH1,SNAI2,TWIST2,TWIST1",N,12
2157,"FOXC2,ZEB1,miR-200c,TGF-beta,GSC,SNAI1,miR-34a,TWIST2,TWIST1",P,9
2158,"FOXC2,ZEB1,miR-200c,TGF-beta,GSC,SNAI1,miR-34a,SNAI2,TWIST2,TWIST1",P,10
2159,"FOXC2,ZEB1,miR-200c,TGF-beta,GSC,SNAI1,ZEB2,CDH1,SNAI2,TWIST2,TWIST1",N,11
2160,"FOXC2,ZEB1,miR-200c,TGF-beta,GSC,SNAI1,TWIST1",P,7
2161,"FOXC2,ZEB1,miR-200c,TGF-beta,GSC,SNAI1,SNAI2,TWIST2,TWIST1",N,9
2162,"FOXC2,ZEB1,miR-200c,TGF-beta,GSC,SNAI1",N,6
2163,"FOXC2,ZEB1,miR-200c,TGF-beta,GSC,SNAI1,CDH1,SNAI2,TWIST2,TWIST1",P,10
2164,"FOXC2,ZEB1,miR-200c,ZEB2,miR-200a,TGF-beta,SNAI2,miR-101,SNAI1,miR-34a,TWIST2,TWIST1",P,12
2165,"FOXC2,ZEB1,miR-200c,ZEB2,miR-200a,TGF-beta,SNAI2,miR-101,SNAI1,TWIST1",P,10
2166,"FOXC2,ZEB1,miR-200c,ZEB2,miR-200a,TGF-beta,SNAI2,miR-101,SNAI1",N,9
2167,"FOXC2,ZEB1,miR-200c,ZEB2,miR-200a,TGF-beta,SNAI2,TWIST2,TWIST1,SNAI1",N,10
2168,"FOXC2,ZEB1,miR-200c,ZEB2,miR-200a,TGF-beta,SNAI2,TWIST2,TWIST1",N,9
2169,"FOXC2,ZEB1,miR-200c,ZEB2,miR-200a,TGF-beta,SNAI2,TWIST2,SNAI1,TWIST1",P,10
2170,"FOXC2,ZEB1,miR-200c,ZEB2,miR-200a,TGF-beta,SNAI2,TWIST2,SNAI1",N,9
2171,"FOXC2,ZEB1,miR-200c,ZEB2,miR-200a,TGF-beta,SNAI1,miR-101,KLF8,CDH1,SNAI2,TWIST2,TWIST1",P,13
2172,"FOXC2,ZEB1,miR-200c,ZEB2,miR-200a,TGF-beta,SNAI1,miR-34a,TWIST2,TWIST1",N,10
2173,"FOXC2,ZEB1,miR-200c,ZEB2,miR-200a,TGF-beta,SNAI1,miR-34a,SNAI2,TWIST2,TWIST1",N,11
2174,"FOXC2,ZEB1,miR-200c,ZEB2,miR-200a,TGF-beta,SNAI1,TWIST1",N,8
2175,"FOXC2,ZEB1,miR-200c,ZEB2,miR-200a,TGF-beta,SNAI1,SNAI2,TWIST2,TWIST1",P,10
2176,"FOXC2,ZEB1,miR-200c,ZEB2,miR-200a,TGF-beta,SNAI1",P,7
2177,"FOXC2,ZEB1,miR-200c,ZEB2,miR-200a,TGF-beta,SNAI1,CDH1,SNAI2,TWIST2,TWIST1",N,11
2178,"FOXC2,ZEB1,miR-200c,ZEB2,miR-200a,TGF-beta,GSC",P,7
2179,"FOXC2,ZEB1,miR-200c,ZEB2,miR-200a,TGF-beta,GSC,TWIST1,TCF3,CDH1,SNAI2,miR-101,SNAI1",N,13
2180,"FOXC2,ZEB1,miR-200c,ZEB2,miR-200a,TGF-beta,GSC,TWIST1,TCF3,CDH1,SNAI2,TWIST2,SNAI1",N,13
2181,"FOXC2,ZEB1,miR-200c,ZEB2,miR-200a,TGF-beta,GSC,TWIST1,SNAI2,miR-101,SNAI1",N,11
2182,"FOXC2,ZEB1,miR-200c,ZEB2,miR-200a,TGF-beta,GSC,TWIST1,SNAI2,TWIST2,SNAI1",N,11
2183,"FOXC2,ZEB1,miR-200c,ZEB2,miR-200a,TGF-beta,GSC,TWIST1,SNAI1",N,9
2184,"FOXC2,ZEB1,miR-200c,ZEB2,miR-200a,TGF-beta,GSC,TWIST1",N,8
2185,"FOXC2,ZEB1,miR-200c,ZEB2,miR-200a,TGF-beta,GSC,TWIST1,CDH1,SNAI2,miR-101,SNAI1",N,12
2186,"FOXC2,ZEB1,miR-200c,ZEB2,miR-200a,TGF-beta,GSC,TWIST1,CDH1,SNAI2,TWIST2,SNAI1",N,12
2187,"FOXC2,ZEB1,miR-200c,ZEB2,miR-200a,TGF-beta,GSC,SNAI1,miR-101,KLF8,CDH1,SNAI2,TWIST2,TWIST1",N,14
2188,"FOXC2,ZEB1,miR-200c,ZEB2,miR-200a,TGF-beta,GSC,SNAI1,miR-34a,TWIST2,TWIST1",P,11
2189,"FOXC2,ZEB1,miR-200c,ZEB2,miR-200a,TGF-beta,GSC,SNAI1,miR-34a,SNAI2,TWIST2,TWIST1",P,12
2190,"FOXC2,ZEB1,miR-200c,ZEB2,miR-200a,TGF-beta,GSC,SNAI1,TWIST1",P,9
2191,"FOXC2,ZEB1,miR-200c,ZEB2,miR-200a,TGF-beta,GSC,SNAI1,SNAI2,TWIST2,TWIST1",N,11
2192,"FOXC2,ZEB1,miR-200c,ZEB2,miR-200a,TGF-beta,GSC,SNAI1",N,8
2193,"FOXC2,ZEB1,miR-200c,ZEB2,miR-200a,TGF-beta,GSC,SNAI1,CDH1,SNAI2,TWIST2,TWIST1",P,12
2194,"FOXC2,ZEB1,miR-200c,ZEB2,miR-200b,TGF-beta,SNAI2,miR-101,SNAI1,miR-34a,TWIST2,TWIST1",N,12
2195,"FOXC2,ZEB1,miR-200c,ZEB2,miR-200b,TGF-beta,SNAI2,miR-101,SNAI1,TWIST1",N,10
2196,"FOXC2,ZEB1,miR-200c,ZEB2,miR-200b,TGF-beta,SNAI2,miR-101,SNAI1",P,9
2197,"FOXC2,ZEB1,miR-200c,ZEB2,miR-200b,TGF-beta,SNAI2,TWIST2,TWIST1,SNAI1",P,10
2198,"FOXC2,ZEB1,miR-200c,ZEB2,miR-200b,TGF-beta,SNAI2,TWIST2,TWIST1",P,9
2199,"FOXC2,ZEB1,miR-200c,ZEB2,miR-200b,TGF-beta,SNAI2,TWIST2,SNAI1,TWIST1",N,10
2200,"FOXC2,ZEB1,miR-200c,ZEB2,miR-200b,TGF-beta,SNAI2,TWIST2,SNAI1",P,9
2201,"FOXC2,ZEB1,miR-200c,ZEB2,miR-200b,TGF-beta,SNAI1,miR-101,KLF8,CDH1,SNAI2,TWIST2,TWIST1",N,13
2202,"FOXC2,ZEB1,miR-200c,ZEB2,miR-200b,TGF-beta,SNAI1,miR-34a,TWIST2,TWIST1",P,10
2203,"FOXC2,ZEB1,miR-200c,ZEB2,miR-200b,TGF-beta,SNAI1,miR-34a,SNAI2,TWIST2,TWIST1",P,11
2204,"FOXC2,ZEB1,miR-200c,ZEB2,miR-200b,TGF-beta,SNAI1,TWIST1",P,8
2205,"FOXC2,ZEB1,miR-200c,ZEB2,miR-200b,TGF-beta,SNAI1,SNAI2,TWIST2,TWIST1",N,10
2206,"FOXC2,ZEB1,miR-200c,ZEB2,miR-200b,TGF-beta,SNAI1",N,7
2207,"FOXC2,ZEB1,miR-200c,ZEB2,miR-200b,TGF-beta,SNAI1,CDH1,SNAI2,TWIST2,TWIST1",P,11
2208,"FOXC2,ZEB1,miR-200c,ZEB2,miR-200b,TGF-beta,GSC",N,7
2209,"FOXC2,ZEB1,miR-200c,ZEB2,miR-200b,TGF-beta,GSC,TWIST1,TCF3,CDH1,SNAI2,miR-101,SNAI1",P,13
2210,"FOXC2,ZEB1,miR-200c,ZEB2,miR-200b,TGF-beta,GSC,TWIST1,TCF3,CDH1,SNAI2,TWIST2,SNAI1",P,13
2211,"FOXC2,ZEB1,miR-200c,ZEB2,miR-200b,TGF-beta,GSC,TWIST1,SNAI2,miR-101,SNAI1",P,11
2212,"FOXC2,ZEB1,miR-200c,ZEB2,miR-200b,TGF-beta,GSC,TWIST1,SNAI2,TWIST2,SNAI1",P,11
2213,"FOXC2,ZEB1,miR-200c,ZEB2,miR-200b,TGF-beta,GSC,TWIST1,SNAI1",P,9
2214,"FOXC2,ZEB1,miR-200c,ZEB2,miR-200b,TGF-beta,GSC,TWIST1",P,8
2215,"FOXC2,ZEB1,miR-200c,ZEB2,miR-200b,TGF-beta,GSC,TWIST1,CDH1,SNAI2,miR-101,SNAI1",P,12
2216,"FOXC2,ZEB1,miR-200c,ZEB2,miR-200b,TGF-beta,GSC,TWIST1,CDH1,SNAI2,TWIST2,SNAI1",P,12
2217,"FOXC2,ZEB1,miR-200c,ZEB2,miR-200b,TGF-beta,GSC,SNAI1,miR-101,KLF8,CDH1,SNAI2,TWIST2,TWIST1",P,14
2218,"FOXC2,ZEB1,miR-200c,ZEB2,miR-200b,TGF-beta,GSC,SNAI1,miR-34a,TWIST2,TWIST1",N,11
2219,"FOXC2,ZEB1,miR-200c,ZEB2,miR-200b,TGF-beta,GSC,SNAI1,miR-34a,SNAI2,TWIST2,TWIST1",N,12
2220,"FOXC2,ZEB1,miR-200c,ZEB2,miR-200b,TGF-beta,GSC,SNAI1,TWIST1",N,9
2221,"FOXC2,ZEB1,miR-200c,ZEB2,miR-200b,TGF-beta,GSC,SNAI1,SNAI2,TWIST2,TWIST1",P,11
2222,"FOXC2,ZEB1,miR-200c,ZEB2,miR-200b,TGF-beta,GSC,SNAI1",P,8
2223,"FOXC2,ZEB1,miR-200c,ZEB2,miR-200b,TGF-beta,GSC,SNAI1,CDH1,SNAI2,TWIST2,TWIST1",N,12
2224,"FOXC2,ZEB1,miR-200c,ZEB2,CDH1,SNAI2,miR-200b,TGF-beta,SNAI1,miR-34a,TWIST2,TWIST1",N,12
2225,"FOXC2,ZEB1,miR-200c,ZEB2,CDH1,SNAI2,miR-200b,TGF-beta,SNAI1,TWIST1",N,10
2226,"FOXC2,ZEB1,miR-200c,ZEB2,CDH1,SNAI2,miR-200b,TGF-beta,SNAI1",P,9
2227,"FOXC2,ZEB1,miR-200c,ZEB2,CDH1,SNAI2,miR-200b,TGF-beta,GSC",P,9
2228,"FOXC2,ZEB1,miR-200c,ZEB2,CDH1,SNAI2,miR-200b,TGF-beta,GSC,TWIST1,SNAI1",N,11
2229,"FOXC2,ZEB1,miR-200c,ZEB2,CDH1,SNAI2,miR-200b,TGF-beta,GSC,TWIST1",N,10
2230,"FOXC2,ZEB1,miR-200c,ZEB2,CDH1,SNAI2,miR-200b,TGF-beta,GSC,SNAI1,miR-34a,TWIST2,TWIST1",P,13
2231,"FOXC2,ZEB1,miR-200c,ZEB2,CDH1,SNAI2,miR-200b,TGF-beta,GSC,SNAI1,TWIST1",P,11
2232,"FOXC2,ZEB1,miR-200c,ZEB2,CDH1,SNAI2,miR-200b,TGF-beta,GSC,SNAI1",N,10
2233,"FOXC2,ZEB1,miR-200c,ZEB2,CDH1,SNAI2,miR-101,SNAI1,miR-34a,TWIST2,TWIST1",N,11
2234,"FOXC2,ZEB1,miR-200c,ZEB2,CDH1,SNAI2,miR-101,SNAI1,TWIST1",N,9
2235,"FOXC2,ZEB1,miR-200c,ZEB2,CDH1,SNAI2,miR-101,SNAI1",P,8
2236,"FOXC2,ZEB1,miR-200c,ZEB2,CDH1,SNAI2,TWIST2,TWIST1,SNAI1",P,9
2237,"FOXC2,ZEB1,miR-200c,ZEB2,CDH1,SNAI2,TWIST2,TWIST1",P,8
2238,"FOXC2,ZEB1,miR-200c,ZEB2,CDH1,SNAI2,TWIST2,SNAI1,TWIST1",N,9
2239,"FOXC2,ZEB1,miR-200c,ZEB2,CDH1,SNAI2,TWIST2,SNAI1",P,8
2240,"FOXC2,ZEB1,miR-200b,TGF-beta,SNAI2,miR-101,SNAI1,miR-34a,TWIST2,TWIST1",N,10
2241,"FOXC2,ZEB1,miR-200b,TGF-beta,SNAI2,miR-101,SNAI1,TWIST1",N,8
2242,"FOXC2,ZEB1,miR-200b,TGF-beta,SNAI2,miR-101,SNAI1",P,7
2243,"FOXC2,ZEB1,miR-200b,TGF-beta,SNAI2,TWIST2,TWIST1,SNAI1",P,8
2244,"FOXC2,ZEB1,miR-200b,TGF-beta,SNAI2,TWIST2,TWIST1",P,7
2245,"FOXC2,ZEB1,miR-200b,TGF-beta,SNAI2,TWIST2,SNAI1,TWIST1",N,8
2246,"FOXC2,ZEB1,miR-200b,TGF-beta,SNAI2,TWIST2,SNAI1",P,7
2247,"FOXC2,ZEB1,miR-200b,TGF-beta,SNAI1,miR-101,ZEB2,CDH1,SNAI2,TWIST2,TWIST1",P,11
2248,"FOXC2,ZEB1,miR-200b,TGF-beta,SNAI1,miR-101,KLF8,CDH1,SNAI2,TWIST2,TWIST1",N,11
2249,"FOXC2,ZEB1,miR-200b,TGF-beta,SNAI1,miR-34a,TWIST2,TWIST1",P,8
2250,"FOXC2,ZEB1,miR-200b,TGF-beta,SNAI1,miR-34a,SNAI2,TWIST2,TWIST1",P,9
2251,"FOXC2,ZEB1,miR-200b,TGF-beta,SNAI1,ZEB2,CDH1,SNAI2,TWIST2,TWIST1",N,10
2252,"FOXC2,ZEB1,miR-200b,TGF-beta,SNAI1,TWIST1",P,6
2253,"FOXC2,ZEB1,miR-200b,TGF-beta,SNAI1,SNAI2,TWIST2,TWIST1",N,8
2254,"FOXC2,ZEB1,miR-200b,TGF-beta,SNAI1",N,5
2255,"FOXC2,ZEB1,miR-200b,TGF-beta,SNAI1,CDH1,SNAI2,TWIST2,TWIST1",P,9
2256,"FOXC2,ZEB1,miR-200b,TGF-beta,GSC,ZEB2,CDH1,SNAI2,miR-101,SNAI1,miR-34a,TWIST2,TWIST1",P,13
2257,"FOXC2,ZEB1,miR-200b,TGF-beta,GSC,ZEB2,CDH1,SNAI2,miR-101,SNAI1,TWIST1",P,11
2258,"FOXC2,ZEB1,miR-200b,TGF-beta,GSC,ZEB2,CDH1,SNAI2,miR-101,SNAI1",N,10
2259,"FOXC2,ZEB1,miR-200b,TGF-beta,GSC,ZEB2,CDH1,SNAI2,TWIST2,TWIST1,SNAI1",N,11
2260,"FOXC2,ZEB1,miR-200b,TGF-beta,GSC,ZEB2,CDH1,SNAI2,TWIST2,TWIST1",N,10
2261,"FOXC2,ZEB1,miR-200b,TGF-beta,GSC,ZEB2,CDH1,SNAI2,TWIST2,SNAI1,TWIST1",P,11
2262,"FOXC2,ZEB1,miR-200b,TGF-beta,GSC,ZEB2,CDH1,SNAI2,TWIST2,SNAI1",N,10
2263,"FOXC2,ZEB1,miR-200b,TGF-beta,GSC",N,5
2264,"FOXC2,ZEB1,miR-200b,TGF-beta,GSC,TWIST1,ZEB2,CDH1,SNAI2,miR-101,SNAI1",P,11
2265,"FOXC2,ZEB1,miR-200b,TGF-beta,GSC,TWIST1,ZEB2,CDH1,SNAI2,TWIST2,SNAI1",P,11
2266,"FOXC2,ZEB1,miR-200b,TGF-beta,GSC,TWIST1,TCF3,CDH1,SNAI2,miR-101,SNAI1",P,11
2267,"FOXC2,ZEB1,miR-200b,TGF-beta,GSC,TWIST1,TCF3,CDH1,SNAI2,TWIST2,SNAI1",P,11
2268,"FOXC2,ZEB1,miR-200b,TGF-beta,GSC,TWIST1,SNAI2,miR-101,SNAI1",P,9
2269,"FOXC2,ZEB1,miR-200b,TGF-beta,GSC,TWIST1,SNAI2,TWIST2,SNAI1",P,9
2270,"FOXC2,ZEB1,miR-200b,TGF-beta,GSC,TWIST1,SNAI1",P,7
2271,"FOXC2,ZEB1,miR-200b,TGF-beta,GSC,TWIST1",P,6
2272,"FOXC2,ZEB1,miR-200b,TGF-beta,GSC,TWIST1,CDH1,SNAI2,miR-101,SNAI1",P,10
2273,"FOXC2,ZEB1,miR-200b,TGF-beta,GSC,TWIST1,CDH1,SNAI2,TWIST2,SNAI1",P,10
2274,"FOXC2,ZEB1,miR-200b,TGF-beta,GSC,SNAI1,miR-101,ZEB2,CDH1,SNAI2,TWIST2,TWIST1",N,12
2275,"FOXC2,ZEB1,miR-200b,TGF-beta,GSC,SNAI1,miR-101,KLF8,CDH1,SNAI2,TWIST2,TWIST1",P,12
2276,"FOXC2,ZEB1,miR-200b,TGF-beta,GSC,SNAI1,miR-34a,TWIST2,TWIST1",N,9
2277,"FOXC2,ZEB1,miR-200b,TGF-beta,GSC,SNAI1,miR-34a,SNAI2,TWIST2,TWIST1",N,10
2278,"FOXC2,ZEB1,miR-200b,TGF-beta,GSC,SNAI1,ZEB2,CDH1,SNAI2,TWIST2,TWIST1",P,11
2279,"FOXC2,ZEB1,miR-200b,TGF-beta,GSC,SNAI1,TWIST1",N,7
2280,"FOXC2,ZEB1,miR-200b,TGF-beta,GSC,SNAI1,SNAI2,TWIST2,TWIST1",P,9
2281,"FOXC2,ZEB1,miR-200b,TGF-beta,GSC,SNAI1",P,6
2282,"FOXC2,ZEB1,miR-200b,TGF-beta,GSC,SNAI1,CDH1,SNAI2,TWIST2,TWIST1",N,10
2283,"FOXC2,ZEB1,miR-200b,ZEB2,miR-200a,TGF-beta,SNAI2,miR-101,SNAI1,miR-34a,TWIST2,TWIST1",P,12
2284,"FOXC2,ZEB1,miR-200b,ZEB2,miR-200a,TGF-beta,SNAI2,miR-101,SNAI1,TWIST1",P,10
2285,"FOXC2,ZEB1,miR-200b,ZEB2,miR-200a,TGF-beta,SNAI2,miR-101,SNAI1",N,9
2286,"FOXC2,ZEB1,miR-200b,ZEB2,miR-200a,TGF-beta,SNAI2,TWIST2,TWIST1,SNAI1",N,10
2287,"FOXC2,ZEB1,miR-200b,ZEB2,miR-200a,TGF-beta,SNAI2,TWIST2,TWIST1",N,9
2288,"FOXC2,ZEB1,miR-200b,ZEB2,miR-200a,TGF-beta,SNAI2,TWIST2,SNAI1,TWIST1",P,10
2289,"FOXC2,ZEB1,miR-200b,ZEB2,miR-200a,TGF-beta,SNAI2,TWIST2,SNAI1",N,9
2290,"FOXC2,ZEB1,miR-200b,ZEB2,miR-200a,TGF-beta,SNAI1,miR-101,KLF8,CDH1,SNAI2,TWIST2,TWIST1",P,13
2291,"FOXC2,ZEB1,miR-200b,ZEB2,miR-200a,TGF-beta,SNAI1,miR-34a,TWIST2,TWIST1",N,10
2292,"FOXC2,ZEB1,miR-200b,ZEB2,miR-200a,TGF-beta,SNAI1,miR-34a,SNAI2,TWIST2,TWIST1",N,11
2293,"FOXC2,ZEB1,miR-200b,ZEB2,miR-200a,TGF-beta,SNAI1,TWIST1",N,8
2294,"FOXC2,ZEB1,miR-200b,ZEB2,miR-200a,TGF-beta,SNAI1,SNAI2,TWIST2,TWIST1",P,10
2295,"FOXC2,ZEB1,miR-200b,ZEB2,miR-200a,TGF-beta,SNAI1",P,7
2296,"FOXC2,ZEB1,miR-200b,ZEB2,miR-200a,TGF-beta,SNAI1,CDH1,SNAI2,TWIST2,TWIST1",N,11
2297,"FOXC2,ZEB1,miR-200b,ZEB2,miR-200a,TGF-beta,GSC",P,7
2298,"FOXC2,ZEB1,miR-200b,ZEB2,miR-200a,TGF-beta,GSC,TWIST1,TCF3,CDH1,SNAI2,miR-101,SNAI1",N,13
2299,"FOXC2,ZEB1,miR-200b,ZEB2,miR-200a,TGF-beta,GSC,TWIST1,TCF3,CDH1,SNAI2,TWIST2,SNAI1",N,13
2300,"FOXC2,ZEB1,miR-200b,ZEB2,miR-200a,TGF-beta,GSC,TWIST1,SNAI2,miR-101,SNAI1",N,11
2301,"FOXC2,ZEB1,miR-200b,ZEB2,miR-200a,TGF-beta,GSC,TWIST1,SNAI2,TWIST2,SNAI1",N,11
2302,"FOXC2,ZEB1,miR-200b,ZEB2,miR-200a,TGF-beta,GSC,TWIST1,SNAI1",N,9
2303,"FOXC2,ZEB1,miR-200b,ZEB2,miR-200a,TGF-beta,GSC,TWIST1",N,8
2304,"FOXC2,ZEB1,miR-200b,ZEB2,miR-200a,TGF-beta,GSC,TWIST1,CDH1,SNAI2,miR-101,SNAI1",N,12
2305,"FOXC2,ZEB1,miR-200b,ZEB2,miR-200a,TGF-beta,GSC,TWIST1,CDH1,SNAI2,TWIST2,SNAI1",N,12
2306,"FOXC2,ZEB1,miR-200b,ZEB2,miR-200a,TGF-beta,GSC,SNAI1,miR-101,KLF8,CDH1,SNAI2,TWIST2,TWIST1",N,14
2307,"FOXC2,ZEB1,miR-200b,ZEB2,miR-200a,TGF-beta,GSC,SNAI1,miR-34a,TWIST2,TWIST1",P,11
2308,"FOXC2,ZEB1,miR-200b,ZEB2,miR-200a,TGF-beta,GSC,SNAI1,miR-34a,SNAI2,TWIST2,TWIST1",P,12
2309,"FOXC2,ZEB1,miR-200b,ZEB2,miR-200a,TGF-beta,GSC,SNAI1,TWIST1",P,9
2310,"FOXC2,ZEB1,miR-200b,ZEB2,miR-200a,TGF-beta,GSC,SNAI1,SNAI2,TWIST2,TWIST1",N,11
2311,"FOXC2,ZEB1,miR-200b,ZEB2,miR-200a,TGF-beta,GSC,SNAI1",N,8
2312,"FOXC2,ZEB1,miR-200b,ZEB2,miR-200a,TGF-beta,GSC,SNAI1,CDH1,SNAI2,TWIST2,TWIST1",P,12
2313,"FOXC2,ZEB1,miR-200b,ZEB2,miR-200c,TGF-beta,SNAI2,miR-101,SNAI1,miR-34a,TWIST2,TWIST1",P,12
2314,"FOXC2,ZEB1,miR-200b,ZEB2,miR-200c,TGF-beta,SNAI2,miR-101,SNAI1,TWIST1",P,10
2315,"FOXC2,ZEB1,miR-200b,ZEB2,miR-200c,TGF-beta,SNAI2,miR-101,SNAI1",N,9
2316,"FOXC2,ZEB1,miR-200b,ZEB2,miR-200c,TGF-beta,SNAI2,TWIST2,TWIST1,SNAI1",N,10
2317,"FOXC2,ZEB1,miR-200b,ZEB2,miR-200c,TGF-beta,SNAI2,TWIST2,TWIST1",N,9
2318,"FOXC2,ZEB1,miR-200b,ZEB2,miR-200c,TGF-beta,SNAI2,TWIST2,SNAI1,TWIST1",P,10
2319,"FOXC2,ZEB1,miR-200b,ZEB2,miR-200c,TGF-beta,SNAI2,TWIST2,SNAI1",N,9
2320,"FOXC2,ZEB1,miR-200b,ZEB2,miR-200c,TGF-beta,SNAI1,miR-101,KLF8,CDH1,SNAI2,TWIST2,TWIST1",P,13
2321,"FOXC2,ZEB1,miR-200b,ZEB2,miR-200c,TGF-beta,SNAI1,miR-34a,TWIST2,TWIST1",N,10
2322,"FOXC2,ZEB1,miR-200b,ZEB2,miR-200c,TGF-beta,SNAI1,miR-34a,SNAI2,TWIST2,TWIST1",N,11
2323,"FOXC2,ZEB1,miR-200b,ZEB2,miR-200c,TGF-beta,SNAI1,TWIST1",N,8
2324,"FOXC2,ZEB1,miR-200b,ZEB2,miR-200c,TGF-beta,SNAI1,SNAI2,TWIST2,TWIST1",P,10
2325,"FOXC2,ZEB1,miR-200b,ZEB2,miR-200c,TGF-beta,SNAI1",P,7
2326,"FOXC2,ZEB1,miR-200b,ZEB2,miR-200c,TGF-beta,SNAI1,CDH1,SNAI2,TWIST2,TWIST1",N,11
2327,"FOXC2,ZEB1,miR-200b,ZEB2,miR-200c,TGF-beta,GSC",P,7
2328,"FOXC2,ZEB1,miR-200b,ZEB2,miR-200c,TGF-beta,GSC,TWIST1,TCF3,CDH1,SNAI2,miR-101,SNAI1",N,13
2329,"FOXC2,ZEB1,miR-200b,ZEB2,miR-200c,TGF-beta,GSC,TWIST1,TCF3,CDH1,SNAI2,TWIST2,SNAI1",N,13
2330,"FOXC2,ZEB1,miR-200b,ZEB2,miR-200c,TGF-beta,GSC,TWIST1,SNAI2,miR-101,SNAI1",N,11
2331,"FOXC2,ZEB1,miR-200b,ZEB2,miR-200c,TGF-beta,GSC,TWIST1,SNAI2,TWIST2,SNAI1",N,11
2332,"FOXC2,ZEB1,miR-200b,ZEB2,miR-200c,TGF-beta,GSC,TWIST1,SNAI1",N,9
2333,"FOXC2,ZEB1,miR-200b,ZEB2,miR-200c,TGF-beta,GSC,TWIST1",N,8
2334,"FOXC2,ZEB1,miR-200b,ZEB2,miR-200c,TGF-beta,GSC,TWIST1,CDH1,SNAI2,miR-101,SNAI1",N,12
2335,"FOXC2,ZEB1,miR-200b,ZEB2,miR-200c,TGF-beta,GSC,TWIST1,CDH1,SNAI2,TWIST2,SNAI1",N,12
2336,"FOXC2,ZEB1,miR-200b,ZEB2,miR-200c,TGF-beta,GSC,SNAI1,miR-101,KLF8,CDH1,SNAI2,TWIST2,TWIST1",N,14
2337,"FOXC2,ZEB1,miR-200b,ZEB2,miR-200c,TGF-beta,GSC,SNAI1,miR-34a,TWIST2,TWIST1",P,11
2338,"FOXC2,ZEB1,miR-200b,ZEB2,miR-200c,TGF-beta,GSC,SNAI1,miR-34a,SNAI2,TWIST2,TWIST1",P,12
2339,"FOXC2,ZEB1,miR-200b,ZEB2,miR-200c,TGF-beta,GSC,SNAI1,TWIST1",P,9
2340,"FOXC2,ZEB1,miR-200b,ZEB2,miR-200c,TGF-beta,GSC,SNAI1,SNAI2,TWIST2,TWIST1",N,11
2341,"FOXC2,ZEB1,miR-200b,ZEB2,miR-200c,TGF-beta,GSC,SNAI1",N,8
2342,"FOXC2,ZEB1,miR-200b,ZEB2,miR-200c,TGF-beta,GSC,SNAI1,CDH1,SNAI2,TWIST2,TWIST1",P,12
2343,"FOXC2,ZEB1,miR-200b,ZEB2,CDH1,SNAI2,miR-101,SNAI1,miR-34a,TWIST2,TWIST1",N,11
2344,"FOXC2,ZEB1,miR-200b,ZEB2,CDH1,SNAI2,miR-101,SNAI1,TWIST1",N,9
2345,"FOXC2,ZEB1,miR-200b,ZEB2,CDH1,SNAI2,miR-101,SNAI1",P,8
2346,"FOXC2,ZEB1,miR-200b,ZEB2,CDH1,SNAI2,TWIST2,TWIST1,SNAI1",P,9
2347,"FOXC2,ZEB1,miR-200b,ZEB2,CDH1,SNAI2,TWIST2,TWIST1",P,8
2348,"FOXC2,ZEB1,miR-200b,ZEB2,CDH1,SNAI2,TWIST2,SNAI1,TWIST1",N,9
2349,"FOXC2,ZEB1,miR-200b,ZEB2,CDH1,SNAI2,TWIST2,SNAI1",P,8
2350,"FOXC2,ZEB1,miR-141,TGF-beta,SNAI2,miR-101,SNAI1,miR-34a,TWIST2,TWIST1",N,10
2351,"FOXC2,ZEB1,miR-141,TGF-beta,SNAI2,miR-101,SNAI1,TWIST1",N,8
2352,"FOXC2,ZEB1,miR-141,TGF-beta,SNAI2,miR-101,SNAI1",P,7
2353,"FOXC2,ZEB1,miR-141,TGF-beta,SNAI2,TWIST2,TWIST1,SNAI1",P,8
2354,"FOXC2,ZEB1,miR-141,TGF-beta,SNAI2,TWIST2,TWIST1",P,7
2355,"FOXC2,ZEB1,miR-141,TGF-beta,SNAI2,TWIST2,SNAI1,TWIST1",N,8
2356,"FOXC2,ZEB1,miR-141,TGF-beta,SNAI2,TWIST2,SNAI1",P,7
2357,"FOXC2,ZEB1,miR-141,TGF-beta,SNAI1,miR-101,ZEB2,CDH1,SNAI2,TWIST2,TWIST1",P,11
2358,"FOXC2,ZEB1,miR-141,TGF-beta,SNAI1,miR-101,KLF8,CDH1,SNAI2,TWIST2,TWIST1",N,11
2359,"FOXC2,ZEB1,miR-141,TGF-beta,SNAI1,miR-34a,TWIST2,TWIST1",P,8
2360,"FOXC2,ZEB1,miR-141,TGF-beta,SNAI1,miR-34a,SNAI2,TWIST2,TWIST1",P,9
2361,"FOXC2,ZEB1,miR-141,TGF-beta,SNAI1,ZEB2,CDH1,SNAI2,TWIST2,TWIST1",N,10
2362,"FOXC2,ZEB1,miR-141,TGF-beta,SNAI1,TWIST1",P,6
2363,"FOXC2,ZEB1,miR-141,TGF-beta,SNAI1,SNAI2,TWIST2,TWIST1",N,8
2364,"FOXC2,ZEB1,miR-141,TGF-beta,SNAI1",N,5
2365,"FOXC2,ZEB1,miR-141,TGF-beta,SNAI1,CDH1,SNAI2,TWIST2,TWIST1",P,9
2366,"FOXC2,ZEB1,miR-141,TGF-beta,GSC,ZEB2,CDH1,SNAI2,miR-101,SNAI1,miR-34a,TWIST2,TWIST1",P,13
2367,"FOXC2,ZEB1,miR-141,TGF-beta,GSC,ZEB2,CDH1,SNAI2,miR-101,SNAI1,TWIST1",P,11
2368,"FOXC2,ZEB1,miR-141,TGF-beta,GSC,ZEB2,CDH1,SNAI2,miR-101,SNAI1",N,10
2369,"FOXC2,ZEB1,miR-141,TGF-beta,GSC,ZEB2,CDH1,SNAI2,TWIST2,TWIST1,SNAI1",N,11
2370,"FOXC2,ZEB1,miR-141,TGF-beta,GSC,ZEB2,CDH1,SNAI2,TWIST2,TWIST1",N,10
2371,"FOXC2,ZEB1,miR-141,TGF-beta,GSC,ZEB2,CDH1,SNAI2,TWIST2,SNAI1,TWIST1",P,11
2372,"FOXC2,ZEB1,miR-141,TGF-beta,GSC,ZEB2,CDH1,SNAI2,TWIST2,SNAI1",N,10
2373,"FOXC2,ZEB1,miR-141,TGF-beta,GSC",N,5
2374,"FOXC2,ZEB1,miR-141,TGF-beta,GSC,TWIST1,ZEB2,CDH1,SNAI2,miR-101,SNAI1",P,11
2375,"FOXC2,ZEB1,miR-141,TGF-beta,GSC,TWIST1,ZEB2,CDH1,SNAI2,TWIST2,SNAI1",P,11
2376,"FOXC2,ZEB1,miR-141,TGF-beta,GSC,TWIST1,TCF3,CDH1,SNAI2,miR-101,SNAI1",P,11
2377,"FOXC2,ZEB1,miR-141,TGF-beta,GSC,TWIST1,TCF3,CDH1,SNAI2,TWIST2,SNAI1",P,11
2378,"FOXC2,ZEB1,miR-141,TGF-beta,GSC,TWIST1,SNAI2,miR-101,SNAI1",P,9
2379,"FOXC2,ZEB1,miR-141,TGF-beta,GSC,TWIST1,SNAI2,TWIST2,SNAI1",P,9
2380,"FOXC2,ZEB1,miR-141,TGF-beta,GSC,TWIST1,SNAI1",P,7
2381,"FOXC2,ZEB1,miR-141,TGF-beta,GSC,TWIST1",P,6
2382,"FOXC2,ZEB1,miR-141,TGF-beta,GSC,TWIST1,CDH1,SNAI2,miR-101,SNAI1",P,10
2383,"FOXC2,ZEB1,miR-141,TGF-beta,GSC,TWIST1,CDH1,SNAI2,TWIST2,SNAI1",P,10
2384,"FOXC2,ZEB1,miR-141,TGF-beta,GSC,SNAI1,miR-101,ZEB2,CDH1,SNAI2,TWIST2,TWIST1",N,12
2385,"FOXC2,ZEB1,miR-141,TGF-beta,GSC,SNAI1,miR-101,KLF8,CDH1,SNAI2,TWIST2,TWIST1",P,12
2386,"FOXC2,ZEB1,miR-141,TGF-beta,GSC,SNAI1,miR-34a,TWIST2,TWIST1",N,9
2387,"FOXC2,ZEB1,miR-141,TGF-beta,GSC,SNAI1,miR-34a,SNAI2,TWIST2,TWIST1",N,10
2388,"FOXC2,ZEB1,miR-141,TGF-beta,GSC,SNAI1,ZEB2,CDH1,SNAI2,TWIST2,TWIST1",P,11
2389,"FOXC2,ZEB1,miR-141,TGF-beta,GSC,SNAI1,TWIST1",N,7
2390,"FOXC2,ZEB1,miR-141,TGF-beta,GSC,SNAI1,SNAI2,TWIST2,TWIST1",P,9
2391,"FOXC2,ZEB1,miR-141,TGF-beta,GSC,SNAI1",P,6
2392,"FOXC2,ZEB1,miR-141,TGF-beta,GSC,SNAI1,CDH1,SNAI2,TWIST2,TWIST1",N,10
2393,"FOXC2,ZEB1,miR-141,ZEB2,miR-200a,TGF-beta,SNAI2,miR-101,SNAI1,miR-34a,TWIST2,TWIST1",N,12
2394,"FOXC2,ZEB1,miR-141,ZEB2,miR-200a,TGF-beta,SNAI2,miR-101,SNAI1,TWIST1",N,10
2395,"FOXC2,ZEB1,miR-141,ZEB2,miR-200a,TGF-beta,SNAI2,miR-101,SNAI1",P,9
2396,"FOXC2,ZEB1,miR-141,ZEB2,miR-200a,TGF-beta,SNAI2,TWIST2,TWIST1,SNAI1",P,10
2397,"FOXC2,ZEB1,miR-141,ZEB2,miR-200a,TGF-beta,SNAI2,TWIST2,TWIST1",P,9
2398,"FOXC2,ZEB1,miR-141,ZEB2,miR-200a,TGF-beta,SNAI2,TWIST2,SNAI1,TWIST1",N,10
2399,"FOXC2,ZEB1,miR-141,ZEB2,miR-200a,TGF-beta,SNAI2,TWIST2,SNAI1",P,9
2400,"FOXC2,ZEB1,miR-141,ZEB2,miR-200a,TGF-beta,SNAI1,miR-101,KLF8,CDH1,SNAI2,TWIST2,TWIST1",N,13
2401,"FOXC2,ZEB1,miR-141,ZEB2,miR-200a,TGF-beta,SNAI1,miR-34a,TWIST2,TWIST1",P,10
2402,"FOXC2,ZEB1,miR-141,ZEB2,miR-200a,TGF-beta,SNAI1,miR-34a,SNAI2,TWIST2,TWIST1",P,11
2403,"FOXC2,ZEB1,miR-141,ZEB2,miR-200a,TGF-beta,SNAI1,TWIST1",P,8
2404,"FOXC2,ZEB1,miR-141,ZEB2,miR-200a,TGF-beta,SNAI1,SNAI2,TWIST2,TWIST1",N,10
2405,"FOXC2,ZEB1,miR-141,ZEB2,miR-200a,TGF-beta,SNAI1",N,7
2406,"FOXC2,ZEB1,miR-141,ZEB2,miR-200a,TGF-beta,SNAI1,CDH1,SNAI2,TWIST2,TWIST1",P,11
2407,"FOXC2,ZEB1,miR-141,ZEB2,miR-200a,TGF-beta,GSC",N,7
2408,"FOXC2,ZEB1,miR-141,ZEB2,miR-200a,TGF-beta,GSC,TWIST1,TCF3,CDH1,SNAI2,miR-101,SNAI1",P,13
2409,"FOXC2,ZEB1,miR-141,ZEB2,miR-200a,TGF-beta,GSC,TWIST1,TCF3,CDH1,SNAI2,TWIST2,SNAI1",P,13
2410,"FOXC2,ZEB1,miR-141,ZEB2,miR-200a,TGF-beta,GSC,TWIST1,SNAI2,miR-101,SNAI1",P,11
2411,"FOXC2,ZEB1,miR-141,ZEB2,miR-200a,TGF-beta,GSC,TWIST1,SNAI2,TWIST2,SNAI1",P,11
2412,"FOXC2,ZEB1,miR-141,ZEB2,miR-200a,TGF-beta,GSC,TWIST1,SNAI1",P,9
2413,"FOXC2,ZEB1,miR-141,ZEB2,miR-200a,TGF-beta,GSC,TWIST1",P,8
2414,"FOXC2,ZEB1,miR-141,ZEB2,miR-200a,TGF-beta,GSC,TWIST1,CDH1,SNAI2,miR-101,SNAI1",P,12
2415,"FOXC2,ZEB1,miR-141,ZEB2,miR-200a,TGF-beta,GSC,TWIST1,CDH1,SNAI2,TWIST2,SNAI1",P,12
2416,"FOXC2,ZEB1,miR-141,ZEB2,miR-200a,TGF-beta,GSC,SNAI1,miR-101,KLF8,CDH1,SNAI2,TWIST2,TWIST1",P,14
2417,"FOXC2,ZEB1,miR-141,ZEB2,miR-200a,TGF-beta,GSC,SNAI1,miR-34a,TWIST2,TWIST1",N,11
2418,"FOXC2,ZEB1,miR-141,ZEB2,miR-200a,TGF-beta,GSC,SNAI1,miR-34a,SNAI2,TWIST2,TWIST1",N,12
2419,"FOXC2,ZEB1,miR-141,ZEB2,miR-200a,TGF-beta,GSC,SNAI1,TWIST1",N,9
2420,"FOXC2,ZEB1,miR-141,ZEB2,miR-200a,TGF-beta,GSC,SNAI1,SNAI2,TWIST2,TWIST1",P,11
2421,"FOXC2,ZEB1,miR-141,ZEB2,miR-200a,TGF-beta,GSC,SNAI1",P,8
2422,"FOXC2,ZEB1,miR-141,ZEB2,miR-200a,TGF-beta,GSC,SNAI1,CDH1,SNAI2,TWIST2,TWIST1",N,12
2423,"FOXC2,ZEB1,miR-141,ZEB2,miR-200c,TGF-beta,SNAI2,miR-101,SNAI1,miR-34a,TWIST2,TWIST1",N,12
2424,"FOXC2,ZEB1,miR-141,ZEB2,miR-200c,TGF-beta,SNAI2,miR-101,SNAI1,TWIST1",N,10
2425,"FOXC2,ZEB1,miR-141,ZEB2,miR-200c,TGF-beta,SNAI2,miR-101,SNAI1",P,9
2426,"FOXC2,ZEB1,miR-141,ZEB2,miR-200c,TGF-beta,SNAI2,TWIST2,TWIST1,SNAI1",P,10
2427,"FOXC2,ZEB1,miR-141,ZEB2,miR-200c,TGF-beta,SNAI2,TWIST2,TWIST1",P,9
2428,"FOXC2,ZEB1,miR-141,ZEB2,miR-200c,TGF-beta,SNAI2,TWIST2,SNAI1,TWIST1",N,10
2429,"FOXC2,ZEB1,miR-141,ZEB2,miR-200c,TGF-beta,SNAI2,TWIST2,SNAI1",P,9
2430,"FOXC2,ZEB1,miR-141,ZEB2,miR-200c,TGF-beta,SNAI1,miR-101,KLF8,CDH1,SNAI2,TWIST2,TWIST1",N,13
2431,"FOXC2,ZEB1,miR-141,ZEB2,miR-200c,TGF-beta,SNAI1,miR-34a,TWIST2,TWIST1",P,10
2432,"FOXC2,ZEB1,miR-141,ZEB2,miR-200c,TGF-beta,SNAI1,miR-34a,SNAI2,TWIST2,TWIST1",P,11
2433,"FOXC2,ZEB1,miR-141,ZEB2,miR-200c,TGF-beta,SNAI1,TWIST1",P,8
2434,"FOXC2,ZEB1,miR-141,ZEB2,miR-200c,TGF-beta,SNAI1,SNAI2,TWIST2,TWIST1",N,10
2435,"FOXC2,ZEB1,miR-141,ZEB2,miR-200c,TGF-beta,SNAI1",N,7
2436,"FOXC2,ZEB1,miR-141,ZEB2,miR-200c,TGF-beta,SNAI1,CDH1,SNAI2,TWIST2,TWIST1",P,11
2437,"FOXC2,ZEB1,miR-141,ZEB2,miR-200c,TGF-beta,GSC",N,7
2438,"FOXC2,ZEB1,miR-141,ZEB2,miR-200c,TGF-beta,GSC,TWIST1,TCF3,CDH1,SNAI2,miR-101,SNAI1",P,13
2439,"FOXC2,ZEB1,miR-141,ZEB2,miR-200c,TGF-beta,GSC,TWIST1,TCF3,CDH1,SNAI2,TWIST2,SNAI1",P,13
2440,"FOXC2,ZEB1,miR-141,ZEB2,miR-200c,TGF-beta,GSC,TWIST1,SNAI2,miR-101,SNAI1",P,11
2441,"FOXC2,ZEB1,miR-141,ZEB2,miR-200c,TGF-beta,GSC,TWIST1,SNAI2,TWIST2,SNAI1",P,11
2442,"FOXC2,ZEB1,miR-141,ZEB2,miR-200c,TGF-beta,GSC,TWIST1,SNAI1",P,9
2443,"FOXC2,ZEB1,miR-141,ZEB2,miR-200c,TGF-beta,GSC,TWIST1",P,8
2444,"FOXC2,ZEB1,miR-141,ZEB2,miR-200c,TGF-beta,GSC,TWIST1,CDH1,SNAI2,miR-101,SNAI1",P,12
2445,"FOXC2,ZEB1,miR-141,ZEB2,miR-200c,TGF-beta,GSC,TWIST1,CDH1,SNAI2,TWIST2,SNAI1",P,12
2446,"FOXC2,ZEB1,miR-141,ZEB2,miR-200c,TGF-beta,GSC,SNAI1,miR-101,KLF8,CDH1,SNAI2,TWIST2,TWIST1",P,14
2447,"FOXC2,ZEB1,miR-141,ZEB2,miR-200c,TGF-beta,GSC,SNAI1,miR-34a,TWIST2,TWIST1",N,11
2448,"FOXC2,ZEB1,miR-141,ZEB2,miR-200c,TGF-beta,GSC,SNAI1,miR-34a,SNAI2,TWIST2,TWIST1",N,12
2449,"FOXC2,ZEB1,miR-141,ZEB2,miR-200c,TGF-beta,GSC,SNAI1,TWIST1",N,9
2450,"FOXC2,ZEB1,miR-141,ZEB2,miR-200c,TGF-beta,GSC,SNAI1,SNAI2,TWIST2,TWIST1",P,11
2451,"FOXC2,ZEB1,miR-141,ZEB2,miR-200c,TGF-beta,GSC,SNAI1",P,8
2452,"FOXC2,ZEB1,miR-141,ZEB2,miR-200c,TGF-beta,GSC,SNAI1,CDH1,SNAI2,TWIST2,TWIST1",N,12
2453,"FOXC2,ZEB1,miR-141,ZEB2,miR-200b,TGF-beta,SNAI2,miR-101,SNAI1,miR-34a,TWIST2,TWIST1",P,12
2454,"FOXC2,ZEB1,miR-141,ZEB2,miR-200b,TGF-beta,SNAI2,miR-101,SNAI1,TWIST1",P,10
2455,"FOXC2,ZEB1,miR-141,ZEB2,miR-200b,TGF-beta,SNAI2,miR-101,SNAI1",N,9
2456,"FOXC2,ZEB1,miR-141,ZEB2,miR-200b,TGF-beta,SNAI2,TWIST2,TWIST1,SNAI1",N,10
2457,"FOXC2,ZEB1,miR-141,ZEB2,miR-200b,TGF-beta,SNAI2,TWIST2,TWIST1",N,9
2458,"FOXC2,ZEB1,miR-141,ZEB2,miR-200b,TGF-beta,SNAI2,TWIST2,SNAI1,TWIST1",P,10
2459,"FOXC2,ZEB1,miR-141,ZEB2,miR-200b,TGF-beta,SNAI2,TWIST2,SNAI1",N,9
2460,"FOXC2,ZEB1,miR-141,ZEB2,miR-200b,TGF-beta,SNAI1,miR-101,KLF8,CDH1,SNAI2,TWIST2,TWIST1",P,13
2461,"FOXC2,ZEB1,miR-141,ZEB2,miR-200b,TGF-beta,SNAI1,miR-34a,TWIST2,TWIST1",N,10
2462,"FOXC2,ZEB1,miR-141,ZEB2,miR-200b,TGF-beta,SNAI1,miR-34a,SNAI2,TWIST2,TWIST1",N,11
2463,"FOXC2,ZEB1,miR-141,ZEB2,miR-200b,TGF-beta,SNAI1,TWIST1",N,8
2464,"FOXC2,ZEB1,miR-141,ZEB2,miR-200b,TGF-beta,SNAI1,SNAI2,TWIST2,TWIST1",P,10
2465,"FOXC2,ZEB1,miR-141,ZEB2,miR-200b,TGF-beta,SNAI1",P,7
2466,"FOXC2,ZEB1,miR-141,ZEB2,miR-200b,TGF-beta,SNAI1,CDH1,SNAI2,TWIST2,TWIST1",N,11
2467,"FOXC2,ZEB1,miR-141,ZEB2,miR-200b,TGF-beta,GSC",P,7
2468,"FOXC2,ZEB1,miR-141,ZEB2,miR-200b,TGF-beta,GSC,TWIST1,TCF3,CDH1,SNAI2,miR-101,SNAI1",N,13
2469,"FOXC2,ZEB1,miR-141,ZEB2,miR-200b,TGF-beta,GSC,TWIST1,TCF3,CDH1,SNAI2,TWIST2,SNAI1",N,13
2470,"FOXC2,ZEB1,miR-141,ZEB2,miR-200b,TGF-beta,GSC,TWIST1,SNAI2,miR-101,SNAI1",N,11
2471,"FOXC2,ZEB1,miR-141,ZEB2,miR-200b,TGF-beta,GSC,TWIST1,SNAI2,TWIST2,SNAI1",N,11
2472,"FOXC2,ZEB1,miR-141,ZEB2,miR-200b,TGF-beta,GSC,TWIST1,SNAI1",N,9
2473,"FOXC2,ZEB1,miR-141,ZEB2,miR-200b,TGF-beta,GSC,TWIST1",N,8
2474,"FOXC2,ZEB1,miR-141,ZEB2,miR-200b,TGF-beta,GSC,TWIST1,CDH1,SNAI2,miR-101,SNAI1",N,12
2475,"FOXC2,ZEB1,miR-141,ZEB2,miR-200b,TGF-beta,GSC,TWIST1,CDH1,SNAI2,TWIST2,SNAI1",N,12
2476,"FOXC2,ZEB1,miR-141,ZEB2,miR-200b,TGF-beta,GSC,SNAI1,miR-101,KLF8,CDH1,SNAI2,TWIST2,TWIST1",N,14
2477,"FOXC2,ZEB1,miR-141,ZEB2,miR-200b,TGF-beta,GSC,SNAI1,miR-34a,TWIST2,TWIST1",P,11
2478,"FOXC2,ZEB1,miR-141,ZEB2,miR-200b,TGF-beta,GSC,SNAI1,miR-34a,SNAI2,TWIST2,TWIST1",P,12
2479,"FOXC2,ZEB1,miR-141,ZEB2,miR-200b,TGF-beta,GSC,SNAI1,TWIST1",P,9
2480,"FOXC2,ZEB1,miR-141,ZEB2,miR-200b,TGF-beta,GSC,SNAI1,SNAI2,TWIST2,TWIST1",N,11
2481,"FOXC2,ZEB1,miR-141,ZEB2,miR-200b,TGF-beta,GSC,SNAI1",N,8
2482,"FOXC2,ZEB1,miR-141,ZEB2,miR-200b,TGF-beta,GSC,SNAI1,CDH1,SNAI2,TWIST2,TWIST1",P,12
2483,"FOXC2,ZEB1,miR-141,ZEB2,CDH1,SNAI2,miR-200b,TGF-beta,SNAI1,miR-34a,TWIST2,TWIST1",P,12
2484,"FOXC2,ZEB1,miR-141,ZEB2,CDH1,SNAI2,miR-200b,TGF-beta,SNAI1,TWIST1",P,10
2485,"FOXC2,ZEB1,miR-141,ZEB2,CDH1,SNAI2,miR-200b,TGF-beta,SNAI1",N,9
2486,"FOXC2,ZEB1,miR-141,ZEB2,CDH1,SNAI2,miR-200b,TGF-beta,GSC",N,9
2487,"FOXC2,ZEB1,miR-141,ZEB2,CDH1,SNAI2,miR-200b,TGF-beta,GSC,TWIST1,SNAI1",P,11
2488,"FOXC2,ZEB1,miR-141,ZEB2,CDH1,SNAI2,miR-200b,TGF-beta,GSC,TWIST1",P,10
2489,"FOXC2,ZEB1,miR-141,ZEB2,CDH1,SNAI2,miR-200b,TGF-beta,GSC,SNAI1,miR-34a,TWIST2,TWIST1",N,13
2490,"FOXC2,ZEB1,miR-141,ZEB2,CDH1,SNAI2,miR-200b,TGF-beta,GSC,SNAI1,TWIST1",N,11
2491,"FOXC2,ZEB1,miR-141,ZEB2,CDH1,SNAI2,miR-200b,TGF-beta,GSC,SNAI1",P,10
2492,"FOXC2,ZEB1,miR-141,ZEB2,CDH1,SNAI2,miR-101,SNAI1,miR-34a,TWIST2,TWIST1",P,11
2493,"FOXC2,ZEB1,miR-141,ZEB2,CDH1,SNAI2,miR-101,SNAI1,TWIST1",P,9
2494,"FOXC2,ZEB1,miR-141,ZEB2,CDH1,SNAI2,miR-101,SNAI1",N,8
2495,"FOXC2,ZEB1,miR-141,ZEB2,CDH1,SNAI2,TWIST2,TWIST1,SNAI1",N,9
2496,"FOXC2,ZEB1,miR-141,ZEB2,CDH1,SNAI2,TWIST2,TWIST1",N,8
2497,"FOXC2,ZEB1,miR-141,ZEB2,CDH1,SNAI2,TWIST2,SNAI1,TWIST1",P,9
2498,"FOXC2,ZEB1,miR-141,ZEB2,CDH1,SNAI2,TWIST2,SNAI1",N,8
2499,"FOXC2,ZEB1,CDH1,SNAI2,miR-200b,TGF-beta,SNAI1,miR-34a,TWIST2,TWIST1",N,10
2500,"FOXC2,ZEB1,CDH1,SNAI2,miR-200b,TGF-beta,SNAI1,TWIST1",N,8
2501,"FOXC2,ZEB1,CDH1,SNAI2,miR-200b,TGF-beta,SNAI1",P,7
2502,"FOXC2,ZEB1,CDH1,SNAI2,miR-200b,TGF-beta,GSC",P,7
2503,"FOXC2,ZEB1,CDH1,SNAI2,miR-200b,TGF-beta,GSC,TWIST1,SNAI1",N,9
2504,"FOXC2,ZEB1,CDH1,SNAI2,miR-200b,TGF-beta,GSC,TWIST1",N,8
2505,"FOXC2,ZEB1,CDH1,SNAI2,miR-200b,TGF-beta,GSC,SNAI1,miR-34a,TWIST2,TWIST1",P,11
2506,"FOXC2,ZEB1,CDH1,SNAI2,miR-200b,TGF-beta,GSC,SNAI1,TWIST1",P,9
2507,"FOXC2,ZEB1,CDH1,SNAI2,miR-200b,TGF-beta,GSC,SNAI1",N,8
2508,"FOXC2,ZEB1,CDH1,SNAI2,miR-200b,ZEB2,miR-200a,TGF-beta,SNAI1,miR-34a,TWIST2,TWIST1",P,12
2509,"FOXC2,ZEB1,CDH1,SNAI2,miR-200b,ZEB2,miR-200a,TGF-beta,SNAI1,TWIST1",P,10
2510,"FOXC2,ZEB1,CDH1,SNAI2,miR-200b,ZEB2,miR-200a,TGF-beta,SNAI1",N,9
2511,"FOXC2,ZEB1,CDH1,SNAI2,miR-200b,ZEB2,miR-200a,TGF-beta,GSC",N,9
2512,"FOXC2,ZEB1,CDH1,SNAI2,miR-200b,ZEB2,miR-200a,TGF-beta,GSC,TWIST1,SNAI1",P,11
2513,"FOXC2,ZEB1,CDH1,SNAI2,miR-200b,ZEB2,miR-200a,TGF-beta,GSC,TWIST1",P,10
2514,"FOXC2,ZEB1,CDH1,SNAI2,miR-200b,ZEB2,miR-200a,TGF-beta,GSC,SNAI1,miR-34a,TWIST2,TWIST1",N,13
2515,"FOXC2,ZEB1,CDH1,SNAI2,miR-200b,ZEB2,miR-200a,TGF-beta,GSC,SNAI1,TWIST1",N,11
2516,"FOXC2,ZEB1,CDH1,SNAI2,miR-200b,ZEB2,miR-200a,TGF-beta,GSC,SNAI1",P,10
2517,"FOXC2,ZEB1,CDH1,SNAI2,miR-200b,ZEB2,miR-200c,TGF-beta,SNAI1,miR-34a,TWIST2,TWIST1",P,12
2518,"FOXC2,ZEB1,CDH1,SNAI2,miR-200b,ZEB2,miR-200c,TGF-beta,SNAI1,TWIST1",P,10
2519,"FOXC2,ZEB1,CDH1,SNAI2,miR-200b,ZEB2,miR-200c,TGF-beta,SNAI1",N,9
2520,"FOXC2,ZEB1,CDH1,SNAI2,miR-200b,ZEB2,miR-200c,TGF-beta,GSC",N,9
2521,"FOXC2,ZEB1,CDH1,SNAI2,miR-200b,ZEB2,miR-200c,TGF-beta,GSC,TWIST1,SNAI1",P,11
2522,"FOXC2,ZEB1,CDH1,SNAI2,miR-200b,ZEB2,miR-200c,TGF-beta,GSC,TWIST1",P,10
2523,"FOXC2,ZEB1,CDH1,SNAI2,miR-200b,ZEB2,miR-200c,TGF-beta,GSC,SNAI1,miR-34a,TWIST2,TWIST1",N,13
2524,"FOXC2,ZEB1,CDH1,SNAI2,miR-200b,ZEB2,miR-200c,TGF-beta,GSC,SNAI1,TWIST1",N,11
2525,"FOXC2,ZEB1,CDH1,SNAI2,miR-200b,ZEB2,miR-200c,TGF-beta,GSC,SNAI1",P,10
2526,"FOXC2,ZEB1,CDH1,SNAI2,miR-101,SNAI1,miR-34a,TWIST2,ZEB2,miR-200a,TGF-beta,GSC",P,12
2527,"FOXC2,ZEB1,CDH1,SNAI2,miR-101,SNAI1,miR-34a,TWIST2,ZEB2,miR-200a,TGF-beta,GSC,TWIST1",N,13
2528,"FOXC2,ZEB1,CDH1,SNAI2,miR-101,SNAI1,miR-34a,TWIST2,ZEB2,miR-200c,TGF-beta,GSC",P,12
2529,"FOXC2,ZEB1,CDH1,SNAI2,miR-101,SNAI1,miR-34a,TWIST2,ZEB2,miR-200c,TGF-beta,GSC,TWIST1",N,13
2530,"FOXC2,ZEB1,CDH1,SNAI2,miR-101,SNAI1,miR-34a,TWIST2,ZEB2,miR-200b,TGF-beta,GSC",N,12
2531,"FOXC2,ZEB1,CDH1,SNAI2,miR-101,SNAI1,miR-34a,TWIST2,ZEB2,miR-200b,TGF-beta,GSC,TWIST1",P,13
2532,"FOXC2,ZEB1,CDH1,SNAI2,miR-101,SNAI1,miR-34a,TWIST2,TWIST1,ZEB2,miR-200a,TGF-beta,GSC",N,13
2533,"FOXC2,ZEB1,CDH1,SNAI2,miR-101,SNAI1,miR-34a,TWIST2,TWIST1,ZEB2,miR-200c,TGF-beta,GSC",N,13
2534,"FOXC2,ZEB1,CDH1,SNAI2,miR-101,SNAI1,miR-34a,TWIST2,TWIST1,ZEB2,miR-200b,TGF-beta,GSC",P,13
2535,"FOXC2,ZEB1,CDH1,SNAI2,miR-101,SNAI1,miR-34a,TWIST2,TWIST1",N,9
2536,"FOXC2,ZEB1,CDH1,SNAI2,miR-101,SNAI1,ZEB2,miR-200a,TGF-beta,GSC",P,10
2537,"FOXC2,ZEB1,CDH1,SNAI2,miR-101,SNAI1,ZEB2,miR-200a,TGF-beta,GSC,TWIST1",N,11
2538,"FOXC2,ZEB1,CDH1,SNAI2,miR-101,SNAI1,ZEB2,miR-200c,TGF-beta,GSC",P,10
2539,"FOXC2,ZEB1,CDH1,SNAI2,miR-101,SNAI1,ZEB2,miR-200c,TGF-beta,GSC,TWIST1",N,11
2540,"FOXC2,ZEB1,CDH1,SNAI2,miR-101,SNAI1,ZEB2,miR-200b,TGF-beta,GSC",N,10
2541,"FOXC2,ZEB1,CDH1,SNAI2,miR-101,SNAI1,ZEB2,miR-200b,TGF-beta,GSC,TWIST1",P,11
2542,"FOXC2,ZEB1,CDH1,SNAI2,miR-101,SNAI1,TWIST1,ZEB2,miR-200a,TGF-beta,GSC",N,11
2543,"FOXC2,ZEB1,CDH1,SNAI2,miR-101,SNAI1,TWIST1,ZEB2,miR-200c,TGF-beta,GSC",N,11
2544,"FOXC2,ZEB1,CDH1,SNAI2,miR-101,SNAI1,TWIST1,ZEB2,miR-200b,TGF-beta,GSC",P,11
2545,"FOXC2,ZEB1,CDH1,SNAI2,miR-101,SNAI1,TWIST1",N,7
2546,"FOXC2,ZEB1,CDH1,SNAI2,miR-101,SNAI1",P,6
2547,"FOXC2,ZEB1,CDH1,SNAI2,miR-101,ZEB2,miR-200a,TGF-beta,SNAI1,miR-34a,TWIST2,TWIST1",P,12
2548,"FOXC2,ZEB1,CDH1,SNAI2,miR-101,ZEB2,miR-200a,TGF-beta,SNAI1,TWIST1",P,10
2549,"FOXC2,ZEB1,CDH1,SNAI2,miR-101,ZEB2,miR-200a,TGF-beta,SNAI1",N,9
2550,"FOXC2,ZEB1,CDH1,SNAI2,miR-101,ZEB2,miR-200a,TGF-beta,GSC",N,9
2551,"FOXC2,ZEB1,CDH1,SNAI2,miR-101,ZEB2,miR-200a,TGF-beta,GSC,TWIST1,SNAI1",P,11
2552,"FOXC2,ZEB1,CDH1,SNAI2,miR-101,ZEB2,miR-200a,TGF-beta,GSC,TWIST1",P,10
2553,"FOXC2,ZEB1,CDH1,SNAI2,miR-101,ZEB2,miR-200a,TGF-beta,GSC,SNAI1,miR-34a,TWIST2,TWIST1",N,13
2554,"FOXC2,ZEB1,CDH1,SNAI2,miR-101,ZEB2,miR-200a,TGF-beta,GSC,SNAI1,TWIST1",N,11
2555,"FOXC2,ZEB1,CDH1,SNAI2,miR-101,ZEB2,miR-200a,TGF-beta,GSC,SNAI1",P,10
2556,"FOXC2,ZEB1,CDH1,SNAI2,miR-101,ZEB2,miR-200c,TGF-beta,SNAI1,miR-34a,TWIST2,TWIST1",P,12
2557,"FOXC2,ZEB1,CDH1,SNAI2,miR-101,ZEB2,miR-200c,TGF-beta,SNAI1,TWIST1",P,10
2558,"FOXC2,ZEB1,CDH1,SNAI2,miR-101,ZEB2,miR-200c,TGF-beta,SNAI1",N,9
2559,"FOXC2,ZEB1,CDH1,SNAI2,miR-101,ZEB2,miR-200c,TGF-beta,GSC",N,9
2560,"FOXC2,ZEB1,CDH1,SNAI2,miR-101,ZEB2,miR-200c,TGF-beta,GSC,TWIST1,SNAI1",P,11
2561,"FOXC2,ZEB1,CDH1,SNAI2,miR-101,ZEB2,miR-200c,TGF-beta,GSC,TWIST1",P,10
2562,"FOXC2,ZEB1,CDH1,SNAI2,miR-101,ZEB2,miR-200c,TGF-beta,GSC,SNAI1,miR-34a,TWIST2,TWIST1",N,13
2563,"FOXC2,ZEB1,CDH1,SNAI2,miR-101,ZEB2,miR-200c,TGF-beta,GSC,SNAI1,TWIST1",N,11
2564,"FOXC2,ZEB1,CDH1,SNAI2,miR-101,ZEB2,miR-200c,TGF-beta,GSC,SNAI1",P,10
2565,"FOXC2,ZEB1,CDH1,SNAI2,miR-101,ZEB2,miR-200b,TGF-beta,SNAI1,miR-34a,TWIST2,TWIST1",N,12
2566,"FOXC2,ZEB1,CDH1,SNAI2,miR-101,ZEB2,miR-200b,TGF-beta,SNAI1,TWIST1",N,10
2567,"FOXC2,ZEB1,CDH1,SNAI2,miR-101,ZEB2,miR-200b,TGF-beta,SNAI1",P,9
2568,"FOXC2,ZEB1,CDH1,SNAI2,miR-101,ZEB2,miR-200b,TGF-beta,GSC",P,9
2569,"FOXC2,ZEB1,CDH1,SNAI2,miR-101,ZEB2,miR-200b,TGF-beta,GSC,TWIST1,SNAI1",N,11
2570,"FOXC2,ZEB1,CDH1,SNAI2,miR-101,ZEB2,miR-200b,TGF-beta,GSC,TWIST1",N,10
2571,"FOXC2,ZEB1,CDH1,SNAI2,miR-101,ZEB2,miR-200b,TGF-beta,GSC,SNAI1,miR-34a,TWIST2,TWIST1",P,13
2572,"FOXC2,ZEB1,CDH1,SNAI2,miR-101,ZEB2,miR-200b,TGF-beta,GSC,SNAI1,TWIST1",P,11
2573,"FOXC2,ZEB1,CDH1,SNAI2,miR-101,ZEB2,miR-200b,TGF-beta,GSC,SNAI1",N,10
2574,"FOXC2,ZEB1,CDH1,SNAI2,TWIST2,ZEB2,miR-200a,TGF-beta,SNAI1,TWIST1",P,10
2575,"FOXC2,ZEB1,CDH1,SNAI2,TWIST2,ZEB2,miR-200a,TGF-beta,SNAI1",N,9
2576,"FOXC2,ZEB1,CDH1,SNAI2,TWIST2,ZEB2,miR-200a,TGF-beta,GSC",N,9
2577,"FOXC2,ZEB1,CDH1,SNAI2,TWIST2,ZEB2,miR-200a,TGF-beta,GSC,TWIST1,SNAI1",P,11
2578,"FOXC2,ZEB1,CDH1,SNAI2,TWIST2,ZEB2,miR-200a,TGF-beta,GSC,TWIST1",P,10
2579,"FOXC2,ZEB1,CDH1,SNAI2,TWIST2,ZEB2,miR-200a,TGF-beta,GSC,SNAI1,TWIST1",N,11
2580,"FOXC2,ZEB1,CDH1,SNAI2,TWIST2,ZEB2,miR-200a,TGF-beta,GSC,SNAI1",P,10
2581,"FOXC2,ZEB1,CDH1,SNAI2,TWIST2,ZEB2,miR-200c,TGF-beta,SNAI1,TWIST1",P,10
2582,"FOXC2,ZEB1,CDH1,SNAI2,TWIST2,ZEB2,miR-200c,TGF-beta,SNAI1",N,9
2583,"FOXC2,ZEB1,CDH1,SNAI2,TWIST2,ZEB2,miR-200c,TGF-beta,GSC",N,9
2584,"FOXC2,ZEB1,CDH1,SNAI2,TWIST2,ZEB2,miR-200c,TGF-beta,GSC,TWIST1,SNAI1",P,11
2585,"FOXC2,ZEB1,CDH1,SNAI2,TWIST2,ZEB2,miR-200c,TGF-beta,GSC,TWIST1",P,10
2586,"FOXC2,ZEB1,CDH1,SNAI2,TWIST2,ZEB2,miR-200c,TGF-beta,GSC,SNAI1,TWIST1",N,11
2587,"FOXC2,ZEB1,CDH1,SNAI2,TWIST2,ZEB2,miR-200c,TGF-beta,GSC,SNAI1",P,10
2588,"FOXC2,ZEB1,CDH1,SNAI2,TWIST2,ZEB2,miR-200b,TGF-beta,SNAI1,TWIST1",N,10
2589,"FOXC2,ZEB1,CDH1,SNAI2,TWIST2,ZEB2,miR-200b,TGF-beta,SNAI1",P,9
2590,"FOXC2,ZEB1,CDH1,SNAI2,TWIST2,ZEB2,miR-200b,TGF-beta,GSC",P,9
2591,"FOXC2,ZEB1,CDH1,SNAI2,TWIST2,ZEB2,miR-200b,TGF-beta,GSC,TWIST1,SNAI1",N,11
2592,"FOXC2,ZEB1,CDH1,SNAI2,TWIST2,ZEB2,miR-200b,TGF-beta,GSC,TWIST1",N,10
2593,"FOXC2,ZEB1,CDH1,SNAI2,TWIST2,ZEB2,miR-200b,TGF-beta,GSC,SNAI1,TWIST1",P,11
2594,"FOXC2,ZEB1,CDH1,SNAI2,TWIST2,ZEB2,miR-200b,TGF-beta,GSC,SNAI1",N,10
2595,"FOXC2,ZEB1,CDH1,SNAI2,TWIST2,TWIST1,ZEB2,miR-200a,TGF-beta,SNAI1",P,10
2596,"FOXC2,ZEB1,CDH1,SNAI2,TWIST2,TWIST1,ZEB2,miR-200a,TGF-beta,GSC",P,10
2597,"FOXC2,ZEB1,CDH1,SNAI2,TWIST2,TWIST1,ZEB2,miR-200a,TGF-beta,GSC,SNAI1",N,11
2598,"FOXC2,ZEB1,CDH1,SNAI2,TWIST2,TWIST1,ZEB2,miR-200c,TGF-beta,SNAI1",P,10
2599,"FOXC2,ZEB1,CDH1,SNAI2,TWIST2,TWIST1,ZEB2,miR-200c,TGF-beta,GSC",P,10
2600,"FOXC2,ZEB1,CDH1,SNAI2,TWIST2,TWIST1,ZEB2,miR-200c,TGF-beta,GSC,SNAI1",N,11
2601,"FOXC2,ZEB1,CDH1,SNAI2,TWIST2,TWIST1,ZEB2,miR-200b,TGF-beta,SNAI1",N,10
2602,"FOXC2,ZEB1,CDH1,SNAI2,TWIST2,TWIST1,ZEB2,miR-200b,TGF-beta,GSC",N,10
2603,"FOXC2,ZEB1,CDH1,SNAI2,TWIST2,TWIST1,ZEB2,miR-200b,TGF-beta,GSC,SNAI1",P,11
2604,"FOXC2,ZEB1,CDH1,SNAI2,TWIST2,TWIST1,SNAI1,miR-101,ZEB2,miR-200a,TGF-beta,GSC",N,12
2605,"FOXC2,ZEB1,CDH1,SNAI2,TWIST2,TWIST1,SNAI1,miR-101,ZEB2,miR-200c,TGF-beta,GSC",N,12
2606,"FOXC2,ZEB1,CDH1,SNAI2,TWIST2,TWIST1,SNAI1,miR-101,ZEB2,miR-200b,TGF-beta,GSC",P,12
2607,"FOXC2,ZEB1,CDH1,SNAI2,TWIST2,TWIST1,SNAI1,ZEB2,miR-200a,TGF-beta,GSC",P,11
2608,"FOXC2,ZEB1,CDH1,SNAI2,TWIST2,TWIST1,SNAI1,ZEB2,miR-200c,TGF-beta,GSC",P,11
2609,"FOXC2,ZEB1,CDH1,SNAI2,TWIST2,TWIST1,SNAI1,ZEB2,miR-200b,TGF-beta,GSC",N,11
2610,"FOXC2,ZEB1,CDH1,SNAI2,TWIST2,TWIST1,SNAI1",P,7
2611,"FOXC2,ZEB1,CDH1,SNAI2,TWIST2,TWIST1",P,6
2612,"FOXC2,ZEB1,CDH1,SNAI2,TWIST2,SNAI1,miR-101,ZEB2,miR-200a,TGF-beta,GSC",N,11
2613,"FOXC2,ZEB1,CDH1,SNAI2,TWIST2,SNAI1,miR-101,ZEB2,miR-200a,TGF-beta,GSC,TWIST1",P,12
2614,"FOXC2,ZEB1,CDH1,SNAI2,TWIST2,SNAI1,miR-101,ZEB2,miR-200c,TGF-beta,GSC",N,11
2615,"FOXC2,ZEB1,CDH1,SNAI2,TWIST2,SNAI1,miR-101,ZEB2,miR-200c,TGF-beta,GSC,TWIST1",P,12
2616,"FOXC2,ZEB1,CDH1,SNAI2,TWIST2,SNAI1,miR-101,ZEB2,miR-200b,TGF-beta,GSC",P,11
2617,"FOXC2,ZEB1,CDH1,SNAI2,TWIST2,SNAI1,miR-101,ZEB2,miR-200b,TGF-beta,GSC,TWIST1",N,12
2618,"FOXC2,ZEB1,CDH1,SNAI2,TWIST2,SNAI1,ZEB2,miR-200a,TGF-beta,GSC",P,10
2619,"FOXC2,ZEB1,CDH1,SNAI2,TWIST2,SNAI1,ZEB2,miR-200a,TGF-beta,GSC,TWIST1",N,11
2620,"FOXC2,ZEB1,CDH1,SNAI2,TWIST2,SNAI1,ZEB2,miR-200c,TGF-beta,GSC",P,10
2621,"FOXC2,ZEB1,CDH1,SNAI2,TWIST2,SNAI1,ZEB2,miR-200c,TGF-beta,GSC,TWIST1",N,11
2622,"FOXC2,ZEB1,CDH1,SNAI2,TWIST2,SNAI1,ZEB2,miR-200b,TGF-beta,GSC",N,10
2623,"FOXC2,ZEB1,CDH1,SNAI2,TWIST2,SNAI1,ZEB2,miR-200b,TGF-beta,GSC,TWIST1",P,11
2624,"FOXC2,ZEB1,CDH1,SNAI2,TWIST2,SNAI1,TWIST1,ZEB2,miR-200a,TGF-beta,GSC",N,11
2625,"FOXC2,ZEB1,CDH1,SNAI2,TWIST2,SNAI1,TWIST1,ZEB2,miR-200c,TGF-beta,GSC",N,11
2626,"FOXC2,ZEB1,CDH1,SNAI2,TWIST2,SNAI1,TWIST1,ZEB2,miR-200b,TGF-beta,GSC",P,11
2627,"FOXC2,ZEB1,CDH1,SNAI2,TWIST2,SNAI1,TWIST1",N,7
2628,"FOXC2,ZEB1,CDH1,SNAI2,TWIST2,SNAI1",P,6
2629,"KLF8,CDH1,SNAI2,miR-200b,TGF-beta,SNAI1,miR-101",P,7
2630,"KLF8,CDH1,SNAI2,miR-200b,TGF-beta,GSC,ZEB2,miR-200a,ZEB1,miR-34a,TWIST2,TWIST1,SNAI1,miR-101",P,14
2631,"KLF8,CDH1,SNAI2,miR-200b,TGF-beta,GSC,ZEB2,miR-200a,ZEB1,miR-34a,TWIST2,SNAI1,miR-101",P,13
2632,"KLF8,CDH1,SNAI2,miR-200b,TGF-beta,GSC,ZEB2,miR-200a,ZEB1,miR-34a,SNAI1,miR-101",P,12
2633,"KLF8,CDH1,SNAI2,miR-200b,TGF-beta,GSC,ZEB2,miR-200c,ZEB1,miR-34a,TWIST2,TWIST1,SNAI1,miR-101",P,14
2634,"KLF8,CDH1,SNAI2,miR-200b,TGF-beta,GSC,ZEB2,miR-200c,ZEB1,miR-34a,TWIST2,SNAI1,miR-101",P,13
2635,"KLF8,CDH1,SNAI2,miR-200b,TGF-beta,GSC,ZEB2,miR-200c,ZEB1,miR-34a,SNAI1,miR-101",P,12
2636,"KLF8,CDH1,SNAI2,miR-200b,TGF-beta,GSC,ZEB1,miR-34a,TWIST2,TWIST1,SNAI1,miR-101",P,12
2637,"KLF8,CDH1,SNAI2,miR-200b,TGF-beta,GSC,ZEB1,miR-34a,TWIST2,SNAI1,miR-101",P,11
2638,"KLF8,CDH1,SNAI2,miR-200b,TGF-beta,GSC,ZEB1,miR-34a,SNAI1,miR-101",P,10
2639,"KLF8,CDH1,SNAI2,miR-200b,TGF-beta,GSC,TWIST1,ZEB2,miR-200a,ZEB1,miR-34a,TWIST2,SNAI1,miR-101",N,14
2640,"KLF8,CDH1,SNAI2,miR-200b,TGF-beta,GSC,TWIST1,ZEB2,miR-200a,ZEB1,miR-34a,SNAI1,miR-101",N,13
2641,"KLF8,CDH1,SNAI2,miR-200b,TGF-beta,GSC,TWIST1,ZEB2,miR-200c,ZEB1,miR-34a,TWIST2,SNAI1,miR-101",N,14
2642,"KLF8,CDH1,SNAI2,miR-200b,TGF-beta,GSC,TWIST1,ZEB2,miR-200c,ZEB1,miR-34a,SNAI1,miR-101",N,13
2643,"KLF8,CDH1,SNAI2,miR-200b,TGF-beta,GSC,TWIST1,ZEB1,miR-34a,TWIST2,SNAI1,miR-101",N,12
2644,"KLF8,CDH1,SNAI2,miR-200b,TGF-beta,GSC,TWIST1,ZEB1,miR-34a,SNAI1,miR-101",N,11
2645,"KLF8,CDH1,SNAI2,miR-200b,TGF-beta,GSC,TWIST1,SNAI1,miR-101",N,9
2646,"KLF8,CDH1,SNAI2,miR-200b,TGF-beta,GSC,SNAI1,miR-101",N,8
2647,"KLF8,CDH1,SNAI2,miR-200b,ZEB2,miR-200a,TGF-beta,SNAI1,miR-101",N,9
2648,"KLF8,CDH1,SNAI2,miR-200b,ZEB2,miR-200a,TGF-beta,GSC,ZEB1,miR-34a,TWIST2,TWIST1,SNAI1,miR-101",N,14
2649,"KLF8,CDH1,SNAI2,miR-200b,ZEB2,miR-200a,TGF-beta,GSC,ZEB1,miR-34a,TWIST2,SNAI1,miR-101",N,13
2650,"KLF8,CDH1,SNAI2,miR-200b,ZEB2,miR-200a,TGF-beta,GSC,ZEB1,miR-34a,SNAI1,miR-101",N,12
2651,"KLF8,CDH1,SNAI2,miR-200b,ZEB2,miR-200a,TGF-beta,GSC,TWIST1,ZEB1,miR-34a,TWIST2,SNAI1,miR-101",P,14
2652,"KLF8,CDH1,SNAI2,miR-200b,ZEB2,miR-200a,TGF-beta,GSC,TWIST1,ZEB1,miR-34a,SNAI1,miR-101",P,13
2653,"KLF8,CDH1,SNAI2,miR-200b,ZEB2,miR-200a,TGF-beta,GSC,TWIST1,SNAI1,miR-101",P,11
2654,"KLF8,CDH1,SNAI2,miR-200b,ZEB2,miR-200a,TGF-beta,GSC,SNAI1,miR-101",P,10
2655,"KLF8,CDH1,SNAI2,miR-200b,ZEB2,miR-200a,ZEB1,GRHL2,OVOL2,TGF-beta,SNAI1,miR-101",N,12
2656,"KLF8,CDH1,SNAI2,miR-200b,ZEB2,miR-200a,ZEB1,GRHL2,OVOL2,TGF-beta,GSC,TWIST1,SNAI1,miR-101",P,14
2657,"KLF8,CDH1,SNAI2,miR-200b,ZEB2,miR-200a,ZEB1,GRHL2,OVOL2,TGF-beta,GSC,SNAI1,miR-101",P,13
2658,"KLF8,CDH1,SNAI2,miR-200b,ZEB2,miR-200a,ZEB1,OVOL2,TGF-beta,SNAI1,miR-101",P,11
2659,"KLF8,CDH1,SNAI2,miR-200b,ZEB2,miR-200a,ZEB1,OVOL2,TGF-beta,GSC,TWIST1,SNAI1,miR-101",N,13
2660,"KLF8,CDH1,SNAI2,miR-200b,ZEB2,miR-200a,ZEB1,OVOL2,TGF-beta,GSC,SNAI1,miR-101",N,12
2661,"KLF8,CDH1,SNAI2,miR-200b,ZEB2,miR-200a,ZEB1,miR-34a,TWIST2,TWIST1,SNAI1,miR-101",N,12
2662,"KLF8,CDH1,SNAI2,miR-200b,ZEB2,miR-200a,ZEB1,miR-34a,TWIST2,SNAI1,miR-101",N,11
2663,"KLF8,CDH1,SNAI2,miR-200b,ZEB2,miR-200a,ZEB1,miR-34a,SNAI1,miR-101",N,10
2664,"KLF8,CDH1,SNAI2,miR-200b,ZEB2,miR-200a,ZEB1,miR-200c,TGF-beta,SNAI1,miR-101",N,11
2665,"KLF8,CDH1,SNAI2,miR-200b,ZEB2,miR-200a,ZEB1,miR-200c,TGF-beta,GSC,TWIST1,SNAI1,miR-101",P,13
2666,"KLF8,CDH1,SNAI2,miR-200b,ZEB2,miR-200a,ZEB1,miR-200c,TGF-beta,GSC,SNAI1,miR-101",P,12
2667,"KLF8,CDH1,SNAI2,miR-200b,ZEB2,miR-200a,ZEB1,miR-141,TGF-beta,SNAI1,miR-101",P,11
2668,"KLF8,CDH1,SNAI2,miR-200b,ZEB2,miR-200a,ZEB1,miR-141,TGF-beta,GSC,TWIST1,SNAI1,miR-101",N,13
2669,"KLF8,CDH1,SNAI2,miR-200b,ZEB2,miR-200a,ZEB1,miR-141,TGF-beta,GSC,SNAI1,miR-101",N,12
2670,"KLF8,CDH1,SNAI2,miR-200b,ZEB2,miR-200c,TGF-beta,SNAI1,miR-101",N,9
2671,"KLF8,CDH1,SNAI2,miR-200b,ZEB2,miR-200c,TGF-beta,GSC,ZEB1,miR-34a,TWIST2,TWIST1,SNAI1,miR-101",N,14
2672,"KLF8,CDH1,SNAI2,miR-200b,ZEB2,miR-200c,TGF-beta,GSC,ZEB1,miR-34a,TWIST2,SNAI1,miR-101",N,13
2673,"KLF8,CDH1,SNAI2,miR-200b,ZEB2,miR-200c,TGF-beta,GSC,ZEB1,miR-34a,SNAI1,miR-101",N,12
2674,"KLF8,CDH1,SNAI2,miR-200b,ZEB2,miR-200c,TGF-beta,GSC,TWIST1,ZEB1,miR-34a,TWIST2,SNAI1,miR-101",P,14
2675,"KLF8,CDH1,SNAI2,miR-200b,ZEB2,miR-200c,TGF-beta,GSC,TWIST1,ZEB1,miR-34a,SNAI1,miR-101",P,13
2676,"KLF8,CDH1,SNAI2,miR-200b,ZEB2,miR-200c,TGF-beta,GSC,TWIST1,SNAI1,miR-101",P,11
2677,"KLF8,CDH1,SNAI2,miR-200b,ZEB2,miR-200c,TGF-beta,GSC,SNAI1,miR-101",P,10
2678,"KLF8,CDH1,SNAI2,miR-200b,ZEB2,miR-200c,ZEB1,GRHL2,OVOL2,TGF-beta,SNAI1,miR-101",N,12
2679,"KLF8,CDH1,SNAI2,miR-200b,ZEB2,miR-200c,ZEB1,GRHL2,OVOL2,TGF-beta,GSC,TWIST1,SNAI1,miR-101",P,14
2680,"KLF8,CDH1,SNAI2,miR-200b,ZEB2,miR-200c,ZEB1,GRHL2,OVOL2,TGF-beta,GSC,SNAI1,miR-101",P,13
2681,"KLF8,CDH1,SNAI2,miR-200b,ZEB2,miR-200c,ZEB1,OVOL2,TGF-beta,SNAI1,miR-101",P,11
2682,"KLF8,CDH1,SNAI2,miR-200b,ZEB2,miR-200c,ZEB1,OVOL2,TGF-beta,GSC,TWIST1,SNAI1,miR-101",N,13
2683,"KLF8,CDH1,SNAI2,miR-200b,ZEB2,miR-200c,ZEB1,OVOL2,TGF-beta,GSC,SNAI1,miR-101",N,12
2684,"KLF8,CDH1,SNAI2,miR-200b,ZEB2,miR-200c,ZEB1,miR-34a,TWIST2,TWIST1,SNAI1,miR-101",N,12
2685,"KLF8,CDH1,SNAI2,miR-200b,ZEB2,miR-200c,ZEB1,miR-34a,TWIST2,SNAI1,miR-101",N,11
2686,"KLF8,CDH1,SNAI2,miR-200b,ZEB2,miR-200c,ZEB1,miR-34a,SNAI1,miR-101",N,10
2687,"KLF8,CDH1,SNAI2,miR-200b,ZEB2,miR-200c,ZEB1,miR-200a,TGF-beta,SNAI1,miR-101",P,11
2688,"KLF8,CDH1,SNAI2,miR-200b,ZEB2,miR-200c,ZEB1,miR-200a,TGF-beta,GSC,TWIST1,SNAI1,miR-101",N,13
2689,"KLF8,CDH1,SNAI2,miR-200b,ZEB2,miR-200c,ZEB1,miR-200a,TGF-beta,GSC,SNAI1,miR-101",N,12
2690,"KLF8,CDH1,SNAI2,miR-200b,ZEB2,miR-200c,ZEB1,miR-141,TGF-beta,SNAI1,miR-101",P,11
2691,"KLF8,CDH1,SNAI2,miR-200b,ZEB2,miR-200c,ZEB1,miR-141,TGF-beta,GSC,TWIST1,SNAI1,miR-101",N,13
2692,"KLF8,CDH1,SNAI2,miR-200b,ZEB2,miR-200c,ZEB1,miR-141,TGF-beta,GSC,SNAI1,miR-101",N,12
2693,"KLF8,CDH1,SNAI2,miR-200b,ZEB1,GRHL2,NP63,miR-205,ZEB2,miR-200a,TGF-beta,SNAI1,miR-101",N,13
2694,"KLF8,CDH1,SNAI2,miR-200b,ZEB1,GRHL2,NP63,miR-205,ZEB2,miR-200a,TGF-beta,GSC,TWIST1,SNAI1,miR-101",P,15
2695,"KLF8,CDH1,SNAI2,miR-200b,ZEB1,GRHL2,NP63,miR-205,ZEB2,miR-200a,TGF-beta,GSC,SNAI1,miR-101",P,14
2696,"KLF8,CDH1,SNAI2,miR-200b,ZEB1,GRHL2,NP63,miR-205,ZEB2,miR-200c,TGF-beta,SNAI1,miR-101",N,13
2697,"KLF8,CDH1,SNAI2,miR-200b,ZEB1,GRHL2,NP63,miR-205,ZEB2,miR-200c,TGF-beta,GSC,TWIST1,SNAI1,miR-101",P,15
2698,"KLF8,CDH1,SNAI2,miR-200b,ZEB1,GRHL2,NP63,miR-205,ZEB2,miR-200c,TGF-beta,GSC,SNAI1,miR-101",P,14
2699,"KLF8,CDH1,SNAI2,miR-200b,ZEB1,GRHL2,OVOL2,TGF-beta,SNAI1,miR-101",N,10
2700,"KLF8,CDH1,SNAI2,miR-200b,ZEB1,GRHL2,OVOL2,TGF-beta,GSC,TWIST1,SNAI1,miR-101",P,12
2701,"KLF8,CDH1,SNAI2,miR-200b,ZEB1,GRHL2,OVOL2,TGF-beta,GSC,SNAI1,miR-101",P,11
2702,"KLF8,CDH1,SNAI2,miR-200b,ZEB1,GRHL2,OVOL2,NP63,miR-205,ZEB2,miR-200a,TGF-beta,SNAI1,miR-101",N,14
2703,"KLF8,CDH1,SNAI2,miR-200b,ZEB1,GRHL2,OVOL2,NP63,miR-205,ZEB2,miR-200a,TGF-beta,GSC,TWIST1,SNAI1,miR-101",P,16
2704,"KLF8,CDH1,SNAI2,miR-200b,ZEB1,GRHL2,OVOL2,NP63,miR-205,ZEB2,miR-200a,TGF-beta,GSC,SNAI1,miR-101",P,15
2705,"KLF8,CDH1,SNAI2,miR-200b,ZEB1,GRHL2,OVOL2,NP63,miR-205,ZEB2,miR-200c,TGF-beta,SNAI1,miR-101",N,14
2706,"KLF8,CDH1,SNAI2,miR-200b,ZEB1,GRHL2,OVOL2,NP63,miR-205,ZEB2,miR-200c,TGF-beta,GSC,TWIST1,SNAI1,miR-101",P,16
2707,"KLF8,CDH1,SNAI2,miR-200b,ZEB1,GRHL2,OVOL2,NP63,miR-205,ZEB2,miR-200c,TGF-beta,GSC,SNAI1,miR-101",P,15
2708,"KLF8,CDH1,SNAI2,miR-200b,ZEB1,OVOL2,TGF-beta,SNAI1,miR-101",P,9
2709,"KLF8,CDH1,SNAI2,miR-200b,ZEB1,OVOL2,TGF-beta,GSC,TWIST1,SNAI1,miR-101",N,11
2710,"KLF8,CDH1,SNAI2,miR-200b,ZEB1,OVOL2,TGF-beta,GSC,SNAI1,miR-101",N,10
2711,"KLF8,CDH1,SNAI2,miR-200b,ZEB1,OVOL2,NP63,miR-205,ZEB2,miR-200a,TGF-beta,SNAI1,miR-101",P,13
2712,"KLF8,CDH1,SNAI2,miR-200b,ZEB1,OVOL2,NP63,miR-205,ZEB2,miR-200a,TGF-beta,GSC,TWIST1,SNAI1,miR-101",N,15
2713,"KLF8,CDH1,SNAI2,miR-200b,ZEB1,OVOL2,NP63,miR-205,ZEB2,miR-200a,TGF-beta,GSC,SNAI1,miR-101",N,14
2714,"KLF8,CDH1,SNAI2,miR-200b,ZEB1,OVOL2,NP63,miR-205,ZEB2,miR-200c,TGF-beta,SNAI1,miR-101",P,13
2715,"KLF8,CDH1,SNAI2,miR-200b,ZEB1,OVOL2,NP63,miR-205,ZEB2,miR-200c,TGF-beta,GSC,TWIST1,SNAI1,miR-101",N,15
2716,"KLF8,CDH1,SNAI2,miR-200b,ZEB1,OVOL2,NP63,miR-205,ZEB2,miR-200c,TGF-beta,GSC,SNAI1,miR-101",N,14
2717,"KLF8,CDH1,SNAI2,miR-200b,ZEB1,miR-34a,TWIST2,ZEB2,miR-200a,TGF-beta,SNAI1,miR-101",P,12
2718,"KLF8,CDH1,SNAI2,miR-200b,ZEB1,miR-34a,TWIST2,ZEB2,miR-200a,TGF-beta,GSC,TWIST1,SNAI1,miR-101",N,14
2719,"KLF8,CDH1,SNAI2,miR-200b,ZEB1,miR-34a,TWIST2,ZEB2,miR-200a,TGF-beta,GSC,SNAI1,miR-101",N,13
2720,"KLF8,CDH1,SNAI2,miR-200b,ZEB1,miR-34a,TWIST2,ZEB2,miR-200c,TGF-beta,SNAI1,miR-101",P,12
2721,"KLF8,CDH1,SNAI2,miR-200b,ZEB1,miR-34a,TWIST2,ZEB2,miR-200c,TGF-beta,GSC,TWIST1,SNAI1,miR-101",N,14
2722,"KLF8,CDH1,SNAI2,miR-200b,ZEB1,miR-34a,TWIST2,ZEB2,miR-200c,TGF-beta,GSC,SNAI1,miR-101",N,13
2723,"KLF8,CDH1,SNAI2,miR-200b,ZEB1,miR-34a,TWIST2,TWIST1,ZEB2,miR-200a,TGF-beta,SNAI1,miR-101",N,13
2724,"KLF8,CDH1,SNAI2,miR-200b,ZEB1,miR-34a,TWIST2,TWIST1,ZEB2,miR-200a,TGF-beta,GSC,SNAI1,miR-101",P,14
2725,"KLF8,CDH1,SNAI2,miR-200b,ZEB1,miR-34a,TWIST2,TWIST1,ZEB2,miR-200c,TGF-beta,SNAI1,miR-101",N,13
2726,"KLF8,CDH1,SNAI2,miR-200b,ZEB1,miR-34a,TWIST2,TWIST1,ZEB2,miR-200c,TGF-beta,GSC,SNAI1,miR-101",P,14
2727,"KLF8,CDH1,SNAI2,miR-200b,ZEB1,miR-34a,TWIST2,TWIST1,SNAI1,miR-101",N,10
2728,"KLF8,CDH1,SNAI2,miR-200b,ZEB1,miR-34a,TWIST2,SNAI1,miR-101",N,9
2729,"KLF8,CDH1,SNAI2,miR-200b,ZEB1,miR-34a,SNAI1,miR-101",N,8
2730,"KLF8,CDH1,SNAI2,miR-200b,ZEB1,miR-200a,TGF-beta,SNAI1,miR-101",P,9
2731,"KLF8,CDH1,SNAI2,miR-200b,ZEB1,miR-200a,TGF-beta,GSC,TWIST1,SNAI1,miR-101",N,11
2732,"KLF8,CDH1,SNAI2,miR-200b,ZEB1,miR-200a,TGF-beta,GSC,SNAI1,miR-101",N,10
2733,"KLF8,CDH1,SNAI2,miR-200b,ZEB1,miR-200a,ZEB2,miR-200c,TGF-beta,SNAI1,miR-101",N,11
2734,"KLF8,CDH1,SNAI2,miR-200b,ZEB1,miR-200a,ZEB2,miR-200c,TGF-beta,GSC,TWIST1,SNAI1,miR-101",P,13
2735,"KLF8,CDH1,SNAI2,miR-200b,ZEB1,miR-200a,ZEB2,miR-200c,TGF-beta,GSC,SNAI1,miR-101",P,12
2736,"KLF8,CDH1,SNAI2,miR-200b,ZEB1,miR-200c,TGF-beta,SNAI1,miR-101",N,9
2737,"KLF8,CDH1,SNAI2,miR-200b,ZEB1,miR-200c,TGF-beta,GSC,TWIST1,SNAI1,miR-101",P,11
2738,"KLF8,CDH1,SNAI2,miR-200b,ZEB1,miR-200c,TGF-beta,GSC,SNAI1,miR-101",P,10
2739,"KLF8,CDH1,SNAI2,miR-200b,ZEB1,miR-200c,ZEB2,miR-200a,TGF-beta,SNAI1,miR-101",N,11
2740,"KLF8,CDH1,SNAI2,miR-200b,ZEB1,miR-200c,ZEB2,miR-200a,TGF-beta,GSC,TWIST1,SNAI1,miR-101",P,13
2741,"KLF8,CDH1,SNAI2,miR-200b,ZEB1,miR-200c,ZEB2,miR-200a,TGF-beta,GSC,SNAI1,miR-101",P,12
2742,"KLF8,CDH1,SNAI2,miR-200b,ZEB1,miR-141,TGF-beta,SNAI1,miR-101",P,9
2743,"KLF8,CDH1,SNAI2,miR-200b,ZEB1,miR-141,TGF-beta,GSC,TWIST1,SNAI1,miR-101",N,11
2744,"KLF8,CDH1,SNAI2,miR-200b,ZEB1,miR-141,TGF-beta,GSC,SNAI1,miR-101",N,10
2745,"KLF8,CDH1,SNAI2,miR-200b,ZEB1,miR-141,ZEB2,miR-200a,TGF-beta,SNAI1,miR-101",P,11
2746,"KLF8,CDH1,SNAI2,miR-200b,ZEB1,miR-141,ZEB2,miR-200a,TGF-beta,GSC,TWIST1,SNAI1,miR-101",N,13
2747,"KLF8,CDH1,SNAI2,miR-200b,ZEB1,miR-141,ZEB2,miR-200a,TGF-beta,GSC,SNAI1,miR-101",N,12
2748,"KLF8,CDH1,SNAI2,miR-200b,ZEB1,miR-141,ZEB2,miR-200c,TGF-beta,SNAI1,miR-101",P,11
2749,"KLF8,CDH1,SNAI2,miR-200b,ZEB1,miR-141,ZEB2,miR-200c,TGF-beta,GSC,TWIST1,SNAI1,miR-101",N,13
2750,"KLF8,CDH1,SNAI2,miR-200b,ZEB1,miR-141,ZEB2,miR-200c,TGF-beta,GSC,SNAI1,miR-101",N,12
2751,"KLF8,CDH1,SNAI2,miR-101",P,4
2752,"KLF8,CDH1,SNAI2,TWIST2,ZEB2,miR-200a,TGF-beta,SNAI1,miR-101",N,9
2753,"KLF8,CDH1,SNAI2,TWIST2,ZEB2,miR-200a,TGF-beta,GSC,ZEB1,miR-34a,SNAI1,miR-101",N,12
2754,"KLF8,CDH1,SNAI2,TWIST2,ZEB2,miR-200a,TGF-beta,GSC,TWIST1,ZEB1,miR-34a,SNAI1,miR-101",P,13
2755,"KLF8,CDH1,SNAI2,TWIST2,ZEB2,miR-200a,TGF-beta,GSC,TWIST1,SNAI1,miR-101",P,11
2756,"KLF8,CDH1,SNAI2,TWIST2,ZEB2,miR-200a,TGF-beta,GSC,SNAI1,miR-101",P,10
2757,"KLF8,CDH1,SNAI2,TWIST2,ZEB2,miR-200a,ZEB1,GRHL2,OVOL2,TGF-beta,SNAI1,miR-101",N,12
2758,"KLF8,CDH1,SNAI2,TWIST2,ZEB2,miR-200a,ZEB1,GRHL2,OVOL2,TGF-beta,GSC,TWIST1,SNAI1,miR-101",P,14
2759,"KLF8,CDH1,SNAI2,TWIST2,ZEB2,miR-200a,ZEB1,GRHL2,OVOL2,TGF-beta,GSC,SNAI1,miR-101",P,13
2760,"KLF8,CDH1,SNAI2,TWIST2,ZEB2,miR-200a,ZEB1,OVOL2,TGF-beta,SNAI1,miR-101",P,11
2761,"KLF8,CDH1,SNAI2,TWIST2,ZEB2,miR-200a,ZEB1,OVOL2,TGF-beta,GSC,TWIST1,SNAI1,miR-101",N,13
2762,"KLF8,CDH1,SNAI2,TWIST2,ZEB2,miR-200a,ZEB1,OVOL2,TGF-beta,GSC,SNAI1,miR-101",N,12
2763,"KLF8,CDH1,SNAI2,TWIST2,ZEB2,miR-200a,ZEB1,miR-34a,SNAI1,miR-101",N,10
2764,"KLF8,CDH1,SNAI2,TWIST2,ZEB2,miR-200a,ZEB1,miR-200c,TGF-beta,SNAI1,miR-101",N,11
2765,"KLF8,CDH1,SNAI2,TWIST2,ZEB2,miR-200a,ZEB1,miR-200c,TGF-beta,GSC,TWIST1,SNAI1,miR-101",P,13
2766,"KLF8,CDH1,SNAI2,TWIST2,ZEB2,miR-200a,ZEB1,miR-200c,TGF-beta,GSC,SNAI1,miR-101",P,12
2767,"KLF8,CDH1,SNAI2,TWIST2,ZEB2,miR-200a,ZEB1,miR-200b,TGF-beta,SNAI1,miR-101",P,11
2768,"KLF8,CDH1,SNAI2,TWIST2,ZEB2,miR-200a,ZEB1,miR-200b,TGF-beta,GSC,TWIST1,SNAI1,miR-101",N,13
2769,"KLF8,CDH1,SNAI2,TWIST2,ZEB2,miR-200a,ZEB1,miR-200b,TGF-beta,GSC,SNAI1,miR-101",N,12
2770,"KLF8,CDH1,SNAI2,TWIST2,ZEB2,miR-200a,ZEB1,miR-141,TGF-beta,SNAI1,miR-101",P,11
2771,"KLF8,CDH1,SNAI2,TWIST2,ZEB2,miR-200a,ZEB1,miR-141,TGF-beta,GSC,TWIST1,SNAI1,miR-101",N,13
2772,"KLF8,CDH1,SNAI2,TWIST2,ZEB2,miR-200a,ZEB1,miR-141,TGF-beta,GSC,SNAI1,miR-101",N,12
2773,"KLF8,CDH1,SNAI2,TWIST2,ZEB2,miR-200c,TGF-beta,SNAI1,miR-101",N,9
2774,"KLF8,CDH1,SNAI2,TWIST2,ZEB2,miR-200c,TGF-beta,GSC,ZEB1,miR-34a,SNAI1,miR-101",N,12
2775,"KLF8,CDH1,SNAI2,TWIST2,ZEB2,miR-200c,TGF-beta,GSC,TWIST1,ZEB1,miR-34a,SNAI1,miR-101",P,13
2776,"KLF8,CDH1,SNAI2,TWIST2,ZEB2,miR-200c,TGF-beta,GSC,TWIST1,SNAI1,miR-101",P,11
2777,"KLF8,CDH1,SNAI2,TWIST2,ZEB2,miR-200c,TGF-beta,GSC,SNAI1,miR-101",P,10
2778,"KLF8,CDH1,SNAI2,TWIST2,ZEB2,miR-200c,ZEB1,GRHL2,OVOL2,TGF-beta,SNAI1,miR-101",N,12
2779,"KLF8,CDH1,SNAI2,TWIST2,ZEB2,miR-200c,ZEB1,GRHL2,OVOL2,TGF-beta,GSC,TWIST1,SNAI1,miR-101",P,14
2780,"KLF8,CDH1,SNAI2,TWIST2,ZEB2,miR-200c,ZEB1,GRHL2,OVOL2,TGF-beta,GSC,SNAI1,miR-101",P,13
2781,"KLF8,CDH1,SNAI2,TWIST2,ZEB2,miR-200c,ZEB1,OVOL2,TGF-beta,SNAI1,miR-101",P,11
2782,"KLF8,CDH1,SNAI2,TWIST2,ZEB2,miR-200c,ZEB1,OVOL2,TGF-beta,GSC,TWIST1,SNAI1,miR-101",N,13
2783,"KLF8,CDH1,SNAI2,TWIST2,ZEB2,miR-200c,ZEB1,OVOL2,TGF-beta,GSC,SNAI1,miR-101",N,12
2784,"KLF8,CDH1,SNAI2,TWIST2,ZEB2,miR-200c,ZEB1,miR-34a,SNAI1,miR-101",N,10
2785,"KLF8,CDH1,SNAI2,TWIST2,ZEB2,miR-200c,ZEB1,miR-200a,TGF-beta,SNAI1,miR-101",P,11
2786,"KLF8,CDH1,SNAI2,TWIST2,ZEB2,miR-200c,ZEB1,miR-200a,TGF-beta,GSC,TWIST1,SNAI1,miR-101",N,13
2787,"KLF8,CDH1,SNAI2,TWIST2,ZEB2,miR-200c,ZEB1,miR-200a,TGF-beta,GSC,SNAI1,miR-101",N,12
2788,"KLF8,CDH1,SNAI2,TWIST2,ZEB2,miR-200c,ZEB1,miR-200b,TGF-beta,SNAI1,miR-101",P,11
2789,"KLF8,CDH1,SNAI2,TWIST2,ZEB2,miR-200c,ZEB1,miR-200b,TGF-beta,GSC,TWIST1,SNAI1,miR-101",N,13
2790,"KLF8,CDH1,SNAI2,TWIST2,ZEB2,miR-200c,ZEB1,miR-200b,TGF-beta,GSC,SNAI1,miR-101",N,12
2791,"KLF8,CDH1,SNAI2,TWIST2,ZEB2,miR-200c,ZEB1,miR-141,TGF-beta,SNAI1,miR-101",P,11
2792,"KLF8,CDH1,SNAI2,TWIST2,ZEB2,miR-200c,ZEB1,miR-141,TGF-beta,GSC,TWIST1,SNAI1,miR-101",N,13
2793,"KLF8,CDH1,SNAI2,TWIST2,ZEB2,miR-200c,ZEB1,miR-141,TGF-beta,GSC,SNAI1,miR-101",N,12
2794,"KLF8,CDH1,SNAI2,TWIST2,ZEB2,miR-200b,TGF-beta,SNAI1,miR-101",P,9
2795,"KLF8,CDH1,SNAI2,TWIST2,ZEB2,miR-200b,TGF-beta,GSC,ZEB1,miR-34a,SNAI1,miR-101",P,12
2796,"KLF8,CDH1,SNAI2,TWIST2,ZEB2,miR-200b,TGF-beta,GSC,TWIST1,ZEB1,miR-34a,SNAI1,miR-101",N,13
2797,"KLF8,CDH1,SNAI2,TWIST2,ZEB2,miR-200b,TGF-beta,GSC,TWIST1,SNAI1,miR-101",N,11
2798,"KLF8,CDH1,SNAI2,TWIST2,ZEB2,miR-200b,TGF-beta,GSC,SNAI1,miR-101",N,10
2799,"KLF8,CDH1,SNAI2,TWIST2,ZEB2,miR-200b,ZEB1,GRHL2,OVOL2,TGF-beta,SNAI1,miR-101",N,12
2800,"KLF8,CDH1,SNAI2,TWIST2,ZEB2,miR-200b,ZEB1,GRHL2,OVOL2,TGF-beta,GSC,TWIST1,SNAI1,miR-101",P,14
2801,"KLF8,CDH1,SNAI2,TWIST2,ZEB2,miR-200b,ZEB1,GRHL2,OVOL2,TGF-beta,GSC,SNAI1,miR-101",P,13
2802,"KLF8,CDH1,SNAI2,TWIST2,ZEB2,miR-200b,ZEB1,OVOL2,TGF-beta,SNAI1,miR-101",P,11
2803,"KLF8,CDH1,SNAI2,TWIST2,ZEB2,miR-200b,ZEB1,OVOL2,TGF-beta,GSC,TWIST1,SNAI1,miR-101",N,13
2804,"KLF8,CDH1,SNAI2,TWIST2,ZEB2,miR-200b,ZEB1,OVOL2,TGF-beta,GSC,SNAI1,miR-101",N,12
2805,"KLF8,CDH1,SNAI2,TWIST2,ZEB2,miR-200b,ZEB1,miR-34a,SNAI1,miR-101",N,10
2806,"KLF8,CDH1,SNAI2,TWIST2,ZEB2,miR-200b,ZEB1,miR-200a,TGF-beta,SNAI1,miR-101",P,11
2807,"KLF8,CDH1,SNAI2,TWIST2,ZEB2,miR-200b,ZEB1,miR-200a,TGF-beta,GSC,TWIST1,SNAI1,miR-101",N,13
2808,"KLF8,CDH1,SNAI2,TWIST2,ZEB2,miR-200b,ZEB1,miR-200a,TGF-beta,GSC,SNAI1,miR-101",N,12
2809,"KLF8,CDH1,SNAI2,TWIST2,ZEB2,miR-200b,ZEB1,miR-200c,TGF-beta,SNAI1,miR-101",N,11
2810,"KLF8,CDH1,SNAI2,TWIST2,ZEB2,miR-200b,ZEB1,miR-200c,TGF-beta,GSC,TWIST1,SNAI1,miR-101",P,13
2811,"KLF8,CDH1,SNAI2,TWIST2,ZEB2,miR-200b,ZEB1,miR-200c,TGF-beta,GSC,SNAI1,miR-101",P,12
2812,"KLF8,CDH1,SNAI2,TWIST2,ZEB2,miR-200b,ZEB1,miR-141,TGF-beta,SNAI1,miR-101",P,11
2813,"KLF8,CDH1,SNAI2,TWIST2,ZEB2,miR-200b,ZEB1,miR-141,TGF-beta,GSC,TWIST1,SNAI1,miR-101",N,13
2814,"KLF8,CDH1,SNAI2,TWIST2,ZEB2,miR-200b,ZEB1,miR-141,TGF-beta,GSC,SNAI1,miR-101",N,12
2815,"KLF8,CDH1,SNAI2,TWIST2,ZEB1,GRHL2,NP63,miR-205,ZEB2,miR-200a,TGF-beta,SNAI1,miR-101",P,13
2816,"KLF8,CDH1,SNAI2,TWIST2,ZEB1,GRHL2,NP63,miR-205,ZEB2,miR-200a,TGF-beta,GSC,TWIST1,SNAI1,miR-101",N,15
2817,"KLF8,CDH1,SNAI2,TWIST2,ZEB1,GRHL2,NP63,miR-205,ZEB2,miR-200a,TGF-beta,GSC,SNAI1,miR-101",N,14
2818,"KLF8,CDH1,SNAI2,TWIST2,ZEB1,GRHL2,NP63,miR-205,ZEB2,miR-200c,TGF-beta,SNAI1,miR-101",P,13
2819,"KLF8,CDH1,SNAI2,TWIST2,ZEB1,GRHL2,NP63,miR-205,ZEB2,miR-200c,TGF-beta,GSC,TWIST1,SNAI1,miR-101",N,15
2820,"KLF8,CDH1,SNAI2,TWIST2,ZEB1,GRHL2,NP63,miR-205,ZEB2,miR-200c,TGF-beta,GSC,SNAI1,miR-101",N,14
2821,"KLF8,CDH1,SNAI2,TWIST2,ZEB1,GRHL2,NP63,miR-205,ZEB2,miR-200b,TGF-beta,SNAI1,miR-101",N,13
2822,"KLF8,CDH1,SNAI2,TWIST2,ZEB1,GRHL2,NP63,miR-205,ZEB2,miR-200b,TGF-beta,GSC,TWIST1,SNAI1,miR-101",P,15
2823,"KLF8,CDH1,SNAI2,TWIST2,ZEB1,GRHL2,NP63,miR-205,ZEB2,miR-200b,TGF-beta,GSC,SNAI1,miR-101",P,14
2824,"KLF8,CDH1,SNAI2,TWIST2,ZEB1,GRHL2,OVOL2,TGF-beta,SNAI1,miR-101",P,10
2825,"KLF8,CDH1,SNAI2,TWIST2,ZEB1,GRHL2,OVOL2,TGF-beta,GSC,TWIST1,SNAI1,miR-101",N,12
2826,"KLF8,CDH1,SNAI2,TWIST2,ZEB1,GRHL2,OVOL2,TGF-beta,GSC,SNAI1,miR-101",N,11
2827,"KLF8,CDH1,SNAI2,TWIST2,ZEB1,GRHL2,OVOL2,NP63,miR-205,ZEB2,miR-200a,TGF-beta,SNAI1,miR-101",P,14
2828,"KLF8,CDH1,SNAI2,TWIST2,ZEB1,GRHL2,OVOL2,NP63,miR-205,ZEB2,miR-200a,TGF-beta,GSC,TWIST1,SNAI1,miR-101",N,16
2829,"KLF8,CDH1,SNAI2,TWIST2,ZEB1,GRHL2,OVOL2,NP63,miR-205,ZEB2,miR-200a,TGF-beta,GSC,SNAI1,miR-101",N,15
2830,"KLF8,CDH1,SNAI2,TWIST2,ZEB1,GRHL2,OVOL2,NP63,miR-205,ZEB2,miR-200c,TGF-beta,SNAI1,miR-101",P,14
2831,"KLF8,CDH1,SNAI2,TWIST2,ZEB1,GRHL2,OVOL2,NP63,miR-205,ZEB2,miR-200c,TGF-beta,GSC,TWIST1,SNAI1,miR-101",N,16
2832,"KLF8,CDH1,SNAI2,TWIST2,ZEB1,GRHL2,OVOL2,NP63,miR-205,ZEB2,miR-200c,TGF-beta,GSC,SNAI1,miR-101",N,15
2833,"KLF8,CDH1,SNAI2,TWIST2,ZEB1,GRHL2,OVOL2,NP63,miR-205,ZEB2,miR-200b,TGF-beta,SNAI1,miR-101",N,14
2834,"KLF8,CDH1,SNAI2,TWIST2,ZEB1,GRHL2,OVOL2,NP63,miR-205,ZEB2,miR-200b,TGF-beta,GSC,TWIST1,SNAI1,miR-101",P,16
2835,"KLF8,CDH1,SNAI2,TWIST2,ZEB1,GRHL2,OVOL2,NP63,miR-205,ZEB2,miR-200b,TGF-beta,GSC,SNAI1,miR-101",P,15
2836,"KLF8,CDH1,SNAI2,TWIST2,ZEB1,OVOL2,TGF-beta,SNAI1,miR-101",N,9
2837,"KLF8,CDH1,SNAI2,TWIST2,ZEB1,OVOL2,TGF-beta,GSC,TWIST1,SNAI1,miR-101",P,11
2838,"KLF8,CDH1,SNAI2,TWIST2,ZEB1,OVOL2,TGF-beta,GSC,SNAI1,miR-101",P,10
2839,"KLF8,CDH1,SNAI2,TWIST2,ZEB1,OVOL2,NP63,miR-205,ZEB2,miR-200a,TGF-beta,SNAI1,miR-101",N,13
2840,"KLF8,CDH1,SNAI2,TWIST2,ZEB1,OVOL2,NP63,miR-205,ZEB2,miR-200a,TGF-beta,GSC,TWIST1,SNAI1,miR-101",P,15
2841,"KLF8,CDH1,SNAI2,TWIST2,ZEB1,OVOL2,NP63,miR-205,ZEB2,miR-200a,TGF-beta,GSC,SNAI1,miR-101",P,14
2842,"KLF8,CDH1,SNAI2,TWIST2,ZEB1,OVOL2,NP63,miR-205,ZEB2,miR-200c,TGF-beta,SNAI1,miR-101",N,13
2843,"KLF8,CDH1,SNAI2,TWIST2,ZEB1,OVOL2,NP63,miR-205,ZEB2,miR-200c,TGF-beta,GSC,TWIST1,SNAI1,miR-101",P,15
2844,"KLF8,CDH1,SNAI2,TWIST2,ZEB1,OVOL2,NP63,miR-205,ZEB2,miR-200c,TGF-beta,GSC,SNAI1,miR-101",P,14
2845,"KLF8,CDH1,SNAI2,TWIST2,ZEB1,OVOL2,NP63,miR-205,ZEB2,miR-200b,TGF-beta,SNAI1,miR-101",P,13
2846,"KLF8,CDH1,SNAI2,TWIST2,ZEB1,OVOL2,NP63,miR-205,ZEB2,miR-200b,TGF-beta,GSC,TWIST1,SNAI1,miR-101",N,15
2847,"KLF8,CDH1,SNAI2,TWIST2,ZEB1,OVOL2,NP63,miR-205,ZEB2,miR-200b,TGF-beta,GSC,SNAI1,miR-101",N,14
2848,"KLF8,CDH1,SNAI2,TWIST2,ZEB1,miR-34a,SNAI1,miR-101",P,8
2849,"KLF8,CDH1,SNAI2,TWIST2,ZEB1,miR-200a,TGF-beta,SNAI1,miR-101",N,9
2850,"KLF8,CDH1,SNAI2,TWIST2,ZEB1,miR-200a,TGF-beta,GSC,TWIST1,SNAI1,miR-101",P,11
2851,"KLF8,CDH1,SNAI2,TWIST2,ZEB1,miR-200a,TGF-beta,GSC,SNAI1,miR-101",P,10
2852,"KLF8,CDH1,SNAI2,TWIST2,ZEB1,miR-200a,ZEB2,miR-200c,TGF-beta,SNAI1,miR-101",P,11
2853,"KLF8,CDH1,SNAI2,TWIST2,ZEB1,miR-200a,ZEB2,miR-200c,TGF-beta,GSC,TWIST1,SNAI1,miR-101",N,13
2854,"KLF8,CDH1,SNAI2,TWIST2,ZEB1,miR-200a,ZEB2,miR-200c,TGF-beta,GSC,SNAI1,miR-101",N,12
2855,"KLF8,CDH1,SNAI2,TWIST2,ZEB1,miR-200a,ZEB2,miR-200b,TGF-beta,SNAI1,miR-101",N,11
2856,"KLF8,CDH1,SNAI2,TWIST2,ZEB1,miR-200a,ZEB2,miR-200b,TGF-beta,GSC,TWIST1,SNAI1,miR-101",P,13
2857,"KLF8,CDH1,SNAI2,TWIST2,ZEB1,miR-200a,ZEB2,miR-200b,TGF-beta,GSC,SNAI1,miR-101",P,12
2858,"KLF8,CDH1,SNAI2,TWIST2,ZEB1,miR-200c,TGF-beta,SNAI1,miR-101",P,9
2859,"KLF8,CDH1,SNAI2,TWIST2,ZEB1,miR-200c,TGF-beta,GSC,TWIST1,SNAI1,miR-101",N,11
2860,"KLF8,CDH1,SNAI2,TWIST2,ZEB1,miR-200c,TGF-beta,GSC,SNAI1,miR-101",N,10
2861,"KLF8,CDH1,SNAI2,TWIST2,ZEB1,miR-200c,ZEB2,miR-200a,TGF-beta,SNAI1,miR-101",P,11
2862,"KLF8,CDH1,SNAI2,TWIST2,ZEB1,miR-200c,ZEB2,miR-200a,TGF-beta,GSC,TWIST1,SNAI1,miR-101",N,13
2863,"KLF8,CDH1,SNAI2,TWIST2,ZEB1,miR-200c,ZEB2,miR-200a,TGF-beta,GSC,SNAI1,miR-101",N,12
2864,"KLF8,CDH1,SNAI2,TWIST2,ZEB1,miR-200c,ZEB2,miR-200b,TGF-beta,SNAI1,miR-101",N,11
2865,"KLF8,CDH1,SNAI2,TWIST2,ZEB1,miR-200c,ZEB2,miR-200b,TGF-beta,GSC,TWIST1,SNAI1,miR-101",P,13
2866,"KLF8,CDH1,SNAI2,TWIST2,ZEB1,miR-200c,ZEB2,miR-200b,TGF-beta,GSC,SNAI1,miR-101",P,12
2867,"KLF8,CDH1,SNAI2,TWIST2,ZEB1,miR-200b,TGF-beta,SNAI1,miR-101",N,9
2868,"KLF8,CDH1,SNAI2,TWIST2,ZEB1,miR-200b,TGF-beta,GSC,TWIST1,SNAI1,miR-101",P,11
2869,"KLF8,CDH1,SNAI2,TWIST2,ZEB1,miR-200b,TGF-beta,GSC,SNAI1,miR-101",P,10
2870,"KLF8,CDH1,SNAI2,TWIST2,ZEB1,miR-200b,ZEB2,miR-200a,TGF-beta,SNAI1,miR-101",P,11
2871,"KLF8,CDH1,SNAI2,TWIST2,ZEB1,miR-200b,ZEB2,miR-200a,TGF-beta,GSC,TWIST1,SNAI1,miR-101",N,13
2872,"KLF8,CDH1,SNAI2,TWIST2,ZEB1,miR-200b,ZEB2,miR-200a,TGF-beta,GSC,SNAI1,miR-101",N,12
2873,"KLF8,CDH1,SNAI2,TWIST2,ZEB1,miR-200b,ZEB2,miR-200c,TGF-beta,SNAI1,miR-101",P,11
2874,"KLF8,CDH1,SNAI2,TWIST2,ZEB1,miR-200b,ZEB2,miR-200c,TGF-beta,GSC,TWIST1,SNAI1,miR-101",N,13
2875,"KLF8,CDH1,SNAI2,TWIST2,ZEB1,miR-200b,ZEB2,miR-200c,TGF-beta,GSC,SNAI1,miR-101",N,12
2876,"KLF8,CDH1,SNAI2,TWIST2,ZEB1,miR-141,TGF-beta,SNAI1,miR-101",N,9
2877,"KLF8,CDH1,SNAI2,TWIST2,ZEB1,miR-141,TGF-beta,GSC,TWIST1,SNAI1,miR-101",P,11
2878,"KLF8,CDH1,SNAI2,TWIST2,ZEB1,miR-141,TGF-beta,GSC,SNAI1,miR-101",P,10
2879,"KLF8,CDH1,SNAI2,TWIST2,ZEB1,miR-141,ZEB2,miR-200a,TGF-beta,SNAI1,miR-101",N,11
2880,"KLF8,CDH1,SNAI2,TWIST2,ZEB1,miR-141,ZEB2,miR-200a,TGF-beta,GSC,TWIST1,SNAI1,miR-101",P,13
2881,"KLF8,CDH1,SNAI2,TWIST2,ZEB1,miR-141,ZEB2,miR-200a,TGF-beta,GSC,SNAI1,miR-101",P,12
2882,"KLF8,CDH1,SNAI2,TWIST2,ZEB1,miR-141,ZEB2,miR-200c,TGF-beta,SNAI1,miR-101",N,11
2883,"KLF8,CDH1,SNAI2,TWIST2,ZEB1,miR-141,ZEB2,miR-200c,TGF-beta,GSC,TWIST1,SNAI1,miR-101",P,13
2884,"KLF8,CDH1,SNAI2,TWIST2,ZEB1,miR-141,ZEB2,miR-200c,TGF-beta,GSC,SNAI1,miR-101",P,12
2885,"KLF8,CDH1,SNAI2,TWIST2,ZEB1,miR-141,ZEB2,miR-200b,TGF-beta,SNAI1,miR-101",P,11
2886,"KLF8,CDH1,SNAI2,TWIST2,ZEB1,miR-141,ZEB2,miR-200b,TGF-beta,GSC,TWIST1,SNAI1,miR-101",N,13
2887,"KLF8,CDH1,SNAI2,TWIST2,ZEB1,miR-141,ZEB2,miR-200b,TGF-beta,GSC,SNAI1,miR-101",N,12
2888,"KLF8,CDH1,SNAI2,TWIST2,TWIST1,ZEB2,miR-200a,TGF-beta,SNAI1,miR-101",P,10
2889,"KLF8,CDH1,SNAI2,TWIST2,TWIST1,ZEB2,miR-200a,TGF-beta,GSC,ZEB1,miR-34a,SNAI1,miR-101",P,13
2890,"KLF8,CDH1,SNAI2,TWIST2,TWIST1,ZEB2,miR-200a,TGF-beta,GSC,SNAI1,miR-101",N,11
2891,"KLF8,CDH1,SNAI2,TWIST2,TWIST1,ZEB2,miR-200a,ZEB1,GRHL2,OVOL2,TGF-beta,SNAI1,miR-101",P,13
2892,"KLF8,CDH1,SNAI2,TWIST2,TWIST1,ZEB2,miR-200a,ZEB1,GRHL2,OVOL2,TGF-beta,GSC,SNAI1,miR-101",N,14
2893,"KLF8,CDH1,SNAI2,TWIST2,TWIST1,ZEB2,miR-200a,ZEB1,OVOL2,TGF-beta,SNAI1,miR-101",N,12
2894,"KLF8,CDH1,SNAI2,TWIST2,TWIST1,ZEB2,miR-200a,ZEB1,OVOL2,TGF-beta,GSC,SNAI1,miR-101",P,13
2895,"KLF8,CDH1,SNAI2,TWIST2,TWIST1,ZEB2,miR-200a,ZEB1,miR-34a,SNAI1,miR-101",P,11
2896,"KLF8,CDH1,SNAI2,TWIST2,TWIST1,ZEB2,miR-200a,ZEB1,miR-200c,TGF-beta,SNAI1,miR-101",P,12
2897,"KLF8,CDH1,SNAI2,TWIST2,TWIST1,ZEB2,miR-200a,ZEB1,miR-200c,TGF-beta,GSC,SNAI1,miR-101",N,13
2898,"KLF8,CDH1,SNAI2,TWIST2,TWIST1,ZEB2,miR-200a,ZEB1,miR-200b,TGF-beta,SNAI1,miR-101",N,12
2899,"KLF8,CDH1,SNAI2,TWIST2,TWIST1,ZEB2,miR-200a,ZEB1,miR-200b,TGF-beta,GSC,SNAI1,miR-101",P,13
2900,"KLF8,CDH1,SNAI2,TWIST2,TWIST1,ZEB2,miR-200a,ZEB1,miR-141,TGF-beta,SNAI1,miR-101",N,12
2901,"KLF8,CDH1,SNAI2,TWIST2,TWIST1,ZEB2,miR-200a,ZEB1,miR-141,TGF-beta,GSC,SNAI1,miR-101",P,13
2902,"KLF8,CDH1,SNAI2,TWIST2,TWIST1,ZEB2,miR-200c,TGF-beta,SNAI1,miR-101",P,10
2903,"KLF8,CDH1,SNAI2,TWIST2,TWIST1,ZEB2,miR-200c,TGF-beta,GSC,ZEB1,miR-34a,SNAI1,miR-101",P,13
2904,"KLF8,CDH1,SNAI2,TWIST2,TWIST1,ZEB2,miR-200c,TGF-beta,GSC,SNAI1,miR-101",N,11
2905,"KLF8,CDH1,SNAI2,TWIST2,TWIST1,ZEB2,miR-200c,ZEB1,GRHL2,OVOL2,TGF-beta,SNAI1,miR-101",P,13
2906,"KLF8,CDH1,SNAI2,TWIST2,TWIST1,ZEB2,miR-200c,ZEB1,GRHL2,OVOL2,TGF-beta,GSC,SNAI1,miR-101",N,14
2907,"KLF8,CDH1,SNAI2,TWIST2,TWIST1,ZEB2,miR-200c,ZEB1,OVOL2,TGF-beta,SNAI1,miR-101",N,12
2908,"KLF8,CDH1,SNAI2,TWIST2,TWIST1,ZEB2,miR-200c,ZEB1,OVOL2,TGF-beta,GSC,SNAI1,miR-101",P,13
2909,"KLF8,CDH1,SNAI2,TWIST2,TWIST1,ZEB2,miR-200c,ZEB1,miR-34a,SNAI1,miR-101",P,11
2910,"KLF8,CDH1,SNAI2,TWIST2,TWIST1,ZEB2,miR-200c,ZEB1,miR-200a,TGF-beta,SNAI1,miR-101",N,12
2911,"KLF8,CDH1,SNAI2,TWIST2,TWIST1,ZEB2,miR-200c,ZEB1,miR-200a,TGF-beta,GSC,SNAI1,miR-101",P,13
2912,"KLF8,CDH1,SNAI2,TWIST2,TWIST1,ZEB2,miR-200c,ZEB1,miR-200b,TGF-beta,SNAI1,miR-101",N,12
2913,"KLF8,CDH1,SNAI2,TWIST2,TWIST1,ZEB2,miR-200c,ZEB1,miR-200b,TGF-beta,GSC,SNAI1,miR-101",P,13
2914,"KLF8,CDH1,SNAI2,TWIST2,TWIST1,ZEB2,miR-200c,ZEB1,miR-141,TGF-beta,SNAI1,miR-101",N,12
2915,"KLF8,CDH1,SNAI2,TWIST2,TWIST1,ZEB2,miR-200c,ZEB1,miR-141,TGF-beta,GSC,SNAI1,miR-101",P,13
2916,"KLF8,CDH1,SNAI2,TWIST2,TWIST1,ZEB2,miR-200b,TGF-beta,SNAI1,miR-101",N,10
2917,"KLF8,CDH1,SNAI2,TWIST2,TWIST1,ZEB2,miR-200b,TGF-beta,GSC,ZEB1,miR-34a,SNAI1,miR-101",N,13
2918,"KLF8,CDH1,SNAI2,TWIST2,TWIST1,ZEB2,miR-200b,TGF-beta,GSC,SNAI1,miR-101",P,11
2919,"KLF8,CDH1,SNAI2,TWIST2,TWIST1,ZEB2,miR-200b,ZEB1,GRHL2,OVOL2,TGF-beta,SNAI1,miR-101",P,13
2920,"KLF8,CDH1,SNAI2,TWIST2,TWIST1,ZEB2,miR-200b,ZEB1,GRHL2,OVOL2,TGF-beta,GSC,SNAI1,miR-101",N,14
2921,"KLF8,CDH1,SNAI2,TWIST2,TWIST1,ZEB2,miR-200b,ZEB1,OVOL2,TGF-beta,SNAI1,miR-101",N,12
2922,"KLF8,CDH1,SNAI2,TWIST2,TWIST1,ZEB2,miR-200b,ZEB1,OVOL2,TGF-beta,GSC,SNAI1,miR-101",P,13
2923,"KLF8,CDH1,SNAI2,TWIST2,TWIST1,ZEB2,miR-200b,ZEB1,miR-34a,SNAI1,miR-101",P,11
2924,"KLF8,CDH1,SNAI2,TWIST2,TWIST1,ZEB2,miR-200b,ZEB1,miR-200a,TGF-beta,SNAI1,miR-101",N,12
2925,"KLF8,CDH1,SNAI2,TWIST2,TWIST1,ZEB2,miR-200b,ZEB1,miR-200a,TGF-beta,GSC,SNAI1,miR-101",P,13
2926,"KLF8,CDH1,SNAI2,TWIST2,TWIST1,ZEB2,miR-200b,ZEB1,miR-200c,TGF-beta,SNAI1,miR-101",P,12
2927,"KLF8,CDH1,SNAI2,TWIST2,TWIST1,ZEB2,miR-200b,ZEB1,miR-200c,TGF-beta,GSC,SNAI1,miR-101",N,13
2928,"KLF8,CDH1,SNAI2,TWIST2,TWIST1,ZEB2,miR-200b,ZEB1,miR-141,TGF-beta,SNAI1,miR-101",N,12
2929,"KLF8,CDH1,SNAI2,TWIST2,TWIST1,ZEB2,miR-200b,ZEB1,miR-141,TGF-beta,GSC,SNAI1,miR-101",P,13
2930,"KLF8,CDH1,SNAI2,TWIST2,TWIST1,ZEB1,GRHL2,NP63,miR-205,ZEB2,miR-200a,TGF-beta,SNAI1,miR-101",P,14
2931,"KLF8,CDH1,SNAI2,TWIST2,TWIST1,ZEB1,GRHL2,NP63,miR-205,ZEB2,miR-200a,TGF-beta,GSC,SNAI1,miR-101",N,15
2932,"KLF8,CDH1,SNAI2,TWIST2,TWIST1,ZEB1,GRHL2,NP63,miR-205,ZEB2,miR-200c,TGF-beta,SNAI1,miR-101",P,14
2933,"KLF8,CDH1,SNAI2,TWIST2,TWIST1,ZEB1,GRHL2,NP63,miR-205,ZEB2,miR-200c,TGF-beta,GSC,SNAI1,miR-101",N,15
2934,"KLF8,CDH1,SNAI2,TWIST2,TWIST1,ZEB1,GRHL2,NP63,miR-205,ZEB2,miR-200b,TGF-beta,SNAI1,miR-101",N,14
2935,"KLF8,CDH1,SNAI2,TWIST2,TWIST1,ZEB1,GRHL2,NP63,miR-205,ZEB2,miR-200b,TGF-beta,GSC,SNAI1,miR-101",P,15
2936,"KLF8,CDH1,SNAI2,TWIST2,TWIST1,ZEB1,GRHL2,OVOL2,TGF-beta,SNAI1,miR-101",P,11
2937,"KLF8,CDH1,SNAI2,TWIST2,TWIST1,ZEB1,GRHL2,OVOL2,TGF-beta,GSC,SNAI1,miR-101",N,12
2938,"KLF8,CDH1,SNAI2,TWIST2,TWIST1,ZEB1,GRHL2,OVOL2,NP63,miR-205,ZEB2,miR-200a,TGF-beta,SNAI1,miR-101",P,15
2939,"KLF8,CDH1,SNAI2,TWIST2,TWIST1,ZEB1,GRHL2,OVOL2,NP63,miR-205,ZEB2,miR-200a,TGF-beta,GSC,SNAI1,miR-101",N,16
2940,"KLF8,CDH1,SNAI2,TWIST2,TWIST1,ZEB1,GRHL2,OVOL2,NP63,miR-205,ZEB2,miR-200c,TGF-beta,SNAI1,miR-101",P,15
2941,"KLF8,CDH1,SNAI2,TWIST2,TWIST1,ZEB1,GRHL2,OVOL2,NP63,miR-205,ZEB2,miR-200c,TGF-beta,GSC,SNAI1,miR-101",N,16
2942,"KLF8,CDH1,SNAI2,TWIST2,TWIST1,ZEB1,GRHL2,OVOL2,NP63,miR-205,ZEB2,miR-200b,TGF-beta,SNAI1,miR-101",N,15
2943,"KLF8,CDH1,SNAI2,TWIST2,TWIST1,ZEB1,GRHL2,OVOL2,NP63,miR-205,ZEB2,miR-200b,TGF-beta,GSC,SNAI1,miR-101",P,16
2944,"KLF8,CDH1,SNAI2,TWIST2,TWIST1,ZEB1,OVOL2,TGF-beta,SNAI1,miR-101",N,10
2945,"KLF8,CDH1,SNAI2,TWIST2,TWIST1,ZEB1,OVOL2,TGF-beta,GSC,SNAI1,miR-101",P,11
2946,"KLF8,CDH1,SNAI2,TWIST2,TWIST1,ZEB1,OVOL2,NP63,miR-205,ZEB2,miR-200a,TGF-beta,SNAI1,miR-101",N,14
2947,"KLF8,CDH1,SNAI2,TWIST2,TWIST1,ZEB1,OVOL2,NP63,miR-205,ZEB2,miR-200a,TGF-beta,GSC,SNAI1,miR-101",P,15
2948,"KLF8,CDH1,SNAI2,TWIST2,TWIST1,ZEB1,OVOL2,NP63,miR-205,ZEB2,miR-200c,TGF-beta,SNAI1,miR-101",N,14
2949,"KLF8,CDH1,SNAI2,TWIST2,TWIST1,ZEB1,OVOL2,NP63,miR-205,ZEB2,miR-200c,TGF-beta,GSC,SNAI1,miR-101",P,15
2950,"KLF8,CDH1,SNAI2,TWIST2,TWIST1,ZEB1,OVOL2,NP63,miR-205,ZEB2,miR-200b,TGF-beta,SNAI1,miR-101",P,14
2951,"KLF8,CDH1,SNAI2,TWIST2,TWIST1,ZEB1,OVOL2,NP63,miR-205,ZEB2,miR-200b,TGF-beta,GSC,SNAI1,miR-101",N,15
2952,"KLF8,CDH1,SNAI2,TWIST2,TWIST1,ZEB1,miR-34a,SNAI1,miR-101",P,9
2953,"KLF8,CDH1,SNAI2,TWIST2,TWIST1,ZEB1,miR-200a,TGF-beta,SNAI1,miR-101",N,10
2954,"KLF8,CDH1,SNAI2,TWIST2,TWIST1,ZEB1,miR-200a,TGF-beta,GSC,SNAI1,miR-101",P,11
2955,"KLF8,CDH1,SNAI2,TWIST2,TWIST1,ZEB1,miR-200a,ZEB2,miR-200c,TGF-beta,SNAI1,miR-101",P,12
2956,"KLF8,CDH1,SNAI2,TWIST2,TWIST1,ZEB1,miR-200a,ZEB2,miR-200c,TGF-beta,GSC,SNAI1,miR-101",N,13
2957,"KLF8,CDH1,SNAI2,TWIST2,TWIST1,ZEB1,miR-200a,ZEB2,miR-200b,TGF-beta,SNAI1,miR-101",N,12
2958,"KLF8,CDH1,SNAI2,TWIST2,TWIST1,ZEB1,miR-200a,ZEB2,miR-200b,TGF-beta,GSC,SNAI1,miR-101",P,13
2959,"KLF8,CDH1,SNAI2,TWIST2,TWIST1,ZEB1,miR-200c,TGF-beta,SNAI1,miR-101",P,10
2960,"KLF8,CDH1,SNAI2,TWIST2,TWIST1,ZEB1,miR-200c,TGF-beta,GSC,SNAI1,miR-101",N,11
2961,"KLF8,CDH1,SNAI2,TWIST2,TWIST1,ZEB1,miR-200c,ZEB2,miR-200a,TGF-beta,SNAI1,miR-101",P,12
2962,"KLF8,CDH1,SNAI2,TWIST2,TWIST1,ZEB1,miR-200c,ZEB2,miR-200a,TGF-beta,GSC,SNAI1,miR-101",N,13
2963,"KLF8,CDH1,SNAI2,TWIST2,TWIST1,ZEB1,miR-200c,ZEB2,miR-200b,TGF-beta,SNAI1,miR-101",N,12
2964,"KLF8,CDH1,SNAI2,TWIST2,TWIST1,ZEB1,miR-200c,ZEB2,miR-200b,TGF-beta,GSC,SNAI1,miR-101",P,13
2965,"KLF8,CDH1,SNAI2,TWIST2,TWIST1,ZEB1,miR-200b,TGF-beta,SNAI1,miR-101",N,10
2966,"KLF8,CDH1,SNAI2,TWIST2,TWIST1,ZEB1,miR-200b,TGF-beta,GSC,SNAI1,miR-101",P,11
2967,"KLF8,CDH1,SNAI2,TWIST2,TWIST1,ZEB1,miR-200b,ZEB2,miR-200a,TGF-beta,SNAI1,miR-101",P,12
2968,"KLF8,CDH1,SNAI2,TWIST2,TWIST1,ZEB1,miR-200b,ZEB2,miR-200a,TGF-beta,GSC,SNAI1,miR-101",N,13
2969,"KLF8,CDH1,SNAI2,TWIST2,TWIST1,ZEB1,miR-200b,ZEB2,miR-200c,TGF-beta,SNAI1,miR-101",P,12
2970,"KLF8,CDH1,SNAI2,TWIST2,TWIST1,ZEB1,miR-200b,ZEB2,miR-200c,TGF-beta,GSC,SNAI1,miR-101",N,13
2971,"KLF8,CDH1,SNAI2,TWIST2,TWIST1,ZEB1,miR-141,TGF-beta,SNAI1,miR-101",N,10
2972,"KLF8,CDH1,SNAI2,TWIST2,TWIST1,ZEB1,miR-141,TGF-beta,GSC,SNAI1,miR-101",P,11
2973,"KLF8,CDH1,SNAI2,TWIST2,TWIST1,ZEB1,miR-141,ZEB2,miR-200a,TGF-beta,SNAI1,miR-101",N,12
2974,"KLF8,CDH1,SNAI2,TWIST2,TWIST1,ZEB1,miR-141,ZEB2,miR-200a,TGF-beta,GSC,SNAI1,miR-101",P,13
2975,"KLF8,CDH1,SNAI2,TWIST2,TWIST1,ZEB1,miR-141,ZEB2,miR-200c,TGF-beta,SNAI1,miR-101",N,12
2976,"KLF8,CDH1,SNAI2,TWIST2,TWIST1,ZEB1,miR-141,ZEB2,miR-200c,TGF-beta,GSC,SNAI1,miR-101",P,13
2977,"KLF8,CDH1,SNAI2,TWIST2,TWIST1,ZEB1,miR-141,ZEB2,miR-200b,TGF-beta,SNAI1,miR-101",P,12
2978,"KLF8,CDH1,SNAI2,TWIST2,TWIST1,ZEB1,miR-141,ZEB2,miR-200b,TGF-beta,GSC,SNAI1,miR-101",N,13
2979,"KLF8,CDH1,SNAI2,TWIST2,TWIST1,SNAI1,miR-101",P,7
2980,"KLF8,CDH1,SNAI2,TWIST2,SNAI1,miR-101",P,6
2981,"TWIST1,ZEB2,miR-200a,TGF-beta,SNAI2,miR-200b,ZEB1,miR-34a,TWIST2",P,9
2982,"TWIST1,ZEB2,miR-200a,TGF-beta,SNAI2,miR-200b,ZEB1,miR-34a,TWIST2,SNAI1",N,10
2983,"TWIST1,ZEB2,miR-200a,TGF-beta,SNAI2,miR-200b,ZEB1,miR-34a,SNAI1",N,9
2984,"TWIST1,ZEB2,miR-200a,TGF-beta,SNAI2,miR-101,SNAI1,miR-34a,TWIST2",P,9
2985,"TWIST1,ZEB2,miR-200a,TGF-beta,SNAI2,miR-101,SNAI1,ZEB1,miR-34a,TWIST2",P,10
2986,"TWIST1,ZEB2,miR-200a,TGF-beta,SNAI2,miR-101,SNAI1",P,7
2987,"TWIST1,ZEB2,miR-200a,TGF-beta,SNAI2,miR-101,ZEB1,miR-34a,TWIST2",N,9
2988,"TWIST1,ZEB2,miR-200a,TGF-beta,SNAI2,miR-101,ZEB1,miR-34a,TWIST2,SNAI1",P,10
2989,"TWIST1,ZEB2,miR-200a,TGF-beta,SNAI2,miR-101,ZEB1,miR-34a,SNAI1",P,9
2990,"TWIST1,ZEB2,miR-200a,TGF-beta,SNAI2,TWIST2,ZEB1,miR-34a,SNAI1",P,9
2991,"TWIST1,ZEB2,miR-200a,TGF-beta,SNAI2,TWIST2",N,6
2992,"TWIST1,ZEB2,miR-200a,TGF-beta,SNAI2,TWIST2,SNAI1",P,7
2993,"TWIST1,ZEB2,miR-200a,TGF-beta,SNAI1,miR-101,ZEB1,CLDN7,CDH1,SNAI2,TWIST2",N,11
2994,"TWIST1,ZEB2,miR-200a,TGF-beta,SNAI1,miR-101,ZEB1,GRHL2,NP63,SNAI2,TWIST2",N,11
2995,"TWIST1,ZEB2,miR-200a,TGF-beta,SNAI1,miR-101,ZEB1,GRHL2,OVOL2,NP63,SNAI2,TWIST2",N,12
2996,"TWIST1,ZEB2,miR-200a,TGF-beta,SNAI1,miR-101,ZEB1,GRHL2,OVOL2,SNAI2,TWIST2",N,11
2997,"TWIST1,ZEB2,miR-200a,TGF-beta,SNAI1,miR-101,ZEB1,GRHL2,OVOL2,CDH1,SNAI2,TWIST2",P,12
2998,"TWIST1,ZEB2,miR-200a,TGF-beta,SNAI1,miR-101,ZEB1,OVOL2,NP63,SNAI2,TWIST2",P,11
2999,"TWIST1,ZEB2,miR-200a,TGF-beta,SNAI1,miR-101,ZEB1,OVOL2,SNAI2,TWIST2",P,10
3000,"TWIST1,ZEB2,miR-200a,TGF-beta,SNAI1,miR-101,ZEB1,OVOL2,CDH1,SNAI2,TWIST2",N,11
3001,"TWIST1,ZEB2,miR-200a,TGF-beta,SNAI1,miR-101,ZEB1,miR-34a,TWIST2",P,9
3002,"TWIST1,ZEB2,miR-200a,TGF-beta,SNAI1,miR-101,ZEB1,miR-34a,SNAI2,TWIST2",P,10
3003,"TWIST1,ZEB2,miR-200a,TGF-beta,SNAI1,miR-101,ZEB1,CDH1,SNAI2,TWIST2",P,10
3004,"TWIST1,ZEB2,miR-200a,TGF-beta,SNAI1,miR-34a,ZEB1,CLDN7,CDH1,SNAI2,TWIST2",P,11
3005,"TWIST1,ZEB2,miR-200a,TGF-beta,SNAI1,miR-34a,ZEB1,GRHL2,NP63,SNAI2,TWIST2",P,11
3006,"TWIST1,ZEB2,miR-200a,TGF-beta,SNAI1,miR-34a,ZEB1,GRHL2,OVOL2,NP63,SNAI2,TWIST2",P,12
3007,"TWIST1,ZEB2,miR-200a,TGF-beta,SNAI1,miR-34a,ZEB1,GRHL2,OVOL2,SNAI2,TWIST2",P,11
3008,"TWIST1,ZEB2,miR-200a,TGF-beta,SNAI1,miR-34a,ZEB1,GRHL2,OVOL2,CDH1,SNAI2,TWIST2",N,12
3009,"TWIST1,ZEB2,miR-200a,TGF-beta,SNAI1,miR-34a,ZEB1,OVOL2,NP63,SNAI2,TWIST2",N,11
3010,"TWIST1,ZEB2,miR-200a,TGF-beta,SNAI1,miR-34a,ZEB1,OVOL2,SNAI2,TWIST2",N,10
3011,"TWIST1,ZEB2,miR-200a,TGF-beta,SNAI1,miR-34a,ZEB1,OVOL2,CDH1,SNAI2,TWIST2",P,11
3012,"TWIST1,ZEB2,miR-200a,TGF-beta,SNAI1,miR-34a,ZEB1,CDH1,SNAI2,TWIST2",N,10
3013,"TWIST1,ZEB2,miR-200a,TGF-beta,SNAI1,miR-34a,TWIST2",N,7
3014,"TWIST1,ZEB2,miR-200a,TGF-beta,SNAI1,miR-34a,SNAI2,TWIST2",N,8
3015,"TWIST1,ZEB2,miR-200a,TGF-beta,SNAI1,ZEB1,CLDN7,CDH1,SNAI2,TWIST2",P,10
3016,"TWIST1,ZEB2,miR-200a,TGF-beta,SNAI1,ZEB1,GRHL2,NP63,SNAI2,TWIST2",P,10
3017,"TWIST1,ZEB2,miR-200a,TGF-beta,SNAI1,ZEB1,GRHL2,OVOL2,NP63,SNAI2,TWIST2",P,11
3018,"TWIST1,ZEB2,miR-200a,TGF-beta,SNAI1,ZEB1,GRHL2,OVOL2,SNAI2,TWIST2",P,10
3019,"TWIST1,ZEB2,miR-200a,TGF-beta,SNAI1,ZEB1,GRHL2,OVOL2,CDH1,SNAI2,TWIST2",N,11
3020,"TWIST1,ZEB2,miR-200a,TGF-beta,SNAI1,ZEB1,OVOL2,NP63,SNAI2,TWIST2",N,10
3021,"TWIST1,ZEB2,miR-200a,TGF-beta,SNAI1,ZEB1,OVOL2,SNAI2,TWIST2",N,9
3022,"TWIST1,ZEB2,miR-200a,TGF-beta,SNAI1,ZEB1,OVOL2,CDH1,SNAI2,TWIST2",P,10
3023,"TWIST1,ZEB2,miR-200a,TGF-beta,SNAI1,ZEB1,miR-34a,TWIST2",N,8
3024,"TWIST1,ZEB2,miR-200a,TGF-beta,SNAI1,ZEB1,miR-34a,SNAI2,TWIST2",N,9
3025,"TWIST1,ZEB2,miR-200a,TGF-beta,SNAI1,ZEB1,CDH1,SNAI2,TWIST2",N,9
3026,"TWIST1,ZEB2,miR-200a,TGF-beta,SNAI1",N,5
3027,"TWIST1,ZEB2,miR-200a,TGF-beta,SNAI1,SNAI2,miR-200b,ZEB1,miR-34a,TWIST2",N,10
3028,"TWIST1,ZEB2,miR-200a,TGF-beta,SNAI1,SNAI2,miR-101,ZEB1,miR-34a,TWIST2",P,10
3029,"TWIST1,ZEB2,miR-200a,TGF-beta,SNAI1,SNAI2,TWIST2",P,7
3030,"TWIST1,ZEB2,miR-200a,TGF-beta,SNAI1,CDH1,SNAI2,miR-200b,ZEB1,miR-34a,TWIST2",P,11
3031,"TWIST1,ZEB2,miR-200a,TGF-beta,SNAI1,CDH1,SNAI2,miR-101,ZEB1,miR-34a,TWIST2",N,11
3032,"TWIST1,ZEB2,miR-200a,TGF-beta,SNAI1,CDH1,SNAI2,TWIST2",N,8
3033,"TWIST1,ZEB2,miR-200a,TGF-beta,GSC,ZEB1,CLDN7,CDH1,SNAI2,miR-101,SNAI1,miR-34a,TWIST2",P,13
3034,"TWIST1,ZEB2,miR-200a,TGF-beta,GSC,ZEB1,CLDN7,CDH1,SNAI2,miR-101,SNAI1",P,11
3035,"TWIST1,ZEB2,miR-200a,TGF-beta,GSC,ZEB1,CLDN7,CDH1,SNAI2,TWIST2",N,10
3036,"TWIST1,ZEB2,miR-200a,TGF-beta,GSC,ZEB1,CLDN7,CDH1,SNAI2,TWIST2,SNAI1",P,11
3037,"TWIST1,ZEB2,miR-200a,TGF-beta,GSC,ZEB1,GRHL2,NP63,SNAI2,miR-101,SNAI1,miR-34a,TWIST2",P,13
3038,"TWIST1,ZEB2,miR-200a,TGF-beta,GSC,ZEB1,GRHL2,NP63,SNAI2,miR-101,SNAI1",P,11
3039,"TWIST1,ZEB2,miR-200a,TGF-beta,GSC,ZEB1,GRHL2,NP63,SNAI2,TWIST2",N,10
3040,"TWIST1,ZEB2,miR-200a,TGF-beta,GSC,ZEB1,GRHL2,NP63,SNAI2,TWIST2,SNAI1",P,11
3041,"TWIST1,ZEB2,miR-200a,TGF-beta,GSC,ZEB1,GRHL2,OVOL2,NP63,SNAI2,miR-101,SNAI1,miR-34a,TWIST2",P,14
3042,"TWIST1,ZEB2,miR-200a,TGF-beta,GSC,ZEB1,GRHL2,OVOL2,NP63,SNAI2,miR-101,SNAI1",P,12
3043,"TWIST1,ZEB2,miR-200a,TGF-beta,GSC,ZEB1,GRHL2,OVOL2,NP63,SNAI2,TWIST2",N,11
3044,"TWIST1,ZEB2,miR-200a,TGF-beta,GSC,ZEB1,GRHL2,OVOL2,NP63,SNAI2,TWIST2,SNAI1",P,12
3045,"TWIST1,ZEB2,miR-200a,TGF-beta,GSC,ZEB1,GRHL2,OVOL2,SNAI2,miR-101,SNAI1,miR-34a,TWIST2",P,13
3046,"TWIST1,ZEB2,miR-200a,TGF-beta,GSC,ZEB1,GRHL2,OVOL2,SNAI2,miR-101,SNAI1",P,11
3047,"TWIST1,ZEB2,miR-200a,TGF-beta,GSC,ZEB1,GRHL2,OVOL2,SNAI2,TWIST2",N,10
3048,"TWIST1,ZEB2,miR-200a,TGF-beta,GSC,ZEB1,GRHL2,OVOL2,SNAI2,TWIST2,SNAI1",P,11
3049,"TWIST1,ZEB2,miR-200a,TGF-beta,GSC,ZEB1,GRHL2,OVOL2,CDH1,SNAI2,miR-101,SNAI1,miR-34a,TWIST2",N,14
3050,"TWIST1,ZEB2,miR-200a,TGF-beta,GSC,ZEB1,GRHL2,OVOL2,CDH1,SNAI2,miR-101,SNAI1",N,12
3051,"TWIST1,ZEB2,miR-200a,TGF-beta,GSC,ZEB1,GRHL2,OVOL2,CDH1,SNAI2,TWIST2",P,11
3052,"TWIST1,ZEB2,miR-200a,TGF-beta,GSC,ZEB1,GRHL2,OVOL2,CDH1,SNAI2,TWIST2,SNAI1",N,12
3053,"TWIST1,ZEB2,miR-200a,TGF-beta,GSC,ZEB1,OVOL2,NP63,SNAI2,miR-101,SNAI1,miR-34a,TWIST2",N,13
3054,"TWIST1,ZEB2,miR-200a,TGF-beta,GSC,ZEB1,OVOL2,NP63,SNAI2,miR-101,SNAI1",N,11
3055,"TWIST1,ZEB2,miR-200a,TGF-beta,GSC,ZEB1,OVOL2,NP63,SNAI2,TWIST2",P,10
3056,"TWIST1,ZEB2,miR-200a,TGF-beta,GSC,ZEB1,OVOL2,NP63,SNAI2,TWIST2,SNAI1",N,11
3057,"TWIST1,ZEB2,miR-200a,TGF-beta,GSC,ZEB1,OVOL2,SNAI2,miR-101,SNAI1,miR-34a,TWIST2",N,12
3058,"TWIST1,ZEB2,miR-200a,TGF-beta,GSC,ZEB1,OVOL2,SNAI2,miR-101,SNAI1",N,10
3059,"TWIST1,ZEB2,miR-200a,TGF-beta,GSC,ZEB1,OVOL2,SNAI2,TWIST2",P,9
3060,"TWIST1,ZEB2,miR-200a,TGF-beta,GSC,ZEB1,OVOL2,SNAI2,TWIST2,SNAI1",N,10
3061,"TWIST1,ZEB2,miR-200a,TGF-beta,GSC,ZEB1,OVOL2,CDH1,SNAI2,miR-101,SNAI1,miR-34a,TWIST2",P,13
3062,"TWIST1,ZEB2,miR-200a,TGF-beta,GSC,ZEB1,OVOL2,CDH1,SNAI2,miR-101,SNAI1",P,11
3063,"TWIST1,ZEB2,miR-200a,TGF-beta,GSC,ZEB1,OVOL2,CDH1,SNAI2,TWIST2",N,10
3064,"TWIST1,ZEB2,miR-200a,TGF-beta,GSC,ZEB1,OVOL2,CDH1,SNAI2,TWIST2,SNAI1",P,11
3065,"TWIST1,ZEB2,miR-200a,TGF-beta,GSC,ZEB1,miR-34a,TWIST2",P,8
3066,"TWIST1,ZEB2,miR-200a,TGF-beta,GSC,ZEB1,miR-34a,TWIST2,SNAI2,miR-101,SNAI1",N,11
3067,"TWIST1,ZEB2,miR-200a,TGF-beta,GSC,ZEB1,miR-34a,TWIST2,SNAI1",N,9
3068,"TWIST1,ZEB2,miR-200a,TGF-beta,GSC,ZEB1,miR-34a,TWIST2,CDH1,SNAI2,miR-101,SNAI1",N,12
3069,"TWIST1,ZEB2,miR-200a,TGF-beta,GSC,ZEB1,miR-34a,SNAI2,miR-101,SNAI1",N,10
3070,"TWIST1,ZEB2,miR-200a,TGF-beta,GSC,ZEB1,miR-34a,SNAI2,TWIST2",P,9
3071,"TWIST1,ZEB2,miR-200a,TGF-beta,GSC,ZEB1,miR-34a,SNAI2,TWIST2,SNAI1",N,10
3072,"TWIST1,ZEB2,miR-200a,TGF-beta,GSC,ZEB1,miR-34a,SNAI1",N,8
3073,"TWIST1,ZEB2,miR-200a,TGF-beta,GSC,ZEB1,miR-34a,SNAI1,SNAI2,TWIST2",P,10
3074,"TWIST1,ZEB2,miR-200a,TGF-beta,GSC,ZEB1,miR-34a,SNAI1,CDH1,SNAI2,TWIST2",N,11
3075,"TWIST1,ZEB2,miR-200a,TGF-beta,GSC,ZEB1,CDH1,SNAI2,miR-101,SNAI1,miR-34a,TWIST2",N,12
3076,"TWIST1,ZEB2,miR-200a,TGF-beta,GSC,ZEB1,CDH1,SNAI2,miR-101,SNAI1",N,10
3077,"TWIST1,ZEB2,miR-200a,TGF-beta,GSC,ZEB1,CDH1,SNAI2,TWIST2",P,9
3078,"TWIST1,ZEB2,miR-200a,TGF-beta,GSC,ZEB1,CDH1,SNAI2,TWIST2,SNAI1",N,10
3079,"TWIST1,ZEB2,miR-200a,TGF-beta,GSC",N,5
3080,"TWIST1,ZEB2,miR-200a,TGF-beta,GSC,SNAI1,miR-101,ZEB1,CLDN7,CDH1,SNAI2,TWIST2",P,12
3081,"TWIST1,ZEB2,miR-200a,TGF-beta,GSC,SNAI1,miR-101,ZEB1,GRHL2,NP63,SNAI2,TWIST2",P,12
3082,"TWIST1,ZEB2,miR-200a,TGF-beta,GSC,SNAI1,miR-101,ZEB1,GRHL2,OVOL2,NP63,SNAI2,TWIST2",P,13
3083,"TWIST1,ZEB2,miR-200a,TGF-beta,GSC,SNAI1,miR-101,ZEB1,GRHL2,OVOL2,SNAI2,TWIST2",P,12
3084,"TWIST1,ZEB2,miR-200a,TGF-beta,GSC,SNAI1,miR-101,ZEB1,GRHL2,OVOL2,CDH1,SNAI2,TWIST2",N,13
3085,"TWIST1,ZEB2,miR-200a,TGF-beta,GSC,SNAI1,miR-101,ZEB1,OVOL2,NP63,SNAI2,TWIST2",N,12
3086,"TWIST1,ZEB2,miR-200a,TGF-beta,GSC,SNAI1,miR-101,ZEB1,OVOL2,SNAI2,TWIST2",N,11
3087,"TWIST1,ZEB2,miR-200a,TGF-beta,GSC,SNAI1,miR-101,ZEB1,OVOL2,CDH1,SNAI2,TWIST2",P,12
3088,"TWIST1,ZEB2,miR-200a,TGF-beta,GSC,SNAI1,miR-101,ZEB1,miR-34a,TWIST2",N,10
3089,"TWIST1,ZEB2,miR-200a,TGF-beta,GSC,SNAI1,miR-101,ZEB1,miR-34a,SNAI2,TWIST2",N,11
3090,"TWIST1,ZEB2,miR-200a,TGF-beta,GSC,SNAI1,miR-101,ZEB1,CDH1,SNAI2,TWIST2",N,11
3091,"TWIST1,ZEB2,miR-200a,TGF-beta,GSC,SNAI1,miR-34a,ZEB1,CLDN7,CDH1,SNAI2,TWIST2",N,12
3092,"TWIST1,ZEB2,miR-200a,TGF-beta,GSC,SNAI1,miR-34a,ZEB1,GRHL2,NP63,SNAI2,TWIST2",N,12
3093,"TWIST1,ZEB2,miR-200a,TGF-beta,GSC,SNAI1,miR-34a,ZEB1,GRHL2,OVOL2,NP63,SNAI2,TWIST2",N,13
3094,"TWIST1,ZEB2,miR-200a,TGF-beta,GSC,SNAI1,miR-34a,ZEB1,GRHL2,OVOL2,SNAI2,TWIST2",N,12
3095,"TWIST1,ZEB2,miR-200a,TGF-beta,GSC,SNAI1,miR-34a,ZEB1,GRHL2,OVOL2,CDH1,SNAI2,TWIST2",P,13
3096,"TWIST1,ZEB2,miR-200a,TGF-beta,GSC,SNAI1,miR-34a,ZEB1,OVOL2,NP63,SNAI2,TWIST2",P,12
3097,"TWIST1,ZEB2,miR-200a,TGF-beta,GSC,SNAI1,miR-34a,ZEB1,OVOL2,SNAI2,TWIST2",P,11
3098,"TWIST1,ZEB2,miR-200a,TGF-beta,GSC,SNAI1,miR-34a,ZEB1,OVOL2,CDH1,SNAI2,TWIST2",N,12
3099,"TWIST1,ZEB2,miR-200a,TGF-beta,GSC,SNAI1,miR-34a,ZEB1,CDH1,SNAI2,TWIST2",P,11
3100,"TWIST1,ZEB2,miR-200a,TGF-beta,GSC,SNAI1,miR-34a,TWIST2",P,8
3101,"TWIST1,ZEB2,miR-200a,TGF-beta,GSC,SNAI1,miR-34a,SNAI2,TWIST2",P,9
3102,"TWIST1,ZEB2,miR-200a,TGF-beta,GSC,SNAI1,ZEB1,CLDN7,CDH1,SNAI2,TWIST2",N,11
3103,"TWIST1,ZEB2,miR-200a,TGF-beta,GSC,SNAI1,ZEB1,GRHL2,NP63,SNAI2,TWIST2",N,11
3104,"TWIST1,ZEB2,miR-200a,TGF-beta,GSC,SNAI1,ZEB1,GRHL2,OVOL2,NP63,SNAI2,TWIST2",N,12
3105,"TWIST1,ZEB2,miR-200a,TGF-beta,GSC,SNAI1,ZEB1,GRHL2,OVOL2,SNAI2,TWIST2",N,11
3106,"TWIST1,ZEB2,miR-200a,TGF-beta,GSC,SNAI1,ZEB1,GRHL2,OVOL2,CDH1,SNAI2,TWIST2",P,12
3107,"TWIST1,ZEB2,miR-200a,TGF-beta,GSC,SNAI1,ZEB1,OVOL2,NP63,SNAI2,TWIST2",P,11
3108,"TWIST1,ZEB2,miR-200a,TGF-beta,GSC,SNAI1,ZEB1,OVOL2,SNAI2,TWIST2",P,10
3109,"TWIST1,ZEB2,miR-200a,TGF-beta,GSC,SNAI1,ZEB1,OVOL2,CDH1,SNAI2,TWIST2",N,11
3110,"TWIST1,ZEB2,miR-200a,TGF-beta,GSC,SNAI1,ZEB1,miR-34a,TWIST2",P,9
3111,"TWIST1,ZEB2,miR-200a,TGF-beta,GSC,SNAI1,ZEB1,miR-34a,SNAI2,TWIST2",P,10
3112,"TWIST1,ZEB2,miR-200a,TGF-beta,GSC,SNAI1,ZEB1,CDH1,SNAI2,TWIST2",P,10
3113,"TWIST1,ZEB2,miR-200a,TGF-beta,GSC,SNAI1",P,6
3114,"TWIST1,ZEB2,miR-200a,TGF-beta,GSC,SNAI1,SNAI2,miR-200b,ZEB1,miR-34a,TWIST2",P,11
3115,"TWIST1,ZEB2,miR-200a,TGF-beta,GSC,SNAI1,SNAI2,miR-101,ZEB1,miR-34a,TWIST2",N,11
3116,"TWIST1,ZEB2,miR-200a,TGF-beta,GSC,SNAI1,SNAI2,TWIST2",N,8
3117,"TWIST1,ZEB2,miR-200a,TGF-beta,GSC,SNAI1,CDH1,SNAI2,miR-200b,ZEB1,miR-34a,TWIST2",N,12
3118,"TWIST1,ZEB2,miR-200a,TGF-beta,GSC,SNAI1,CDH1,SNAI2,miR-101,ZEB1,miR-34a,TWIST2",P,12
3119,"TWIST1,ZEB2,miR-200a,TGF-beta,GSC,SNAI1,CDH1,SNAI2,TWIST2",P,9
3120,"TWIST1,ZEB2,miR-200a,ZEB1,CLDN7,CDH1,SNAI2,miR-200b,TGF-beta,SNAI1,miR-34a,TWIST2",P,12
3121,"TWIST1,ZEB2,miR-200a,ZEB1,CLDN7,CDH1,SNAI2,miR-200b,TGF-beta,SNAI1",P,10
3122,"TWIST1,ZEB2,miR-200a,ZEB1,CLDN7,CDH1,SNAI2,miR-200b,TGF-beta,GSC",P,10
3123,"TWIST1,ZEB2,miR-200a,ZEB1,CLDN7,CDH1,SNAI2,miR-200b,TGF-beta,GSC,SNAI1,miR-34a,TWIST2",N,13
3124,"TWIST1,ZEB2,miR-200a,ZEB1,CLDN7,CDH1,SNAI2,miR-200b,TGF-beta,GSC,SNAI1",N,11
3125,"TWIST1,ZEB2,miR-200a,ZEB1,CLDN7,CDH1,SNAI2,miR-101,SNAI1,miR-34a,TWIST2",P,11
3126,"TWIST1,ZEB2,miR-200a,ZEB1,CLDN7,CDH1,SNAI2,miR-101,SNAI1",P,9
3127,"TWIST1,ZEB2,miR-200a,ZEB1,CLDN7,CDH1,SNAI2,TWIST2",N,8
3128,"TWIST1,ZEB2,miR-200a,ZEB1,CLDN7,CDH1,SNAI2,TWIST2,SNAI1",P,9
3129,"TWIST1,ZEB2,miR-200a,ZEB1,GRHL2,NP63,SNAI2,miR-200b,TGF-beta,SNAI1,miR-34a,TWIST2",P,12
3130,"TWIST1,ZEB2,miR-200a,ZEB1,GRHL2,NP63,SNAI2,miR-200b,TGF-beta,SNAI1",P,10
3131,"TWIST1,ZEB2,miR-200a,ZEB1,GRHL2,NP63,SNAI2,miR-200b,TGF-beta,GSC",P,10
3132,"TWIST1,ZEB2,miR-200a,ZEB1,GRHL2,NP63,SNAI2,miR-200b,TGF-beta,GSC,SNAI1,miR-34a,TWIST2",N,13
3133,"TWIST1,ZEB2,miR-200a,ZEB1,GRHL2,NP63,SNAI2,miR-200b,TGF-beta,GSC,SNAI1",N,11
3134,"TWIST1,ZEB2,miR-200a,ZEB1,GRHL2,NP63,SNAI2,miR-101,SNAI1,miR-34a,TWIST2",P,11
3135,"TWIST1,ZEB2,miR-200a,ZEB1,GRHL2,NP63,SNAI2,miR-101,SNAI1",P,9
3136,"TWIST1,ZEB2,miR-200a,ZEB1,GRHL2,NP63,SNAI2,TWIST2",N,8
3137,"TWIST1,ZEB2,miR-200a,ZEB1,GRHL2,NP63,SNAI2,TWIST2,SNAI1",P,9
3138,"TWIST1,ZEB2,miR-200a,ZEB1,GRHL2,OVOL2,TGF-beta,SNAI2,miR-101,SNAI1,miR-34a,TWIST2",P,12
3139,"TWIST1,ZEB2,miR-200a,ZEB1,GRHL2,OVOL2,TGF-beta,SNAI2,miR-101,SNAI1",P,10
3140,"TWIST1,ZEB2,miR-200a,ZEB1,GRHL2,OVOL2,TGF-beta,SNAI2,TWIST2",N,9
3141,"TWIST1,ZEB2,miR-200a,ZEB1,GRHL2,OVOL2,TGF-beta,SNAI2,TWIST2,SNAI1",P,10
3142,"TWIST1,ZEB2,miR-200a,ZEB1,GRHL2,OVOL2,TGF-beta,SNAI1,miR-34a,TWIST2",N,10
3143,"TWIST1,ZEB2,miR-200a,ZEB1,GRHL2,OVOL2,TGF-beta,SNAI1,miR-34a,SNAI2,TWIST2",N,11
3144,"TWIST1,ZEB2,miR-200a,ZEB1,GRHL2,OVOL2,TGF-beta,SNAI1",N,8
3145,"TWIST1,ZEB2,miR-200a,ZEB1,GRHL2,OVOL2,TGF-beta,SNAI1,SNAI2,TWIST2",P,10
3146,"TWIST1,ZEB2,miR-200a,ZEB1,GRHL2,OVOL2,TGF-beta,SNAI1,CDH1,SNAI2,TWIST2",N,11
3147,"TWIST1,ZEB2,miR-200a,ZEB1,GRHL2,OVOL2,TGF-beta,GSC",N,8
3148,"TWIST1,ZEB2,miR-200a,ZEB1,GRHL2,OVOL2,TGF-beta,GSC,SNAI1,miR-34a,TWIST2",P,11
3149,"TWIST1,ZEB2,miR-200a,ZEB1,GRHL2,OVOL2,TGF-beta,GSC,SNAI1,miR-34a,SNAI2,TWIST2",P,12
3150,"TWIST1,ZEB2,miR-200a,ZEB1,GRHL2,OVOL2,TGF-beta,GSC,SNAI1",P,9
3151,"TWIST1,ZEB2,miR-200a,ZEB1,GRHL2,OVOL2,TGF-beta,GSC,SNAI1,SNAI2,TWIST2",N,11
3152,"TWIST1,ZEB2,miR-200a,ZEB1,GRHL2,OVOL2,TGF-beta,GSC,SNAI1,CDH1,SNAI2,TWIST2",P,12
3153,"TWIST1,ZEB2,miR-200a,ZEB1,GRHL2,OVOL2,NP63,SNAI2,miR-200b,TGF-beta,SNAI1,miR-34a,TWIST2",P,13
3154,"TWIST1,ZEB2,miR-200a,ZEB1,GRHL2,OVOL2,NP63,SNAI2,miR-200b,TGF-beta,SNAI1",P,11
3155,"TWIST1,ZEB2,miR-200a,ZEB1,GRHL2,OVOL2,NP63,SNAI2,miR-200b,TGF-beta,GSC",P,11
3156,"TWIST1,ZEB2,miR-200a,ZEB1,GRHL2,OVOL2,NP63,SNAI2,miR-200b,TGF-beta,GSC,SNAI1,miR-34a,TWIST2",N,14
3157,"TWIST1,ZEB2,miR-200a,ZEB1,GRHL2,OVOL2,NP63,SNAI2,miR-200b,TGF-beta,GSC,SNAI1",N,12
3158,"TWIST1,ZEB2,miR-200a,ZEB1,GRHL2,OVOL2,NP63,SNAI2,miR-101,SNAI1,miR-34a,TWIST2",P,12
3159,"TWIST1,ZEB2,miR-200a,ZEB1,GRHL2,OVOL2,NP63,SNAI2,miR-101,SNAI1",P,10
3160,"TWIST1,ZEB2,miR-200a,ZEB1,GRHL2,OVOL2,NP63,SNAI2,TWIST2",N,9
3161,"TWIST1,ZEB2,miR-200a,ZEB1,GRHL2,OVOL2,NP63,SNAI2,TWIST2,SNAI1",P,10
3162,"TWIST1,ZEB2,miR-200a,ZEB1,GRHL2,OVOL2,SNAI2,miR-200b,TGF-beta,SNAI1,miR-34a,TWIST2",P,12
3163,"TWIST1,ZEB2,miR-200a,ZEB1,GRHL2,OVOL2,SNAI2,miR-200b,TGF-beta,SNAI1",P,10
3164,"TWIST1,ZEB2,miR-200a,ZEB1,GRHL2,OVOL2,SNAI2,miR-200b,TGF-beta,GSC",P,10
3165,"TWIST1,ZEB2,miR-200a,ZEB1,GRHL2,OVOL2,SNAI2,miR-200b,TGF-beta,GSC,SNAI1,miR-34a,TWIST2",N,13
3166,"TWIST1,ZEB2,miR-200a,ZEB1,GRHL2,OVOL2,SNAI2,miR-200b,TGF-beta,GSC,SNAI1",N,11
3167,"TWIST1,ZEB2,miR-200a,ZEB1,GRHL2,OVOL2,SNAI2,miR-101,SNAI1,miR-34a,TWIST2",P,11
3168,"TWIST1,ZEB2,miR-200a,ZEB1,GRHL2,OVOL2,SNAI2,miR-101,SNAI1",P,9
3169,"TWIST1,ZEB2,miR-200a,ZEB1,GRHL2,OVOL2,SNAI2,TWIST2",N,8
3170,"TWIST1,ZEB2,miR-200a,ZEB1,GRHL2,OVOL2,SNAI2,TWIST2,SNAI1",P,9
3171,"TWIST1,ZEB2,miR-200a,ZEB1,GRHL2,OVOL2,CDH1,SNAI2,miR-200b,TGF-beta,SNAI1,miR-34a,TWIST2",N,13
3172,"TWIST1,ZEB2,miR-200a,ZEB1,GRHL2,OVOL2,CDH1,SNAI2,miR-200b,TGF-beta,SNAI1",N,11
3173,"TWIST1,ZEB2,miR-200a,ZEB1,GRHL2,OVOL2,CDH1,SNAI2,miR-200b,TGF-beta,GSC",N,11
3174,"TWIST1,ZEB2,miR-200a,ZEB1,GRHL2,OVOL2,CDH1,SNAI2,miR-200b,TGF-beta,GSC,SNAI1,miR-34a,TWIST2",P,14
3175,"TWIST1,ZEB2,miR-200a,ZEB1,GRHL2,OVOL2,CDH1,SNAI2,miR-200b,TGF-beta,GSC,SNAI1",P,12
3176,"TWIST1,ZEB2,miR-200a,ZEB1,GRHL2,OVOL2,CDH1,SNAI2,miR-101,SNAI1,miR-34a,TWIST2",N,12
3177,"TWIST1,ZEB2,miR-200a,ZEB1,GRHL2,OVOL2,CDH1,SNAI2,miR-101,SNAI1",N,10
3178,"TWIST1,ZEB2,miR-200a,ZEB1,GRHL2,OVOL2,CDH1,SNAI2,TWIST2",P,9
3179,"TWIST1,ZEB2,miR-200a,ZEB1,GRHL2,OVOL2,CDH1,SNAI2,TWIST2,SNAI1",N,10
3180,"TWIST1,ZEB2,miR-200a,ZEB1,OVOL2,TGF-beta,SNAI2,miR-101,SNAI1,miR-34a,TWIST2",N,11
3181,"TWIST1,ZEB2,miR-200a,ZEB1,OVOL2,TGF-beta,SNAI2,miR-101,SNAI1",N,9
3182,"TWIST1,ZEB2,miR-200a,ZEB1,OVOL2,TGF-beta,SNAI2,TWIST2",P,8
3183,"TWIST1,ZEB2,miR-200a,ZEB1,OVOL2,TGF-beta,SNAI2,TWIST2,SNAI1",N,9
3184,"TWIST1,ZEB2,miR-200a,ZEB1,OVOL2,TGF-beta,SNAI1,miR-34a,TWIST2",P,9
3185,"TWIST1,ZEB2,miR-200a,ZEB1,OVOL2,TGF-beta,SNAI1,miR-34a,SNAI2,TWIST2",P,10
3186,"TWIST1,ZEB2,miR-200a,ZEB1,OVOL2,TGF-beta,SNAI1",P,7
3187,"TWIST1,ZEB2,miR-200a,ZEB1,OVOL2,TGF-beta,SNAI1,SNAI2,TWIST2",N,9
3188,"TWIST1,ZEB2,miR-200a,ZEB1,OVOL2,TGF-beta,SNAI1,CDH1,SNAI2,TWIST2",P,10
3189,"TWIST1,ZEB2,miR-200a,ZEB1,OVOL2,TGF-beta,GSC",P,7
3190,"TWIST1,ZEB2,miR-200a,ZEB1,OVOL2,TGF-beta,GSC,SNAI1,miR-34a,TWIST2",N,10
3191,"TWIST1,ZEB2,miR-200a,ZEB1,OVOL2,TGF-beta,GSC,SNAI1,miR-34a,SNAI2,TWIST2",N,11
3192,"TWIST1,ZEB2,miR-200a,ZEB1,OVOL2,TGF-beta,GSC,SNAI1",N,8
3193,"TWIST1,ZEB2,miR-200a,ZEB1,OVOL2,TGF-beta,GSC,SNAI1,SNAI2,TWIST2",P,10
3194,"TWIST1,ZEB2,miR-200a,ZEB1,OVOL2,TGF-beta,GSC,SNAI1,CDH1,SNAI2,TWIST2",N,11
3195,"TWIST1,ZEB2,miR-200a,ZEB1,OVOL2,NP63,SNAI2,miR-200b,TGF-beta,SNAI1,miR-34a,TWIST2",N,12
3196,"TWIST1,ZEB2,miR-200a,ZEB1,OVOL2,NP63,SNAI2,miR-200b,TGF-beta,SNAI1",N,10
3197,"TWIST1,ZEB2,miR-200a,ZEB1,OVOL2,NP63,SNAI2,miR-200b,TGF-beta,GSC",N,10
3198,"TWIST1,ZEB2,miR-200a,ZEB1,OVOL2,NP63,SNAI2,miR-200b,TGF-beta,GSC,SNAI1,miR-34a,TWIST2",P,13
3199,"TWIST1,ZEB2,miR-200a,ZEB1,OVOL2,NP63,SNAI2,miR-200b,TGF-beta,GSC,SNAI1",P,11
3200,"TWIST1,ZEB2,miR-200a,ZEB1,OVOL2,NP63,SNAI2,miR-101,SNAI1,miR-34a,TWIST2",N,11
3201,"TWIST1,ZEB2,miR-200a,ZEB1,OVOL2,NP63,SNAI2,miR-101,SNAI1",N,9
3202,"TWIST1,ZEB2,miR-200a,ZEB1,OVOL2,NP63,SNAI2,TWIST2",P,8
3203,"TWIST1,ZEB2,miR-200a,ZEB1,OVOL2,NP63,SNAI2,TWIST2,SNAI1",N,9
3204,"TWIST1,ZEB2,miR-200a,ZEB1,OVOL2,SNAI2,miR-200b,TGF-beta,SNAI1,miR-34a,TWIST2",N,11
3205,"TWIST1,ZEB2,miR-200a,ZEB1,OVOL2,SNAI2,miR-200b,TGF-beta,SNAI1",N,9
3206,"TWIST1,ZEB2,miR-200a,ZEB1,OVOL2,SNAI2,miR-200b,TGF-beta,GSC",N,9
3207,"TWIST1,ZEB2,miR-200a,ZEB1,OVOL2,SNAI2,miR-200b,TGF-beta,GSC,SNAI1,miR-34a,TWIST2",P,12
3208,"TWIST1,ZEB2,miR-200a,ZEB1,OVOL2,SNAI2,miR-200b,TGF-beta,GSC,SNAI1",P,10
3209,"TWIST1,ZEB2,miR-200a,ZEB1,OVOL2,SNAI2,miR-101,SNAI1,miR-34a,TWIST2",N,10
3210,"TWIST1,ZEB2,miR-200a,ZEB1,OVOL2,SNAI2,miR-101,SNAI1",N,8
3211,"TWIST1,ZEB2,miR-200a,ZEB1,OVOL2,SNAI2,TWIST2",P,7
3212,"TWIST1,ZEB2,miR-200a,ZEB1,OVOL2,SNAI2,TWIST2,SNAI1",N,8
3213,"TWIST1,ZEB2,miR-200a,ZEB1,OVOL2,CDH1,SNAI2,miR-200b,TGF-beta,SNAI1,miR-34a,TWIST2",P,12
3214,"TWIST1,ZEB2,miR-200a,ZEB1,OVOL2,CDH1,SNAI2,miR-200b,TGF-beta,SNAI1",P,10
3215,"TWIST1,ZEB2,miR-200a,ZEB1,OVOL2,CDH1,SNAI2,miR-200b,TGF-beta,GSC",P,10
3216,"TWIST1,ZEB2,miR-200a,ZEB1,OVOL2,CDH1,SNAI2,miR-200b,TGF-beta,GSC,SNAI1,miR-34a,TWIST2",N,13
3217,"TWIST1,ZEB2,miR-200a,ZEB1,OVOL2,CDH1,SNAI2,miR-200b,TGF-beta,GSC,SNAI1",N,11
3218,"TWIST1,ZEB2,miR-200a,ZEB1,OVOL2,CDH1,SNAI2,miR-101,SNAI1,miR-34a,TWIST2",P,11
3219,"TWIST1,ZEB2,miR-200a,ZEB1,OVOL2,CDH1,SNAI2,miR-101,SNAI1",P,9
3220,"TWIST1,ZEB2,miR-200a,ZEB1,OVOL2,CDH1,SNAI2,TWIST2",N,8
3221,"TWIST1,ZEB2,miR-200a,ZEB1,OVOL2,CDH1,SNAI2,TWIST2,SNAI1",P,9
3222,"TWIST1,ZEB2,miR-200a,ZEB1,miR-34a,TWIST2",P,6
3223,"TWIST1,ZEB2,miR-200a,ZEB1,miR-34a,TWIST2,SNAI2,miR-200b,TGF-beta,SNAI1",N,10
3224,"TWIST1,ZEB2,miR-200a,ZEB1,miR-34a,TWIST2,SNAI2,miR-200b,TGF-beta,GSC",N,10
3225,"TWIST1,ZEB2,miR-200a,ZEB1,miR-34a,TWIST2,SNAI2,miR-200b,TGF-beta,GSC,SNAI1",P,11
3226,"TWIST1,ZEB2,miR-200a,ZEB1,miR-34a,TWIST2,SNAI2,miR-101,SNAI1",N,9
3227,"TWIST1,ZEB2,miR-200a,ZEB1,miR-34a,TWIST2,SNAI1",N,7
3228,"TWIST1,ZEB2,miR-200a,ZEB1,miR-34a,TWIST2,SNAI1,SNAI2,miR-200b,TGF-beta,GSC",N,11
3229,"TWIST1,ZEB2,miR-200a,ZEB1,miR-34a,TWIST2,SNAI1,CDH1,SNAI2,miR-200b,TGF-beta,GSC",P,12
3230,"TWIST1,ZEB2,miR-200a,ZEB1,miR-34a,TWIST2,CDH1,SNAI2,miR-200b,TGF-beta,SNAI1",N,11
3231,"TWIST1,ZEB2,miR-200a,ZEB1,miR-34a,TWIST2,CDH1,SNAI2,miR-200b,TGF-beta,GSC",N,11
3232,"TWIST1,ZEB2,miR-200a,ZEB1,miR-34a,TWIST2,CDH1,SNAI2,miR-200b,TGF-beta,GSC,SNAI1",P,12
3233,"TWIST1,ZEB2,miR-200a,ZEB1,miR-34a,TWIST2,CDH1,SNAI2,miR-101,SNAI1",N,10
3234,"TWIST1,ZEB2,miR-200a,ZEB1,miR-34a,SNAI2,miR-200b,TGF-beta,SNAI1",N,9
3235,"TWIST1,ZEB2,miR-200a,ZEB1,miR-34a,SNAI2,miR-200b,TGF-beta,GSC",N,9
3236,"TWIST1,ZEB2,miR-200a,ZEB1,miR-34a,SNAI2,miR-200b,TGF-beta,GSC,SNAI1",P,10
3237,"TWIST1,ZEB2,miR-200a,ZEB1,miR-34a,SNAI2,miR-101,SNAI1",N,8
3238,"TWIST1,ZEB2,miR-200a,ZEB1,miR-34a,SNAI2,TWIST2",P,7
3239,"TWIST1,ZEB2,miR-200a,ZEB1,miR-34a,SNAI2,TWIST2,SNAI1",N,8
3240,"TWIST1,ZEB2,miR-200a,ZEB1,miR-34a,SNAI1",N,6
3241,"TWIST1,ZEB2,miR-200a,ZEB1,miR-34a,SNAI1,SNAI2,miR-200b,TGF-beta,GSC",N,10
3242,"TWIST1,ZEB2,miR-200a,ZEB1,miR-34a,SNAI1,SNAI2,TWIST2",P,8
3243,"TWIST1,ZEB2,miR-200a,ZEB1,miR-34a,SNAI1,CDH1,SNAI2,miR-200b,TGF-beta,GSC",P,11
3244,"TWIST1,ZEB2,miR-200a,ZEB1,miR-34a,SNAI1,CDH1,SNAI2,TWIST2",N,9
3245,"TWIST1,ZEB2,miR-200a,ZEB1,miR-200c,TGF-beta,SNAI2,miR-101,SNAI1,miR-34a,TWIST2",P,11
3246,"TWIST1,ZEB2,miR-200a,ZEB1,miR-200c,TGF-beta,SNAI2,miR-101,SNAI1",P,9
3247,"TWIST1,ZEB2,miR-200a,ZEB1,miR-200c,TGF-beta,SNAI2,TWIST2",N,8
3248,"TWIST1,ZEB2,miR-200a,ZEB1,miR-200c,TGF-beta,SNAI2,TWIST2,SNAI1",P,9
3249,"TWIST1,ZEB2,miR-200a,ZEB1,miR-200c,TGF-beta,SNAI1,miR-34a,TWIST2",N,9
3250,"TWIST1,ZEB2,miR-200a,ZEB1,miR-200c,TGF-beta,SNAI1,miR-34a,SNAI2,TWIST2",N,10
3251,"TWIST1,ZEB2,miR-200a,ZEB1,miR-200c,TGF-beta,SNAI1",N,7
3252,"TWIST1,ZEB2,miR-200a,ZEB1,miR-200c,TGF-beta,SNAI1,SNAI2,TWIST2",P,9
3253,"TWIST1,ZEB2,miR-200a,ZEB1,miR-200c,TGF-beta,SNAI1,CDH1,SNAI2,TWIST2",N,10
3254,"TWIST1,ZEB2,miR-200a,ZEB1,miR-200c,TGF-beta,GSC",N,7
3255,"TWIST1,ZEB2,miR-200a,ZEB1,miR-200c,TGF-beta,GSC,SNAI1,miR-34a,TWIST2",P,10
3256,"TWIST1,ZEB2,miR-200a,ZEB1,miR-200c,TGF-beta,GSC,SNAI1,miR-34a,SNAI2,TWIST2",P,11
3257,"TWIST1,ZEB2,miR-200a,ZEB1,miR-200c,TGF-beta,GSC,SNAI1",P,8
3258,"TWIST1,ZEB2,miR-200a,ZEB1,miR-200c,TGF-beta,GSC,SNAI1,SNAI2,TWIST2",N,10
3259,"TWIST1,ZEB2,miR-200a,ZEB1,miR-200c,TGF-beta,GSC,SNAI1,CDH1,SNAI2,TWIST2",P,11
3260,"TWIST1,ZEB2,miR-200a,ZEB1,miR-200b,TGF-beta,SNAI2,miR-101,SNAI1,miR-34a,TWIST2",N,11
3261,"TWIST1,ZEB2,miR-200a,ZEB1,miR-200b,TGF-beta,SNAI2,miR-101,SNAI1",N,9
3262,"TWIST1,ZEB2,miR-200a,ZEB1,miR-200b,TGF-beta,SNAI2,TWIST2",P,8
3263,"TWIST1,ZEB2,miR-200a,ZEB1,miR-200b,TGF-beta,SNAI2,TWIST2,SNAI1",N,9
3264,"TWIST1,ZEB2,miR-200a,ZEB1,miR-200b,TGF-beta,SNAI1,miR-34a,TWIST2",P,9
3265,"TWIST1,ZEB2,miR-200a,ZEB1,miR-200b,TGF-beta,SNAI1,miR-34a,SNAI2,TWIST2",P,10
3266,"TWIST1,ZEB2,miR-200a,ZEB1,miR-200b,TGF-beta,SNAI1",P,7
3267,"TWIST1,ZEB2,miR-200a,ZEB1,miR-200b,TGF-beta,SNAI1,SNAI2,TWIST2",N,9
3268,"TWIST1,ZEB2,miR-200a,ZEB1,miR-200b,TGF-beta,SNAI1,CDH1,SNAI2,TWIST2",P,10
3269,"TWIST1,ZEB2,miR-200a,ZEB1,miR-200b,TGF-beta,GSC",P,7
3270,"TWIST1,ZEB2,miR-200a,ZEB1,miR-200b,TGF-beta,GSC,SNAI1,miR-34a,TWIST2",N,10
3271,"TWIST1,ZEB2,miR-200a,ZEB1,miR-200b,TGF-beta,GSC,SNAI1,miR-34a,SNAI2,TWIST2",N,11
3272,"TWIST1,ZEB2,miR-200a,ZEB1,miR-200b,TGF-beta,GSC,SNAI1",N,8
3273,"TWIST1,ZEB2,miR-200a,ZEB1,miR-200b,TGF-beta,GSC,SNAI1,SNAI2,TWIST2",P,10
3274,"TWIST1,ZEB2,miR-200a,ZEB1,miR-200b,TGF-beta,GSC,SNAI1,CDH1,SNAI2,TWIST2",N,11
3275,"TWIST1,ZEB2,miR-200a,ZEB1,miR-141,TGF-beta,SNAI2,miR-101,SNAI1,miR-34a,TWIST2",N,11
3276,"TWIST1,ZEB2,miR-200a,ZEB1,miR-141,TGF-beta,SNAI2,miR-101,SNAI1",N,9
3277,"TWIST1,ZEB2,miR-200a,ZEB1,miR-141,TGF-beta,SNAI2,TWIST2",P,8
3278,"TWIST1,ZEB2,miR-200a,ZEB1,miR-141,TGF-beta,SNAI2,TWIST2,SNAI1",N,9
3279,"TWIST1,ZEB2,miR-200a,ZEB1,miR-141,TGF-beta,SNAI1,miR-34a,TWIST2",P,9
3280,"TWIST1,ZEB2,miR-200a,ZEB1,miR-141,TGF-beta,SNAI1,miR-34a,SNAI2,TWIST2",P,10
3281,"TWIST1,ZEB2,miR-200a,ZEB1,miR-141,TGF-beta,SNAI1",P,7
3282,"TWIST1,ZEB2,miR-200a,ZEB1,miR-141,TGF-beta,SNAI1,SNAI2,TWIST2",N,9
3283,"TWIST1,ZEB2,miR-200a,ZEB1,miR-141,TGF-beta,SNAI1,CDH1,SNAI2,TWIST2",P,10
3284,"TWIST1,ZEB2,miR-200a,ZEB1,miR-141,TGF-beta,GSC",P,7
3285,"TWIST1,ZEB2,miR-200a,ZEB1,miR-141,TGF-beta,GSC,SNAI1,miR-34a,TWIST2",N,10
3286,"TWIST1,ZEB2,miR-200a,ZEB1,miR-141,TGF-beta,GSC,SNAI1,miR-34a,SNAI2,TWIST2",N,11
3287,"TWIST1,ZEB2,miR-200a,ZEB1,miR-141,TGF-beta,GSC,SNAI1",N,8
3288,"TWIST1,ZEB2,miR-200a,ZEB1,miR-141,TGF-beta,GSC,SNAI1,SNAI2,TWIST2",P,10
3289,"TWIST1,ZEB2,miR-200a,ZEB1,miR-141,TGF-beta,GSC,SNAI1,CDH1,SNAI2,TWIST2",N,11
3290,"TWIST1,ZEB2,miR-200a,ZEB1,CDH1,SNAI2,miR-200b,TGF-beta,SNAI1,miR-34a,TWIST2",N,11
3291,"TWIST1,ZEB2,miR-200a,ZEB1,CDH1,SNAI2,miR-200b,TGF-beta,SNAI1",N,9
3292,"TWIST1,ZEB2,miR-200a,ZEB1,CDH1,SNAI2,miR-200b,TGF-beta,GSC",N,9
3293,"TWIST1,ZEB2,miR-200a,ZEB1,CDH1,SNAI2,miR-200b,TGF-beta,GSC,SNAI1,miR-34a,TWIST2",P,12
3294,"TWIST1,ZEB2,miR-200a,ZEB1,CDH1,SNAI2,miR-200b,TGF-beta,GSC,SNAI1",P,10
3295,"TWIST1,ZEB2,miR-200a,ZEB1,CDH1,SNAI2,miR-101,SNAI1,miR-34a,TWIST2",N,10
3296,"TWIST1,ZEB2,miR-200a,ZEB1,CDH1,SNAI2,miR-101,SNAI1",N,8
3297,"TWIST1,ZEB2,miR-200a,ZEB1,CDH1,SNAI2,TWIST2",P,7
3298,"TWIST1,ZEB2,miR-200a,ZEB1,CDH1,SNAI2,TWIST2,SNAI1",N,8
3299,"TWIST1,ZEB2,miR-200c,TGF-beta,SNAI2,miR-200b,ZEB1,miR-34a,TWIST2",P,9
3300,"TWIST1,ZEB2,miR-200c,TGF-beta,SNAI2,miR-200b,ZEB1,miR-34a,TWIST2,SNAI1",N,10
3301,"TWIST1,ZEB2,miR-200c,TGF-beta,SNAI2,miR-200b,ZEB1,miR-34a,SNAI1",N,9
3302,"TWIST1,ZEB2,miR-200c,TGF-beta,SNAI2,miR-101,SNAI1,miR-34a,TWIST2",P,9
3303,"TWIST1,ZEB2,miR-200c,TGF-beta,SNAI2,miR-101,SNAI1,ZEB1,miR-34a,TWIST2",P,10
3304,"TWIST1,ZEB2,miR-200c,TGF-beta,SNAI2,miR-101,SNAI1",P,7
3305,"TWIST1,ZEB2,miR-200c,TGF-beta,SNAI2,miR-101,ZEB1,miR-34a,TWIST2",N,9
3306,"TWIST1,ZEB2,miR-200c,TGF-beta,SNAI2,miR-101,ZEB1,miR-34a,TWIST2,SNAI1",P,10
3307,"TWIST1,ZEB2,miR-200c,TGF-beta,SNAI2,miR-101,ZEB1,miR-34a,SNAI1",P,9
3308,"TWIST1,ZEB2,miR-200c,TGF-beta,SNAI2,TWIST2,ZEB1,miR-34a,SNAI1",P,9
3309,"TWIST1,ZEB2,miR-200c,TGF-beta,SNAI2,TWIST2",N,6
3310,"TWIST1,ZEB2,miR-200c,TGF-beta,SNAI2,TWIST2,SNAI1",P,7
3311,"TWIST1,ZEB2,miR-200c,TGF-beta,SNAI1,miR-101,ZEB1,CLDN7,CDH1,SNAI2,TWIST2",N,11
3312,"TWIST1,ZEB2,miR-200c,TGF-beta,SNAI1,miR-101,ZEB1,GRHL2,NP63,SNAI2,TWIST2",N,11
3313,"TWIST1,ZEB2,miR-200c,TGF-beta,SNAI1,miR-101,ZEB1,GRHL2,OVOL2,NP63,SNAI2,TWIST2",N,12
3314,"TWIST1,ZEB2,miR-200c,TGF-beta,SNAI1,miR-101,ZEB1,GRHL2,OVOL2,SNAI2,TWIST2",N,11
3315,"TWIST1,ZEB2,miR-200c,TGF-beta,SNAI1,miR-101,ZEB1,GRHL2,OVOL2,CDH1,SNAI2,TWIST2",P,12
3316,"TWIST1,ZEB2,miR-200c,TGF-beta,SNAI1,miR-101,ZEB1,OVOL2,NP63,SNAI2,TWIST2",P,11
3317,"TWIST1,ZEB2,miR-200c,TGF-beta,SNAI1,miR-101,ZEB1,OVOL2,SNAI2,TWIST2",P,10
3318,"TWIST1,ZEB2,miR-200c,TGF-beta,SNAI1,miR-101,ZEB1,OVOL2,CDH1,SNAI2,TWIST2",N,11
3319,"TWIST1,ZEB2,miR-200c,TGF-beta,SNAI1,miR-101,ZEB1,miR-34a,TWIST2",P,9
3320,"TWIST1,ZEB2,miR-200c,TGF-beta,SNAI1,miR-101,ZEB1,miR-34a,SNAI2,TWIST2",P,10
3321,"TWIST1,ZEB2,miR-200c,TGF-beta,SNAI1,miR-101,ZEB1,CDH1,SNAI2,TWIST2",P,10
3322,"TWIST1,ZEB2,miR-200c,TGF-beta,SNAI1,miR-34a,ZEB1,CLDN7,CDH1,SNAI2,TWIST2",P,11
3323,"TWIST1,ZEB2,miR-200c,TGF-beta,SNAI1,miR-34a,ZEB1,GRHL2,NP63,SNAI2,TWIST2",P,11
3324,"TWIST1,ZEB2,miR-200c,TGF-beta,SNAI1,miR-34a,ZEB1,GRHL2,OVOL2,NP63,SNAI2,TWIST2",P,12
3325,"TWIST1,ZEB2,miR-200c,TGF-beta,SNAI1,miR-34a,ZEB1,GRHL2,OVOL2,SNAI2,TWIST2",P,11
3326,"TWIST1,ZEB2,miR-200c,TGF-beta,SNAI1,miR-34a,ZEB1,GRHL2,OVOL2,CDH1,SNAI2,TWIST2",N,12
3327,"TWIST1,ZEB2,miR-200c,TGF-beta,SNAI1,miR-34a,ZEB1,OVOL2,NP63,SNAI2,TWIST2",N,11
3328,"TWIST1,ZEB2,miR-200c,TGF-beta,SNAI1,miR-34a,ZEB1,OVOL2,SNAI2,TWIST2",N,10
3329,"TWIST1,ZEB2,miR-200c,TGF-beta,SNAI1,miR-34a,ZEB1,OVOL2,CDH1,SNAI2,TWIST2",P,11
3330,"TWIST1,ZEB2,miR-200c,TGF-beta,SNAI1,miR-34a,ZEB1,CDH1,SNAI2,TWIST2",N,10
3331,"TWIST1,ZEB2,miR-200c,TGF-beta,SNAI1,miR-34a,TWIST2",N,7
3332,"TWIST1,ZEB2,miR-200c,TGF-beta,SNAI1,miR-34a,SNAI2,TWIST2",N,8
3333,"TWIST1,ZEB2,miR-200c,TGF-beta,SNAI1,ZEB1,CLDN7,CDH1,SNAI2,TWIST2",P,10
3334,"TWIST1,ZEB2,miR-200c,TGF-beta,SNAI1,ZEB1,GRHL2,NP63,SNAI2,TWIST2",P,10
3335,"TWIST1,ZEB2,miR-200c,TGF-beta,SNAI1,ZEB1,GRHL2,OVOL2,NP63,SNAI2,TWIST2",P,11
3336,"TWIST1,ZEB2,miR-200c,TGF-beta,SNAI1,ZEB1,GRHL2,OVOL2,SNAI2,TWIST2",P,10
3337,"TWIST1,ZEB2,miR-200c,TGF-beta,SNAI1,ZEB1,GRHL2,OVOL2,CDH1,SNAI2,TWIST2",N,11
3338,"TWIST1,ZEB2,miR-200c,TGF-beta,SNAI1,ZEB1,OVOL2,NP63,SNAI2,TWIST2",N,10
3339,"TWIST1,ZEB2,miR-200c,TGF-beta,SNAI1,ZEB1,OVOL2,SNAI2,TWIST2",N,9
3340,"TWIST1,ZEB2,miR-200c,TGF-beta,SNAI1,ZEB1,OVOL2,CDH1,SNAI2,TWIST2",P,10
3341,"TWIST1,ZEB2,miR-200c,TGF-beta,SNAI1,ZEB1,miR-34a,TWIST2",N,8
3342,"TWIST1,ZEB2,miR-200c,TGF-beta,SNAI1,ZEB1,miR-34a,SNAI2,TWIST2",N,9
3343,"TWIST1,ZEB2,miR-200c,TGF-beta,SNAI1,ZEB1,CDH1,SNAI2,TWIST2",N,9
3344,"TWIST1,ZEB2,miR-200c,TGF-beta,SNAI1",N,5
3345,"TWIST1,ZEB2,miR-200c,TGF-beta,SNAI1,SNAI2,miR-200b,ZEB1,miR-34a,TWIST2",N,10
3346,"TWIST1,ZEB2,miR-200c,TGF-beta,SNAI1,SNAI2,miR-101,ZEB1,miR-34a,TWIST2",P,10
3347,"TWIST1,ZEB2,miR-200c,TGF-beta,SNAI1,SNAI2,TWIST2",P,7
3348,"TWIST1,ZEB2,miR-200c,TGF-beta,SNAI1,CDH1,SNAI2,miR-200b,ZEB1,miR-34a,TWIST2",P,11
3349,"TWIST1,ZEB2,miR-200c,TGF-beta,SNAI1,CDH1,SNAI2,miR-101,ZEB1,miR-34a,TWIST2",N,11
3350,"TWIST1,ZEB2,miR-200c,TGF-beta,SNAI1,CDH1,SNAI2,TWIST2",N,8
3351,"TWIST1,ZEB2,miR-200c,TGF-beta,GSC,ZEB1,CLDN7,CDH1,SNAI2,miR-101,SNAI1,miR-34a,TWIST2",P,13
3352,"TWIST1,ZEB2,miR-200c,TGF-beta,GSC,ZEB1,CLDN7,CDH1,SNAI2,miR-101,SNAI1",P,11
3353,"TWIST1,ZEB2,miR-200c,TGF-beta,GSC,ZEB1,CLDN7,CDH1,SNAI2,TWIST2",N,10
3354,"TWIST1,ZEB2,miR-200c,TGF-beta,GSC,ZEB1,CLDN7,CDH1,SNAI2,TWIST2,SNAI1",P,11
3355,"TWIST1,ZEB2,miR-200c,TGF-beta,GSC,ZEB1,GRHL2,NP63,SNAI2,miR-101,SNAI1,miR-34a,TWIST2",P,13
3356,"TWIST1,ZEB2,miR-200c,TGF-beta,GSC,ZEB1,GRHL2,NP63,SNAI2,miR-101,SNAI1",P,11
3357,"TWIST1,ZEB2,miR-200c,TGF-beta,GSC,ZEB1,GRHL2,NP63,SNAI2,TWIST2",N,10
3358,"TWIST1,ZEB2,miR-200c,TGF-beta,GSC,ZEB1,GRHL2,NP63,SNAI2,TWIST2,SNAI1",P,11
3359,"TWIST1,ZEB2,miR-200c,TGF-beta,GSC,ZEB1,GRHL2,OVOL2,NP63,SNAI2,miR-101,SNAI1,miR-34a,TWIST2",P,14
3360,"TWIST1,ZEB2,miR-200c,TGF-beta,GSC,ZEB1,GRHL2,OVOL2,NP63,SNAI2,miR-101,SNAI1",P,12
3361,"TWIST1,ZEB2,miR-200c,TGF-beta,GSC,ZEB1,GRHL2,OVOL2,NP63,SNAI2,TWIST2",N,11
3362,"TWIST1,ZEB2,miR-200c,TGF-beta,GSC,ZEB1,GRHL2,OVOL2,NP63,SNAI2,TWIST2,SNAI1",P,12
3363,"TWIST1,ZEB2,miR-200c,TGF-beta,GSC,ZEB1,GRHL2,OVOL2,SNAI2,miR-101,SNAI1,miR-34a,TWIST2",P,13
3364,"TWIST1,ZEB2,miR-200c,TGF-beta,GSC,ZEB1,GRHL2,OVOL2,SNAI2,miR-101,SNAI1",P,11
3365,"TWIST1,ZEB2,miR-200c,TGF-beta,GSC,ZEB1,GRHL2,OVOL2,SNAI2,TWIST2",N,10
3366,"TWIST1,ZEB2,miR-200c,TGF-beta,GSC,ZEB1,GRHL2,OVOL2,SNAI2,TWIST2,SNAI1",P,11
3367,"TWIST1,ZEB2,miR-200c,TGF-beta,GSC,ZEB1,GRHL2,OVOL2,CDH1,SNAI2,miR-101,SNAI1,miR-34a,TWIST2",N,14
3368,"TWIST1,ZEB2,miR-200c,TGF-beta,GSC,ZEB1,GRHL2,OVOL2,CDH1,SNAI2,miR-101,SNAI1",N,12
3369,"TWIST1,ZEB2,miR-200c,TGF-beta,GSC,ZEB1,GRHL2,OVOL2,CDH1,SNAI2,TWIST2",P,11
3370,"TWIST1,ZEB2,miR-200c,TGF-beta,GSC,ZEB1,GRHL2,OVOL2,CDH1,SNAI2,TWIST2,SNAI1",N,12
3371,"TWIST1,ZEB2,miR-200c,TGF-beta,GSC,ZEB1,OVOL2,NP63,SNAI2,miR-101,SNAI1,miR-34a,TWIST2",N,13
3372,"TWIST1,ZEB2,miR-200c,TGF-beta,GSC,ZEB1,OVOL2,NP63,SNAI2,miR-101,SNAI1",N,11
3373,"TWIST1,ZEB2,miR-200c,TGF-beta,GSC,ZEB1,OVOL2,NP63,SNAI2,TWIST2",P,10
3374,"TWIST1,ZEB2,miR-200c,TGF-beta,GSC,ZEB1,OVOL2,NP63,SNAI2,TWIST2,SNAI1",N,11
3375,"TWIST1,ZEB2,miR-200c,TGF-beta,GSC,ZEB1,OVOL2,SNAI2,miR-101,SNAI1,miR-34a,TWIST2",N,12
3376,"TWIST1,ZEB2,miR-200c,TGF-beta,GSC,ZEB1,OVOL2,SNAI2,miR-101,SNAI1",N,10
3377,"TWIST1,ZEB2,miR-200c,TGF-beta,GSC,ZEB1,OVOL2,SNAI2,TWIST2",P,9
3378,"TWIST1,ZEB2,miR-200c,TGF-beta,GSC,ZEB1,OVOL2,SNAI2,TWIST2,SNAI1",N,10
3379,"TWIST1,ZEB2,miR-200c,TGF-beta,GSC,ZEB1,OVOL2,CDH1,SNAI2,miR-101,SNAI1,miR-34a,TWIST2",P,13
3380,"TWIST1,ZEB2,miR-200c,TGF-beta,GSC,ZEB1,OVOL2,CDH1,SNAI2,miR-101,SNAI1",P,11
3381,"TWIST1,ZEB2,miR-200c,TGF-beta,GSC,ZEB1,OVOL2,CDH1,SNAI2,TWIST2",N,10
3382,"TWIST1,ZEB2,miR-200c,TGF-beta,GSC,ZEB1,OVOL2,CDH1,SNAI2,TWIST2,SNAI1",P,11
3383,"TWIST1,ZEB2,miR-200c,TGF-beta,GSC,ZEB1,miR-34a,TWIST2",P,8
3384,"TWIST1,ZEB2,miR-200c,TGF-beta,GSC,ZEB1,miR-34a,TWIST2,SNAI2,miR-101,SNAI1",N,11
3385,"TWIST1,ZEB2,miR-200c,TGF-beta,GSC,ZEB1,miR-34a,TWIST2,SNAI1",N,9
3386,"TWIST1,ZEB2,miR-200c,TGF-beta,GSC,ZEB1,miR-34a,TWIST2,CDH1,SNAI2,miR-101,SNAI1",N,12
3387,"TWIST1,ZEB2,miR-200c,TGF-beta,GSC,ZEB1,miR-34a,SNAI2,miR-101,SNAI1",N,10
3388,"TWIST1,ZEB2,miR-200c,TGF-beta,GSC,ZEB1,miR-34a,SNAI2,TWIST2",P,9
3389,"TWIST1,ZEB2,miR-200c,TGF-beta,GSC,ZEB1,miR-34a,SNAI2,TWIST2,SNAI1",N,10
3390,"TWIST1,ZEB2,miR-200c,TGF-beta,GSC,ZEB1,miR-34a,SNAI1",N,8
3391,"TWIST1,ZEB2,miR-200c,TGF-beta,GSC,ZEB1,miR-34a,SNAI1,SNAI2,TWIST2",P,10
3392,"TWIST1,ZEB2,miR-200c,TGF-beta,GSC,ZEB1,miR-34a,SNAI1,CDH1,SNAI2,TWIST2",N,11
3393,"TWIST1,ZEB2,miR-200c,TGF-beta,GSC,ZEB1,CDH1,SNAI2,miR-101,SNAI1,miR-34a,TWIST2",N,12
3394,"TWIST1,ZEB2,miR-200c,TGF-beta,GSC,ZEB1,CDH1,SNAI2,miR-101,SNAI1",N,10
3395,"TWIST1,ZEB2,miR-200c,TGF-beta,GSC,ZEB1,CDH1,SNAI2,TWIST2",P,9
3396,"TWIST1,ZEB2,miR-200c,TGF-beta,GSC,ZEB1,CDH1,SNAI2,TWIST2,SNAI1",N,10
3397,"TWIST1,ZEB2,miR-200c,TGF-beta,GSC",N,5
3398,"TWIST1,ZEB2,miR-200c,TGF-beta,GSC,SNAI1,miR-101,ZEB1,CLDN7,CDH1,SNAI2,TWIST2",P,12
3399,"TWIST1,ZEB2,miR-200c,TGF-beta,GSC,SNAI1,miR-101,ZEB1,GRHL2,NP63,SNAI2,TWIST2",P,12
3400,"TWIST1,ZEB2,miR-200c,TGF-beta,GSC,SNAI1,miR-101,ZEB1,GRHL2,OVOL2,NP63,SNAI2,TWIST2",P,13
3401,"TWIST1,ZEB2,miR-200c,TGF-beta,GSC,SNAI1,miR-101,ZEB1,GRHL2,OVOL2,SNAI2,TWIST2",P,12
3402,"TWIST1,ZEB2,miR-200c,TGF-beta,GSC,SNAI1,miR-101,ZEB1,GRHL2,OVOL2,CDH1,SNAI2,TWIST2",N,13
3403,"TWIST1,ZEB2,miR-200c,TGF-beta,GSC,SNAI1,miR-101,ZEB1,OVOL2,NP63,SNAI2,TWIST2",N,12
3404,"TWIST1,ZEB2,miR-200c,TGF-beta,GSC,SNAI1,miR-101,ZEB1,OVOL2,SNAI2,TWIST2",N,11
3405,"TWIST1,ZEB2,miR-200c,TGF-beta,GSC,SNAI1,miR-101,ZEB1,OVOL2,CDH1,SNAI2,TWIST2",P,12
3406,"TWIST1,ZEB2,miR-200c,TGF-beta,GSC,SNAI1,miR-101,ZEB1,miR-34a,TWIST2",N,10
3407,"TWIST1,ZEB2,miR-200c,TGF-beta,GSC,SNAI1,miR-101,ZEB1,miR-34a,SNAI2,TWIST2",N,11
3408,"TWIST1,ZEB2,miR-200c,TGF-beta,GSC,SNAI1,miR-101,ZEB1,CDH1,SNAI2,TWIST2",N,11
3409,"TWIST1,ZEB2,miR-200c,TGF-beta,GSC,SNAI1,miR-34a,ZEB1,CLDN7,CDH1,SNAI2,TWIST2",N,12
3410,"TWIST1,ZEB2,miR-200c,TGF-beta,GSC,SNAI1,miR-34a,ZEB1,GRHL2,NP63,SNAI2,TWIST2",N,12
3411,"TWIST1,ZEB2,miR-200c,TGF-beta,GSC,SNAI1,miR-34a,ZEB1,GRHL2,OVOL2,NP63,SNAI2,TWIST2",N,13
3412,"TWIST1,ZEB2,miR-200c,TGF-beta,GSC,SNAI1,miR-34a,ZEB1,GRHL2,OVOL2,SNAI2,TWIST2",N,12
3413,"TWIST1,ZEB2,miR-200c,TGF-beta,GSC,SNAI1,miR-34a,ZEB1,GRHL2,OVOL2,CDH1,SNAI2,TWIST2",P,13
3414,"TWIST1,ZEB2,miR-200c,TGF-beta,GSC,SNAI1,miR-34a,ZEB1,OVOL2,NP63,SNAI2,TWIST2",P,12
3415,"TWIST1,ZEB2,miR-200c,TGF-beta,GSC,SNAI1,miR-34a,ZEB1,OVOL2,SNAI2,TWIST2",P,11
3416,"TWIST1,ZEB2,miR-200c,TGF-beta,GSC,SNAI1,miR-34a,ZEB1,OVOL2,CDH1,SNAI2,TWIST2",N,12
3417,"TWIST1,ZEB2,miR-200c,TGF-beta,GSC,SNAI1,miR-34a,ZEB1,CDH1,SNAI2,TWIST2",P,11
3418,"TWIST1,ZEB2,miR-200c,TGF-beta,GSC,SNAI1,miR-34a,TWIST2",P,8
3419,"TWIST1,ZEB2,miR-200c,TGF-beta,GSC,SNAI1,miR-34a,SNAI2,TWIST2",P,9
3420,"TWIST1,ZEB2,miR-200c,TGF-beta,GSC,SNAI1,ZEB1,CLDN7,CDH1,SNAI2,TWIST2",N,11
3421,"TWIST1,ZEB2,miR-200c,TGF-beta,GSC,SNAI1,ZEB1,GRHL2,NP63,SNAI2,TWIST2",N,11
3422,"TWIST1,ZEB2,miR-200c,TGF-beta,GSC,SNAI1,ZEB1,GRHL2,OVOL2,NP63,SNAI2,TWIST2",N,12
3423,"TWIST1,ZEB2,miR-200c,TGF-beta,GSC,SNAI1,ZEB1,GRHL2,OVOL2,SNAI2,TWIST2",N,11
3424,"TWIST1,ZEB2,miR-200c,TGF-beta,GSC,SNAI1,ZEB1,GRHL2,OVOL2,CDH1,SNAI2,TWIST2",P,12
3425,"TWIST1,ZEB2,miR-200c,TGF-beta,GSC,SNAI1,ZEB1,OVOL2,NP63,SNAI2,TWIST2",P,11
3426,"TWIST1,ZEB2,miR-200c,TGF-beta,GSC,SNAI1,ZEB1,OVOL2,SNAI2,TWIST2",P,10
3427,"TWIST1,ZEB2,miR-200c,TGF-beta,GSC,SNAI1,ZEB1,OVOL2,CDH1,SNAI2,TWIST2",N,11
3428,"TWIST1,ZEB2,miR-200c,TGF-beta,GSC,SNAI1,ZEB1,miR-34a,TWIST2",P,9
3429,"TWIST1,ZEB2,miR-200c,TGF-beta,GSC,SNAI1,ZEB1,miR-34a,SNAI2,TWIST2",P,10
3430,"TWIST1,ZEB2,miR-200c,TGF-beta,GSC,SNAI1,ZEB1,CDH1,SNAI2,TWIST2",P,10
3431,"TWIST1,ZEB2,miR-200c,TGF-beta,GSC,SNAI1",P,6
3432,"TWIST1,ZEB2,miR-200c,TGF-beta,GSC,SNAI1,SNAI2,miR-200b,ZEB1,miR-34a,TWIST2",P,11
3433,"TWIST1,ZEB2,miR-200c,TGF-beta,GSC,SNAI1,SNAI2,miR-101,ZEB1,miR-34a,TWIST2",N,11
3434,"TWIST1,ZEB2,miR-200c,TGF-beta,GSC,SNAI1,SNAI2,TWIST2",N,8
3435,"TWIST1,ZEB2,miR-200c,TGF-beta,GSC,SNAI1,CDH1,SNAI2,miR-200b,ZEB1,miR-34a,TWIST2",N,12
3436,"TWIST1,ZEB2,miR-200c,TGF-beta,GSC,SNAI1,CDH1,SNAI2,miR-101,ZEB1,miR-34a,TWIST2",P,12
3437,"TWIST1,ZEB2,miR-200c,TGF-beta,GSC,SNAI1,CDH1,SNAI2,TWIST2",P,9
3438,"TWIST1,ZEB2,miR-200c,ZEB1,CLDN7,CDH1,SNAI2,miR-200b,TGF-beta,SNAI1,miR-34a,TWIST2",P,12
3439,"TWIST1,ZEB2,miR-200c,ZEB1,CLDN7,CDH1,SNAI2,miR-200b,TGF-beta,SNAI1",P,10
3440,"TWIST1,ZEB2,miR-200c,ZEB1,CLDN7,CDH1,SNAI2,miR-200b,TGF-beta,GSC",P,10
3441,"TWIST1,ZEB2,miR-200c,ZEB1,CLDN7,CDH1,SNAI2,miR-200b,TGF-beta,GSC,SNAI1,miR-34a,TWIST2",N,13
3442,"TWIST1,ZEB2,miR-200c,ZEB1,CLDN7,CDH1,SNAI2,miR-200b,TGF-beta,GSC,SNAI1",N,11
3443,"TWIST1,ZEB2,miR-200c,ZEB1,CLDN7,CDH1,SNAI2,miR-101,SNAI1,miR-34a,TWIST2",P,11
3444,"TWIST1,ZEB2,miR-200c,ZEB1,CLDN7,CDH1,SNAI2,miR-101,SNAI1",P,9
3445,"TWIST1,ZEB2,miR-200c,ZEB1,CLDN7,CDH1,SNAI2,TWIST2",N,8
3446,"TWIST1,ZEB2,miR-200c,ZEB1,CLDN7,CDH1,SNAI2,TWIST2,SNAI1",P,9
3447,"TWIST1,ZEB2,miR-200c,ZEB1,GRHL2,NP63,SNAI2,miR-200b,TGF-beta,SNAI1,miR-34a,TWIST2",P,12
3448,"TWIST1,ZEB2,miR-200c,ZEB1,GRHL2,NP63,SNAI2,miR-200b,TGF-beta,SNAI1",P,10
3449,"TWIST1,ZEB2,miR-200c,ZEB1,GRHL2,NP63,SNAI2,miR-200b,TGF-beta,GSC",P,10
3450,"TWIST1,ZEB2,miR-200c,ZEB1,GRHL2,NP63,SNAI2,miR-200b,TGF-beta,GSC,SNAI1,miR-34a,TWIST2",N,13
3451,"TWIST1,ZEB2,miR-200c,ZEB1,GRHL2,NP63,SNAI2,miR-200b,TGF-beta,GSC,SNAI1",N,11
3452,"TWIST1,ZEB2,miR-200c,ZEB1,GRHL2,NP63,SNAI2,miR-101,SNAI1,miR-34a,TWIST2",P,11
3453,"TWIST1,ZEB2,miR-200c,ZEB1,GRHL2,NP63,SNAI2,miR-101,SNAI1",P,9
3454,"TWIST1,ZEB2,miR-200c,ZEB1,GRHL2,NP63,SNAI2,TWIST2",N,8
3455,"TWIST1,ZEB2,miR-200c,ZEB1,GRHL2,NP63,SNAI2,TWIST2,SNAI1",P,9
3456,"TWIST1,ZEB2,miR-200c,ZEB1,GRHL2,OVOL2,TGF-beta,SNAI2,miR-101,SNAI1,miR-34a,TWIST2",P,12
3457,"TWIST1,ZEB2,miR-200c,ZEB1,GRHL2,OVOL2,TGF-beta,SNAI2,miR-101,SNAI1",P,10
3458,"TWIST1,ZEB2,miR-200c,ZEB1,GRHL2,OVOL2,TGF-beta,SNAI2,TWIST2",N,9
3459,"TWIST1,ZEB2,miR-200c,ZEB1,GRHL2,OVOL2,TGF-beta,SNAI2,TWIST2,SNAI1",P,10
3460,"TWIST1,ZEB2,miR-200c,ZEB1,GRHL2,OVOL2,TGF-beta,SNAI1,miR-34a,TWIST2",N,10
3461,"TWIST1,ZEB2,miR-200c,ZEB1,GRHL2,OVOL2,TGF-beta,SNAI1,miR-34a,SNAI2,TWIST2",N,11
3462,"TWIST1,ZEB2,miR-200c,ZEB1,GRHL2,OVOL2,TGF-beta,SNAI1",N,8
3463,"TWIST1,ZEB2,miR-200c,ZEB1,GRHL2,OVOL2,TGF-beta,SNAI1,SNAI2,TWIST2",P,10
3464,"TWIST1,ZEB2,miR-200c,ZEB1,GRHL2,OVOL2,TGF-beta,SNAI1,CDH1,SNAI2,TWIST2",N,11
3465,"TWIST1,ZEB2,miR-200c,ZEB1,GRHL2,OVOL2,TGF-beta,GSC",N,8
3466,"TWIST1,ZEB2,miR-200c,ZEB1,GRHL2,OVOL2,TGF-beta,GSC,SNAI1,miR-34a,TWIST2",P,11
3467,"TWIST1,ZEB2,miR-200c,ZEB1,GRHL2,OVOL2,TGF-beta,GSC,SNAI1,miR-34a,SNAI2,TWIST2",P,12
3468,"TWIST1,ZEB2,miR-200c,ZEB1,GRHL2,OVOL2,TGF-beta,GSC,SNAI1",P,9
3469,"TWIST1,ZEB2,miR-200c,ZEB1,GRHL2,OVOL2,TGF-beta,GSC,SNAI1,SNAI2,TWIST2",N,11
3470,"TWIST1,ZEB2,miR-200c,ZEB1,GRHL2,OVOL2,TGF-beta,GSC,SNAI1,CDH1,SNAI2,TWIST2",P,12
3471,"TWIST1,ZEB2,miR-200c,ZEB1,GRHL2,OVOL2,NP63,SNAI2,miR-200b,TGF-beta,SNAI1,miR-34a,TWIST2",P,13
3472,"TWIST1,ZEB2,miR-200c,ZEB1,GRHL2,OVOL2,NP63,SNAI2,miR-200b,TGF-beta,SNAI1",P,11
3473,"TWIST1,ZEB2,miR-200c,ZEB1,GRHL2,OVOL2,NP63,SNAI2,miR-200b,TGF-beta,GSC",P,11
3474,"TWIST1,ZEB2,miR-200c,ZEB1,GRHL2,OVOL2,NP63,SNAI2,miR-200b,TGF-beta,GSC,SNAI1,miR-34a,TWIST2",N,14
3475,"TWIST1,ZEB2,miR-200c,ZEB1,GRHL2,OVOL2,NP63,SNAI2,miR-200b,TGF-beta,GSC,SNAI1",N,12
3476,"TWIST1,ZEB2,miR-200c,ZEB1,GRHL2,OVOL2,NP63,SNAI2,miR-101,SNAI1,miR-34a,TWIST2",P,12
3477,"TWIST1,ZEB2,miR-200c,ZEB1,GRHL2,OVOL2,NP63,SNAI2,miR-101,SNAI1",P,10
3478,"TWIST1,ZEB2,miR-200c,ZEB1,GRHL2,OVOL2,NP63,SNAI2,TWIST2",N,9
3479,"TWIST1,ZEB2,miR-200c,ZEB1,GRHL2,OVOL2,NP63,SNAI2,TWIST2,SNAI1",P,10
3480,"TWIST1,ZEB2,miR-200c,ZEB1,GRHL2,OVOL2,SNAI2,miR-200b,TGF-beta,SNAI1,miR-34a,TWIST2",P,12
3481,"TWIST1,ZEB2,miR-200c,ZEB1,GRHL2,OVOL2,SNAI2,miR-200b,TGF-beta,SNAI1",P,10
3482,"TWIST1,ZEB2,miR-200c,ZEB1,GRHL2,OVOL2,SNAI2,miR-200b,TGF-beta,GSC",P,10
3483,"TWIST1,ZEB2,miR-200c,ZEB1,GRHL2,OVOL2,SNAI2,miR-200b,TGF-beta,GSC,SNAI1,miR-34a,TWIST2",N,13
3484,"TWIST1,ZEB2,miR-200c,ZEB1,GRHL2,OVOL2,SNAI2,miR-200b,TGF-beta,GSC,SNAI1",N,11
3485,"TWIST1,ZEB2,miR-200c,ZEB1,GRHL2,OVOL2,SNAI2,miR-101,SNAI1,miR-34a,TWIST2",P,11
3486,"TWIST1,ZEB2,miR-200c,ZEB1,GRHL2,OVOL2,SNAI2,miR-101,SNAI1",P,9
3487,"TWIST1,ZEB2,miR-200c,ZEB1,GRHL2,OVOL2,SNAI2,TWIST2",N,8
3488,"TWIST1,ZEB2,miR-200c,ZEB1,GRHL2,OVOL2,SNAI2,TWIST2,SNAI1",P,9
3489,"TWIST1,ZEB2,miR-200c,ZEB1,GRHL2,OVOL2,CDH1,SNAI2,miR-200b,TGF-beta,SNAI1,miR-34a,TWIST2",N,13
3490,"TWIST1,ZEB2,miR-200c,ZEB1,GRHL2,OVOL2,CDH1,SNAI2,miR-200b,TGF-beta,SNAI1",N,11
3491,"TWIST1,ZEB2,miR-200c,ZEB1,GRHL2,OVOL2,CDH1,SNAI2,miR-200b,TGF-beta,GSC",N,11
3492,"TWIST1,ZEB2,miR-200c,ZEB1,GRHL2,OVOL2,CDH1,SNAI2,miR-200b,TGF-beta,GSC,SNAI1,miR-34a,TWIST2",P,14
3493,"TWIST1,ZEB2,miR-200c,ZEB1,GRHL2,OVOL2,CDH1,SNAI2,miR-200b,TGF-beta,GSC,SNAI1",P,12
3494,"TWIST1,ZEB2,miR-200c,ZEB1,GRHL2,OVOL2,CDH1,SNAI2,miR-101,SNAI1,miR-34a,TWIST2",N,12
3495,"TWIST1,ZEB2,miR-200c,ZEB1,GRHL2,OVOL2,CDH1,SNAI2,miR-101,SNAI1",N,10
3496,"TWIST1,ZEB2,miR-200c,ZEB1,GRHL2,OVOL2,CDH1,SNAI2,TWIST2",P,9
3497,"TWIST1,ZEB2,miR-200c,ZEB1,GRHL2,OVOL2,CDH1,SNAI2,TWIST2,SNAI1",N,10
3498,"TWIST1,ZEB2,miR-200c,ZEB1,OVOL2,TGF-beta,SNAI2,miR-101,SNAI1,miR-34a,TWIST2",N,11
3499,"TWIST1,ZEB2,miR-200c,ZEB1,OVOL2,TGF-beta,SNAI2,miR-101,SNAI1",N,9
3500,"TWIST1,ZEB2,miR-200c,ZEB1,OVOL2,TGF-beta,SNAI2,TWIST2",P,8
3501,"TWIST1,ZEB2,miR-200c,ZEB1,OVOL2,TGF-beta,SNAI2,TWIST2,SNAI1",N,9
3502,"TWIST1,ZEB2,miR-200c,ZEB1,OVOL2,TGF-beta,SNAI1,miR-34a,TWIST2",P,9
3503,"TWIST1,ZEB2,miR-200c,ZEB1,OVOL2,TGF-beta,SNAI1,miR-34a,SNAI2,TWIST2",P,10
3504,"TWIST1,ZEB2,miR-200c,ZEB1,OVOL2,TGF-beta,SNAI1",P,7
3505,"TWIST1,ZEB2,miR-200c,ZEB1,OVOL2,TGF-beta,SNAI1,SNAI2,TWIST2",N,9
3506,"TWIST1,ZEB2,miR-200c,ZEB1,OVOL2,TGF-beta,SNAI1,CDH1,SNAI2,TWIST2",P,10
3507,"TWIST1,ZEB2,miR-200c,ZEB1,OVOL2,TGF-beta,GSC",P,7
3508,"TWIST1,ZEB2,miR-200c,ZEB1,OVOL2,TGF-beta,GSC,SNAI1,miR-34a,TWIST2",N,10
3509,"TWIST1,ZEB2,miR-200c,ZEB1,OVOL2,TGF-beta,GSC,SNAI1,miR-34a,SNAI2,TWIST2",N,11
3510,"TWIST1,ZEB2,miR-200c,ZEB1,OVOL2,TGF-beta,GSC,SNAI1",N,8
3511,"TWIST1,ZEB2,miR-200c,ZEB1,OVOL2,TGF-beta,GSC,SNAI1,SNAI2,TWIST2",P,10
3512,"TWIST1,ZEB2,miR-200c,ZEB1,OVOL2,TGF-beta,GSC,SNAI1,CDH1,SNAI2,TWIST2",N,11
3513,"TWIST1,ZEB2,miR-200c,ZEB1,OVOL2,NP63,SNAI2,miR-200b,TGF-beta,SNAI1,miR-34a,TWIST2",N,12
3514,"TWIST1,ZEB2,miR-200c,ZEB1,OVOL2,NP63,SNAI2,miR-200b,TGF-beta,SNAI1",N,10
3515,"TWIST1,ZEB2,miR-200c,ZEB1,OVOL2,NP63,SNAI2,miR-200b,TGF-beta,GSC",N,10
3516,"TWIST1,ZEB2,miR-200c,ZEB1,OVOL2,NP63,SNAI2,miR-200b,TGF-beta,GSC,SNAI1,miR-34a,TWIST2",P,13
3517,"TWIST1,ZEB2,miR-200c,ZEB1,OVOL2,NP63,SNAI2,miR-200b,TGF-beta,GSC,SNAI1",P,11
3518,"TWIST1,ZEB2,miR-200c,ZEB1,OVOL2,NP63,SNAI2,miR-101,SNAI1,miR-34a,TWIST2",N,11
3519,"TWIST1,ZEB2,miR-200c,ZEB1,OVOL2,NP63,SNAI2,miR-101,SNAI1",N,9
3520,"TWIST1,ZEB2,miR-200c,ZEB1,OVOL2,NP63,SNAI2,TWIST2",P,8
3521,"TWIST1,ZEB2,miR-200c,ZEB1,OVOL2,NP63,SNAI2,TWIST2,SNAI1",N,9
3522,"TWIST1,ZEB2,miR-200c,ZEB1,OVOL2,SNAI2,miR-200b,TGF-beta,SNAI1,miR-34a,TWIST2",N,11
3523,"TWIST1,ZEB2,miR-200c,ZEB1,OVOL2,SNAI2,miR-200b,TGF-beta,SNAI1",N,9
3524,"TWIST1,ZEB2,miR-200c,ZEB1,OVOL2,SNAI2,miR-200b,TGF-beta,GSC",N,9
3525,"TWIST1,ZEB2,miR-200c,ZEB1,OVOL2,SNAI2,miR-200b,TGF-beta,GSC,SNAI1,miR-34a,TWIST2",P,12
3526,"TWIST1,ZEB2,miR-200c,ZEB1,OVOL2,SNAI2,miR-200b,TGF-beta,GSC,SNAI1",P,10
3527,"TWIST1,ZEB2,miR-200c,ZEB1,OVOL2,SNAI2,miR-101,SNAI1,miR-34a,TWIST2",N,10
3528,"TWIST1,ZEB2,miR-200c,ZEB1,OVOL2,SNAI2,miR-101,SNAI1",N,8
3529,"TWIST1,ZEB2,miR-200c,ZEB1,OVOL2,SNAI2,TWIST2",P,7
3530,"TWIST1,ZEB2,miR-200c,ZEB1,OVOL2,SNAI2,TWIST2,SNAI1",N,8
3531,"TWIST1,ZEB2,miR-200c,ZEB1,OVOL2,CDH1,SNAI2,miR-200b,TGF-beta,SNAI1,miR-34a,TWIST2",P,12
3532,"TWIST1,ZEB2,miR-200c,ZEB1,OVOL2,CDH1,SNAI2,miR-200b,TGF-beta,SNAI1",P,10
3533,"TWIST1,ZEB2,miR-200c,ZEB1,OVOL2,CDH1,SNAI2,miR-200b,TGF-beta,GSC",P,10
3534,"TWIST1,ZEB2,miR-200c,ZEB1,OVOL2,CDH1,SNAI2,miR-200b,TGF-beta,GSC,SNAI1,miR-34a,TWIST2",N,13
3535,"TWIST1,ZEB2,miR-200c,ZEB1,OVOL2,CDH1,SNAI2,miR-200b,TGF-beta,GSC,SNAI1",N,11
3536,"TWIST1,ZEB2,miR-200c,ZEB1,OVOL2,CDH1,SNAI2,miR-101,SNAI1,miR-34a,TWIST2",P,11
3537,"TWIST1,ZEB2,miR-200c,ZEB1,OVOL2,CDH1,SNAI2,miR-101,SNAI1",P,9
3538,"TWIST1,ZEB2,miR-200c,ZEB1,OVOL2,CDH1,SNAI2,TWIST2",N,8
3539,"TWIST1,ZEB2,miR-200c,ZEB1,OVOL2,CDH1,SNAI2,TWIST2,SNAI1",P,9
3540,"TWIST1,ZEB2,miR-200c,ZEB1,miR-34a,TWIST2",P,6
3541,"TWIST1,ZEB2,miR-200c,ZEB1,miR-34a,TWIST2,SNAI2,miR-200b,TGF-beta,SNAI1",N,10
3542,"TWIST1,ZEB2,miR-200c,ZEB1,miR-34a,TWIST2,SNAI2,miR-200b,TGF-beta,GSC",N,10
3543,"TWIST1,ZEB2,miR-200c,ZEB1,miR-34a,TWIST2,SNAI2,miR-200b,TGF-beta,GSC,SNAI1",P,11
3544,"TWIST1,ZEB2,miR-200c,ZEB1,miR-34a,TWIST2,SNAI2,miR-101,SNAI1",N,9
3545,"TWIST1,ZEB2,miR-200c,ZEB1,miR-34a,TWIST2,SNAI1",N,7
3546,"TWIST1,ZEB2,miR-200c,ZEB1,miR-34a,TWIST2,SNAI1,SNAI2,miR-200b,TGF-beta,GSC",N,11
3547,"TWIST1,ZEB2,miR-200c,ZEB1,miR-34a,TWIST2,SNAI1,CDH1,SNAI2,miR-200b,TGF-beta,GSC",P,12
3548,"TWIST1,ZEB2,miR-200c,ZEB1,miR-34a,TWIST2,CDH1,SNAI2,miR-200b,TGF-beta,SNAI1",N,11
3549,"TWIST1,ZEB2,miR-200c,ZEB1,miR-34a,TWIST2,CDH1,SNAI2,miR-200b,TGF-beta,GSC",N,11
3550,"TWIST1,ZEB2,miR-200c,ZEB1,miR-34a,TWIST2,CDH1,SNAI2,miR-200b,TGF-beta,GSC,SNAI1",P,12
3551,"TWIST1,ZEB2,miR-200c,ZEB1,miR-34a,TWIST2,CDH1,SNAI2,miR-101,SNAI1",N,10
3552,"TWIST1,ZEB2,miR-200c,ZEB1,miR-34a,SNAI2,miR-200b,TGF-beta,SNAI1",N,9
3553,"TWIST1,ZEB2,miR-200c,ZEB1,miR-34a,SNAI2,miR-200b,TGF-beta,GSC",N,9
3554,"TWIST1,ZEB2,miR-200c,ZEB1,miR-34a,SNAI2,miR-200b,TGF-beta,GSC,SNAI1",P,10
3555,"TWIST1,ZEB2,miR-200c,ZEB1,miR-34a,SNAI2,miR-101,SNAI1",N,8
3556,"TWIST1,ZEB2,miR-200c,ZEB1,miR-34a,SNAI2,TWIST2",P,7
3557,"TWIST1,ZEB2,miR-200c,ZEB1,miR-34a,SNAI2,TWIST2,SNAI1",N,8
3558,"TWIST1,ZEB2,miR-200c,ZEB1,miR-34a,SNAI1",N,6
3559,"TWIST1,ZEB2,miR-200c,ZEB1,miR-34a,SNAI1,SNAI2,miR-200b,TGF-beta,GSC",N,10
3560,"TWIST1,ZEB2,miR-200c,ZEB1,miR-34a,SNAI1,SNAI2,TWIST2",P,8
3561,"TWIST1,ZEB2,miR-200c,ZEB1,miR-34a,SNAI1,CDH1,SNAI2,miR-200b,TGF-beta,GSC",P,11
3562,"TWIST1,ZEB2,miR-200c,ZEB1,miR-34a,SNAI1,CDH1,SNAI2,TWIST2",N,9
3563,"TWIST1,ZEB2,miR-200c,ZEB1,miR-200a,TGF-beta,SNAI2,miR-101,SNAI1,miR-34a,TWIST2",N,11
3564,"TWIST1,ZEB2,miR-200c,ZEB1,miR-200a,TGF-beta,SNAI2,miR-101,SNAI1",N,9
3565,"TWIST1,ZEB2,miR-200c,ZEB1,miR-200a,TGF-beta,SNAI2,TWIST2",P,8
3566,"TWIST1,ZEB2,miR-200c,ZEB1,miR-200a,TGF-beta,SNAI2,TWIST2,SNAI1",N,9
3567,"TWIST1,ZEB2,miR-200c,ZEB1,miR-200a,TGF-beta,SNAI1,miR-34a,TWIST2",P,9
3568,"TWIST1,ZEB2,miR-200c,ZEB1,miR-200a,TGF-beta,SNAI1,miR-34a,SNAI2,TWIST2",P,10
3569,"TWIST1,ZEB2,miR-200c,ZEB1,miR-200a,TGF-beta,SNAI1",P,7
3570,"TWIST1,ZEB2,miR-200c,ZEB1,miR-200a,TGF-beta,SNAI1,SNAI2,TWIST2",N,9
3571,"TWIST1,ZEB2,miR-200c,ZEB1,miR-200a,TGF-beta,SNAI1,CDH1,SNAI2,TWIST2",P,10
3572,"TWIST1,ZEB2,miR-200c,ZEB1,miR-200a,TGF-beta,GSC",P,7
3573,"TWIST1,ZEB2,miR-200c,ZEB1,miR-200a,TGF-beta,GSC,SNAI1,miR-34a,TWIST2",N,10
3574,"TWIST1,ZEB2,miR-200c,ZEB1,miR-200a,TGF-beta,GSC,SNAI1,miR-34a,SNAI2,TWIST2",N,11
3575,"TWIST1,ZEB2,miR-200c,ZEB1,miR-200a,TGF-beta,GSC,SNAI1",N,8
3576,"TWIST1,ZEB2,miR-200c,ZEB1,miR-200a,TGF-beta,GSC,SNAI1,SNAI2,TWIST2",P,10
3577,"TWIST1,ZEB2,miR-200c,ZEB1,miR-200a,TGF-beta,GSC,SNAI1,CDH1,SNAI2,TWIST2",N,11
3578,"TWIST1,ZEB2,miR-200c,ZEB1,miR-200b,TGF-beta,SNAI2,miR-101,SNAI1,miR-34a,TWIST2",N,11
3579,"TWIST1,ZEB2,miR-200c,ZEB1,miR-200b,TGF-beta,SNAI2,miR-101,SNAI1",N,9
3580,"TWIST1,ZEB2,miR-200c,ZEB1,miR-200b,TGF-beta,SNAI2,TWIST2",P,8
3581,"TWIST1,ZEB2,miR-200c,ZEB1,miR-200b,TGF-beta,SNAI2,TWIST2,SNAI1",N,9
3582,"TWIST1,ZEB2,miR-200c,ZEB1,miR-200b,TGF-beta,SNAI1,miR-34a,TWIST2",P,9
3583,"TWIST1,ZEB2,miR-200c,ZEB1,miR-200b,TGF-beta,SNAI1,miR-34a,SNAI2,TWIST2",P,10
3584,"TWIST1,ZEB2,miR-200c,ZEB1,miR-200b,TGF-beta,SNAI1",P,7
3585,"TWIST1,ZEB2,miR-200c,ZEB1,miR-200b,TGF-beta,SNAI1,SNAI2,TWIST2",N,9
3586,"TWIST1,ZEB2,miR-200c,ZEB1,miR-200b,TGF-beta,SNAI1,CDH1,SNAI2,TWIST2",P,10
3587,"TWIST1,ZEB2,miR-200c,ZEB1,miR-200b,TGF-beta,GSC",P,7
3588,"TWIST1,ZEB2,miR-200c,ZEB1,miR-200b,TGF-beta,GSC,SNAI1,miR-34a,TWIST2",N,10
3589,"TWIST1,ZEB2,miR-200c,ZEB1,miR-200b,TGF-beta,GSC,SNAI1,miR-34a,SNAI2,TWIST2",N,11
3590,"TWIST1,ZEB2,miR-200c,ZEB1,miR-200b,TGF-beta,GSC,SNAI1",N,8
3591,"TWIST1,ZEB2,miR-200c,ZEB1,miR-200b,TGF-beta,GSC,SNAI1,SNAI2,TWIST2",P,10
3592,"TWIST1,ZEB2,miR-200c,ZEB1,miR-200b,TGF-beta,GSC,SNAI1,CDH1,SNAI2,TWIST2",N,11
3593,"TWIST1,ZEB2,miR-200c,ZEB1,miR-141,TGF-beta,SNAI2,miR-101,SNAI1,miR-34a,TWIST2",N,11
3594,"TWIST1,ZEB2,miR-200c,ZEB1,miR-141,TGF-beta,SNAI2,miR-101,SNAI1",N,9
3595,"TWIST1,ZEB2,miR-200c,ZEB1,miR-141,TGF-beta,SNAI2,TWIST2",P,8
3596,"TWIST1,ZEB2,miR-200c,ZEB1,miR-141,TGF-beta,SNAI2,TWIST2,SNAI1",N,9
3597,"TWIST1,ZEB2,miR-200c,ZEB1,miR-141,TGF-beta,SNAI1,miR-34a,TWIST2",P,9
3598,"TWIST1,ZEB2,miR-200c,ZEB1,miR-141,TGF-beta,SNAI1,miR-34a,SNAI2,TWIST2",P,10
3599,"TWIST1,ZEB2,miR-200c,ZEB1,miR-141,TGF-beta,SNAI1",P,7
3600,"TWIST1,ZEB2,miR-200c,ZEB1,miR-141,TGF-beta,SNAI1,SNAI2,TWIST2",N,9
3601,"TWIST1,ZEB2,miR-200c,ZEB1,miR-141,TGF-beta,SNAI1,CDH1,SNAI2,TWIST2",P,10
3602,"TWIST1,ZEB2,miR-200c,ZEB1,miR-141,TGF-beta,GSC",P,7
3603,"TWIST1,ZEB2,miR-200c,ZEB1,miR-141,TGF-beta,GSC,SNAI1,miR-34a,TWIST2",N,10
3604,"TWIST1,ZEB2,miR-200c,ZEB1,miR-141,TGF-beta,GSC,SNAI1,miR-34a,SNAI2,TWIST2",N,11
3605,"TWIST1,ZEB2,miR-200c,ZEB1,miR-141,TGF-beta,GSC,SNAI1",N,8
3606,"TWIST1,ZEB2,miR-200c,ZEB1,miR-141,TGF-beta,GSC,SNAI1,SNAI2,TWIST2",P,10
3607,"TWIST1,ZEB2,miR-200c,ZEB1,miR-141,TGF-beta,GSC,SNAI1,CDH1,SNAI2,TWIST2",N,11
3608,"TWIST1,ZEB2,miR-200c,ZEB1,CDH1,SNAI2,miR-200b,TGF-beta,SNAI1,miR-34a,TWIST2",N,11
3609,"TWIST1,ZEB2,miR-200c,ZEB1,CDH1,SNAI2,miR-200b,TGF-beta,SNAI1",N,9
3610,"TWIST1,ZEB2,miR-200c,ZEB1,CDH1,SNAI2,miR-200b,TGF-beta,GSC",N,9
3611,"TWIST1,ZEB2,miR-200c,ZEB1,CDH1,SNAI2,miR-200b,TGF-beta,GSC,SNAI1,miR-34a,TWIST2",P,12
3612,"TWIST1,ZEB2,miR-200c,ZEB1,CDH1,SNAI2,miR-200b,TGF-beta,GSC,SNAI1",P,10
3613,"TWIST1,ZEB2,miR-200c,ZEB1,CDH1,SNAI2,miR-101,SNAI1,miR-34a,TWIST2",N,10
3614,"TWIST1,ZEB2,miR-200c,ZEB1,CDH1,SNAI2,miR-101,SNAI1",N,8
3615,"TWIST1,ZEB2,miR-200c,ZEB1,CDH1,SNAI2,TWIST2",P,7
3616,"TWIST1,ZEB2,miR-200c,ZEB1,CDH1,SNAI2,TWIST2,SNAI1",N,8
3617,"TWIST1,ZEB2,miR-200b,TGF-beta,SNAI2,miR-101,SNAI1,miR-34a,TWIST2",N,9
3618,"TWIST1,ZEB2,miR-200b,TGF-beta,SNAI2,miR-101,SNAI1,ZEB1,miR-34a,TWIST2",N,10
3619,"TWIST1,ZEB2,miR-200b,TGF-beta,SNAI2,miR-101,SNAI1",N,7
3620,"TWIST1,ZEB2,miR-200b,TGF-beta,SNAI2,miR-101,ZEB1,miR-34a,TWIST2",P,9
3621,"TWIST1,ZEB2,miR-200b,TGF-beta,SNAI2,miR-101,ZEB1,miR-34a,TWIST2,SNAI1",N,10
3622,"TWIST1,ZEB2,miR-200b,TGF-beta,SNAI2,miR-101,ZEB1,miR-34a,SNAI1",N,9
3623,"TWIST1,ZEB2,miR-200b,TGF-beta,SNAI2,TWIST2,ZEB1,miR-34a,SNAI1",N,9
3624,"TWIST1,ZEB2,miR-200b,TGF-beta,SNAI2,TWIST2",P,6
3625,"TWIST1,ZEB2,miR-200b,TGF-beta,SNAI2,TWIST2,SNAI1",N,7
3626,"TWIST1,ZEB2,miR-200b,TGF-beta,SNAI1,miR-101,ZEB1,CLDN7,CDH1,SNAI2,TWIST2",P,11
3627,"TWIST1,ZEB2,miR-200b,TGF-beta,SNAI1,miR-101,ZEB1,GRHL2,NP63,SNAI2,TWIST2",P,11
3628,"TWIST1,ZEB2,miR-200b,TGF-beta,SNAI1,miR-101,ZEB1,GRHL2,OVOL2,NP63,SNAI2,TWIST2",P,12
3629,"TWIST1,ZEB2,miR-200b,TGF-beta,SNAI1,miR-101,ZEB1,GRHL2,OVOL2,SNAI2,TWIST2",P,11
3630,"TWIST1,ZEB2,miR-200b,TGF-beta,SNAI1,miR-101,ZEB1,GRHL2,OVOL2,CDH1,SNAI2,TWIST2",N,12
3631,"TWIST1,ZEB2,miR-200b,TGF-beta,SNAI1,miR-101,ZEB1,OVOL2,NP63,SNAI2,TWIST2",N,11
3632,"TWIST1,ZEB2,miR-200b,TGF-beta,SNAI1,miR-101,ZEB1,OVOL2,SNAI2,TWIST2",N,10
3633,"TWIST1,ZEB2,miR-200b,TGF-beta,SNAI1,miR-101,ZEB1,OVOL2,CDH1,SNAI2,TWIST2",P,11
3634,"TWIST1,ZEB2,miR-200b,TGF-beta,SNAI1,miR-101,ZEB1,miR-34a,TWIST2",N,9
3635,"TWIST1,ZEB2,miR-200b,TGF-beta,SNAI1,miR-101,ZEB1,miR-34a,SNAI2,TWIST2",N,10
3636,"TWIST1,ZEB2,miR-200b,TGF-beta,SNAI1,miR-101,ZEB1,CDH1,SNAI2,TWIST2",N,10
3637,"TWIST1,ZEB2,miR-200b,TGF-beta,SNAI1,miR-34a,ZEB1,CLDN7,CDH1,SNAI2,TWIST2",N,11
3638,"TWIST1,ZEB2,miR-200b,TGF-beta,SNAI1,miR-34a,ZEB1,GRHL2,NP63,SNAI2,TWIST2",N,11
3639,"TWIST1,ZEB2,miR-200b,TGF-beta,SNAI1,miR-34a,ZEB1,GRHL2,OVOL2,NP63,SNAI2,TWIST2",N,12
3640,"TWIST1,ZEB2,miR-200b,TGF-beta,SNAI1,miR-34a,ZEB1,GRHL2,OVOL2,SNAI2,TWIST2",N,11
3641,"TWIST1,ZEB2,miR-200b,TGF-beta,SNAI1,miR-34a,ZEB1,GRHL2,OVOL2,CDH1,SNAI2,TWIST2",P,12
3642,"TWIST1,ZEB2,miR-200b,TGF-beta,SNAI1,miR-34a,ZEB1,OVOL2,NP63,SNAI2,TWIST2",P,11
3643,"TWIST1,ZEB2,miR-200b,TGF-beta,SNAI1,miR-34a,ZEB1,OVOL2,SNAI2,TWIST2",P,10
3644,"TWIST1,ZEB2,miR-200b,TGF-beta,SNAI1,miR-34a,ZEB1,OVOL2,CDH1,SNAI2,TWIST2",N,11
3645,"TWIST1,ZEB2,miR-200b,TGF-beta,SNAI1,miR-34a,ZEB1,CDH1,SNAI2,TWIST2",P,10
3646,"TWIST1,ZEB2,miR-200b,TGF-beta,SNAI1,miR-34a,TWIST2",P,7
3647,"TWIST1,ZEB2,miR-200b,TGF-beta,SNAI1,miR-34a,SNAI2,TWIST2",P,8
3648,"TWIST1,ZEB2,miR-200b,TGF-beta,SNAI1,ZEB1,CLDN7,CDH1,SNAI2,TWIST2",N,10
3649,"TWIST1,ZEB2,miR-200b,TGF-beta,SNAI1,ZEB1,GRHL2,NP63,SNAI2,TWIST2",N,10
3650,"TWIST1,ZEB2,miR-200b,TGF-beta,SNAI1,ZEB1,GRHL2,OVOL2,NP63,SNAI2,TWIST2",N,11
3651,"TWIST1,ZEB2,miR-200b,TGF-beta,SNAI1,ZEB1,GRHL2,OVOL2,SNAI2,TWIST2",N,10
3652,"TWIST1,ZEB2,miR-200b,TGF-beta,SNAI1,ZEB1,GRHL2,OVOL2,CDH1,SNAI2,TWIST2",P,11
3653,"TWIST1,ZEB2,miR-200b,TGF-beta,SNAI1,ZEB1,OVOL2,NP63,SNAI2,TWIST2",P,10
3654,"TWIST1,ZEB2,miR-200b,TGF-beta,SNAI1,ZEB1,OVOL2,SNAI2,TWIST2",P,9
3655,"TWIST1,ZEB2,miR-200b,TGF-beta,SNAI1,ZEB1,OVOL2,CDH1,SNAI2,TWIST2",N,10
3656,"TWIST1,ZEB2,miR-200b,TGF-beta,SNAI1,ZEB1,miR-34a,TWIST2",P,8
3657,"TWIST1,ZEB2,miR-200b,TGF-beta,SNAI1,ZEB1,miR-34a,SNAI2,TWIST2",P,9
3658,"TWIST1,ZEB2,miR-200b,TGF-beta,SNAI1,ZEB1,CDH1,SNAI2,TWIST2",P,9
3659,"TWIST1,ZEB2,miR-200b,TGF-beta,SNAI1",P,5
3660,"TWIST1,ZEB2,miR-200b,TGF-beta,SNAI1,SNAI2,miR-101,ZEB1,miR-34a,TWIST2",N,10
3661,"TWIST1,ZEB2,miR-200b,TGF-beta,SNAI1,SNAI2,TWIST2",N,7
3662,"TWIST1,ZEB2,miR-200b,TGF-beta,SNAI1,CDH1,SNAI2,miR-101,ZEB1,miR-34a,TWIST2",P,11
3663,"TWIST1,ZEB2,miR-200b,TGF-beta,SNAI1,CDH1,SNAI2,TWIST2",P,8
3664,"TWIST1,ZEB2,miR-200b,TGF-beta,GSC,ZEB1,CLDN7,CDH1,SNAI2,miR-101,SNAI1,miR-34a,TWIST2",N,13
3665,"TWIST1,ZEB2,miR-200b,TGF-beta,GSC,ZEB1,CLDN7,CDH1,SNAI2,miR-101,SNAI1",N,11
3666,"TWIST1,ZEB2,miR-200b,TGF-beta,GSC,ZEB1,CLDN7,CDH1,SNAI2,TWIST2",P,10
3667,"TWIST1,ZEB2,miR-200b,TGF-beta,GSC,ZEB1,CLDN7,CDH1,SNAI2,TWIST2,SNAI1",N,11
3668,"TWIST1,ZEB2,miR-200b,TGF-beta,GSC,ZEB1,GRHL2,NP63,SNAI2,miR-101,SNAI1,miR-34a,TWIST2",N,13
3669,"TWIST1,ZEB2,miR-200b,TGF-beta,GSC,ZEB1,GRHL2,NP63,SNAI2,miR-101,SNAI1",N,11
3670,"TWIST1,ZEB2,miR-200b,TGF-beta,GSC,ZEB1,GRHL2,NP63,SNAI2,TWIST2",P,10
3671,"TWIST1,ZEB2,miR-200b,TGF-beta,GSC,ZEB1,GRHL2,NP63,SNAI2,TWIST2,SNAI1",N,11
3672,"TWIST1,ZEB2,miR-200b,TGF-beta,GSC,ZEB1,GRHL2,OVOL2,NP63,SNAI2,miR-101,SNAI1,miR-34a,TWIST2",N,14
3673,"TWIST1,ZEB2,miR-200b,TGF-beta,GSC,ZEB1,GRHL2,OVOL2,NP63,SNAI2,miR-101,SNAI1",N,12
3674,"TWIST1,ZEB2,miR-200b,TGF-beta,GSC,ZEB1,GRHL2,OVOL2,NP63,SNAI2,TWIST2",P,11
3675,"TWIST1,ZEB2,miR-200b,TGF-beta,GSC,ZEB1,GRHL2,OVOL2,NP63,SNAI2,TWIST2,SNAI1",N,12
3676,"TWIST1,ZEB2,miR-200b,TGF-beta,GSC,ZEB1,GRHL2,OVOL2,SNAI2,miR-101,SNAI1,miR-34a,TWIST2",N,13
3677,"TWIST1,ZEB2,miR-200b,TGF-beta,GSC,ZEB1,GRHL2,OVOL2,SNAI2,miR-101,SNAI1",N,11
3678,"TWIST1,ZEB2,miR-200b,TGF-beta,GSC,ZEB1,GRHL2,OVOL2,SNAI2,TWIST2",P,10
3679,"TWIST1,ZEB2,miR-200b,TGF-beta,GSC,ZEB1,GRHL2,OVOL2,SNAI2,TWIST2,SNAI1",N,11
3680,"TWIST1,ZEB2,miR-200b,TGF-beta,GSC,ZEB1,GRHL2,OVOL2,CDH1,SNAI2,miR-101,SNAI1,miR-34a,TWIST2",P,14
3681,"TWIST1,ZEB2,miR-200b,TGF-beta,GSC,ZEB1,GRHL2,OVOL2,CDH1,SNAI2,miR-101,SNAI1",P,12
3682,"TWIST1,ZEB2,miR-200b,TGF-beta,GSC,ZEB1,GRHL2,OVOL2,CDH1,SNAI2,TWIST2",N,11
3683,"TWIST1,ZEB2,miR-200b,TGF-beta,GSC,ZEB1,GRHL2,OVOL2,CDH1,SNAI2,TWIST2,SNAI1",P,12
3684,"TWIST1,ZEB2,miR-200b,TGF-beta,GSC,ZEB1,OVOL2,NP63,SNAI2,miR-101,SNAI1,miR-34a,TWIST2",P,13
3685,"TWIST1,ZEB2,miR-200b,TGF-beta,GSC,ZEB1,OVOL2,NP63,SNAI2,miR-101,SNAI1",P,11
3686,"TWIST1,ZEB2,miR-200b,TGF-beta,GSC,ZEB1,OVOL2,NP63,SNAI2,TWIST2",N,10
3687,"TWIST1,ZEB2,miR-200b,TGF-beta,GSC,ZEB1,OVOL2,NP63,SNAI2,TWIST2,SNAI1",P,11
3688,"TWIST1,ZEB2,miR-200b,TGF-beta,GSC,ZEB1,OVOL2,SNAI2,miR-101,SNAI1,miR-34a,TWIST2",P,12
3689,"TWIST1,ZEB2,miR-200b,TGF-beta,GSC,ZEB1,OVOL2,SNAI2,miR-101,SNAI1",P,10
3690,"TWIST1,ZEB2,miR-200b,TGF-beta,GSC,ZEB1,OVOL2,SNAI2,TWIST2",N,9
3691,"TWIST1,ZEB2,miR-200b,TGF-beta,GSC,ZEB1,OVOL2,SNAI2,TWIST2,SNAI1",P,10
3692,"TWIST1,ZEB2,miR-200b,TGF-beta,GSC,ZEB1,OVOL2,CDH1,SNAI2,miR-101,SNAI1,miR-34a,TWIST2",N,13
3693,"TWIST1,ZEB2,miR-200b,TGF-beta,GSC,ZEB1,OVOL2,CDH1,SNAI2,miR-101,SNAI1",N,11
3694,"TWIST1,ZEB2,miR-200b,TGF-beta,GSC,ZEB1,OVOL2,CDH1,SNAI2,TWIST2",P,10
3695,"TWIST1,ZEB2,miR-200b,TGF-beta,GSC,ZEB1,OVOL2,CDH1,SNAI2,TWIST2,SNAI1",N,11
3696,"TWIST1,ZEB2,miR-200b,TGF-beta,GSC,ZEB1,miR-34a,TWIST2",N,8
3697,"TWIST1,ZEB2,miR-200b,TGF-beta,GSC,ZEB1,miR-34a,TWIST2,SNAI2,miR-101,SNAI1",P,11
3698,"TWIST1,ZEB2,miR-200b,TGF-beta,GSC,ZEB1,miR-34a,TWIST2,SNAI1",P,9
3699,"TWIST1,ZEB2,miR-200b,TGF-beta,GSC,ZEB1,miR-34a,TWIST2,CDH1,SNAI2,miR-101,SNAI1",P,12
3700,"TWIST1,ZEB2,miR-200b,TGF-beta,GSC,ZEB1,miR-34a,SNAI2,miR-101,SNAI1",P,10
3701,"TWIST1,ZEB2,miR-200b,TGF-beta,GSC,ZEB1,miR-34a,SNAI2,TWIST2",N,9
3702,"TWIST1,ZEB2,miR-200b,TGF-beta,GSC,ZEB1,miR-34a,SNAI2,TWIST2,SNAI1",P,10
3703,"TWIST1,ZEB2,miR-200b,TGF-beta,GSC,ZEB1,miR-34a,SNAI1",P,8
3704,"TWIST1,ZEB2,miR-200b,TGF-beta,GSC,ZEB1,miR-34a,SNAI1,SNAI2,TWIST2",N,10
3705,"TWIST1,ZEB2,miR-200b,TGF-beta,GSC,ZEB1,miR-34a,SNAI1,CDH1,SNAI2,TWIST2",P,11
3706,"TWIST1,ZEB2,miR-200b,TGF-beta,GSC,ZEB1,CDH1,SNAI2,miR-101,SNAI1,miR-34a,TWIST2",P,12
3707,"TWIST1,ZEB2,miR-200b,TGF-beta,GSC,ZEB1,CDH1,SNAI2,miR-101,SNAI1",P,10
3708,"TWIST1,ZEB2,miR-200b,TGF-beta,GSC,ZEB1,CDH1,SNAI2,TWIST2",N,9
3709,"TWIST1,ZEB2,miR-200b,TGF-beta,GSC,ZEB1,CDH1,SNAI2,TWIST2,SNAI1",P,10
3710,"TWIST1,ZEB2,miR-200b,TGF-beta,GSC",P,5
3711,"TWIST1,ZEB2,miR-200b,TGF-beta,GSC,SNAI1,miR-101,ZEB1,CLDN7,CDH1,SNAI2,TWIST2",N,12
3712,"TWIST1,ZEB2,miR-200b,TGF-beta,GSC,SNAI1,miR-101,ZEB1,GRHL2,NP63,SNAI2,TWIST2",N,12
3713,"TWIST1,ZEB2,miR-200b,TGF-beta,GSC,SNAI1,miR-101,ZEB1,GRHL2,OVOL2,NP63,SNAI2,TWIST2",N,13
3714,"TWIST1,ZEB2,miR-200b,TGF-beta,GSC,SNAI1,miR-101,ZEB1,GRHL2,OVOL2,SNAI2,TWIST2",N,12
3715,"TWIST1,ZEB2,miR-200b,TGF-beta,GSC,SNAI1,miR-101,ZEB1,GRHL2,OVOL2,CDH1,SNAI2,TWIST2",P,13
3716,"TWIST1,ZEB2,miR-200b,TGF-beta,GSC,SNAI1,miR-101,ZEB1,OVOL2,NP63,SNAI2,TWIST2",P,12
3717,"TWIST1,ZEB2,miR-200b,TGF-beta,GSC,SNAI1,miR-101,ZEB1,OVOL2,SNAI2,TWIST2",P,11
3718,"TWIST1,ZEB2,miR-200b,TGF-beta,GSC,SNAI1,miR-101,ZEB1,OVOL2,CDH1,SNAI2,TWIST2",N,12
3719,"TWIST1,ZEB2,miR-200b,TGF-beta,GSC,SNAI1,miR-101,ZEB1,miR-34a,TWIST2",P,10
3720,"TWIST1,ZEB2,miR-200b,TGF-beta,GSC,SNAI1,miR-101,ZEB1,miR-34a,SNAI2,TWIST2",P,11
3721,"TWIST1,ZEB2,miR-200b,TGF-beta,GSC,SNAI1,miR-101,ZEB1,CDH1,SNAI2,TWIST2",P,11
3722,"TWIST1,ZEB2,miR-200b,TGF-beta,GSC,SNAI1,miR-34a,ZEB1,CLDN7,CDH1,SNAI2,TWIST2",P,12
3723,"TWIST1,ZEB2,miR-200b,TGF-beta,GSC,SNAI1,miR-34a,ZEB1,GRHL2,NP63,SNAI2,TWIST2",P,12
3724,"TWIST1,ZEB2,miR-200b,TGF-beta,GSC,SNAI1,miR-34a,ZEB1,GRHL2,OVOL2,NP63,SNAI2,TWIST2",P,13
3725,"TWIST1,ZEB2,miR-200b,TGF-beta,GSC,SNAI1,miR-34a,ZEB1,GRHL2,OVOL2,SNAI2,TWIST2",P,12
3726,"TWIST1,ZEB2,miR-200b,TGF-beta,GSC,SNAI1,miR-34a,ZEB1,GRHL2,OVOL2,CDH1,SNAI2,TWIST2",N,13
3727,"TWIST1,ZEB2,miR-200b,TGF-beta,GSC,SNAI1,miR-34a,ZEB1,OVOL2,NP63,SNAI2,TWIST2",N,12
3728,"TWIST1,ZEB2,miR-200b,TGF-beta,GSC,SNAI1,miR-34a,ZEB1,OVOL2,SNAI2,TWIST2",N,11
3729,"TWIST1,ZEB2,miR-200b,TGF-beta,GSC,SNAI1,miR-34a,ZEB1,OVOL2,CDH1,SNAI2,TWIST2",P,12
3730,"TWIST1,ZEB2,miR-200b,TGF-beta,GSC,SNAI1,miR-34a,ZEB1,CDH1,SNAI2,TWIST2",N,11
3731,"TWIST1,ZEB2,miR-200b,TGF-beta,GSC,SNAI1,miR-34a,TWIST2",N,8
3732,"TWIST1,ZEB2,miR-200b,TGF-beta,GSC,SNAI1,miR-34a,SNAI2,TWIST2",N,9
3733,"TWIST1,ZEB2,miR-200b,TGF-beta,GSC,SNAI1,ZEB1,CLDN7,CDH1,SNAI2,TWIST2",P,11
3734,"TWIST1,ZEB2,miR-200b,TGF-beta,GSC,SNAI1,ZEB1,GRHL2,NP63,SNAI2,TWIST2",P,11
3735,"TWIST1,ZEB2,miR-200b,TGF-beta,GSC,SNAI1,ZEB1,GRHL2,OVOL2,NP63,SNAI2,TWIST2",P,12
3736,"TWIST1,ZEB2,miR-200b,TGF-beta,GSC,SNAI1,ZEB1,GRHL2,OVOL2,SNAI2,TWIST2",P,11
3737,"TWIST1,ZEB2,miR-200b,TGF-beta,GSC,SNAI1,ZEB1,GRHL2,OVOL2,CDH1,SNAI2,TWIST2",N,12
3738,"TWIST1,ZEB2,miR-200b,TGF-beta,GSC,SNAI1,ZEB1,OVOL2,NP63,SNAI2,TWIST2",N,11
3739,"TWIST1,ZEB2,miR-200b,TGF-beta,GSC,SNAI1,ZEB1,OVOL2,SNAI2,TWIST2",N,10
3740,"TWIST1,ZEB2,miR-200b,TGF-beta,GSC,SNAI1,ZEB1,OVOL2,CDH1,SNAI2,TWIST2",P,11
3741,"TWIST1,ZEB2,miR-200b,TGF-beta,GSC,SNAI1,ZEB1,miR-34a,TWIST2",N,9
3742,"TWIST1,ZEB2,miR-200b,TGF-beta,GSC,SNAI1,ZEB1,miR-34a,SNAI2,TWIST2",N,10
3743,"TWIST1,ZEB2,miR-200b,TGF-beta,GSC,SNAI1,ZEB1,CDH1,SNAI2,TWIST2",N,10
3744,"TWIST1,ZEB2,miR-200b,TGF-beta,GSC,SNAI1",N,6
3745,"TWIST1,ZEB2,miR-200b,TGF-beta,GSC,SNAI1,SNAI2,miR-101,ZEB1,miR-34a,TWIST2",P,11
3746,"TWIST1,ZEB2,miR-200b,TGF-beta,GSC,SNAI1,SNAI2,TWIST2",P,8
3747,"TWIST1,ZEB2,miR-200b,TGF-beta,GSC,SNAI1,CDH1,SNAI2,miR-101,ZEB1,miR-34a,TWIST2",N,12
3748,"TWIST1,ZEB2,miR-200b,TGF-beta,GSC,SNAI1,CDH1,SNAI2,TWIST2",N,9
3749,"TWIST1,ZEB2,miR-200b,ZEB1,CLDN7,CDH1,SNAI2,miR-101,SNAI1,miR-34a,TWIST2",P,11
3750,"TWIST1,ZEB2,miR-200b,ZEB1,CLDN7,CDH1,SNAI2,miR-101,SNAI1",P,9
3751,"TWIST1,ZEB2,miR-200b,ZEB1,CLDN7,CDH1,SNAI2,TWIST2",N,8
3752,"TWIST1,ZEB2,miR-200b,ZEB1,CLDN7,CDH1,SNAI2,TWIST2,SNAI1",P,9
3753,"TWIST1,ZEB2,miR-200b,ZEB1,GRHL2,NP63,SNAI2,miR-101,SNAI1,miR-34a,TWIST2",P,11
3754,"TWIST1,ZEB2,miR-200b,ZEB1,GRHL2,NP63,SNAI2,miR-101,SNAI1",P,9
3755,"TWIST1,ZEB2,miR-200b,ZEB1,GRHL2,NP63,SNAI2,TWIST2",N,8
3756,"TWIST1,ZEB2,miR-200b,ZEB1,GRHL2,NP63,SNAI2,TWIST2,SNAI1",P,9
3757,"TWIST1,ZEB2,miR-200b,ZEB1,GRHL2,OVOL2,TGF-beta,SNAI2,miR-101,SNAI1,miR-34a,TWIST2",P,12
3758,"TWIST1,ZEB2,miR-200b,ZEB1,GRHL2,OVOL2,TGF-beta,SNAI2,miR-101,SNAI1",P,10
3759,"TWIST1,ZEB2,miR-200b,ZEB1,GRHL2,OVOL2,TGF-beta,SNAI2,TWIST2",N,9
3760,"TWIST1,ZEB2,miR-200b,ZEB1,GRHL2,OVOL2,TGF-beta,SNAI2,TWIST2,SNAI1",P,10
3761,"TWIST1,ZEB2,miR-200b,ZEB1,GRHL2,OVOL2,TGF-beta,SNAI1,miR-34a,TWIST2",N,10
3762,"TWIST1,ZEB2,miR-200b,ZEB1,GRHL2,OVOL2,TGF-beta,SNAI1,miR-34a,SNAI2,TWIST2",N,11
3763,"TWIST1,ZEB2,miR-200b,ZEB1,GRHL2,OVOL2,TGF-beta,SNAI1",N,8
3764,"TWIST1,ZEB2,miR-200b,ZEB1,GRHL2,OVOL2,TGF-beta,SNAI1,SNAI2,TWIST2",P,10
3765,"TWIST1,ZEB2,miR-200b,ZEB1,GRHL2,OVOL2,TGF-beta,SNAI1,CDH1,SNAI2,TWIST2",N,11
3766,"TWIST1,ZEB2,miR-200b,ZEB1,GRHL2,OVOL2,TGF-beta,GSC",N,8
3767,"TWIST1,ZEB2,miR-200b,ZEB1,GRHL2,OVOL2,TGF-beta,GSC,SNAI1,miR-34a,TWIST2",P,11
3768,"TWIST1,ZEB2,miR-200b,ZEB1,GRHL2,OVOL2,TGF-beta,GSC,SNAI1,miR-34a,SNAI2,TWIST2",P,12
3769,"TWIST1,ZEB2,miR-200b,ZEB1,GRHL2,OVOL2,TGF-beta,GSC,SNAI1",P,9
3770,"TWIST1,ZEB2,miR-200b,ZEB1,GRHL2,OVOL2,TGF-beta,GSC,SNAI1,SNAI2,TWIST2",N,11
3771,"TWIST1,ZEB2,miR-200b,ZEB1,GRHL2,OVOL2,TGF-beta,GSC,SNAI1,CDH1,SNAI2,TWIST2",P,12
3772,"TWIST1,ZEB2,miR-200b,ZEB1,GRHL2,OVOL2,NP63,SNAI2,miR-101,SNAI1,miR-34a,TWIST2",P,12
3773,"TWIST1,ZEB2,miR-200b,ZEB1,GRHL2,OVOL2,NP63,SNAI2,miR-101,SNAI1",P,10
3774,"TWIST1,ZEB2,miR-200b,ZEB1,GRHL2,OVOL2,NP63,SNAI2,TWIST2",N,9
3775,"TWIST1,ZEB2,miR-200b,ZEB1,GRHL2,OVOL2,NP63,SNAI2,TWIST2,SNAI1",P,10
3776,"TWIST1,ZEB2,miR-200b,ZEB1,GRHL2,OVOL2,SNAI2,miR-101,SNAI1,miR-34a,TWIST2",P,11
3777,"TWIST1,ZEB2,miR-200b,ZEB1,GRHL2,OVOL2,SNAI2,miR-101,SNAI1",P,9
3778,"TWIST1,ZEB2,miR-200b,ZEB1,GRHL2,OVOL2,SNAI2,TWIST2",N,8
3779,"TWIST1,ZEB2,miR-200b,ZEB1,GRHL2,OVOL2,SNAI2,TWIST2,SNAI1",P,9
3780,"TWIST1,ZEB2,miR-200b,ZEB1,GRHL2,OVOL2,CDH1,SNAI2,miR-101,SNAI1,miR-34a,TWIST2",N,12
3781,"TWIST1,ZEB2,miR-200b,ZEB1,GRHL2,OVOL2,CDH1,SNAI2,miR-101,SNAI1",N,10
3782,"TWIST1,ZEB2,miR-200b,ZEB1,GRHL2,OVOL2,CDH1,SNAI2,TWIST2",P,9
3783,"TWIST1,ZEB2,miR-200b,ZEB1,GRHL2,OVOL2,CDH1,SNAI2,TWIST2,SNAI1",N,10
3784,"TWIST1,ZEB2,miR-200b,ZEB1,OVOL2,TGF-beta,SNAI2,miR-101,SNAI1,miR-34a,TWIST2",N,11
3785,"TWIST1,ZEB2,miR-200b,ZEB1,OVOL2,TGF-beta,SNAI2,miR-101,SNAI1",N,9
3786,"TWIST1,ZEB2,miR-200b,ZEB1,OVOL2,TGF-beta,SNAI2,TWIST2",P,8
3787,"TWIST1,ZEB2,miR-200b,ZEB1,OVOL2,TGF-beta,SNAI2,TWIST2,SNAI1",N,9
3788,"TWIST1,ZEB2,miR-200b,ZEB1,OVOL2,TGF-beta,SNAI1,miR-34a,TWIST2",P,9
3789,"TWIST1,ZEB2,miR-200b,ZEB1,OVOL2,TGF-beta,SNAI1,miR-34a,SNAI2,TWIST2",P,10
3790,"TWIST1,ZEB2,miR-200b,ZEB1,OVOL2,TGF-beta,SNAI1",P,7
3791,"TWIST1,ZEB2,miR-200b,ZEB1,OVOL2,TGF-beta,SNAI1,SNAI2,TWIST2",N,9
3792,"TWIST1,ZEB2,miR-200b,ZEB1,OVOL2,TGF-beta,SNAI1,CDH1,SNAI2,TWIST2",P,10
3793,"TWIST1,ZEB2,miR-200b,ZEB1,OVOL2,TGF-beta,GSC",P,7
3794,"TWIST1,ZEB2,miR-200b,ZEB1,OVOL2,TGF-beta,GSC,SNAI1,miR-34a,TWIST2",N,10
3795,"TWIST1,ZEB2,miR-200b,ZEB1,OVOL2,TGF-beta,GSC,SNAI1,miR-34a,SNAI2,TWIST2",N,11
3796,"TWIST1,ZEB2,miR-200b,ZEB1,OVOL2,TGF-beta,GSC,SNAI1",N,8
3797,"TWIST1,ZEB2,miR-200b,ZEB1,OVOL2,TGF-beta,GSC,SNAI1,SNAI2,TWIST2",P,10
3798,"TWIST1,ZEB2,miR-200b,ZEB1,OVOL2,TGF-beta,GSC,SNAI1,CDH1,SNAI2,TWIST2",N,11
3799,"TWIST1,ZEB2,miR-200b,ZEB1,OVOL2,NP63,SNAI2,miR-101,SNAI1,miR-34a,TWIST2",N,11
3800,"TWIST1,ZEB2,miR-200b,ZEB1,OVOL2,NP63,SNAI2,miR-101,SNAI1",N,9
3801,"TWIST1,ZEB2,miR-200b,ZEB1,OVOL2,NP63,SNAI2,TWIST2",P,8
3802,"TWIST1,ZEB2,miR-200b,ZEB1,OVOL2,NP63,SNAI2,TWIST2,SNAI1",N,9
3803,"TWIST1,ZEB2,miR-200b,ZEB1,OVOL2,SNAI2,miR-101,SNAI1,miR-34a,TWIST2",N,10
3804,"TWIST1,ZEB2,miR-200b,ZEB1,OVOL2,SNAI2,miR-101,SNAI1",N,8
3805,"TWIST1,ZEB2,miR-200b,ZEB1,OVOL2,SNAI2,TWIST2",P,7
3806,"TWIST1,ZEB2,miR-200b,ZEB1,OVOL2,SNAI2,TWIST2,SNAI1",N,8
3807,"TWIST1,ZEB2,miR-200b,ZEB1,OVOL2,CDH1,SNAI2,miR-101,SNAI1,miR-34a,TWIST2",P,11
3808,"TWIST1,ZEB2,miR-200b,ZEB1,OVOL2,CDH1,SNAI2,miR-101,SNAI1",P,9
3809,"TWIST1,ZEB2,miR-200b,ZEB1,OVOL2,CDH1,SNAI2,TWIST2",N,8
3810,"TWIST1,ZEB2,miR-200b,ZEB1,OVOL2,CDH1,SNAI2,TWIST2,SNAI1",P,9
3811,"TWIST1,ZEB2,miR-200b,ZEB1,miR-34a,TWIST2",P,6
3812,"TWIST1,ZEB2,miR-200b,ZEB1,miR-34a,TWIST2,SNAI2,miR-101,SNAI1",N,9
3813,"TWIST1,ZEB2,miR-200b,ZEB1,miR-34a,TWIST2,SNAI1",N,7
3814,"TWIST1,ZEB2,miR-200b,ZEB1,miR-34a,TWIST2,CDH1,SNAI2,miR-101,SNAI1",N,10
3815,"TWIST1,ZEB2,miR-200b,ZEB1,miR-34a,SNAI2,miR-101,SNAI1",N,8
3816,"TWIST1,ZEB2,miR-200b,ZEB1,miR-34a,SNAI2,TWIST2",P,7
3817,"TWIST1,ZEB2,miR-200b,ZEB1,miR-34a,SNAI2,TWIST2,SNAI1",N,8
3818,"TWIST1,ZEB2,miR-200b,ZEB1,miR-34a,SNAI1",N,6
3819,"TWIST1,ZEB2,miR-200b,ZEB1,miR-34a,SNAI1,SNAI2,TWIST2",P,8
3820,"TWIST1,ZEB2,miR-200b,ZEB1,miR-34a,SNAI1,CDH1,SNAI2,TWIST2",N,9
3821,"TWIST1,ZEB2,miR-200b,ZEB1,miR-200a,TGF-beta,SNAI2,miR-101,SNAI1,miR-34a,TWIST2",N,11
3822,"TWIST1,ZEB2,miR-200b,ZEB1,miR-200a,TGF-beta,SNAI2,miR-101,SNAI1",N,9
3823,"TWIST1,ZEB2,miR-200b,ZEB1,miR-200a,TGF-beta,SNAI2,TWIST2",P,8
3824,"TWIST1,ZEB2,miR-200b,ZEB1,miR-200a,TGF-beta,SNAI2,TWIST2,SNAI1",N,9
3825,"TWIST1,ZEB2,miR-200b,ZEB1,miR-200a,TGF-beta,SNAI1,miR-34a,TWIST2",P,9
3826,"TWIST1,ZEB2,miR-200b,ZEB1,miR-200a,TGF-beta,SNAI1,miR-34a,SNAI2,TWIST2",P,10
3827,"TWIST1,ZEB2,miR-200b,ZEB1,miR-200a,TGF-beta,SNAI1",P,7
3828,"TWIST1,ZEB2,miR-200b,ZEB1,miR-200a,TGF-beta,SNAI1,SNAI2,TWIST2",N,9
3829,"TWIST1,ZEB2,miR-200b,ZEB1,miR-200a,TGF-beta,SNAI1,CDH1,SNAI2,TWIST2",P,10
3830,"TWIST1,ZEB2,miR-200b,ZEB1,miR-200a,TGF-beta,GSC",P,7
3831,"TWIST1,ZEB2,miR-200b,ZEB1,miR-200a,TGF-beta,GSC,SNAI1,miR-34a,TWIST2",N,10
3832,"TWIST1,ZEB2,miR-200b,ZEB1,miR-200a,TGF-beta,GSC,SNAI1,miR-34a,SNAI2,TWIST2",N,11
3833,"TWIST1,ZEB2,miR-200b,ZEB1,miR-200a,TGF-beta,GSC,SNAI1",N,8
3834,"TWIST1,ZEB2,miR-200b,ZEB1,miR-200a,TGF-beta,GSC,SNAI1,SNAI2,TWIST2",P,10
3835,"TWIST1,ZEB2,miR-200b,ZEB1,miR-200a,TGF-beta,GSC,SNAI1,CDH1,SNAI2,TWIST2",N,11
3836,"TWIST1,ZEB2,miR-200b,ZEB1,miR-200c,TGF-beta,SNAI2,miR-101,SNAI1,miR-34a,TWIST2",P,11
3837,"TWIST1,ZEB2,miR-200b,ZEB1,miR-200c,TGF-beta,SNAI2,miR-101,SNAI1",P,9
3838,"TWIST1,ZEB2,miR-200b,ZEB1,miR-200c,TGF-beta,SNAI2,TWIST2",N,8
3839,"TWIST1,ZEB2,miR-200b,ZEB1,miR-200c,TGF-beta,SNAI2,TWIST2,SNAI1",P,9
3840,"TWIST1,ZEB2,miR-200b,ZEB1,miR-200c,TGF-beta,SNAI1,miR-34a,TWIST2",N,9
3841,"TWIST1,ZEB2,miR-200b,ZEB1,miR-200c,TGF-beta,SNAI1,miR-34a,SNAI2,TWIST2",N,10
3842,"TWIST1,ZEB2,miR-200b,ZEB1,miR-200c,TGF-beta,SNAI1",N,7
3843,"TWIST1,ZEB2,miR-200b,ZEB1,miR-200c,TGF-beta,SNAI1,SNAI2,TWIST2",P,9
3844,"TWIST1,ZEB2,miR-200b,ZEB1,miR-200c,TGF-beta,SNAI1,CDH1,SNAI2,TWIST2",N,10
3845,"TWIST1,ZEB2,miR-200b,ZEB1,miR-200c,TGF-beta,GSC",N,7
3846,"TWIST1,ZEB2,miR-200b,ZEB1,miR-200c,TGF-beta,GSC,SNAI1,miR-34a,TWIST2",P,10
3847,"TWIST1,ZEB2,miR-200b,ZEB1,miR-200c,TGF-beta,GSC,SNAI1,miR-34a,SNAI2,TWIST2",P,11
3848,"TWIST1,ZEB2,miR-200b,ZEB1,miR-200c,TGF-beta,GSC,SNAI1",P,8
3849,"TWIST1,ZEB2,miR-200b,ZEB1,miR-200c,TGF-beta,GSC,SNAI1,SNAI2,TWIST2",N,10
3850,"TWIST1,ZEB2,miR-200b,ZEB1,miR-200c,TGF-beta,GSC,SNAI1,CDH1,SNAI2,TWIST2",P,11
3851,"TWIST1,ZEB2,miR-200b,ZEB1,miR-141,TGF-beta,SNAI2,miR-101,SNAI1,miR-34a,TWIST2",N,11
3852,"TWIST1,ZEB2,miR-200b,ZEB1,miR-141,TGF-beta,SNAI2,miR-101,SNAI1",N,9
3853,"TWIST1,ZEB2,miR-200b,ZEB1,miR-141,TGF-beta,SNAI2,TWIST2",P,8
3854,"TWIST1,ZEB2,miR-200b,ZEB1,miR-141,TGF-beta,SNAI2,TWIST2,SNAI1",N,9
3855,"TWIST1,ZEB2,miR-200b,ZEB1,miR-141,TGF-beta,SNAI1,miR-34a,TWIST2",P,9
3856,"TWIST1,ZEB2,miR-200b,ZEB1,miR-141,TGF-beta,SNAI1,miR-34a,SNAI2,TWIST2",P,10
3857,"TWIST1,ZEB2,miR-200b,ZEB1,miR-141,TGF-beta,SNAI1",P,7
3858,"TWIST1,ZEB2,miR-200b,ZEB1,miR-141,TGF-beta,SNAI1,SNAI2,TWIST2",N,9
3859,"TWIST1,ZEB2,miR-200b,ZEB1,miR-141,TGF-beta,SNAI1,CDH1,SNAI2,TWIST2",P,10
3860,"TWIST1,ZEB2,miR-200b,ZEB1,miR-141,TGF-beta,GSC",P,7
3861,"TWIST1,ZEB2,miR-200b,ZEB1,miR-141,TGF-beta,GSC,SNAI1,miR-34a,TWIST2",N,10
3862,"TWIST1,ZEB2,miR-200b,ZEB1,miR-141,TGF-beta,GSC,SNAI1,miR-34a,SNAI2,TWIST2",N,11
3863,"TWIST1,ZEB2,miR-200b,ZEB1,miR-141,TGF-beta,GSC,SNAI1",N,8
3864,"TWIST1,ZEB2,miR-200b,ZEB1,miR-141,TGF-beta,GSC,SNAI1,SNAI2,TWIST2",P,10
3865,"TWIST1,ZEB2,miR-200b,ZEB1,miR-141,TGF-beta,GSC,SNAI1,CDH1,SNAI2,TWIST2",N,11
3866,"TWIST1,ZEB2,miR-200b,ZEB1,CDH1,SNAI2,miR-101,SNAI1,miR-34a,TWIST2",N,10
3867,"TWIST1,ZEB2,miR-200b,ZEB1,CDH1,SNAI2,miR-101,SNAI1",N,8
3868,"TWIST1,ZEB2,miR-200b,ZEB1,CDH1,SNAI2,TWIST2",P,7
3869,"TWIST1,ZEB2,miR-200b,ZEB1,CDH1,SNAI2,TWIST2,SNAI1",N,8
3870,"TWIST1,ZEB2,CDH1,SNAI2,miR-200b,TGF-beta,SNAI1,miR-101,ZEB1,miR-34a,TWIST2",P,11
3871,"TWIST1,ZEB2,CDH1,SNAI2,miR-200b,TGF-beta,SNAI1,miR-34a,TWIST2",N,9
3872,"TWIST1,ZEB2,CDH1,SNAI2,miR-200b,TGF-beta,SNAI1,ZEB1,miR-34a,TWIST2",N,10
3873,"TWIST1,ZEB2,CDH1,SNAI2,miR-200b,TGF-beta,SNAI1",N,7
3874,"TWIST1,ZEB2,CDH1,SNAI2,miR-200b,TGF-beta,GSC,ZEB1,miR-34a,TWIST2",P,10
3875,"TWIST1,ZEB2,CDH1,SNAI2,miR-200b,TGF-beta,GSC,ZEB1,miR-34a,TWIST2,SNAI1",N,11
3876,"TWIST1,ZEB2,CDH1,SNAI2,miR-200b,TGF-beta,GSC,ZEB1,miR-34a,SNAI1",N,10
3877,"TWIST1,ZEB2,CDH1,SNAI2,miR-200b,TGF-beta,GSC",N,7
3878,"TWIST1,ZEB2,CDH1,SNAI2,miR-200b,TGF-beta,GSC,SNAI1,miR-101,ZEB1,miR-34a,TWIST2",N,12
3879,"TWIST1,ZEB2,CDH1,SNAI2,miR-200b,TGF-beta,GSC,SNAI1,miR-34a,TWIST2",P,10
3880,"TWIST1,ZEB2,CDH1,SNAI2,miR-200b,TGF-beta,GSC,SNAI1,ZEB1,miR-34a,TWIST2",P,11
3881,"TWIST1,ZEB2,CDH1,SNAI2,miR-200b,TGF-beta,GSC,SNAI1",P,8
3882,"TWIST1,ZEB2,CDH1,SNAI2,miR-200b,ZEB1,GRHL2,OVOL2,TGF-beta,SNAI1,miR-34a,TWIST2",P,12
3883,"TWIST1,ZEB2,CDH1,SNAI2,miR-200b,ZEB1,GRHL2,OVOL2,TGF-beta,SNAI1",P,10
3884,"TWIST1,ZEB2,CDH1,SNAI2,miR-200b,ZEB1,GRHL2,OVOL2,TGF-beta,GSC",P,10
3885,"TWIST1,ZEB2,CDH1,SNAI2,miR-200b,ZEB1,GRHL2,OVOL2,TGF-beta,GSC,SNAI1,miR-34a,TWIST2",N,13
3886,"TWIST1,ZEB2,CDH1,SNAI2,miR-200b,ZEB1,GRHL2,OVOL2,TGF-beta,GSC,SNAI1",N,11
3887,"TWIST1,ZEB2,CDH1,SNAI2,miR-200b,ZEB1,OVOL2,TGF-beta,SNAI1,miR-34a,TWIST2",N,11
3888,"TWIST1,ZEB2,CDH1,SNAI2,miR-200b,ZEB1,OVOL2,TGF-beta,SNAI1",N,9
3889,"TWIST1,ZEB2,CDH1,SNAI2,miR-200b,ZEB1,OVOL2,TGF-beta,GSC",N,9
3890,"TWIST1,ZEB2,CDH1,SNAI2,miR-200b,ZEB1,OVOL2,TGF-beta,GSC,SNAI1,miR-34a,TWIST2",P,12
3891,"TWIST1,ZEB2,CDH1,SNAI2,miR-200b,ZEB1,OVOL2,TGF-beta,GSC,SNAI1",P,10
3892,"TWIST1,ZEB2,CDH1,SNAI2,miR-200b,ZEB1,miR-34a,TWIST2",N,8
3893,"TWIST1,ZEB2,CDH1,SNAI2,miR-200b,ZEB1,miR-34a,TWIST2,SNAI1",P,9
3894,"TWIST1,ZEB2,CDH1,SNAI2,miR-200b,ZEB1,miR-34a,SNAI1",P,8
3895,"TWIST1,ZEB2,CDH1,SNAI2,miR-200b,ZEB1,miR-200a,TGF-beta,SNAI1,miR-34a,TWIST2",N,11
3896,"TWIST1,ZEB2,CDH1,SNAI2,miR-200b,ZEB1,miR-200a,TGF-beta,SNAI1",N,9
3897,"TWIST1,ZEB2,CDH1,SNAI2,miR-200b,ZEB1,miR-200a,TGF-beta,GSC",N,9
3898,"TWIST1,ZEB2,CDH1,SNAI2,miR-200b,ZEB1,miR-200a,TGF-beta,GSC,SNAI1,miR-34a,TWIST2",P,12
3899,"TWIST1,ZEB2,CDH1,SNAI2,miR-200b,ZEB1,miR-200a,TGF-beta,GSC,SNAI1",P,10
3900,"TWIST1,ZEB2,CDH1,SNAI2,miR-200b,ZEB1,miR-200c,TGF-beta,SNAI1,miR-34a,TWIST2",P,11
3901,"TWIST1,ZEB2,CDH1,SNAI2,miR-200b,ZEB1,miR-200c,TGF-beta,SNAI1",P,9
3902,"TWIST1,ZEB2,CDH1,SNAI2,miR-200b,ZEB1,miR-200c,TGF-beta,GSC",P,9
3903,"TWIST1,ZEB2,CDH1,SNAI2,miR-200b,ZEB1,miR-200c,TGF-beta,GSC,SNAI1,miR-34a,TWIST2",N,12
3904,"TWIST1,ZEB2,CDH1,SNAI2,miR-200b,ZEB1,miR-200c,TGF-beta,GSC,SNAI1",N,10
3905,"TWIST1,ZEB2,CDH1,SNAI2,miR-200b,ZEB1,miR-141,TGF-beta,SNAI1,miR-34a,TWIST2",N,11
3906,"TWIST1,ZEB2,CDH1,SNAI2,miR-200b,ZEB1,miR-141,TGF-beta,SNAI1",N,9
3907,"TWIST1,ZEB2,CDH1,SNAI2,miR-200b,ZEB1,miR-141,TGF-beta,GSC",N,9
3908,"TWIST1,ZEB2,CDH1,SNAI2,miR-200b,ZEB1,miR-141,TGF-beta,GSC,SNAI1,miR-34a,TWIST2",P,12
3909,"TWIST1,ZEB2,CDH1,SNAI2,miR-200b,ZEB1,miR-141,TGF-beta,GSC,SNAI1",P,10
3910,"TWIST1,ZEB2,CDH1,SNAI2,miR-101,SNAI1,miR-34a,ZEB1,GRHL2,OVOL2,TGF-beta,GSC",P,12
3911,"TWIST1,ZEB2,CDH1,SNAI2,miR-101,SNAI1,miR-34a,ZEB1,OVOL2,TGF-beta,GSC",N,11
3912,"TWIST1,ZEB2,CDH1,SNAI2,miR-101,SNAI1,miR-34a,ZEB1,miR-200a,TGF-beta,GSC",N,11
3913,"TWIST1,ZEB2,CDH1,SNAI2,miR-101,SNAI1,miR-34a,ZEB1,miR-200c,TGF-beta,GSC",P,11
3914,"TWIST1,ZEB2,CDH1,SNAI2,miR-101,SNAI1,miR-34a,ZEB1,miR-200b,TGF-beta,GSC",N,11
3915,"TWIST1,ZEB2,CDH1,SNAI2,miR-101,SNAI1,miR-34a,ZEB1,miR-141,TGF-beta,GSC",N,11
3916,"TWIST1,ZEB2,CDH1,SNAI2,miR-101,SNAI1,miR-34a,TWIST2,ZEB1,GRHL2,OVOL2,TGF-beta,GSC",P,13
3917,"TWIST1,ZEB2,CDH1,SNAI2,miR-101,SNAI1,miR-34a,TWIST2,ZEB1,OVOL2,TGF-beta,GSC",N,12
3918,"TWIST1,ZEB2,CDH1,SNAI2,miR-101,SNAI1,miR-34a,TWIST2,ZEB1,miR-200a,TGF-beta,GSC",N,12
3919,"TWIST1,ZEB2,CDH1,SNAI2,miR-101,SNAI1,miR-34a,TWIST2,ZEB1,miR-200c,TGF-beta,GSC",P,12
3920,"TWIST1,ZEB2,CDH1,SNAI2,miR-101,SNAI1,miR-34a,TWIST2,ZEB1,miR-200b,TGF-beta,GSC",N,12
3921,"TWIST1,ZEB2,CDH1,SNAI2,miR-101,SNAI1,miR-34a,TWIST2,ZEB1,miR-141,TGF-beta,GSC",N,12
3922,"TWIST1,ZEB2,CDH1,SNAI2,miR-101,SNAI1,miR-34a,TWIST2",N,8
3923,"TWIST1,ZEB2,CDH1,SNAI2,miR-101,SNAI1,ZEB1,GRHL2,OVOL2,TGF-beta,GSC",P,11
3924,"TWIST1,ZEB2,CDH1,SNAI2,miR-101,SNAI1,ZEB1,OVOL2,TGF-beta,GSC",N,10
3925,"TWIST1,ZEB2,CDH1,SNAI2,miR-101,SNAI1,ZEB1,miR-34a,TWIST2",N,9
3926,"TWIST1,ZEB2,CDH1,SNAI2,miR-101,SNAI1,ZEB1,miR-200a,TGF-beta,GSC",N,10
3927,"TWIST1,ZEB2,CDH1,SNAI2,miR-101,SNAI1,ZEB1,miR-200c,TGF-beta,GSC",P,10
3928,"TWIST1,ZEB2,CDH1,SNAI2,miR-101,SNAI1,ZEB1,miR-200b,TGF-beta,GSC",N,10
3929,"TWIST1,ZEB2,CDH1,SNAI2,miR-101,SNAI1,ZEB1,miR-141,TGF-beta,GSC",N,10
3930,"TWIST1,ZEB2,CDH1,SNAI2,miR-101,SNAI1",N,6
3931,"TWIST1,ZEB2,CDH1,SNAI2,miR-101,ZEB1,GRHL2,OVOL2,TGF-beta,SNAI1,miR-34a,TWIST2",N,12
3932,"TWIST1,ZEB2,CDH1,SNAI2,miR-101,ZEB1,GRHL2,OVOL2,TGF-beta,SNAI1",N,10
3933,"TWIST1,ZEB2,CDH1,SNAI2,miR-101,ZEB1,GRHL2,OVOL2,TGF-beta,GSC",N,10
3934,"TWIST1,ZEB2,CDH1,SNAI2,miR-101,ZEB1,GRHL2,OVOL2,TGF-beta,GSC,SNAI1,miR-34a,TWIST2",P,13
3935,"TWIST1,ZEB2,CDH1,SNAI2,miR-101,ZEB1,GRHL2,OVOL2,TGF-beta,GSC,SNAI1",P,11
3936,"TWIST1,ZEB2,CDH1,SNAI2,miR-101,ZEB1,OVOL2,TGF-beta,SNAI1,miR-34a,TWIST2",P,11
3937,"TWIST1,ZEB2,CDH1,SNAI2,miR-101,ZEB1,OVOL2,TGF-beta,SNAI1",P,9
3938,"TWIST1,ZEB2,CDH1,SNAI2,miR-101,ZEB1,OVOL2,TGF-beta,GSC",P,9
3939,"TWIST1,ZEB2,CDH1,SNAI2,miR-101,ZEB1,OVOL2,TGF-beta,GSC,SNAI1,miR-34a,TWIST2",N,12
3940,"TWIST1,ZEB2,CDH1,SNAI2,miR-101,ZEB1,OVOL2,TGF-beta,GSC,SNAI1",N,10
3941,"TWIST1,ZEB2,CDH1,SNAI2,miR-101,ZEB1,miR-34a,TWIST2",P,8
3942,"TWIST1,ZEB2,CDH1,SNAI2,miR-101,ZEB1,miR-34a,TWIST2,SNAI1",N,9
3943,"TWIST1,ZEB2,CDH1,SNAI2,miR-101,ZEB1,miR-34a,SNAI1",N,8
3944,"TWIST1,ZEB2,CDH1,SNAI2,miR-101,ZEB1,miR-200a,TGF-beta,SNAI1,miR-34a,TWIST2",P,11
3945,"TWIST1,ZEB2,CDH1,SNAI2,miR-101,ZEB1,miR-200a,TGF-beta,SNAI1",P,9
3946,"TWIST1,ZEB2,CDH1,SNAI2,miR-101,ZEB1,miR-200a,TGF-beta,GSC",P,9
3947,"TWIST1,ZEB2,CDH1,SNAI2,miR-101,ZEB1,miR-200a,TGF-beta,GSC,SNAI1,miR-34a,TWIST2",N,12
3948,"TWIST1,ZEB2,CDH1,SNAI2,miR-101,ZEB1,miR-200a,TGF-beta,GSC,SNAI1",N,10
3949,"TWIST1,ZEB2,CDH1,SNAI2,miR-101,ZEB1,miR-200c,TGF-beta,SNAI1,miR-34a,TWIST2",N,11
3950,"TWIST1,ZEB2,CDH1,SNAI2,miR-101,ZEB1,miR-200c,TGF-beta,SNAI1",N,9
3951,"TWIST1,ZEB2,CDH1,SNAI2,miR-101,ZEB1,miR-200c,TGF-beta,GSC",N,9
3952,"TWIST1,ZEB2,CDH1,SNAI2,miR-101,ZEB1,miR-200c,TGF-beta,GSC,SNAI1,miR-34a,TWIST2",P,12
3953,"TWIST1,ZEB2,CDH1,SNAI2,miR-101,ZEB1,miR-200c,TGF-beta,GSC,SNAI1",P,10
3954,"TWIST1,ZEB2,CDH1,SNAI2,miR-101,ZEB1,miR-200b,TGF-beta,SNAI1,miR-34a,TWIST2",P,11
3955,"TWIST1,ZEB2,CDH1,SNAI2,miR-101,ZEB1,miR-200b,TGF-beta,SNAI1",P,9
3956,"TWIST1,ZEB2,CDH1,SNAI2,miR-101,ZEB1,miR-200b,TGF-beta,GSC",P,9
3957,"TWIST1,ZEB2,CDH1,SNAI2,miR-101,ZEB1,miR-200b,TGF-beta,GSC,SNAI1,miR-34a,TWIST2",N,12
3958,"TWIST1,ZEB2,CDH1,SNAI2,miR-101,ZEB1,miR-200b,TGF-beta,GSC,SNAI1",N,10
3959,"TWIST1,ZEB2,CDH1,SNAI2,miR-101,ZEB1,miR-141,TGF-beta,SNAI1,miR-34a,TWIST2",P,11
3960,"TWIST1,ZEB2,CDH1,SNAI2,miR-101,ZEB1,miR-141,TGF-beta,SNAI1",P,9
3961,"TWIST1,ZEB2,CDH1,SNAI2,miR-101,ZEB1,miR-141,TGF-beta,GSC",P,9
3962,"TWIST1,ZEB2,CDH1,SNAI2,miR-101,ZEB1,miR-141,TGF-beta,GSC,SNAI1,miR-34a,TWIST2",N,12
3963,"TWIST1,ZEB2,CDH1,SNAI2,miR-101,ZEB1,miR-141,TGF-beta,GSC,SNAI1",N,10
3964,"TWIST1,ZEB2,CDH1,SNAI2,TWIST2,ZEB1,GRHL2,OVOL2,TGF-beta,SNAI1",N,10
3965,"TWIST1,ZEB2,CDH1,SNAI2,TWIST2,ZEB1,GRHL2,OVOL2,TGF-beta,GSC",N,10
3966,"TWIST1,ZEB2,CDH1,SNAI2,TWIST2,ZEB1,GRHL2,OVOL2,TGF-beta,GSC,SNAI1",P,11
3967,"TWIST1,ZEB2,CDH1,SNAI2,TWIST2,ZEB1,OVOL2,TGF-beta,SNAI1",P,9
3968,"TWIST1,ZEB2,CDH1,SNAI2,TWIST2,ZEB1,OVOL2,TGF-beta,GSC",P,9
3969,"TWIST1,ZEB2,CDH1,SNAI2,TWIST2,ZEB1,OVOL2,TGF-beta,GSC,SNAI1",N,10
3970,"TWIST1,ZEB2,CDH1,SNAI2,TWIST2,ZEB1,miR-34a,SNAI1",N,8
3971,"TWIST1,ZEB2,CDH1,SNAI2,TWIST2,ZEB1,miR-200a,TGF-beta,SNAI1",P,9
3972,"TWIST1,ZEB2,CDH1,SNAI2,TWIST2,ZEB1,miR-200a,TGF-beta,GSC",P,9
3973,"TWIST1,ZEB2,CDH1,SNAI2,TWIST2,ZEB1,miR-200a,TGF-beta,GSC,SNAI1",N,10
3974,"TWIST1,ZEB2,CDH1,SNAI2,TWIST2,ZEB1,miR-200c,TGF-beta,SNAI1",N,9
3975,"TWIST1,ZEB2,CDH1,SNAI2,TWIST2,ZEB1,miR-200c,TGF-beta,GSC",N,9
3976,"TWIST1,ZEB2,CDH1,SNAI2,TWIST2,ZEB1,miR-200c,TGF-beta,GSC,SNAI1",P,10
3977,"TWIST1,ZEB2,CDH1,SNAI2,TWIST2,ZEB1,miR-200b,TGF-beta,SNAI1",P,9
3978,"TWIST1,ZEB2,CDH1,SNAI2,TWIST2,ZEB1,miR-200b,TGF-beta,GSC",P,9
3979,"TWIST1,ZEB2,CDH1,SNAI2,TWIST2,ZEB1,miR-200b,TGF-beta,GSC,SNAI1",N,10
3980,"TWIST1,ZEB2,CDH1,SNAI2,TWIST2,ZEB1,miR-141,TGF-beta,SNAI1",P,9
3981,"TWIST1,ZEB2,CDH1,SNAI2,TWIST2,ZEB1,miR-141,TGF-beta,GSC",P,9
3982,"TWIST1,ZEB2,CDH1,SNAI2,TWIST2,ZEB1,miR-141,TGF-beta,GSC,SNAI1",N,10
3983,"TWIST1,ZEB2,CDH1,SNAI2,TWIST2",P,5
3984,"TWIST1,ZEB2,CDH1,SNAI2,TWIST2,SNAI1,miR-101,ZEB1,GRHL2,OVOL2,TGF-beta,GSC",N,12
3985,"TWIST1,ZEB2,CDH1,SNAI2,TWIST2,SNAI1,miR-101,ZEB1,OVOL2,TGF-beta,GSC",P,11
3986,"TWIST1,ZEB2,CDH1,SNAI2,TWIST2,SNAI1,miR-101,ZEB1,miR-200a,TGF-beta,GSC",P,11
3987,"TWIST1,ZEB2,CDH1,SNAI2,TWIST2,SNAI1,miR-101,ZEB1,miR-200c,TGF-beta,GSC",N,11
3988,"TWIST1,ZEB2,CDH1,SNAI2,TWIST2,SNAI1,miR-101,ZEB1,miR-200b,TGF-beta,GSC",P,11
3989,"TWIST1,ZEB2,CDH1,SNAI2,TWIST2,SNAI1,miR-101,ZEB1,miR-141,TGF-beta,GSC",P,11
3990,"TWIST1,ZEB2,CDH1,SNAI2,TWIST2,SNAI1,miR-34a,ZEB1,GRHL2,OVOL2,TGF-beta,GSC",P,12
3991,"TWIST1,ZEB2,CDH1,SNAI2,TWIST2,SNAI1,miR-34a,ZEB1,OVOL2,TGF-beta,GSC",N,11
3992,"TWIST1,ZEB2,CDH1,SNAI2,TWIST2,SNAI1,miR-34a,ZEB1,miR-200a,TGF-beta,GSC",N,11
3993,"TWIST1,ZEB2,CDH1,SNAI2,TWIST2,SNAI1,miR-34a,ZEB1,miR-200c,TGF-beta,GSC",P,11
3994,"TWIST1,ZEB2,CDH1,SNAI2,TWIST2,SNAI1,miR-34a,ZEB1,miR-200b,TGF-beta,GSC",N,11
3995,"TWIST1,ZEB2,CDH1,SNAI2,TWIST2,SNAI1,miR-34a,ZEB1,miR-141,TGF-beta,GSC",N,11
3996,"TWIST1,ZEB2,CDH1,SNAI2,TWIST2,SNAI1,ZEB1,GRHL2,OVOL2,TGF-beta,GSC",P,11
3997,"TWIST1,ZEB2,CDH1,SNAI2,TWIST2,SNAI1,ZEB1,OVOL2,TGF-beta,GSC",N,10
3998,"TWIST1,ZEB2,CDH1,SNAI2,TWIST2,SNAI1,ZEB1,miR-200a,TGF-beta,GSC",N,10
3999,"TWIST1,ZEB2,CDH1,SNAI2,TWIST2,SNAI1,ZEB1,miR-200c,TGF-beta,GSC",P,10
4000,"TWIST1,ZEB2,CDH1,SNAI2,TWIST2,SNAI1,ZEB1,miR-200b,TGF-beta,GSC",N,10
4001,"TWIST1,ZEB2,CDH1,SNAI2,TWIST2,SNAI1,ZEB1,miR-141,TGF-beta,GSC",N,10
4002,"TWIST1,ZEB2,CDH1,SNAI2,TWIST2,SNAI1",N,6
4003,"TWIST1,ZEB1,CLDN7,CDH1,SNAI2,miR-200b,TGF-beta,SNAI1,miR-34a,TWIST2",P,10
4004,"TWIST1,ZEB1,CLDN7,CDH1,SNAI2,miR-200b,TGF-beta,SNAI1",P,8
4005,"TWIST1,ZEB1,CLDN7,CDH1,SNAI2,miR-200b,TGF-beta,GSC",P,8
4006,"TWIST1,ZEB1,CLDN7,CDH1,SNAI2,miR-200b,TGF-beta,GSC,SNAI1,miR-34a,TWIST2",N,11
4007,"TWIST1,ZEB1,CLDN7,CDH1,SNAI2,miR-200b,TGF-beta,GSC,SNAI1",N,9
4008,"TWIST1,ZEB1,CLDN7,CDH1,SNAI2,miR-200b,ZEB2,miR-200a,TGF-beta,SNAI1,miR-34a,TWIST2",N,12
4009,"TWIST1,ZEB1,CLDN7,CDH1,SNAI2,miR-200b,ZEB2,miR-200a,TGF-beta,SNAI1",N,10
4010,"TWIST1,ZEB1,CLDN7,CDH1,SNAI2,miR-200b,ZEB2,miR-200a,TGF-beta,GSC",N,10
4011,"TWIST1,ZEB1,CLDN7,CDH1,SNAI2,miR-200b,ZEB2,miR-200a,TGF-beta,GSC,SNAI1,miR-34a,TWIST2",P,13
4012,"TWIST1,ZEB1,CLDN7,CDH1,SNAI2,miR-200b,ZEB2,miR-200a,TGF-beta,GSC,SNAI1",P,11
4013,"TWIST1,ZEB1,CLDN7,CDH1,SNAI2,miR-200b,ZEB2,miR-200c,TGF-beta,SNAI1,miR-34a,TWIST2",N,12
4014,"TWIST1,ZEB1,CLDN7,CDH1,SNAI2,miR-200b,ZEB2,miR-200c,TGF-beta,SNAI1",N,10
4015,"TWIST1,ZEB1,CLDN7,CDH1,SNAI2,miR-200b,ZEB2,miR-200c,TGF-beta,GSC",N,10
4016,"TWIST1,ZEB1,CLDN7,CDH1,SNAI2,miR-200b,ZEB2,miR-200c,TGF-beta,GSC,SNAI1,miR-34a,TWIST2",P,13
4017,"TWIST1,ZEB1,CLDN7,CDH1,SNAI2,miR-200b,ZEB2,miR-200c,TGF-beta,GSC,SNAI1",P,11
4018,"TWIST1,ZEB1,CLDN7,CDH1,SNAI2,miR-101,SNAI1,miR-34a,TWIST2,ZEB2,miR-200a,TGF-beta,GSC",P,13
4019,"TWIST1,ZEB1,CLDN7,CDH1,SNAI2,miR-101,SNAI1,miR-34a,TWIST2,ZEB2,miR-200c,TGF-beta,GSC",P,13
4020,"TWIST1,ZEB1,CLDN7,CDH1,SNAI2,miR-101,SNAI1,miR-34a,TWIST2,ZEB2,miR-200b,TGF-beta,GSC",N,13
4021,"TWIST1,ZEB1,CLDN7,CDH1,SNAI2,miR-101,SNAI1,miR-34a,TWIST2",P,9
4022,"TWIST1,ZEB1,CLDN7,CDH1,SNAI2,miR-101,SNAI1,ZEB2,miR-200a,TGF-beta,GSC",P,11
4023,"TWIST1,ZEB1,CLDN7,CDH1,SNAI2,miR-101,SNAI1,ZEB2,miR-200c,TGF-beta,GSC",P,11
4024,"TWIST1,ZEB1,CLDN7,CDH1,SNAI2,miR-101,SNAI1,ZEB2,miR-200b,TGF-beta,GSC",N,11
4025,"TWIST1,ZEB1,CLDN7,CDH1,SNAI2,miR-101,SNAI1",P,7
4026,"TWIST1,ZEB1,CLDN7,CDH1,SNAI2,miR-101,ZEB2,miR-200a,TGF-beta,SNAI1,miR-34a,TWIST2",N,12
4027,"TWIST1,ZEB1,CLDN7,CDH1,SNAI2,miR-101,ZEB2,miR-200a,TGF-beta,SNAI1",N,10
4028,"TWIST1,ZEB1,CLDN7,CDH1,SNAI2,miR-101,ZEB2,miR-200a,TGF-beta,GSC",N,10
4029,"TWIST1,ZEB1,CLDN7,CDH1,SNAI2,miR-101,ZEB2,miR-200a,TGF-beta,GSC,SNAI1,miR-34a,TWIST2",P,13
4030,"TWIST1,ZEB1,CLDN7,CDH1,SNAI2,miR-101,ZEB2,miR-200a,TGF-beta,GSC,SNAI1",P,11
4031,"TWIST1,ZEB1,CLDN7,CDH1,SNAI2,miR-101,ZEB2,miR-200c,TGF-beta,SNAI1,miR-34a,TWIST2",N,12
4032,"TWIST1,ZEB1,CLDN7,CDH1,SNAI2,miR-101,ZEB2,miR-200c,TGF-beta,SNAI1",N,10
4033,"TWIST1,ZEB1,CLDN7,CDH1,SNAI2,miR-101,ZEB2,miR-200c,TGF-beta,GSC",N,10
4034,"TWIST1,ZEB1,CLDN7,CDH1,SNAI2,miR-101,ZEB2,miR-200c,TGF-beta,GSC,SNAI1,miR-34a,TWIST2",P,13
4035,"TWIST1,ZEB1,CLDN7,CDH1,SNAI2,miR-101,ZEB2,miR-200c,TGF-beta,GSC,SNAI1",P,11
4036,"TWIST1,ZEB1,CLDN7,CDH1,SNAI2,miR-101,ZEB2,miR-200b,TGF-beta,SNAI1,miR-34a,TWIST2",P,12
4037,"TWIST1,ZEB1,CLDN7,CDH1,SNAI2,miR-101,ZEB2,miR-200b,TGF-beta,SNAI1",P,10
4038,"TWIST1,ZEB1,CLDN7,CDH1,SNAI2,miR-101,ZEB2,miR-200b,TGF-beta,GSC",P,10
4039,"TWIST1,ZEB1,CLDN7,CDH1,SNAI2,miR-101,ZEB2,miR-200b,TGF-beta,GSC,SNAI1,miR-34a,TWIST2",N,13
4040,"TWIST1,ZEB1,CLDN7,CDH1,SNAI2,miR-101,ZEB2,miR-200b,TGF-beta,GSC,SNAI1",N,11
4041,"TWIST1,ZEB1,CLDN7,CDH1,SNAI2,TWIST2,ZEB2,miR-200a,TGF-beta,SNAI1",N,10
4042,"TWIST1,ZEB1,CLDN7,CDH1,SNAI2,TWIST2,ZEB2,miR-200a,TGF-beta,GSC",N,10
4043,"TWIST1,ZEB1,CLDN7,CDH1,SNAI2,TWIST2,ZEB2,miR-200a,TGF-beta,GSC,SNAI1",P,11
4044,"TWIST1,ZEB1,CLDN7,CDH1,SNAI2,TWIST2,ZEB2,miR-200c,TGF-beta,SNAI1",N,10
4045,"TWIST1,ZEB1,CLDN7,CDH1,SNAI2,TWIST2,ZEB2,miR-200c,TGF-beta,GSC",N,10
4046,"TWIST1,ZEB1,CLDN7,CDH1,SNAI2,TWIST2,ZEB2,miR-200c,TGF-beta,GSC,SNAI1",P,11
4047,"TWIST1,ZEB1,CLDN7,CDH1,SNAI2,TWIST2,ZEB2,miR-200b,TGF-beta,SNAI1",P,10
4048,"TWIST1,ZEB1,CLDN7,CDH1,SNAI2,TWIST2,ZEB2,miR-200b,TGF-beta,GSC",P,10
4049,"TWIST1,ZEB1,CLDN7,CDH1,SNAI2,TWIST2,ZEB2,miR-200b,TGF-beta,GSC,SNAI1",N,11
4050,"TWIST1,ZEB1,CLDN7,CDH1,SNAI2,TWIST2",N,6
4051,"TWIST1,ZEB1,CLDN7,CDH1,SNAI2,TWIST2,SNAI1,miR-101,ZEB2,miR-200a,TGF-beta,GSC",N,12
4052,"TWIST1,ZEB1,CLDN7,CDH1,SNAI2,TWIST2,SNAI1,miR-101,ZEB2,miR-200c,TGF-beta,GSC",N,12
4053,"TWIST1,ZEB1,CLDN7,CDH1,SNAI2,TWIST2,SNAI1,miR-101,ZEB2,miR-200b,TGF-beta,GSC",P,12
4054,"TWIST1,ZEB1,CLDN7,CDH1,SNAI2,TWIST2,SNAI1,ZEB2,miR-200a,TGF-beta,GSC",P,11
4055,"TWIST1,ZEB1,CLDN7,CDH1,SNAI2,TWIST2,SNAI1,ZEB2,miR-200c,TGF-beta,GSC",P,11
4056,"TWIST1,ZEB1,CLDN7,CDH1,SNAI2,TWIST2,SNAI1,ZEB2,miR-200b,TGF-beta,GSC",N,11
4057,"TWIST1,ZEB1,CLDN7,CDH1,SNAI2,TWIST2,SNAI1",P,7
4058,"TWIST1,ZEB1,GRHL2,NP63,miR-205,ZEB2,miR-200a,TGF-beta,SNAI2,miR-101,SNAI1,miR-34a,TWIST2",P,13
4059,"TWIST1,ZEB1,GRHL2,NP63,miR-205,ZEB2,miR-200a,TGF-beta,SNAI2,miR-101,SNAI1",P,11
4060,"TWIST1,ZEB1,GRHL2,NP63,miR-205,ZEB2,miR-200a,TGF-beta,SNAI2,TWIST2",N,10
4061,"TWIST1,ZEB1,GRHL2,NP63,miR-205,ZEB2,miR-200a,TGF-beta,SNAI2,TWIST2,SNAI1",P,11
4062,"TWIST1,ZEB1,GRHL2,NP63,miR-205,ZEB2,miR-200a,TGF-beta,SNAI1,miR-34a,TWIST2",N,11
4063,"TWIST1,ZEB1,GRHL2,NP63,miR-205,ZEB2,miR-200a,TGF-beta,SNAI1,miR-34a,SNAI2,TWIST2",N,12
4064,"TWIST1,ZEB1,GRHL2,NP63,miR-205,ZEB2,miR-200a,TGF-beta,SNAI1",N,9
4065,"TWIST1,ZEB1,GRHL2,NP63,miR-205,ZEB2,miR-200a,TGF-beta,SNAI1,SNAI2,TWIST2",P,11
4066,"TWIST1,ZEB1,GRHL2,NP63,miR-205,ZEB2,miR-200a,TGF-beta,SNAI1,CDH1,SNAI2,TWIST2",N,12
4067,"TWIST1,ZEB1,GRHL2,NP63,miR-205,ZEB2,miR-200a,TGF-beta,GSC",N,9
4068,"TWIST1,ZEB1,GRHL2,NP63,miR-205,ZEB2,miR-200a,TGF-beta,GSC,SNAI1,miR-34a,TWIST2",P,12
4069,"TWIST1,ZEB1,GRHL2,NP63,miR-205,ZEB2,miR-200a,TGF-beta,GSC,SNAI1,miR-34a,SNAI2,TWIST2",P,13
4070,"TWIST1,ZEB1,GRHL2,NP63,miR-205,ZEB2,miR-200a,TGF-beta,GSC,SNAI1",P,10
4071,"TWIST1,ZEB1,GRHL2,NP63,miR-205,ZEB2,miR-200a,TGF-beta,GSC,SNAI1,SNAI2,TWIST2",N,12
4072,"TWIST1,ZEB1,GRHL2,NP63,miR-205,ZEB2,miR-200a,TGF-beta,GSC,SNAI1,CDH1,SNAI2,TWIST2",P,13
4073,"TWIST1,ZEB1,GRHL2,NP63,miR-205,ZEB2,miR-200c,TGF-beta,SNAI2,miR-101,SNAI1,miR-34a,TWIST2",P,13
4074,"TWIST1,ZEB1,GRHL2,NP63,miR-205,ZEB2,miR-200c,TGF-beta,SNAI2,miR-101,SNAI1",P,11
4075,"TWIST1,ZEB1,GRHL2,NP63,miR-205,ZEB2,miR-200c,TGF-beta,SNAI2,TWIST2",N,10
4076,"TWIST1,ZEB1,GRHL2,NP63,miR-205,ZEB2,miR-200c,TGF-beta,SNAI2,TWIST2,SNAI1",P,11
4077,"TWIST1,ZEB1,GRHL2,NP63,miR-205,ZEB2,miR-200c,TGF-beta,SNAI1,miR-34a,TWIST2",N,11
4078,"TWIST1,ZEB1,GRHL2,NP63,miR-205,ZEB2,miR-200c,TGF-beta,SNAI1,miR-34a,SNAI2,TWIST2",N,12
4079,"TWIST1,ZEB1,GRHL2,NP63,miR-205,ZEB2,miR-200c,TGF-beta,SNAI1",N,9
4080,"TWIST1,ZEB1,GRHL2,NP63,miR-205,ZEB2,miR-200c,TGF-beta,SNAI1,SNAI2,TWIST2",P,11
4081,"TWIST1,ZEB1,GRHL2,NP63,miR-205,ZEB2,miR-200c,TGF-beta,SNAI1,CDH1,SNAI2,TWIST2",N,12
4082,"TWIST1,ZEB1,GRHL2,NP63,miR-205,ZEB2,miR-200c,TGF-beta,GSC",N,9
4083,"TWIST1,ZEB1,GRHL2,NP63,miR-205,ZEB2,miR-200c,TGF-beta,GSC,SNAI1,miR-34a,TWIST2",P,12
4084,"TWIST1,ZEB1,GRHL2,NP63,miR-205,ZEB2,miR-200c,TGF-beta,GSC,SNAI1,miR-34a,SNAI2,TWIST2",P,13
4085,"TWIST1,ZEB1,GRHL2,NP63,miR-205,ZEB2,miR-200c,TGF-beta,GSC,SNAI1",P,10
4086,"TWIST1,ZEB1,GRHL2,NP63,miR-205,ZEB2,miR-200c,TGF-beta,GSC,SNAI1,SNAI2,TWIST2",N,12
4087,"TWIST1,ZEB1,GRHL2,NP63,miR-205,ZEB2,miR-200c,TGF-beta,GSC,SNAI1,CDH1,SNAI2,TWIST2",P,13
4088,"TWIST1,ZEB1,GRHL2,NP63,miR-205,ZEB2,miR-200b,TGF-beta,SNAI2,miR-101,SNAI1,miR-34a,TWIST2",N,13
4089,"TWIST1,ZEB1,GRHL2,NP63,miR-205,ZEB2,miR-200b,TGF-beta,SNAI2,miR-101,SNAI1",N,11
4090,"TWIST1,ZEB1,GRHL2,NP63,miR-205,ZEB2,miR-200b,TGF-beta,SNAI2,TWIST2",P,10
4091,"TWIST1,ZEB1,GRHL2,NP63,miR-205,ZEB2,miR-200b,TGF-beta,SNAI2,TWIST2,SNAI1",N,11
4092,"TWIST1,ZEB1,GRHL2,NP63,miR-205,ZEB2,miR-200b,TGF-beta,SNAI1,miR-34a,TWIST2",P,11
4093,"TWIST1,ZEB1,GRHL2,NP63,miR-205,ZEB2,miR-200b,TGF-beta,SNAI1,miR-34a,SNAI2,TWIST2",P,12
4094,"TWIST1,ZEB1,GRHL2,NP63,miR-205,ZEB2,miR-200b,TGF-beta,SNAI1",P,9
4095,"TWIST1,ZEB1,GRHL2,NP63,miR-205,ZEB2,miR-200b,TGF-beta,SNAI1,SNAI2,TWIST2",N,11
4096,"TWIST1,ZEB1,GRHL2,NP63,miR-205,ZEB2,miR-200b,TGF-beta,SNAI1,CDH1,SNAI2,TWIST2",P,12
4097,"TWIST1,ZEB1,GRHL2,NP63,miR-205,ZEB2,miR-200b,TGF-beta,GSC",P,9
4098,"TWIST1,ZEB1,GRHL2,NP63,miR-205,ZEB2,miR-200b,TGF-beta,GSC,SNAI1,miR-34a,TWIST2",N,12
4099,"TWIST1,ZEB1,GRHL2,NP63,miR-205,ZEB2,miR-200b,TGF-beta,GSC,SNAI1,miR-34a,SNAI2,TWIST2",N,13
4100,"TWIST1,ZEB1,GRHL2,NP63,miR-205,ZEB2,miR-200b,TGF-beta,GSC,SNAI1",N,10
4101,"TWIST1,ZEB1,GRHL2,NP63,miR-205,ZEB2,miR-200b,TGF-beta,GSC,SNAI1,SNAI2,TWIST2",P,12
4102,"TWIST1,ZEB1,GRHL2,NP63,miR-205,ZEB2,miR-200b,TGF-beta,GSC,SNAI1,CDH1,SNAI2,TWIST2",N,13
4103,"TWIST1,ZEB1,GRHL2,NP63,miR-205,ZEB2,CDH1,SNAI2,miR-200b,TGF-beta,SNAI1,miR-34a,TWIST2",N,13
4104,"TWIST1,ZEB1,GRHL2,NP63,miR-205,ZEB2,CDH1,SNAI2,miR-200b,TGF-beta,SNAI1",N,11
4105,"TWIST1,ZEB1,GRHL2,NP63,miR-205,ZEB2,CDH1,SNAI2,miR-200b,TGF-beta,GSC",N,11
4106,"TWIST1,ZEB1,GRHL2,NP63,miR-205,ZEB2,CDH1,SNAI2,miR-200b,TGF-beta,GSC,SNAI1,miR-34a,TWIST2",P,14
4107,"TWIST1,ZEB1,GRHL2,NP63,miR-205,ZEB2,CDH1,SNAI2,miR-200b,TGF-beta,GSC,SNAI1",P,12
4108,"TWIST1,ZEB1,GRHL2,NP63,miR-205,ZEB2,CDH1,SNAI2,miR-101,SNAI1,miR-34a,TWIST2",N,12
4109,"TWIST1,ZEB1,GRHL2,NP63,miR-205,ZEB2,CDH1,SNAI2,miR-101,SNAI1",N,10
4110,"TWIST1,ZEB1,GRHL2,NP63,miR-205,ZEB2,CDH1,SNAI2,TWIST2",P,9
4111,"TWIST1,ZEB1,GRHL2,NP63,miR-205,ZEB2,CDH1,SNAI2,TWIST2,SNAI1",N,10
4112,"TWIST1,ZEB1,GRHL2,NP63,SNAI2,miR-200b,TGF-beta,SNAI1,miR-34a,TWIST2",P,10
4113,"TWIST1,ZEB1,GRHL2,NP63,SNAI2,miR-200b,TGF-beta,SNAI1",P,8
4114,"TWIST1,ZEB1,GRHL2,NP63,SNAI2,miR-200b,TGF-beta,GSC",P,8
4115,"TWIST1,ZEB1,GRHL2,NP63,SNAI2,miR-200b,TGF-beta,GSC,SNAI1,miR-34a,TWIST2",N,11
4116,"TWIST1,ZEB1,GRHL2,NP63,SNAI2,miR-200b,TGF-beta,GSC,SNAI1",N,9
4117,"TWIST1,ZEB1,GRHL2,NP63,SNAI2,miR-200b,ZEB2,miR-200a,TGF-beta,SNAI1,miR-34a,TWIST2",N,12
4118,"TWIST1,ZEB1,GRHL2,NP63,SNAI2,miR-200b,ZEB2,miR-200a,TGF-beta,SNAI1",N,10
4119,"TWIST1,ZEB1,GRHL2,NP63,SNAI2,miR-200b,ZEB2,miR-200a,TGF-beta,GSC",N,10
4120,"TWIST1,ZEB1,GRHL2,NP63,SNAI2,miR-200b,ZEB2,miR-200a,TGF-beta,GSC,SNAI1,miR-34a,TWIST2",P,13
4121,"TWIST1,ZEB1,GRHL2,NP63,SNAI2,miR-200b,ZEB2,miR-200a,TGF-beta,GSC,SNAI1",P,11
4122,"TWIST1,ZEB1,GRHL2,NP63,SNAI2,miR-200b,ZEB2,miR-200c,TGF-beta,SNAI1,miR-34a,TWIST2",N,12
4123,"TWIST1,ZEB1,GRHL2,NP63,SNAI2,miR-200b,ZEB2,miR-200c,TGF-beta,SNAI1",N,10
4124,"TWIST1,ZEB1,GRHL2,NP63,SNAI2,miR-200b,ZEB2,miR-200c,TGF-beta,GSC",N,10
4125,"TWIST1,ZEB1,GRHL2,NP63,SNAI2,miR-200b,ZEB2,miR-200c,TGF-beta,GSC,SNAI1,miR-34a,TWIST2",P,13
4126,"TWIST1,ZEB1,GRHL2,NP63,SNAI2,miR-200b,ZEB2,miR-200c,TGF-beta,GSC,SNAI1",P,11
4127,"TWIST1,ZEB1,GRHL2,NP63,SNAI2,miR-101,SNAI1,miR-34a,TWIST2,ZEB2,miR-200a,TGF-beta,GSC",P,13
4128,"TWIST1,ZEB1,GRHL2,NP63,SNAI2,miR-101,SNAI1,miR-34a,TWIST2,ZEB2,miR-200c,TGF-beta,GSC",P,13
4129,"TWIST1,ZEB1,GRHL2,NP63,SNAI2,miR-101,SNAI1,miR-34a,TWIST2,ZEB2,miR-200b,TGF-beta,GSC",N,13
4130,"TWIST1,ZEB1,GRHL2,NP63,SNAI2,miR-101,SNAI1,miR-34a,TWIST2",P,9
4131,"TWIST1,ZEB1,GRHL2,NP63,SNAI2,miR-101,SNAI1,ZEB2,miR-200a,TGF-beta,GSC",P,11
4132,"TWIST1,ZEB1,GRHL2,NP63,SNAI2,miR-101,SNAI1,ZEB2,miR-200c,TGF-beta,GSC",P,11
4133,"TWIST1,ZEB1,GRHL2,NP63,SNAI2,miR-101,SNAI1,ZEB2,miR-200b,TGF-beta,GSC",N,11
4134,"TWIST1,ZEB1,GRHL2,NP63,SNAI2,miR-101,SNAI1",P,7
4135,"TWIST1,ZEB1,GRHL2,NP63,SNAI2,miR-101,ZEB2,miR-200a,TGF-beta,SNAI1,miR-34a,TWIST2",N,12
4136,"TWIST1,ZEB1,GRHL2,NP63,SNAI2,miR-101,ZEB2,miR-200a,TGF-beta,SNAI1",N,10
4137,"TWIST1,ZEB1,GRHL2,NP63,SNAI2,miR-101,ZEB2,miR-200a,TGF-beta,GSC",N,10
4138,"TWIST1,ZEB1,GRHL2,NP63,SNAI2,miR-101,ZEB2,miR-200a,TGF-beta,GSC,SNAI1,miR-34a,TWIST2",P,13
4139,"TWIST1,ZEB1,GRHL2,NP63,SNAI2,miR-101,ZEB2,miR-200a,TGF-beta,GSC,SNAI1",P,11
4140,"TWIST1,ZEB1,GRHL2,NP63,SNAI2,miR-101,ZEB2,miR-200c,TGF-beta,SNAI1,miR-34a,TWIST2",N,12
4141,"TWIST1,ZEB1,GRHL2,NP63,SNAI2,miR-101,ZEB2,miR-200c,TGF-beta,SNAI1",N,10
4142,"TWIST1,ZEB1,GRHL2,NP63,SNAI2,miR-101,ZEB2,miR-200c,TGF-beta,GSC",N,10
4143,"TWIST1,ZEB1,GRHL2,NP63,SNAI2,miR-101,ZEB2,miR-200c,TGF-beta,GSC,SNAI1,miR-34a,TWIST2",P,13
4144,"TWIST1,ZEB1,GRHL2,NP63,SNAI2,miR-101,ZEB2,miR-200c,TGF-beta,GSC,SNAI1",P,11
4145,"TWIST1,ZEB1,GRHL2,NP63,SNAI2,miR-101,ZEB2,miR-200b,TGF-beta,SNAI1,miR-34a,TWIST2",P,12
4146,"TWIST1,ZEB1,GRHL2,NP63,SNAI2,miR-101,ZEB2,miR-200b,TGF-beta,SNAI1",P,10
4147,"TWIST1,ZEB1,GRHL2,NP63,SNAI2,miR-101,ZEB2,miR-200b,TGF-beta,GSC",P,10
4148,"TWIST1,ZEB1,GRHL2,NP63,SNAI2,miR-101,ZEB2,miR-200b,TGF-beta,GSC,SNAI1,miR-34a,TWIST2",N,13
4149,"TWIST1,ZEB1,GRHL2,NP63,SNAI2,miR-101,ZEB2,miR-200b,TGF-beta,GSC,SNAI1",N,11
4150,"TWIST1,ZEB1,GRHL2,NP63,SNAI2,TWIST2,ZEB2,miR-200a,TGF-beta,SNAI1",N,10
4151,"TWIST1,ZEB1,GRHL2,NP63,SNAI2,TWIST2,ZEB2,miR-200a,TGF-beta,GSC",N,10
4152,"TWIST1,ZEB1,GRHL2,NP63,SNAI2,TWIST2,ZEB2,miR-200a,TGF-beta,GSC,SNAI1",P,11
4153,"TWIST1,ZEB1,GRHL2,NP63,SNAI2,TWIST2,ZEB2,miR-200c,TGF-beta,SNAI1",N,10
4154,"TWIST1,ZEB1,GRHL2,NP63,SNAI2,TWIST2,ZEB2,miR-200c,TGF-beta,GSC",N,10
4155,"TWIST1,ZEB1,GRHL2,NP63,SNAI2,TWIST2,ZEB2,miR-200c,TGF-beta,GSC,SNAI1",P,11
4156,"TWIST1,ZEB1,GRHL2,NP63,SNAI2,TWIST2,ZEB2,miR-200b,TGF-beta,SNAI1",P,10
4157,"TWIST1,ZEB1,GRHL2,NP63,SNAI2,TWIST2,ZEB2,miR-200b,TGF-beta,GSC",P,10
4158,"TWIST1,ZEB1,GRHL2,NP63,SNAI2,TWIST2,ZEB2,miR-200b,TGF-beta,GSC,SNAI1",N,11
4159,"TWIST1,ZEB1,GRHL2,NP63,SNAI2,TWIST2",N,6
4160,"TWIST1,ZEB1,GRHL2,NP63,SNAI2,TWIST2,SNAI1,miR-101,ZEB2,miR-200a,TGF-beta,GSC",N,12
4161,"TWIST1,ZEB1,GRHL2,NP63,SNAI2,TWIST2,SNAI1,miR-101,ZEB2,miR-200c,TGF-beta,GSC",N,12
4162,"TWIST1,ZEB1,GRHL2,NP63,SNAI2,TWIST2,SNAI1,miR-101,ZEB2,miR-200b,TGF-beta,GSC",P,12
4163,"TWIST1,ZEB1,GRHL2,NP63,SNAI2,TWIST2,SNAI1,ZEB2,miR-200a,TGF-beta,GSC",P,11
4164,"TWIST1,ZEB1,GRHL2,NP63,SNAI2,TWIST2,SNAI1,ZEB2,miR-200c,TGF-beta,GSC",P,11
4165,"TWIST1,ZEB1,GRHL2,NP63,SNAI2,TWIST2,SNAI1,ZEB2,miR-200b,TGF-beta,GSC",N,11
4166,"TWIST1,ZEB1,GRHL2,NP63,SNAI2,TWIST2,SNAI1",P,7
4167,"TWIST1,ZEB1,GRHL2,OVOL2,TGF-beta,SNAI2,miR-101,SNAI1,miR-34a,TWIST2",P,10
4168,"TWIST1,ZEB1,GRHL2,OVOL2,TGF-beta,SNAI2,miR-101,SNAI1",P,8
4169,"TWIST1,ZEB1,GRHL2,OVOL2,TGF-beta,SNAI2,TWIST2",N,7
4170,"TWIST1,ZEB1,GRHL2,OVOL2,TGF-beta,SNAI2,TWIST2,SNAI1",P,8
4171,"TWIST1,ZEB1,GRHL2,OVOL2,TGF-beta,SNAI1,miR-101,ZEB2,CDH1,SNAI2,TWIST2",N,11
4172,"TWIST1,ZEB1,GRHL2,OVOL2,TGF-beta,SNAI1,miR-34a,TWIST2",N,8
4173,"TWIST1,ZEB1,GRHL2,OVOL2,TGF-beta,SNAI1,miR-34a,SNAI2,TWIST2",N,9
4174,"TWIST1,ZEB1,GRHL2,OVOL2,TGF-beta,SNAI1,ZEB2,CDH1,SNAI2,TWIST2",P,10
4175,"TWIST1,ZEB1,GRHL2,OVOL2,TGF-beta,SNAI1",N,6
4176,"TWIST1,ZEB1,GRHL2,OVOL2,TGF-beta,SNAI1,SNAI2,TWIST2",P,8
4177,"TWIST1,ZEB1,GRHL2,OVOL2,TGF-beta,SNAI1,CDH1,SNAI2,TWIST2",N,9
4178,"TWIST1,ZEB1,GRHL2,OVOL2,TGF-beta,GSC,ZEB2,CDH1,SNAI2,miR-101,SNAI1,miR-34a,TWIST2",N,13
4179,"TWIST1,ZEB1,GRHL2,OVOL2,TGF-beta,GSC,ZEB2,CDH1,SNAI2,miR-101,SNAI1",N,11
4180,"TWIST1,ZEB1,GRHL2,OVOL2,TGF-beta,GSC,ZEB2,CDH1,SNAI2,TWIST2",P,10
4181,"TWIST1,ZEB1,GRHL2,OVOL2,TGF-beta,GSC,ZEB2,CDH1,SNAI2,TWIST2,SNAI1",N,11
4182,"TWIST1,ZEB1,GRHL2,OVOL2,TGF-beta,GSC",N,6
4183,"TWIST1,ZEB1,GRHL2,OVOL2,TGF-beta,GSC,SNAI1,miR-101,ZEB2,CDH1,SNAI2,TWIST2",P,12
4184,"TWIST1,ZEB1,GRHL2,OVOL2,TGF-beta,GSC,SNAI1,miR-34a,TWIST2",P,9
4185,"TWIST1,ZEB1,GRHL2,OVOL2,TGF-beta,GSC,SNAI1,miR-34a,SNAI2,TWIST2",P,10
4186,"TWIST1,ZEB1,GRHL2,OVOL2,TGF-beta,GSC,SNAI1,ZEB2,CDH1,SNAI2,TWIST2",N,11
4187,"TWIST1,ZEB1,GRHL2,OVOL2,TGF-beta,GSC,SNAI1",P,7
4188,"TWIST1,ZEB1,GRHL2,OVOL2,TGF-beta,GSC,SNAI1,SNAI2,TWIST2",N,9
4189,"TWIST1,ZEB1,GRHL2,OVOL2,TGF-beta,GSC,SNAI1,CDH1,SNAI2,TWIST2",P,10
4190,"TWIST1,ZEB1,GRHL2,OVOL2,NP63,miR-205,ZEB2,miR-200a,TGF-beta,SNAI2,miR-101,SNAI1,miR-34a,TWIST2",P,14
4191,"TWIST1,ZEB1,GRHL2,OVOL2,NP63,miR-205,ZEB2,miR-200a,TGF-beta,SNAI2,miR-101,SNAI1",P,12
4192,"TWIST1,ZEB1,GRHL2,OVOL2,NP63,miR-205,ZEB2,miR-200a,TGF-beta,SNAI2,TWIST2",N,11
4193,"TWIST1,ZEB1,GRHL2,OVOL2,NP63,miR-205,ZEB2,miR-200a,TGF-beta,SNAI2,TWIST2,SNAI1",P,12
4194,"TWIST1,ZEB1,GRHL2,OVOL2,NP63,miR-205,ZEB2,miR-200a,TGF-beta,SNAI1,miR-34a,TWIST2",N,12
4195,"TWIST1,ZEB1,GRHL2,OVOL2,NP63,miR-205,ZEB2,miR-200a,TGF-beta,SNAI1,miR-34a,SNAI2,TWIST2",N,13
4196,"TWIST1,ZEB1,GRHL2,OVOL2,NP63,miR-205,ZEB2,miR-200a,TGF-beta,SNAI1",N,10
4197,"TWIST1,ZEB1,GRHL2,OVOL2,NP63,miR-205,ZEB2,miR-200a,TGF-beta,SNAI1,SNAI2,TWIST2",P,12
4198,"TWIST1,ZEB1,GRHL2,OVOL2,NP63,miR-205,ZEB2,miR-200a,TGF-beta,SNAI1,CDH1,SNAI2,TWIST2",N,13
4199,"TWIST1,ZEB1,GRHL2,OVOL2,NP63,miR-205,ZEB2,miR-200a,TGF-beta,GSC",N,10
4200,"TWIST1,ZEB1,GRHL2,OVOL2,NP63,miR-205,ZEB2,miR-200a,TGF-beta,GSC,SNAI1,miR-34a,TWIST2",P,13
4201,"TWIST1,ZEB1,GRHL2,OVOL2,NP63,miR-205,ZEB2,miR-200a,TGF-beta,GSC,SNAI1,miR-34a,SNAI2,TWIST2",P,14
4202,"TWIST1,ZEB1,GRHL2,OVOL2,NP63,miR-205,ZEB2,miR-200a,TGF-beta,GSC,SNAI1",P,11
4203,"TWIST1,ZEB1,GRHL2,OVOL2,NP63,miR-205,ZEB2,miR-200a,TGF-beta,GSC,SNAI1,SNAI2,TWIST2",N,13
4204,"TWIST1,ZEB1,GRHL2,OVOL2,NP63,miR-205,ZEB2,miR-200a,TGF-beta,GSC,SNAI1,CDH1,SNAI2,TWIST2",P,14
4205,"TWIST1,ZEB1,GRHL2,OVOL2,NP63,miR-205,ZEB2,miR-200c,TGF-beta,SNAI2,miR-101,SNAI1,miR-34a,TWIST2",P,14
4206,"TWIST1,ZEB1,GRHL2,OVOL2,NP63,miR-205,ZEB2,miR-200c,TGF-beta,SNAI2,miR-101,SNAI1",P,12
4207,"TWIST1,ZEB1,GRHL2,OVOL2,NP63,miR-205,ZEB2,miR-200c,TGF-beta,SNAI2,TWIST2",N,11
4208,"TWIST1,ZEB1,GRHL2,OVOL2,NP63,miR-205,ZEB2,miR-200c,TGF-beta,SNAI2,TWIST2,SNAI1",P,12
4209,"TWIST1,ZEB1,GRHL2,OVOL2,NP63,miR-205,ZEB2,miR-200c,TGF-beta,SNAI1,miR-34a,TWIST2",N,12
4210,"TWIST1,ZEB1,GRHL2,OVOL2,NP63,miR-205,ZEB2,miR-200c,TGF-beta,SNAI1,miR-34a,SNAI2,TWIST2",N,13
4211,"TWIST1,ZEB1,GRHL2,OVOL2,NP63,miR-205,ZEB2,miR-200c,TGF-beta,SNAI1",N,10
4212,"TWIST1,ZEB1,GRHL2,OVOL2,NP63,miR-205,ZEB2,miR-200c,TGF-beta,SNAI1,SNAI2,TWIST2",P,12
4213,"TWIST1,ZEB1,GRHL2,OVOL2,NP63,miR-205,ZEB2,miR-200c,TGF-beta,SNAI1,CDH1,SNAI2,TWIST2",N,13
4214,"TWIST1,ZEB1,GRHL2,OVOL2,NP63,miR-205,ZEB2,miR-200c,TGF-beta,GSC",N,10
4215,"TWIST1,ZEB1,GRHL2,OVOL2,NP63,miR-205,ZEB2,miR-200c,TGF-beta,GSC,SNAI1,miR-34a,TWIST2",P,13
4216,"TWIST1,ZEB1,GRHL2,OVOL2,NP63,miR-205,ZEB2,miR-200c,TGF-beta,GSC,SNAI1,miR-34a,SNAI2,TWIST2",P,14
4217,"TWIST1,ZEB1,GRHL2,OVOL2,NP63,miR-205,ZEB2,miR-200c,TGF-beta,GSC,SNAI1",P,11
4218,"TWIST1,ZEB1,GRHL2,OVOL2,NP63,miR-205,ZEB2,miR-200c,TGF-beta,GSC,SNAI1,SNAI2,TWIST2",N,13
4219,"TWIST1,ZEB1,GRHL2,OVOL2,NP63,miR-205,ZEB2,miR-200c,TGF-beta,GSC,SNAI1,CDH1,SNAI2,TWIST2",P,14
4220,"TWIST1,ZEB1,GRHL2,OVOL2,NP63,miR-205,ZEB2,miR-200b,TGF-beta,SNAI2,miR-101,SNAI1,miR-34a,TWIST2",N,14
4221,"TWIST1,ZEB1,GRHL2,OVOL2,NP63,miR-205,ZEB2,miR-200b,TGF-beta,SNAI2,miR-101,SNAI1",N,12
4222,"TWIST1,ZEB1,GRHL2,OVOL2,NP63,miR-205,ZEB2,miR-200b,TGF-beta,SNAI2,TWIST2",P,11
4223,"TWIST1,ZEB1,GRHL2,OVOL2,NP63,miR-205,ZEB2,miR-200b,TGF-beta,SNAI2,TWIST2,SNAI1",N,12
4224,"TWIST1,ZEB1,GRHL2,OVOL2,NP63,miR-205,ZEB2,miR-200b,TGF-beta,SNAI1,miR-34a,TWIST2",P,12
4225,"TWIST1,ZEB1,GRHL2,OVOL2,NP63,miR-205,ZEB2,miR-200b,TGF-beta,SNAI1,miR-34a,SNAI2,TWIST2",P,13
4226,"TWIST1,ZEB1,GRHL2,OVOL2,NP63,miR-205,ZEB2,miR-200b,TGF-beta,SNAI1",P,10
4227,"TWIST1,ZEB1,GRHL2,OVOL2,NP63,miR-205,ZEB2,miR-200b,TGF-beta,SNAI1,SNAI2,TWIST2",N,12
4228,"TWIST1,ZEB1,GRHL2,OVOL2,NP63,miR-205,ZEB2,miR-200b,TGF-beta,SNAI1,CDH1,SNAI2,TWIST2",P,13
4229,"TWIST1,ZEB1,GRHL2,OVOL2,NP63,miR-205,ZEB2,miR-200b,TGF-beta,GSC",P,10
4230,"TWIST1,ZEB1,GRHL2,OVOL2,NP63,miR-205,ZEB2,miR-200b,TGF-beta,GSC,SNAI1,miR-34a,TWIST2",N,13
4231,"TWIST1,ZEB1,GRHL2,OVOL2,NP63,miR-205,ZEB2,miR-200b,TGF-beta,GSC,SNAI1,miR-34a,SNAI2,TWIST2",N,14
4232,"TWIST1,ZEB1,GRHL2,OVOL2,NP63,miR-205,ZEB2,miR-200b,TGF-beta,GSC,SNAI1",N,11
4233,"TWIST1,ZEB1,GRHL2,OVOL2,NP63,miR-205,ZEB2,miR-200b,TGF-beta,GSC,SNAI1,SNAI2,TWIST2",P,13
4234,"TWIST1,ZEB1,GRHL2,OVOL2,NP63,miR-205,ZEB2,miR-200b,TGF-beta,GSC,SNAI1,CDH1,SNAI2,TWIST2",N,14
4235,"TWIST1,ZEB1,GRHL2,OVOL2,NP63,miR-205,ZEB2,CDH1,SNAI2,miR-200b,TGF-beta,SNAI1,miR-34a,TWIST2",N,14
4236,"TWIST1,ZEB1,GRHL2,OVOL2,NP63,miR-205,ZEB2,CDH1,SNAI2,miR-200b,TGF-beta,SNAI1",N,12
4237,"TWIST1,ZEB1,GRHL2,OVOL2,NP63,miR-205,ZEB2,CDH1,SNAI2,miR-200b,TGF-beta,GSC",N,12
4238,"TWIST1,ZEB1,GRHL2,OVOL2,NP63,miR-205,ZEB2,CDH1,SNAI2,miR-200b,TGF-beta,GSC,SNAI1,miR-34a,TWIST2",P,15
4239,"TWIST1,ZEB1,GRHL2,OVOL2,NP63,miR-205,ZEB2,CDH1,SNAI2,miR-200b,TGF-beta,GSC,SNAI1",P,13
4240,"TWIST1,ZEB1,GRHL2,OVOL2,NP63,miR-205,ZEB2,CDH1,SNAI2,miR-101,SNAI1,miR-34a,TWIST2",N,13
4241,"TWIST1,ZEB1,GRHL2,OVOL2,NP63,miR-205,ZEB2,CDH1,SNAI2,miR-101,SNAI1",N,11
4242,"TWIST1,ZEB1,GRHL2,OVOL2,NP63,miR-205,ZEB2,CDH1,SNAI2,TWIST2",P,10
4243,"TWIST1,ZEB1,GRHL2,OVOL2,NP63,miR-205,ZEB2,CDH1,SNAI2,TWIST2,SNAI1",N,11
4244,"TWIST1,ZEB1,GRHL2,OVOL2,NP63,SNAI2,miR-200b,TGF-beta,SNAI1,miR-34a,TWIST2",P,11
4245,"TWIST1,ZEB1,GRHL2,OVOL2,NP63,SNAI2,miR-200b,TGF-beta,SNAI1",P,9
4246,"TWIST1,ZEB1,GRHL2,OVOL2,NP63,SNAI2,miR-200b,TGF-beta,GSC",P,9
4247,"TWIST1,ZEB1,GRHL2,OVOL2,NP63,SNAI2,miR-200b,TGF-beta,GSC,SNAI1,miR-34a,TWIST2",N,12
4248,"TWIST1,ZEB1,GRHL2,OVOL2,NP63,SNAI2,miR-200b,TGF-beta,GSC,SNAI1",N,10
4249,"TWIST1,ZEB1,GRHL2,OVOL2,NP63,SNAI2,miR-200b,ZEB2,miR-200a,TGF-beta,SNAI1,miR-34a,TWIST2",N,13
4250,"TWIST1,ZEB1,GRHL2,OVOL2,NP63,SNAI2,miR-200b,ZEB2,miR-200a,TGF-beta,SNAI1",N,11
4251,"TWIST1,ZEB1,GRHL2,OVOL2,NP63,SNAI2,miR-200b,ZEB2,miR-200a,TGF-beta,GSC",N,11
4252,"TWIST1,ZEB1,GRHL2,OVOL2,NP63,SNAI2,miR-200b,ZEB2,miR-200a,TGF-beta,GSC,SNAI1,miR-34a,TWIST2",P,14
4253,"TWIST1,ZEB1,GRHL2,OVOL2,NP63,SNAI2,miR-200b,ZEB2,miR-200a,TGF-beta,GSC,SNAI1",P,12
4254,"TWIST1,ZEB1,GRHL2,OVOL2,NP63,SNAI2,miR-200b,ZEB2,miR-200c,TGF-beta,SNAI1,miR-34a,TWIST2",N,13
4255,"TWIST1,ZEB1,GRHL2,OVOL2,NP63,SNAI2,miR-200b,ZEB2,miR-200c,TGF-beta,SNAI1",N,11
4256,"TWIST1,ZEB1,GRHL2,OVOL2,NP63,SNAI2,miR-200b,ZEB2,miR-200c,TGF-beta,GSC",N,11
4257,"TWIST1,ZEB1,GRHL2,OVOL2,NP63,SNAI2,miR-200b,ZEB2,miR-200c,TGF-beta,GSC,SNAI1,miR-34a,TWIST2",P,14
4258,"TWIST1,ZEB1,GRHL2,OVOL2,NP63,SNAI2,miR-200b,ZEB2,miR-200c,TGF-beta,GSC,SNAI1",P,12
4259,"TWIST1,ZEB1,GRHL2,OVOL2,NP63,SNAI2,miR-101,SNAI1,miR-34a,TWIST2,ZEB2,miR-200a,TGF-beta,GSC",P,14
4260,"TWIST1,ZEB1,GRHL2,OVOL2,NP63,SNAI2,miR-101,SNAI1,miR-34a,TWIST2,ZEB2,miR-200c,TGF-beta,GSC",P,14
4261,"TWIST1,ZEB1,GRHL2,OVOL2,NP63,SNAI2,miR-101,SNAI1,miR-34a,TWIST2,ZEB2,miR-200b,TGF-beta,GSC",N,14
4262,"TWIST1,ZEB1,GRHL2,OVOL2,NP63,SNAI2,miR-101,SNAI1,miR-34a,TWIST2",P,10
4263,"TWIST1,ZEB1,GRHL2,OVOL2,NP63,SNAI2,miR-101,SNAI1,ZEB2,miR-200a,TGF-beta,GSC",P,12
4264,"TWIST1,ZEB1,GRHL2,OVOL2,NP63,SNAI2,miR-101,SNAI1,ZEB2,miR-200c,TGF-beta,GSC",P,12
4265,"TWIST1,ZEB1,GRHL2,OVOL2,NP63,SNAI2,miR-101,SNAI1,ZEB2,miR-200b,TGF-beta,GSC",N,12
4266,"TWIST1,ZEB1,GRHL2,OVOL2,NP63,SNAI2,miR-101,SNAI1",P,8
4267,"TWIST1,ZEB1,GRHL2,OVOL2,NP63,SNAI2,miR-101,ZEB2,miR-200a,TGF-beta,SNAI1,miR-34a,TWIST2",N,13
4268,"TWIST1,ZEB1,GRHL2,OVOL2,NP63,SNAI2,miR-101,ZEB2,miR-200a,TGF-beta,SNAI1",N,11
4269,"TWIST1,ZEB1,GRHL2,OVOL2,NP63,SNAI2,miR-101,ZEB2,miR-200a,TGF-beta,GSC",N,11
4270,"TWIST1,ZEB1,GRHL2,OVOL2,NP63,SNAI2,miR-101,ZEB2,miR-200a,TGF-beta,GSC,SNAI1,miR-34a,TWIST2",P,14
4271,"TWIST1,ZEB1,GRHL2,OVOL2,NP63,SNAI2,miR-101,ZEB2,miR-200a,TGF-beta,GSC,SNAI1",P,12
4272,"TWIST1,ZEB1,GRHL2,OVOL2,NP63,SNAI2,miR-101,ZEB2,miR-200c,TGF-beta,SNAI1,miR-34a,TWIST2",N,13
4273,"TWIST1,ZEB1,GRHL2,OVOL2,NP63,SNAI2,miR-101,ZEB2,miR-200c,TGF-beta,SNAI1",N,11
4274,"TWIST1,ZEB1,GRHL2,OVOL2,NP63,SNAI2,miR-101,ZEB2,miR-200c,TGF-beta,GSC",N,11
4275,"TWIST1,ZEB1,GRHL2,OVOL2,NP63,SNAI2,miR-101,ZEB2,miR-200c,TGF-beta,GSC,SNAI1,miR-34a,TWIST2",P,14
4276,"TWIST1,ZEB1,GRHL2,OVOL2,NP63,SNAI2,miR-101,ZEB2,miR-200c,TGF-beta,GSC,SNAI1",P,12
4277,"TWIST1,ZEB1,GRHL2,OVOL2,NP63,SNAI2,miR-101,ZEB2,miR-200b,TGF-beta,SNAI1,miR-34a,TWIST2",P,13
4278,"TWIST1,ZEB1,GRHL2,OVOL2,NP63,SNAI2,miR-101,ZEB2,miR-200b,TGF-beta,SNAI1",P,11
4279,"TWIST1,ZEB1,GRHL2,OVOL2,NP63,SNAI2,miR-101,ZEB2,miR-200b,TGF-beta,GSC",P,11
4280,"TWIST1,ZEB1,GRHL2,OVOL2,NP63,SNAI2,miR-101,ZEB2,miR-200b,TGF-beta,GSC,SNAI1,miR-34a,TWIST2",N,14
4281,"TWIST1,ZEB1,GRHL2,OVOL2,NP63,SNAI2,miR-101,ZEB2,miR-200b,TGF-beta,GSC,SNAI1",N,12
4282,"TWIST1,ZEB1,GRHL2,OVOL2,NP63,SNAI2,TWIST2,ZEB2,miR-200a,TGF-beta,SNAI1",N,11
4283,"TWIST1,ZEB1,GRHL2,OVOL2,NP63,SNAI2,TWIST2,ZEB2,miR-200a,TGF-beta,GSC",N,11
4284,"TWIST1,ZEB1,GRHL2,OVOL2,NP63,SNAI2,TWIST2,ZEB2,miR-200a,TGF-beta,GSC,SNAI1",P,12
4285,"TWIST1,ZEB1,GRHL2,OVOL2,NP63,SNAI2,TWIST2,ZEB2,miR-200c,TGF-beta,SNAI1",N,11
4286,"TWIST1,ZEB1,GRHL2,OVOL2,NP63,SNAI2,TWIST2,ZEB2,miR-200c,TGF-beta,GSC",N,11
4287,"TWIST1,ZEB1,GRHL2,OVOL2,NP63,SNAI2,TWIST2,ZEB2,miR-200c,TGF-beta,GSC,SNAI1",P,12
4288,"TWIST1,ZEB1,GRHL2,OVOL2,NP63,SNAI2,TWIST2,ZEB2,miR-200b,TGF-beta,SNAI1",P,11
4289,"TWIST1,ZEB1,GRHL2,OVOL2,NP63,SNAI2,TWIST2,ZEB2,miR-200b,TGF-beta,GSC",P,11
4290,"TWIST1,ZEB1,GRHL2,OVOL2,NP63,SNAI2,TWIST2,ZEB2,miR-200b,TGF-beta,GSC,SNAI1",N,12
4291,"TWIST1,ZEB1,GRHL2,OVOL2,NP63,SNAI2,TWIST2",N,7
4292,"TWIST1,ZEB1,GRHL2,OVOL2,NP63,SNAI2,TWIST2,SNAI1,miR-101,ZEB2,miR-200a,TGF-beta,GSC",N,13
4293,"TWIST1,ZEB1,GRHL2,OVOL2,NP63,SNAI2,TWIST2,SNAI1,miR-101,ZEB2,miR-200c,TGF-beta,GSC",N,13
4294,"TWIST1,ZEB1,GRHL2,OVOL2,NP63,SNAI2,TWIST2,SNAI1,miR-101,ZEB2,miR-200b,TGF-beta,GSC",P,13
4295,"TWIST1,ZEB1,GRHL2,OVOL2,NP63,SNAI2,TWIST2,SNAI1,ZEB2,miR-200a,TGF-beta,GSC",P,12
4296,"TWIST1,ZEB1,GRHL2,OVOL2,NP63,SNAI2,TWIST2,SNAI1,ZEB2,miR-200c,TGF-beta,GSC",P,12
4297,"TWIST1,ZEB1,GRHL2,OVOL2,NP63,SNAI2,TWIST2,SNAI1,ZEB2,miR-200b,TGF-beta,GSC",N,12
4298,"TWIST1,ZEB1,GRHL2,OVOL2,NP63,SNAI2,TWIST2,SNAI1",P,8
4299,"TWIST1,ZEB1,GRHL2,OVOL2,SNAI2,miR-200b,TGF-beta,SNAI1,miR-34a,TWIST2",P,10
4300,"TWIST1,ZEB1,GRHL2,OVOL2,SNAI2,miR-200b,TGF-beta,SNAI1",P,8
4301,"TWIST1,ZEB1,GRHL2,OVOL2,SNAI2,miR-200b,TGF-beta,GSC",P,8
4302,"TWIST1,ZEB1,GRHL2,OVOL2,SNAI2,miR-200b,TGF-beta,GSC,SNAI1,miR-34a,TWIST2",N,11
4303,"TWIST1,ZEB1,GRHL2,OVOL2,SNAI2,miR-200b,TGF-beta,GSC,SNAI1",N,9
4304,"TWIST1,ZEB1,GRHL2,OVOL2,SNAI2,miR-200b,ZEB2,miR-200a,TGF-beta,SNAI1,miR-34a,TWIST2",N,12
4305,"TWIST1,ZEB1,GRHL2,OVOL2,SNAI2,miR-200b,ZEB2,miR-200a,TGF-beta,SNAI1",N,10
4306,"TWIST1,ZEB1,GRHL2,OVOL2,SNAI2,miR-200b,ZEB2,miR-200a,TGF-beta,GSC",N,10
4307,"TWIST1,ZEB1,GRHL2,OVOL2,SNAI2,miR-200b,ZEB2,miR-200a,TGF-beta,GSC,SNAI1,miR-34a,TWIST2",P,13
4308,"TWIST1,ZEB1,GRHL2,OVOL2,SNAI2,miR-200b,ZEB2,miR-200a,TGF-beta,GSC,SNAI1",P,11
4309,"TWIST1,ZEB1,GRHL2,OVOL2,SNAI2,miR-200b,ZEB2,miR-200c,TGF-beta,SNAI1,miR-34a,TWIST2",N,12
4310,"TWIST1,ZEB1,GRHL2,OVOL2,SNAI2,miR-200b,ZEB2,miR-200c,TGF-beta,SNAI1",N,10
4311,"TWIST1,ZEB1,GRHL2,OVOL2,SNAI2,miR-200b,ZEB2,miR-200c,TGF-beta,GSC",N,10
4312,"TWIST1,ZEB1,GRHL2,OVOL2,SNAI2,miR-200b,ZEB2,miR-200c,TGF-beta,GSC,SNAI1,miR-34a,TWIST2",P,13
4313,"TWIST1,ZEB1,GRHL2,OVOL2,SNAI2,miR-200b,ZEB2,miR-200c,TGF-beta,GSC,SNAI1",P,11
4314,"TWIST1,ZEB1,GRHL2,OVOL2,SNAI2,miR-101,SNAI1,miR-34a,TWIST2,ZEB2,miR-200a,TGF-beta,GSC",P,13
4315,"TWIST1,ZEB1,GRHL2,OVOL2,SNAI2,miR-101,SNAI1,miR-34a,TWIST2,ZEB2,miR-200c,TGF-beta,GSC",P,13
4316,"TWIST1,ZEB1,GRHL2,OVOL2,SNAI2,miR-101,SNAI1,miR-34a,TWIST2,ZEB2,miR-200b,TGF-beta,GSC",N,13
4317,"TWIST1,ZEB1,GRHL2,OVOL2,SNAI2,miR-101,SNAI1,miR-34a,TWIST2",P,9
4318,"TWIST1,ZEB1,GRHL2,OVOL2,SNAI2,miR-101,SNAI1,ZEB2,miR-200a,TGF-beta,GSC",P,11
4319,"TWIST1,ZEB1,GRHL2,OVOL2,SNAI2,miR-101,SNAI1,ZEB2,miR-200c,TGF-beta,GSC",P,11
4320,"TWIST1,ZEB1,GRHL2,OVOL2,SNAI2,miR-101,SNAI1,ZEB2,miR-200b,TGF-beta,GSC",N,11
4321,"TWIST1,ZEB1,GRHL2,OVOL2,SNAI2,miR-101,SNAI1",P,7
4322,"TWIST1,ZEB1,GRHL2,OVOL2,SNAI2,miR-101,ZEB2,miR-200a,TGF-beta,SNAI1,miR-34a,TWIST2",N,12
4323,"TWIST1,ZEB1,GRHL2,OVOL2,SNAI2,miR-101,ZEB2,miR-200a,TGF-beta,SNAI1",N,10
4324,"TWIST1,ZEB1,GRHL2,OVOL2,SNAI2,miR-101,ZEB2,miR-200a,TGF-beta,GSC",N,10
4325,"TWIST1,ZEB1,GRHL2,OVOL2,SNAI2,miR-101,ZEB2,miR-200a,TGF-beta,GSC,SNAI1,miR-34a,TWIST2",P,13
4326,"TWIST1,ZEB1,GRHL2,OVOL2,SNAI2,miR-101,ZEB2,miR-200a,TGF-beta,GSC,SNAI1",P,11
4327,"TWIST1,ZEB1,GRHL2,OVOL2,SNAI2,miR-101,ZEB2,miR-200c,TGF-beta,SNAI1,miR-34a,TWIST2",N,12
4328,"TWIST1,ZEB1,GRHL2,OVOL2,SNAI2,miR-101,ZEB2,miR-200c,TGF-beta,SNAI1",N,10
4329,"TWIST1,ZEB1,GRHL2,OVOL2,SNAI2,miR-101,ZEB2,miR-200c,TGF-beta,GSC",N,10
4330,"TWIST1,ZEB1,GRHL2,OVOL2,SNAI2,miR-101,ZEB2,miR-200c,TGF-beta,GSC,SNAI1,miR-34a,TWIST2",P,13
4331,"TWIST1,ZEB1,GRHL2,OVOL2,SNAI2,miR-101,ZEB2,miR-200c,TGF-beta,GSC,SNAI1",P,11
4332,"TWIST1,ZEB1,GRHL2,OVOL2,SNAI2,miR-101,ZEB2,miR-200b,TGF-beta,SNAI1,miR-34a,TWIST2",P,12
4333,"TWIST1,ZEB1,GRHL2,OVOL2,SNAI2,miR-101,ZEB2,miR-200b,TGF-beta,SNAI1",P,10
4334,"TWIST1,ZEB1,GRHL2,OVOL2,SNAI2,miR-101,ZEB2,miR-200b,TGF-beta,GSC",P,10
4335,"TWIST1,ZEB1,GRHL2,OVOL2,SNAI2,miR-101,ZEB2,miR-200b,TGF-beta,GSC,SNAI1,miR-34a,TWIST2",N,13
4336,"TWIST1,ZEB1,GRHL2,OVOL2,SNAI2,miR-101,ZEB2,miR-200b,TGF-beta,GSC,SNAI1",N,11
4337,"TWIST1,ZEB1,GRHL2,OVOL2,SNAI2,TWIST2,ZEB2,miR-200a,TGF-beta,SNAI1",N,10
4338,"TWIST1,ZEB1,GRHL2,OVOL2,SNAI2,TWIST2,ZEB2,miR-200a,TGF-beta,GSC",N,10
4339,"TWIST1,ZEB1,GRHL2,OVOL2,SNAI2,TWIST2,ZEB2,miR-200a,TGF-beta,GSC,SNAI1",P,11
4340,"TWIST1,ZEB1,GRHL2,OVOL2,SNAI2,TWIST2,ZEB2,miR-200c,TGF-beta,SNAI1",N,10
4341,"TWIST1,ZEB1,GRHL2,OVOL2,SNAI2,TWIST2,ZEB2,miR-200c,TGF-beta,GSC",N,10
4342,"TWIST1,ZEB1,GRHL2,OVOL2,SNAI2,TWIST2,ZEB2,miR-200c,TGF-beta,GSC,SNAI1",P,11
4343,"TWIST1,ZEB1,GRHL2,OVOL2,SNAI2,TWIST2,ZEB2,miR-200b,TGF-beta,SNAI1",P,10
4344,"TWIST1,ZEB1,GRHL2,OVOL2,SNAI2,TWIST2,ZEB2,miR-200b,TGF-beta,GSC",P,10
4345,"TWIST1,ZEB1,GRHL2,OVOL2,SNAI2,TWIST2,ZEB2,miR-200b,TGF-beta,GSC,SNAI1",N,11
4346,"TWIST1,ZEB1,GRHL2,OVOL2,SNAI2,TWIST2",N,6
4347,"TWIST1,ZEB1,GRHL2,OVOL2,SNAI2,TWIST2,SNAI1,miR-101,ZEB2,miR-200a,TGF-beta,GSC",N,12
4348,"TWIST1,ZEB1,GRHL2,OVOL2,SNAI2,TWIST2,SNAI1,miR-101,ZEB2,miR-200c,TGF-beta,GSC",N,12
4349,"TWIST1,ZEB1,GRHL2,OVOL2,SNAI2,TWIST2,SNAI1,miR-101,ZEB2,miR-200b,TGF-beta,GSC",P,12
4350,"TWIST1,ZEB1,GRHL2,OVOL2,SNAI2,TWIST2,SNAI1,ZEB2,miR-200a,TGF-beta,GSC",P,11
4351,"TWIST1,ZEB1,GRHL2,OVOL2,SNAI2,TWIST2,SNAI1,ZEB2,miR-200c,TGF-beta,GSC",P,11
4352,"TWIST1,ZEB1,GRHL2,OVOL2,SNAI2,TWIST2,SNAI1,ZEB2,miR-200b,TGF-beta,GSC",N,11
4353,"TWIST1,ZEB1,GRHL2,OVOL2,SNAI2,TWIST2,SNAI1",P,7
4354,"TWIST1,ZEB1,GRHL2,OVOL2,CDH1,SNAI2,miR-200b,TGF-beta,SNAI1,miR-34a,TWIST2",N,11
4355,"TWIST1,ZEB1,GRHL2,OVOL2,CDH1,SNAI2,miR-200b,TGF-beta,SNAI1",N,9
4356,"TWIST1,ZEB1,GRHL2,OVOL2,CDH1,SNAI2,miR-200b,TGF-beta,GSC",N,9
4357,"TWIST1,ZEB1,GRHL2,OVOL2,CDH1,SNAI2,miR-200b,TGF-beta,GSC,SNAI1,miR-34a,TWIST2",P,12
4358,"TWIST1,ZEB1,GRHL2,OVOL2,CDH1,SNAI2,miR-200b,TGF-beta,GSC,SNAI1",P,10
4359,"TWIST1,ZEB1,GRHL2,OVOL2,CDH1,SNAI2,miR-200b,ZEB2,miR-200a,TGF-beta,SNAI1,miR-34a,TWIST2",P,13
4360,"TWIST1,ZEB1,GRHL2,OVOL2,CDH1,SNAI2,miR-200b,ZEB2,miR-200a,TGF-beta,SNAI1",P,11
4361,"TWIST1,ZEB1,GRHL2,OVOL2,CDH1,SNAI2,miR-200b,ZEB2,miR-200a,TGF-beta,GSC",P,11
4362,"TWIST1,ZEB1,GRHL2,OVOL2,CDH1,SNAI2,miR-200b,ZEB2,miR-200a,TGF-beta,GSC,SNAI1,miR-34a,TWIST2",N,14
4363,"TWIST1,ZEB1,GRHL2,OVOL2,CDH1,SNAI2,miR-200b,ZEB2,miR-200a,TGF-beta,GSC,SNAI1",N,12
4364,"TWIST1,ZEB1,GRHL2,OVOL2,CDH1,SNAI2,miR-200b,ZEB2,miR-200c,TGF-beta,SNAI1,miR-34a,TWIST2",P,13
4365,"TWIST1,ZEB1,GRHL2,OVOL2,CDH1,SNAI2,miR-200b,ZEB2,miR-200c,TGF-beta,SNAI1",P,11
4366,"TWIST1,ZEB1,GRHL2,OVOL2,CDH1,SNAI2,miR-200b,ZEB2,miR-200c,TGF-beta,GSC",P,11
4367,"TWIST1,ZEB1,GRHL2,OVOL2,CDH1,SNAI2,miR-200b,ZEB2,miR-200c,TGF-beta,GSC,SNAI1,miR-34a,TWIST2",N,14
4368,"TWIST1,ZEB1,GRHL2,OVOL2,CDH1,SNAI2,miR-200b,ZEB2,miR-200c,TGF-beta,GSC,SNAI1",N,12
4369,"TWIST1,ZEB1,GRHL2,OVOL2,CDH1,SNAI2,miR-101,SNAI1,miR-34a,TWIST2,ZEB2,miR-200a,TGF-beta,GSC",N,14
4370,"TWIST1,ZEB1,GRHL2,OVOL2,CDH1,SNAI2,miR-101,SNAI1,miR-34a,TWIST2,ZEB2,miR-200c,TGF-beta,GSC",N,14
4371,"TWIST1,ZEB1,GRHL2,OVOL2,CDH1,SNAI2,miR-101,SNAI1,miR-34a,TWIST2,ZEB2,miR-200b,TGF-beta,GSC",P,14
4372,"TWIST1,ZEB1,GRHL2,OVOL2,CDH1,SNAI2,miR-101,SNAI1,miR-34a,TWIST2",N,10
4373,"TWIST1,ZEB1,GRHL2,OVOL2,CDH1,SNAI2,miR-101,SNAI1,ZEB2,miR-200a,TGF-beta,GSC",N,12
4374,"TWIST1,ZEB1,GRHL2,OVOL2,CDH1,SNAI2,miR-101,SNAI1,ZEB2,miR-200c,TGF-beta,GSC",N,12
4375,"TWIST1,ZEB1,GRHL2,OVOL2,CDH1,SNAI2,miR-101,SNAI1,ZEB2,miR-200b,TGF-beta,GSC",P,12
4376,"TWIST1,ZEB1,GRHL2,OVOL2,CDH1,SNAI2,miR-101,SNAI1",N,8
4377,"TWIST1,ZEB1,GRHL2,OVOL2,CDH1,SNAI2,miR-101,ZEB2,miR-200a,TGF-beta,SNAI1,miR-34a,TWIST2",P,13
4378,"TWIST1,ZEB1,GRHL2,OVOL2,CDH1,SNAI2,miR-101,ZEB2,miR-200a,TGF-beta,SNAI1",P,11
4379,"TWIST1,ZEB1,GRHL2,OVOL2,CDH1,SNAI2,miR-101,ZEB2,miR-200a,TGF-beta,GSC",P,11
4380,"TWIST1,ZEB1,GRHL2,OVOL2,CDH1,SNAI2,miR-101,ZEB2,miR-200a,TGF-beta,GSC,SNAI1,miR-34a,TWIST2",N,14
4381,"TWIST1,ZEB1,GRHL2,OVOL2,CDH1,SNAI2,miR-101,ZEB2,miR-200a,TGF-beta,GSC,SNAI1",N,12
4382,"TWIST1,ZEB1,GRHL2,OVOL2,CDH1,SNAI2,miR-101,ZEB2,miR-200c,TGF-beta,SNAI1,miR-34a,TWIST2",P,13
4383,"TWIST1,ZEB1,GRHL2,OVOL2,CDH1,SNAI2,miR-101,ZEB2,miR-200c,TGF-beta,SNAI1",P,11
4384,"TWIST1,ZEB1,GRHL2,OVOL2,CDH1,SNAI2,miR-101,ZEB2,miR-200c,TGF-beta,GSC",P,11
4385,"TWIST1,ZEB1,GRHL2,OVOL2,CDH1,SNAI2,miR-101,ZEB2,miR-200c,TGF-beta,GSC,SNAI1,miR-34a,TWIST2",N,14
4386,"TWIST1,ZEB1,GRHL2,OVOL2,CDH1,SNAI2,miR-101,ZEB2,miR-200c,TGF-beta,GSC,SNAI1",N,12
4387,"TWIST1,ZEB1,GRHL2,OVOL2,CDH1,SNAI2,miR-101,ZEB2,miR-200b,TGF-beta,SNAI1,miR-34a,TWIST2",N,13
4388,"TWIST1,ZEB1,GRHL2,OVOL2,CDH1,SNAI2,miR-101,ZEB2,miR-200b,TGF-beta,SNAI1",N,11
4389,"TWIST1,ZEB1,GRHL2,OVOL2,CDH1,SNAI2,miR-101,ZEB2,miR-200b,TGF-beta,GSC",N,11
4390,"TWIST1,ZEB1,GRHL2,OVOL2,CDH1,SNAI2,miR-101,ZEB2,miR-200b,TGF-beta,GSC,SNAI1,miR-34a,TWIST2",P,14
4391,"TWIST1,ZEB1,GRHL2,OVOL2,CDH1,SNAI2,miR-101,ZEB2,miR-200b,TGF-beta,GSC,SNAI1",P,12
4392,"TWIST1,ZEB1,GRHL2,OVOL2,CDH1,SNAI2,TWIST2,ZEB2,miR-200a,TGF-beta,SNAI1",P,11
4393,"TWIST1,ZEB1,GRHL2,OVOL2,CDH1,SNAI2,TWIST2,ZEB2,miR-200a,TGF-beta,GSC",P,11
4394,"TWIST1,ZEB1,GRHL2,OVOL2,CDH1,SNAI2,TWIST2,ZEB2,miR-200a,TGF-beta,GSC,SNAI1",N,12
4395,"TWIST1,ZEB1,GRHL2,OVOL2,CDH1,SNAI2,TWIST2,ZEB2,miR-200c,TGF-beta,SNAI1",P,11
4396,"TWIST1,ZEB1,GRHL2,OVOL2,CDH1,SNAI2,TWIST2,ZEB2,miR-200c,TGF-beta,GSC",P,11
4397,"TWIST1,ZEB1,GRHL2,OVOL2,CDH1,SNAI2,TWIST2,ZEB2,miR-200c,TGF-beta,GSC,SNAI1",N,12
4398,"TWIST1,ZEB1,GRHL2,OVOL2,CDH1,SNAI2,TWIST2,ZEB2,miR-200b,TGF-beta,SNAI1",N,11
4399,"TWIST1,ZEB1,GRHL2,OVOL2,CDH1,SNAI2,TWIST2,ZEB2,miR-200b,TGF-beta,GSC",N,11
4400,"TWIST1,ZEB1,GRHL2,OVOL2,CDH1,SNAI2,TWIST2,ZEB2,miR-200b,TGF-beta,GSC,SNAI1",P,12
4401,"TWIST1,ZEB1,GRHL2,OVOL2,CDH1,SNAI2,TWIST2",P,7
4402,"TWIST1,ZEB1,GRHL2,OVOL2,CDH1,SNAI2,TWIST2,SNAI1,miR-101,ZEB2,miR-200a,TGF-beta,GSC",P,13
4403,"TWIST1,ZEB1,GRHL2,OVOL2,CDH1,SNAI2,TWIST2,SNAI1,miR-101,ZEB2,miR-200c,TGF-beta,GSC",P,13
4404,"TWIST1,ZEB1,GRHL2,OVOL2,CDH1,SNAI2,TWIST2,SNAI1,miR-101,ZEB2,miR-200b,TGF-beta,GSC",N,13
4405,"TWIST1,ZEB1,GRHL2,OVOL2,CDH1,SNAI2,TWIST2,SNAI1,ZEB2,miR-200a,TGF-beta,GSC",N,12
4406,"TWIST1,ZEB1,GRHL2,OVOL2,CDH1,SNAI2,TWIST2,SNAI1,ZEB2,miR-200c,TGF-beta,GSC",N,12
4407,"TWIST1,ZEB1,GRHL2,OVOL2,CDH1,SNAI2,TWIST2,SNAI1,ZEB2,miR-200b,TGF-beta,GSC",P,12
4408,"TWIST1,ZEB1,GRHL2,OVOL2,CDH1,SNAI2,TWIST2,SNAI1",N,8
4409,"TWIST1,ZEB1,OVOL2,TGF-beta,SNAI2,miR-101,SNAI1,miR-34a,TWIST2",N,9
4410,"TWIST1,ZEB1,OVOL2,TGF-beta,SNAI2,miR-101,SNAI1",N,7
4411,"TWIST1,ZEB1,OVOL2,TGF-beta,SNAI2,TWIST2",P,6
4412,"TWIST1,ZEB1,OVOL2,TGF-beta,SNAI2,TWIST2,SNAI1",N,7
4413,"TWIST1,ZEB1,OVOL2,TGF-beta,SNAI1,miR-101,ZEB2,CDH1,SNAI2,TWIST2",P,10
4414,"TWIST1,ZEB1,OVOL2,TGF-beta,SNAI1,miR-34a,TWIST2",P,7
4415,"TWIST1,ZEB1,OVOL2,TGF-beta,SNAI1,miR-34a,SNAI2,TWIST2",P,8
4416,"TWIST1,ZEB1,OVOL2,TGF-beta,SNAI1,ZEB2,CDH1,SNAI2,TWIST2",N,9
4417,"TWIST1,ZEB1,OVOL2,TGF-beta,SNAI1",P,5
4418,"TWIST1,ZEB1,OVOL2,TGF-beta,SNAI1,SNAI2,TWIST2",N,7
4419,"TWIST1,ZEB1,OVOL2,TGF-beta,SNAI1,CDH1,SNAI2,TWIST2",P,8
4420,"TWIST1,ZEB1,OVOL2,TGF-beta,GSC,ZEB2,CDH1,SNAI2,miR-101,SNAI1,miR-34a,TWIST2",P,12
4421,"TWIST1,ZEB1,OVOL2,TGF-beta,GSC,ZEB2,CDH1,SNAI2,miR-101,SNAI1",P,10
4422,"TWIST1,ZEB1,OVOL2,TGF-beta,GSC,ZEB2,CDH1,SNAI2,TWIST2",N,9
4423,"TWIST1,ZEB1,OVOL2,TGF-beta,GSC,ZEB2,CDH1,SNAI2,TWIST2,SNAI1",P,10
4424,"TWIST1,ZEB1,OVOL2,TGF-beta,GSC",P,5
4425,"TWIST1,ZEB1,OVOL2,TGF-beta,GSC,SNAI1,miR-101,ZEB2,CDH1,SNAI2,TWIST2",N,11
4426,"TWIST1,ZEB1,OVOL2,TGF-beta,GSC,SNAI1,miR-34a,TWIST2",N,8
4427,"TWIST1,ZEB1,OVOL2,TGF-beta,GSC,SNAI1,miR-34a,SNAI2,TWIST2",N,9
4428,"TWIST1,ZEB1,OVOL2,TGF-beta,GSC,SNAI1,ZEB2,CDH1,SNAI2,TWIST2",P,10
4429,"TWIST1,ZEB1,OVOL2,TGF-beta,GSC,SNAI1",N,6
4430,"TWIST1,ZEB1,OVOL2,TGF-beta,GSC,SNAI1,SNAI2,TWIST2",P,8
4431,"TWIST1,ZEB1,OVOL2,TGF-beta,GSC,SNAI1,CDH1,SNAI2,TWIST2",N,9
4432,"TWIST1,ZEB1,OVOL2,NP63,miR-205,ZEB2,miR-200a,TGF-beta,SNAI2,miR-101,SNAI1,miR-34a,TWIST2",N,13
4433,"TWIST1,ZEB1,OVOL2,NP63,miR-205,ZEB2,miR-200a,TGF-beta,SNAI2,miR-101,SNAI1",N,11
4434,"TWIST1,ZEB1,OVOL2,NP63,miR-205,ZEB2,miR-200a,TGF-beta,SNAI2,TWIST2",P,10
4435,"TWIST1,ZEB1,OVOL2,NP63,miR-205,ZEB2,miR-200a,TGF-beta,SNAI2,TWIST2,SNAI1",N,11
4436,"TWIST1,ZEB1,OVOL2,NP63,miR-205,ZEB2,miR-200a,TGF-beta,SNAI1,miR-34a,TWIST2",P,11
4437,"TWIST1,ZEB1,OVOL2,NP63,miR-205,ZEB2,miR-200a,TGF-beta,SNAI1,miR-34a,SNAI2,TWIST2",P,12
4438,"TWIST1,ZEB1,OVOL2,NP63,miR-205,ZEB2,miR-200a,TGF-beta,SNAI1",P,9
4439,"TWIST1,ZEB1,OVOL2,NP63,miR-205,ZEB2,miR-200a,TGF-beta,SNAI1,SNAI2,TWIST2",N,11
4440,"TWIST1,ZEB1,OVOL2,NP63,miR-205,ZEB2,miR-200a,TGF-beta,SNAI1,CDH1,SNAI2,TWIST2",P,12
4441,"TWIST1,ZEB1,OVOL2,NP63,miR-205,ZEB2,miR-200a,TGF-beta,GSC",P,9
4442,"TWIST1,ZEB1,OVOL2,NP63,miR-205,ZEB2,miR-200a,TGF-beta,GSC,SNAI1,miR-34a,TWIST2",N,12
4443,"TWIST1,ZEB1,OVOL2,NP63,miR-205,ZEB2,miR-200a,TGF-beta,GSC,SNAI1,miR-34a,SNAI2,TWIST2",N,13
4444,"TWIST1,ZEB1,OVOL2,NP63,miR-205,ZEB2,miR-200a,TGF-beta,GSC,SNAI1",N,10
4445,"TWIST1,ZEB1,OVOL2,NP63,miR-205,ZEB2,miR-200a,TGF-beta,GSC,SNAI1,SNAI2,TWIST2",P,12
4446,"TWIST1,ZEB1,OVOL2,NP63,miR-205,ZEB2,miR-200a,TGF-beta,GSC,SNAI1,CDH1,SNAI2,TWIST2",N,13
4447,"TWIST1,ZEB1,OVOL2,NP63,miR-205,ZEB2,miR-200c,TGF-beta,SNAI2,miR-101,SNAI1,miR-34a,TWIST2",N,13
4448,"TWIST1,ZEB1,OVOL2,NP63,miR-205,ZEB2,miR-200c,TGF-beta,SNAI2,miR-101,SNAI1",N,11
4449,"TWIST1,ZEB1,OVOL2,NP63,miR-205,ZEB2,miR-200c,TGF-beta,SNAI2,TWIST2",P,10
4450,"TWIST1,ZEB1,OVOL2,NP63,miR-205,ZEB2,miR-200c,TGF-beta,SNAI2,TWIST2,SNAI1",N,11
4451,"TWIST1,ZEB1,OVOL2,NP63,miR-205,ZEB2,miR-200c,TGF-beta,SNAI1,miR-34a,TWIST2",P,11
4452,"TWIST1,ZEB1,OVOL2,NP63,miR-205,ZEB2,miR-200c,TGF-beta,SNAI1,miR-34a,SNAI2,TWIST2",P,12
4453,"TWIST1,ZEB1,OVOL2,NP63,miR-205,ZEB2,miR-200c,TGF-beta,SNAI1",P,9
4454,"TWIST1,ZEB1,OVOL2,NP63,miR-205,ZEB2,miR-200c,TGF-beta,SNAI1,SNAI2,TWIST2",N,11
4455,"TWIST1,ZEB1,OVOL2,NP63,miR-205,ZEB2,miR-200c,TGF-beta,SNAI1,CDH1,SNAI2,TWIST2",P,12
4456,"TWIST1,ZEB1,OVOL2,NP63,miR-205,ZEB2,miR-200c,TGF-beta,GSC",P,9
4457,"TWIST1,ZEB1,OVOL2,NP63,miR-205,ZEB2,miR-200c,TGF-beta,GSC,SNAI1,miR-34a,TWIST2",N,12
4458,"TWIST1,ZEB1,OVOL2,NP63,miR-205,ZEB2,miR-200c,TGF-beta,GSC,SNAI1,miR-34a,SNAI2,TWIST2",N,13
4459,"TWIST1,ZEB1,OVOL2,NP63,miR-205,ZEB2,miR-200c,TGF-beta,GSC,SNAI1",N,10
4460,"TWIST1,ZEB1,OVOL2,NP63,miR-205,ZEB2,miR-200c,TGF-beta,GSC,SNAI1,SNAI2,TWIST2",P,12
4461,"TWIST1,ZEB1,OVOL2,NP63,miR-205,ZEB2,miR-200c,TGF-beta,GSC,SNAI1,CDH1,SNAI2,TWIST2",N,13
4462,"TWIST1,ZEB1,OVOL2,NP63,miR-205,ZEB2,miR-200b,TGF-beta,SNAI2,miR-101,SNAI1,miR-34a,TWIST2",P,13
4463,"TWIST1,ZEB1,OVOL2,NP63,miR-205,ZEB2,miR-200b,TGF-beta,SNAI2,miR-101,SNAI1",P,11
4464,"TWIST1,ZEB1,OVOL2,NP63,miR-205,ZEB2,miR-200b,TGF-beta,SNAI2,TWIST2",N,10
4465,"TWIST1,ZEB1,OVOL2,NP63,miR-205,ZEB2,miR-200b,TGF-beta,SNAI2,TWIST2,SNAI1",P,11
4466,"TWIST1,ZEB1,OVOL2,NP63,miR-205,ZEB2,miR-200b,TGF-beta,SNAI1,miR-34a,TWIST2",N,11
4467,"TWIST1,ZEB1,OVOL2,NP63,miR-205,ZEB2,miR-200b,TGF-beta,SNAI1,miR-34a,SNAI2,TWIST2",N,12
4468,"TWIST1,ZEB1,OVOL2,NP63,miR-205,ZEB2,miR-200b,TGF-beta,SNAI1",N,9
4469,"TWIST1,ZEB1,OVOL2,NP63,miR-205,ZEB2,miR-200b,TGF-beta,SNAI1,SNAI2,TWIST2",P,11
4470,"TWIST1,ZEB1,OVOL2,NP63,miR-205,ZEB2,miR-200b,TGF-beta,SNAI1,CDH1,SNAI2,TWIST2",N,12
4471,"TWIST1,ZEB1,OVOL2,NP63,miR-205,ZEB2,miR-200b,TGF-beta,GSC",N,9
4472,"TWIST1,ZEB1,OVOL2,NP63,miR-205,ZEB2,miR-200b,TGF-beta,GSC,SNAI1,miR-34a,TWIST2",P,12
4473,"TWIST1,ZEB1,OVOL2,NP63,miR-205,ZEB2,miR-200b,TGF-beta,GSC,SNAI1,miR-34a,SNAI2,TWIST2",P,13
4474,"TWIST1,ZEB1,OVOL2,NP63,miR-205,ZEB2,miR-200b,TGF-beta,GSC,SNAI1",P,10
4475,"TWIST1,ZEB1,OVOL2,NP63,miR-205,ZEB2,miR-200b,TGF-beta,GSC,SNAI1,SNAI2,TWIST2",N,12
4476,"TWIST1,ZEB1,OVOL2,NP63,miR-205,ZEB2,miR-200b,TGF-beta,GSC,SNAI1,CDH1,SNAI2,TWIST2",P,13
4477,"TWIST1,ZEB1,OVOL2,NP63,miR-205,ZEB2,CDH1,SNAI2,miR-200b,TGF-beta,SNAI1,miR-34a,TWIST2",P,13
4478,"TWIST1,ZEB1,OVOL2,NP63,miR-205,ZEB2,CDH1,SNAI2,miR-200b,TGF-beta,SNAI1",P,11
4479,"TWIST1,ZEB1,OVOL2,NP63,miR-205,ZEB2,CDH1,SNAI2,miR-200b,TGF-beta,GSC",P,11
4480,"TWIST1,ZEB1,OVOL2,NP63,miR-205,ZEB2,CDH1,SNAI2,miR-200b,TGF-beta,GSC,SNAI1,miR-34a,TWIST2",N,14
4481,"TWIST1,ZEB1,OVOL2,NP63,miR-205,ZEB2,CDH1,SNAI2,miR-200b,TGF-beta,GSC,SNAI1",N,12
4482,"TWIST1,ZEB1,OVOL2,NP63,miR-205,ZEB2,CDH1,SNAI2,miR-101,SNAI1,miR-34a,TWIST2",P,12
4483,"TWIST1,ZEB1,OVOL2,NP63,miR-205,ZEB2,CDH1,SNAI2,miR-101,SNAI1",P,10
4484,"TWIST1,ZEB1,OVOL2,NP63,miR-205,ZEB2,CDH1,SNAI2,TWIST2",N,9
4485,"TWIST1,ZEB1,OVOL2,NP63,miR-205,ZEB2,CDH1,SNAI2,TWIST2,SNAI1",P,10
4486,"TWIST1,ZEB1,OVOL2,NP63,SNAI2,miR-200b,TGF-beta,SNAI1,miR-34a,TWIST2",N,10
4487,"TWIST1,ZEB1,OVOL2,NP63,SNAI2,miR-200b,TGF-beta,SNAI1",N,8
4488,"TWIST1,ZEB1,OVOL2,NP63,SNAI2,miR-200b,TGF-beta,GSC",N,8
4489,"TWIST1,ZEB1,OVOL2,NP63,SNAI2,miR-200b,TGF-beta,GSC,SNAI1,miR-34a,TWIST2",P,11
4490,"TWIST1,ZEB1,OVOL2,NP63,SNAI2,miR-200b,TGF-beta,GSC,SNAI1",P,9
4491,"TWIST1,ZEB1,OVOL2,NP63,SNAI2,miR-200b,ZEB2,miR-200a,TGF-beta,SNAI1,miR-34a,TWIST2",P,12
4492,"TWIST1,ZEB1,OVOL2,NP63,SNAI2,miR-200b,ZEB2,miR-200a,TGF-beta,SNAI1",P,10
4493,"TWIST1,ZEB1,OVOL2,NP63,SNAI2,miR-200b,ZEB2,miR-200a,TGF-beta,GSC",P,10
4494,"TWIST1,ZEB1,OVOL2,NP63,SNAI2,miR-200b,ZEB2,miR-200a,TGF-beta,GSC,SNAI1,miR-34a,TWIST2",N,13
4495,"TWIST1,ZEB1,OVOL2,NP63,SNAI2,miR-200b,ZEB2,miR-200a,TGF-beta,GSC,SNAI1",N,11
4496,"TWIST1,ZEB1,OVOL2,NP63,SNAI2,miR-200b,ZEB2,miR-200c,TGF-beta,SNAI1,miR-34a,TWIST2",P,12
4497,"TWIST1,ZEB1,OVOL2,NP63,SNAI2,miR-200b,ZEB2,miR-200c,TGF-beta,SNAI1",P,10
4498,"TWIST1,ZEB1,OVOL2,NP63,SNAI2,miR-200b,ZEB2,miR-200c,TGF-beta,GSC",P,10
4499,"TWIST1,ZEB1,OVOL2,NP63,SNAI2,miR-200b,ZEB2,miR-200c,TGF-beta,GSC,SNAI1,miR-34a,TWIST2",N,13
4500,"TWIST1,ZEB1,OVOL2,NP63,SNAI2,miR-200b,ZEB2,miR-200c,TGF-beta,GSC,SNAI1",N,11
4501,"TWIST1,ZEB1,OVOL2,NP63,SNAI2,miR-101,SNAI1,miR-34a,TWIST2,ZEB2,miR-200a,TGF-beta,GSC",N,13
4502,"TWIST1,ZEB1,OVOL2,NP63,SNAI2,miR-101,SNAI1,miR-34a,TWIST2,ZEB2,miR-200c,TGF-beta,GSC",N,13
4503,"TWIST1,ZEB1,OVOL2,NP63,SNAI2,miR-101,SNAI1,miR-34a,TWIST2,ZEB2,miR-200b,TGF-beta,GSC",P,13
4504,"TWIST1,ZEB1,OVOL2,NP63,SNAI2,miR-101,SNAI1,miR-34a,TWIST2",N,9
4505,"TWIST1,ZEB1,OVOL2,NP63,SNAI2,miR-101,SNAI1,ZEB2,miR-200a,TGF-beta,GSC",N,11
4506,"TWIST1,ZEB1,OVOL2,NP63,SNAI2,miR-101,SNAI1,ZEB2,miR-200c,TGF-beta,GSC",N,11
4507,"TWIST1,ZEB1,OVOL2,NP63,SNAI2,miR-101,SNAI1,ZEB2,miR-200b,TGF-beta,GSC",P,11
4508,"TWIST1,ZEB1,OVOL2,NP63,SNAI2,miR-101,SNAI1",N,7
4509,"TWIST1,ZEB1,OVOL2,NP63,SNAI2,miR-101,ZEB2,miR-200a,TGF-beta,SNAI1,miR-34a,TWIST2",P,12
4510,"TWIST1,ZEB1,OVOL2,NP63,SNAI2,miR-101,ZEB2,miR-200a,TGF-beta,SNAI1",P,10
4511,"TWIST1,ZEB1,OVOL2,NP63,SNAI2,miR-101,ZEB2,miR-200a,TGF-beta,GSC",P,10
4512,"TWIST1,ZEB1,OVOL2,NP63,SNAI2,miR-101,ZEB2,miR-200a,TGF-beta,GSC,SNAI1,miR-34a,TWIST2",N,13
4513,"TWIST1,ZEB1,OVOL2,NP63,SNAI2,miR-101,ZEB2,miR-200a,TGF-beta,GSC,SNAI1",N,11
4514,"TWIST1,ZEB1,OVOL2,NP63,SNAI2,miR-101,ZEB2,miR-200c,TGF-beta,SNAI1,miR-34a,TWIST2",P,12
4515,"TWIST1,ZEB1,OVOL2,NP63,SNAI2,miR-101,ZEB2,miR-200c,TGF-beta,SNAI1",P,10
4516,"TWIST1,ZEB1,OVOL2,NP63,SNAI2,miR-101,ZEB2,miR-200c,TGF-beta,GSC",P,10
4517,"TWIST1,ZEB1,OVOL2,NP63,SNAI2,miR-101,ZEB2,miR-200c,TGF-beta,GSC,SNAI1,miR-34a,TWIST2",N,13
4518,"TWIST1,ZEB1,OVOL2,NP63,SNAI2,miR-101,ZEB2,miR-200c,TGF-beta,GSC,SNAI1",N,11
4519,"TWIST1,ZEB1,OVOL2,NP63,SNAI2,miR-101,ZEB2,miR-200b,TGF-beta,SNAI1,miR-34a,TWIST2",N,12
4520,"TWIST1,ZEB1,OVOL2,NP63,SNAI2,miR-101,ZEB2,miR-200b,TGF-beta,SNAI1",N,10
4521,"TWIST1,ZEB1,OVOL2,NP63,SNAI2,miR-101,ZEB2,miR-200b,TGF-beta,GSC",N,10
4522,"TWIST1,ZEB1,OVOL2,NP63,SNAI2,miR-101,ZEB2,miR-200b,TGF-beta,GSC,SNAI1,miR-34a,TWIST2",P,13
4523,"TWIST1,ZEB1,OVOL2,NP63,SNAI2,miR-101,ZEB2,miR-200b,TGF-beta,GSC,SNAI1",P,11
4524,"TWIST1,ZEB1,OVOL2,NP63,SNAI2,TWIST2,ZEB2,miR-200a,TGF-beta,SNAI1",P,10
4525,"TWIST1,ZEB1,OVOL2,NP63,SNAI2,TWIST2,ZEB2,miR-200a,TGF-beta,GSC",P,10
4526,"TWIST1,ZEB1,OVOL2,NP63,SNAI2,TWIST2,ZEB2,miR-200a,TGF-beta,GSC,SNAI1",N,11
4527,"TWIST1,ZEB1,OVOL2,NP63,SNAI2,TWIST2,ZEB2,miR-200c,TGF-beta,SNAI1",P,10
4528,"TWIST1,ZEB1,OVOL2,NP63,SNAI2,TWIST2,ZEB2,miR-200c,TGF-beta,GSC",P,10
4529,"TWIST1,ZEB1,OVOL2,NP63,SNAI2,TWIST2,ZEB2,miR-200c,TGF-beta,GSC,SNAI1",N,11
4530,"TWIST1,ZEB1,OVOL2,NP63,SNAI2,TWIST2,ZEB2,miR-200b,TGF-beta,SNAI1",N,10
4531,"TWIST1,ZEB1,OVOL2,NP63,SNAI2,TWIST2,ZEB2,miR-200b,TGF-beta,GSC",N,10
4532,"TWIST1,ZEB1,OVOL2,NP63,SNAI2,TWIST2,ZEB2,miR-200b,TGF-beta,GSC,SNAI1",P,11
4533,"TWIST1,ZEB1,OVOL2,NP63,SNAI2,TWIST2",P,6
4534,"TWIST1,ZEB1,OVOL2,NP63,SNAI2,TWIST2,SNAI1,miR-101,ZEB2,miR-200a,TGF-beta,GSC",P,12
4535,"TWIST1,ZEB1,OVOL2,NP63,SNAI2,TWIST2,SNAI1,miR-101,ZEB2,miR-200c,TGF-beta,GSC",P,12
4536,"TWIST1,ZEB1,OVOL2,NP63,SNAI2,TWIST2,SNAI1,miR-101,ZEB2,miR-200b,TGF-beta,GSC",N,12
4537,"TWIST1,ZEB1,OVOL2,NP63,SNAI2,TWIST2,SNAI1,ZEB2,miR-200a,TGF-beta,GSC",N,11
4538,"TWIST1,ZEB1,OVOL2,NP63,SNAI2,TWIST2,SNAI1,ZEB2,miR-200c,TGF-beta,GSC",N,11
4539,"TWIST1,ZEB1,OVOL2,NP63,SNAI2,TWIST2,SNAI1,ZEB2,miR-200b,TGF-beta,GSC",P,11
4540,"TWIST1,ZEB1,OVOL2,NP63,SNAI2,TWIST2,SNAI1",N,7
4541,"TWIST1,ZEB1,OVOL2,SNAI2,miR-200b,TGF-beta,SNAI1,miR-34a,TWIST2",N,9
4542,"TWIST1,ZEB1,OVOL2,SNAI2,miR-200b,TGF-beta,SNAI1",N,7
4543,"TWIST1,ZEB1,OVOL2,SNAI2,miR-200b,TGF-beta,GSC",N,7
4544,"TWIST1,ZEB1,OVOL2,SNAI2,miR-200b,TGF-beta,GSC,SNAI1,miR-34a,TWIST2",P,10
4545,"TWIST1,ZEB1,OVOL2,SNAI2,miR-200b,TGF-beta,GSC,SNAI1",P,8
4546,"TWIST1,ZEB1,OVOL2,SNAI2,miR-200b,ZEB2,miR-200a,TGF-beta,SNAI1,miR-34a,TWIST2",P,11
4547,"TWIST1,ZEB1,OVOL2,SNAI2,miR-200b,ZEB2,miR-200a,TGF-beta,SNAI1",P,9
4548,"TWIST1,ZEB1,OVOL2,SNAI2,miR-200b,ZEB2,miR-200a,TGF-beta,GSC",P,9
4549,"TWIST1,ZEB1,OVOL2,SNAI2,miR-200b,ZEB2,miR-200a,TGF-beta,GSC,SNAI1,miR-34a,TWIST2",N,12
4550,"TWIST1,ZEB1,OVOL2,SNAI2,miR-200b,ZEB2,miR-200a,TGF-beta,GSC,SNAI1",N,10
4551,"TWIST1,ZEB1,OVOL2,SNAI2,miR-200b,ZEB2,miR-200c,TGF-beta,SNAI1,miR-34a,TWIST2",P,11
4552,"TWIST1,ZEB1,OVOL2,SNAI2,miR-200b,ZEB2,miR-200c,TGF-beta,SNAI1",P,9
4553,"TWIST1,ZEB1,OVOL2,SNAI2,miR-200b,ZEB2,miR-200c,TGF-beta,GSC",P,9
4554,"TWIST1,ZEB1,OVOL2,SNAI2,miR-200b,ZEB2,miR-200c,TGF-beta,GSC,SNAI1,miR-34a,TWIST2",N,12
4555,"TWIST1,ZEB1,OVOL2,SNAI2,miR-200b,ZEB2,miR-200c,TGF-beta,GSC,SNAI1",N,10
4556,"TWIST1,ZEB1,OVOL2,SNAI2,miR-101,SNAI1,miR-34a,TWIST2,ZEB2,miR-200a,TGF-beta,GSC",N,12
4557,"TWIST1,ZEB1,OVOL2,SNAI2,miR-101,SNAI1,miR-34a,TWIST2,ZEB2,miR-200c,TGF-beta,GSC",N,12
4558,"TWIST1,ZEB1,OVOL2,SNAI2,miR-101,SNAI1,miR-34a,TWIST2,ZEB2,miR-200b,TGF-beta,GSC",P,12
4559,"TWIST1,ZEB1,OVOL2,SNAI2,miR-101,SNAI1,miR-34a,TWIST2",N,8
4560,"TWIST1,ZEB1,OVOL2,SNAI2,miR-101,SNAI1,ZEB2,miR-200a,TGF-beta,GSC",N,10
4561,"TWIST1,ZEB1,OVOL2,SNAI2,miR-101,SNAI1,ZEB2,miR-200c,TGF-beta,GSC",N,10
4562,"TWIST1,ZEB1,OVOL2,SNAI2,miR-101,SNAI1,ZEB2,miR-200b,TGF-beta,GSC",P,10
4563,"TWIST1,ZEB1,OVOL2,SNAI2,miR-101,SNAI1",N,6
4564,"TWIST1,ZEB1,OVOL2,SNAI2,miR-101,ZEB2,miR-200a,TGF-beta,SNAI1,miR-34a,TWIST2",P,11
4565,"TWIST1,ZEB1,OVOL2,SNAI2,miR-101,ZEB2,miR-200a,TGF-beta,SNAI1",P,9
4566,"TWIST1,ZEB1,OVOL2,SNAI2,miR-101,ZEB2,miR-200a,TGF-beta,GSC",P,9
4567,"TWIST1,ZEB1,OVOL2,SNAI2,miR-101,ZEB2,miR-200a,TGF-beta,GSC,SNAI1,miR-34a,TWIST2",N,12
4568,"TWIST1,ZEB1,OVOL2,SNAI2,miR-101,ZEB2,miR-200a,TGF-beta,GSC,SNAI1",N,10
4569,"TWIST1,ZEB1,OVOL2,SNAI2,miR-101,ZEB2,miR-200c,TGF-beta,SNAI1,miR-34a,TWIST2",P,11
4570,"TWIST1,ZEB1,OVOL2,SNAI2,miR-101,ZEB2,miR-200c,TGF-beta,SNAI1",P,9
4571,"TWIST1,ZEB1,OVOL2,SNAI2,miR-101,ZEB2,miR-200c,TGF-beta,GSC",P,9
4572,"TWIST1,ZEB1,OVOL2,SNAI2,miR-101,ZEB2,miR-200c,TGF-beta,GSC,SNAI1,miR-34a,TWIST2",N,12
4573,"TWIST1,ZEB1,OVOL2,SNAI2,miR-101,ZEB2,miR-200c,TGF-beta,GSC,SNAI1",N,10
4574,"TWIST1,ZEB1,OVOL2,SNAI2,miR-101,ZEB2,miR-200b,TGF-beta,SNAI1,miR-34a,TWIST2",N,11
4575,"TWIST1,ZEB1,OVOL2,SNAI2,miR-101,ZEB2,miR-200b,TGF-beta,SNAI1",N,9
4576,"TWIST1,ZEB1,OVOL2,SNAI2,miR-101,ZEB2,miR-200b,TGF-beta,GSC",N,9
4577,"TWIST1,ZEB1,OVOL2,SNAI2,miR-101,ZEB2,miR-200b,TGF-beta,GSC,SNAI1,miR-34a,TWIST2",P,12
4578,"TWIST1,ZEB1,OVOL2,SNAI2,miR-101,ZEB2,miR-200b,TGF-beta,GSC,SNAI1",P,10
4579,"TWIST1,ZEB1,OVOL2,SNAI2,TWIST2,ZEB2,miR-200a,TGF-beta,SNAI1",P,9
4580,"TWIST1,ZEB1,OVOL2,SNAI2,TWIST2,ZEB2,miR-200a,TGF-beta,GSC",P,9
4581,"TWIST1,ZEB1,OVOL2,SNAI2,TWIST2,ZEB2,miR-200a,TGF-beta,GSC,SNAI1",N,10
4582,"TWIST1,ZEB1,OVOL2,SNAI2,TWIST2,ZEB2,miR-200c,TGF-beta,SNAI1",P,9
4583,"TWIST1,ZEB1,OVOL2,SNAI2,TWIST2,ZEB2,miR-200c,TGF-beta,GSC",P,9
4584,"TWIST1,ZEB1,OVOL2,SNAI2,TWIST2,ZEB2,miR-200c,TGF-beta,GSC,SNAI1",N,10
4585,"TWIST1,ZEB1,OVOL2,SNAI2,TWIST2,ZEB2,miR-200b,TGF-beta,SNAI1",N,9
4586,"TWIST1,ZEB1,OVOL2,SNAI2,TWIST2,ZEB2,miR-200b,TGF-beta,GSC",N,9
4587,"TWIST1,ZEB1,OVOL2,SNAI2,TWIST2,ZEB2,miR-200b,TGF-beta,GSC,SNAI1",P,10
4588,"TWIST1,ZEB1,OVOL2,SNAI2,TWIST2",P,5
4589,"TWIST1,ZEB1,OVOL2,SNAI2,TWIST2,SNAI1,miR-101,ZEB2,miR-200a,TGF-beta,GSC",P,11
4590,"TWIST1,ZEB1,OVOL2,SNAI2,TWIST2,SNAI1,miR-101,ZEB2,miR-200c,TGF-beta,GSC",P,11
4591,"TWIST1,ZEB1,OVOL2,SNAI2,TWIST2,SNAI1,miR-101,ZEB2,miR-200b,TGF-beta,GSC",N,11
4592,"TWIST1,ZEB1,OVOL2,SNAI2,TWIST2,SNAI1,ZEB2,miR-200a,TGF-beta,GSC",N,10
4593,"TWIST1,ZEB1,OVOL2,SNAI2,TWIST2,SNAI1,ZEB2,miR-200c,TGF-beta,GSC",N,10
4594,"TWIST1,ZEB1,OVOL2,SNAI2,TWIST2,SNAI1,ZEB2,miR-200b,TGF-beta,GSC",P,10
4595,"TWIST1,ZEB1,OVOL2,SNAI2,TWIST2,SNAI1",N,6
4596,"TWIST1,ZEB1,OVOL2,CDH1,SNAI2,miR-200b,TGF-beta,SNAI1,miR-34a,TWIST2",P,10
4597,"TWIST1,ZEB1,OVOL2,CDH1,SNAI2,miR-200b,TGF-beta,SNAI1",P,8
4598,"TWIST1,ZEB1,OVOL2,CDH1,SNAI2,miR-200b,TGF-beta,GSC",P,8
4599,"TWIST1,ZEB1,OVOL2,CDH1,SNAI2,miR-200b,TGF-beta,GSC,SNAI1,miR-34a,TWIST2",N,11
4600,"TWIST1,ZEB1,OVOL2,CDH1,SNAI2,miR-200b,TGF-beta,GSC,SNAI1",N,9
4601,"TWIST1,ZEB1,OVOL2,CDH1,SNAI2,miR-200b,ZEB2,miR-200a,TGF-beta,SNAI1,miR-34a,TWIST2",N,12
4602,"TWIST1,ZEB1,OVOL2,CDH1,SNAI2,miR-200b,ZEB2,miR-200a,TGF-beta,SNAI1",N,10
4603,"TWIST1,ZEB1,OVOL2,CDH1,SNAI2,miR-200b,ZEB2,miR-200a,TGF-beta,GSC",N,10
4604,"TWIST1,ZEB1,OVOL2,CDH1,SNAI2,miR-200b,ZEB2,miR-200a,TGF-beta,GSC,SNAI1,miR-34a,TWIST2",P,13
4605,"TWIST1,ZEB1,OVOL2,CDH1,SNAI2,miR-200b,ZEB2,miR-200a,TGF-beta,GSC,SNAI1",P,11
4606,"TWIST1,ZEB1,OVOL2,CDH1,SNAI2,miR-200b,ZEB2,miR-200c,TGF-beta,SNAI1,miR-34a,TWIST2",N,12
4607,"TWIST1,ZEB1,OVOL2,CDH1,SNAI2,miR-200b,ZEB2,miR-200c,TGF-beta,SNAI1",N,10
4608,"TWIST1,ZEB1,OVOL2,CDH1,SNAI2,miR-200b,ZEB2,miR-200c,TGF-beta,GSC",N,10
4609,"TWIST1,ZEB1,OVOL2,CDH1,SNAI2,miR-200b,ZEB2,miR-200c,TGF-beta,GSC,SNAI1,miR-34a,TWIST2",P,13
4610,"TWIST1,ZEB1,OVOL2,CDH1,SNAI2,miR-200b,ZEB2,miR-200c,TGF-beta,GSC,SNAI1",P,11
4611,"TWIST1,ZEB1,OVOL2,CDH1,SNAI2,miR-101,SNAI1,miR-34a,TWIST2,ZEB2,miR-200a,TGF-beta,GSC",P,13
4612,"TWIST1,ZEB1,OVOL2,CDH1,SNAI2,miR-101,SNAI1,miR-34a,TWIST2,ZEB2,miR-200c,TGF-beta,GSC",P,13
4613,"TWIST1,ZEB1,OVOL2,CDH1,SNAI2,miR-101,SNAI1,miR-34a,TWIST2,ZEB2,miR-200b,TGF-beta,GSC",N,13
4614,"TWIST1,ZEB1,OVOL2,CDH1,SNAI2,miR-101,SNAI1,miR-34a,TWIST2",P,9
4615,"TWIST1,ZEB1,OVOL2,CDH1,SNAI2,miR-101,SNAI1,ZEB2,miR-200a,TGF-beta,GSC",P,11
4616,"TWIST1,ZEB1,OVOL2,CDH1,SNAI2,miR-101,SNAI1,ZEB2,miR-200c,TGF-beta,GSC",P,11
4617,"TWIST1,ZEB1,OVOL2,CDH1,SNAI2,miR-101,SNAI1,ZEB2,miR-200b,TGF-beta,GSC",N,11
4618,"TWIST1,ZEB1,OVOL2,CDH1,SNAI2,miR-101,SNAI1",P,7
4619,"TWIST1,ZEB1,OVOL2,CDH1,SNAI2,miR-101,ZEB2,miR-200a,TGF-beta,SNAI1,miR-34a,TWIST2",N,12
4620,"TWIST1,ZEB1,OVOL2,CDH1,SNAI2,miR-101,ZEB2,miR-200a,TGF-beta,SNAI1",N,10
4621,"TWIST1,ZEB1,OVOL2,CDH1,SNAI2,miR-101,ZEB2,miR-200a,TGF-beta,GSC",N,10
4622,"TWIST1,ZEB1,OVOL2,CDH1,SNAI2,miR-101,ZEB2,miR-200a,TGF-beta,GSC,SNAI1,miR-34a,TWIST2",P,13
4623,"TWIST1,ZEB1,OVOL2,CDH1,SNAI2,miR-101,ZEB2,miR-200a,TGF-beta,GSC,SNAI1",P,11
4624,"TWIST1,ZEB1,OVOL2,CDH1,SNAI2,miR-101,ZEB2,miR-200c,TGF-beta,SNAI1,miR-34a,TWIST2",N,12
4625,"TWIST1,ZEB1,OVOL2,CDH1,SNAI2,miR-101,ZEB2,miR-200c,TGF-beta,SNAI1",N,10
4626,"TWIST1,ZEB1,OVOL2,CDH1,SNAI2,miR-101,ZEB2,miR-200c,TGF-beta,GSC",N,10
4627,"TWIST1,ZEB1,OVOL2,CDH1,SNAI2,miR-101,ZEB2,miR-200c,TGF-beta,GSC,SNAI1,miR-34a,TWIST2",P,13
4628,"TWIST1,ZEB1,OVOL2,CDH1,SNAI2,miR-101,ZEB2,miR-200c,TGF-beta,GSC,SNAI1",P,11
4629,"TWIST1,ZEB1,OVOL2,CDH1,SNAI2,miR-101,ZEB2,miR-200b,TGF-beta,SNAI1,miR-34a,TWIST2",P,12
4630,"TWIST1,ZEB1,OVOL2,CDH1,SNAI2,miR-101,ZEB2,miR-200b,TGF-beta,SNAI1",P,10
4631,"TWIST1,ZEB1,OVOL2,CDH1,SNAI2,miR-101,ZEB2,miR-200b,TGF-beta,GSC",P,10
4632,"TWIST1,ZEB1,OVOL2,CDH1,SNAI2,miR-101,ZEB2,miR-200b,TGF-beta,GSC,SNAI1,miR-34a,TWIST2",N,13
4633,"TWIST1,ZEB1,OVOL2,CDH1,SNAI2,miR-101,ZEB2,miR-200b,TGF-beta,GSC,SNAI1",N,11
4634,"TWIST1,ZEB1,OVOL2,CDH1,SNAI2,TWIST2,ZEB2,miR-200a,TGF-beta,SNAI1",N,10
4635,"TWIST1,ZEB1,OVOL2,CDH1,SNAI2,TWIST2,ZEB2,miR-200a,TGF-beta,GSC",N,10
4636,"TWIST1,ZEB1,OVOL2,CDH1,SNAI2,TWIST2,ZEB2,miR-200a,TGF-beta,GSC,SNAI1",P,11
4637,"TWIST1,ZEB1,OVOL2,CDH1,SNAI2,TWIST2,ZEB2,miR-200c,TGF-beta,SNAI1",N,10
4638,"TWIST1,ZEB1,OVOL2,CDH1,SNAI2,TWIST2,ZEB2,miR-200c,TGF-beta,GSC",N,10
4639,"TWIST1,ZEB1,OVOL2,CDH1,SNAI2,TWIST2,ZEB2,miR-200c,TGF-beta,GSC,SNAI1",P,11
4640,"TWIST1,ZEB1,OVOL2,CDH1,SNAI2,TWIST2,ZEB2,miR-200b,TGF-beta,SNAI1",P,10
4641,"TWIST1,ZEB1,OVOL2,CDH1,SNAI2,TWIST2,ZEB2,miR-200b,TGF-beta,GSC",P,10
4642,"TWIST1,ZEB1,OVOL2,CDH1,SNAI2,TWIST2,ZEB2,miR-200b,TGF-beta,GSC,SNAI1",N,11
4643,"TWIST1,ZEB1,OVOL2,CDH1,SNAI2,TWIST2",N,6
4644,"TWIST1,ZEB1,OVOL2,CDH1,SNAI2,TWIST2,SNAI1,miR-101,ZEB2,miR-200a,TGF-beta,GSC",N,12
4645,"TWIST1,ZEB1,OVOL2,CDH1,SNAI2,TWIST2,SNAI1,miR-101,ZEB2,miR-200c,TGF-beta,GSC",N,12
4646,"TWIST1,ZEB1,OVOL2,CDH1,SNAI2,TWIST2,SNAI1,miR-101,ZEB2,miR-200b,TGF-beta,GSC",P,12
4647,"TWIST1,ZEB1,OVOL2,CDH1,SNAI2,TWIST2,SNAI1,ZEB2,miR-200a,TGF-beta,GSC",P,11
4648,"TWIST1,ZEB1,OVOL2,CDH1,SNAI2,TWIST2,SNAI1,ZEB2,miR-200c,TGF-beta,GSC",P,11
4649,"TWIST1,ZEB1,OVOL2,CDH1,SNAI2,TWIST2,SNAI1,ZEB2,miR-200b,TGF-beta,GSC",N,11
4650,"TWIST1,ZEB1,OVOL2,CDH1,SNAI2,TWIST2,SNAI1",P,7
4651,"TWIST1,ZEB1,miR-34a,TWIST2,ZEB2,miR-200a,TGF-beta,SNAI2,miR-101,SNAI1",N,10
4652,"TWIST1,ZEB1,miR-34a,TWIST2,ZEB2,miR-200a,TGF-beta,SNAI1",P,8
4653,"TWIST1,ZEB1,miR-34a,TWIST2,ZEB2,miR-200a,TGF-beta,GSC",P,8
4654,"TWIST1,ZEB1,miR-34a,TWIST2,ZEB2,miR-200a,TGF-beta,GSC,SNAI1",N,9
4655,"TWIST1,ZEB1,miR-34a,TWIST2,ZEB2,miR-200c,TGF-beta,SNAI2,miR-101,SNAI1",N,10
4656,"TWIST1,ZEB1,miR-34a,TWIST2,ZEB2,miR-200c,TGF-beta,SNAI1",P,8
4657,"TWIST1,ZEB1,miR-34a,TWIST2,ZEB2,miR-200c,TGF-beta,GSC",P,8
4658,"TWIST1,ZEB1,miR-34a,TWIST2,ZEB2,miR-200c,TGF-beta,GSC,SNAI1",N,9
4659,"TWIST1,ZEB1,miR-34a,TWIST2,ZEB2,miR-200b,TGF-beta,SNAI2,miR-101,SNAI1",P,10
4660,"TWIST1,ZEB1,miR-34a,TWIST2,ZEB2,miR-200b,TGF-beta,SNAI1",N,8
4661,"TWIST1,ZEB1,miR-34a,TWIST2,ZEB2,miR-200b,TGF-beta,GSC",N,8
4662,"TWIST1,ZEB1,miR-34a,TWIST2,ZEB2,miR-200b,TGF-beta,GSC,SNAI1",P,9
4663,"TWIST1,ZEB1,miR-34a,TWIST2,ZEB2,CDH1,SNAI2,miR-200b,TGF-beta,SNAI1",P,10
4664,"TWIST1,ZEB1,miR-34a,TWIST2,ZEB2,CDH1,SNAI2,miR-200b,TGF-beta,GSC",P,10
4665,"TWIST1,ZEB1,miR-34a,TWIST2,ZEB2,CDH1,SNAI2,miR-200b,TGF-beta,GSC,SNAI1",N,11
4666,"TWIST1,ZEB1,miR-34a,TWIST2,ZEB2,CDH1,SNAI2,miR-101,SNAI1",P,9
4667,"TWIST1,ZEB1,miR-34a,TWIST2",P,4
4668,"TWIST1,ZEB1,miR-34a,TWIST2,SNAI2,miR-200b,TGF-beta,SNAI1",N,8
4669,"TWIST1,ZEB1,miR-34a,TWIST2,SNAI2,miR-200b,TGF-beta,GSC",N,8
4670,"TWIST1,ZEB1,miR-34a,TWIST2,SNAI2,miR-200b,TGF-beta,GSC,SNAI1",P,9
4671,"TWIST1,ZEB1,miR-34a,TWIST2,SNAI2,miR-200b,ZEB2,miR-200a,TGF-beta,SNAI1",P,10
4672,"TWIST1,ZEB1,miR-34a,TWIST2,SNAI2,miR-200b,ZEB2,miR-200a,TGF-beta,GSC",P,10
4673,"TWIST1,ZEB1,miR-34a,TWIST2,SNAI2,miR-200b,ZEB2,miR-200a,TGF-beta,GSC,SNAI1",N,11
4674,"TWIST1,ZEB1,miR-34a,TWIST2,SNAI2,miR-200b,ZEB2,miR-200c,TGF-beta,SNAI1",P,10
4675,"TWIST1,ZEB1,miR-34a,TWIST2,SNAI2,miR-200b,ZEB2,miR-200c,TGF-beta,GSC",P,10
4676,"TWIST1,ZEB1,miR-34a,TWIST2,SNAI2,miR-200b,ZEB2,miR-200c,TGF-beta,GSC,SNAI1",N,11
4677,"TWIST1,ZEB1,miR-34a,TWIST2,SNAI2,miR-101,SNAI1,ZEB2,miR-200a,TGF-beta,GSC",N,11
4678,"TWIST1,ZEB1,miR-34a,TWIST2,SNAI2,miR-101,SNAI1,ZEB2,miR-200c,TGF-beta,GSC",N,11
4679,"TWIST1,ZEB1,miR-34a,TWIST2,SNAI2,miR-101,SNAI1,ZEB2,miR-200b,TGF-beta,GSC",P,11
4680,"TWIST1,ZEB1,miR-34a,TWIST2,SNAI2,miR-101,SNAI1",N,7
4681,"TWIST1,ZEB1,miR-34a,TWIST2,SNAI2,miR-101,ZEB2,miR-200a,TGF-beta,SNAI1",P,10
4682,"TWIST1,ZEB1,miR-34a,TWIST2,SNAI2,miR-101,ZEB2,miR-200a,TGF-beta,GSC",P,10
4683,"TWIST1,ZEB1,miR-34a,TWIST2,SNAI2,miR-101,ZEB2,miR-200a,TGF-beta,GSC,SNAI1",N,11
4684,"TWIST1,ZEB1,miR-34a,TWIST2,SNAI2,miR-101,ZEB2,miR-200c,TGF-beta,SNAI1",P,10
4685,"TWIST1,ZEB1,miR-34a,TWIST2,SNAI2,miR-101,ZEB2,miR-200c,TGF-beta,GSC",P,10
4686,"TWIST1,ZEB1,miR-34a,TWIST2,SNAI2,miR-101,ZEB2,miR-200c,TGF-beta,GSC,SNAI1",N,11
4687,"TWIST1,ZEB1,miR-34a,TWIST2,SNAI2,miR-101,ZEB2,miR-200b,TGF-beta,SNAI1",N,10
4688,"TWIST1,ZEB1,miR-34a,TWIST2,SNAI2,miR-101,ZEB2,miR-200b,TGF-beta,GSC",N,10
4689,"TWIST1,ZEB1,miR-34a,TWIST2,SNAI2,miR-101,ZEB2,miR-200b,TGF-beta,GSC,SNAI1",P,11
4690,"TWIST1,ZEB1,miR-34a,TWIST2,SNAI1,miR-101,ZEB2,miR-200a,TGF-beta,GSC",P,10
4691,"TWIST1,ZEB1,miR-34a,TWIST2,SNAI1,miR-101,ZEB2,miR-200c,TGF-beta,GSC",P,10
4692,"TWIST1,ZEB1,miR-34a,TWIST2,SNAI1,miR-101,ZEB2,miR-200b,TGF-beta,GSC",N,10
4693,"TWIST1,ZEB1,miR-34a,TWIST2,SNAI1,miR-101,ZEB2,CDH1,SNAI2,miR-200b,TGF-beta,GSC",P,12
4694,"TWIST1,ZEB1,miR-34a,TWIST2,SNAI1,ZEB2,miR-200a,TGF-beta,GSC",N,9
4695,"TWIST1,ZEB1,miR-34a,TWIST2,SNAI1,ZEB2,miR-200c,TGF-beta,GSC",N,9
4696,"TWIST1,ZEB1,miR-34a,TWIST2,SNAI1,ZEB2,miR-200b,TGF-beta,GSC",P,9
4697,"TWIST1,ZEB1,miR-34a,TWIST2,SNAI1,ZEB2,CDH1,SNAI2,miR-200b,TGF-beta,GSC",N,11
4698,"TWIST1,ZEB1,miR-34a,TWIST2,SNAI1",N,5
4699,"TWIST1,ZEB1,miR-34a,TWIST2,SNAI1,SNAI2,miR-200b,TGF-beta,GSC",N,9
4700,"TWIST1,ZEB1,miR-34a,TWIST2,SNAI1,SNAI2,miR-200b,ZEB2,miR-200a,TGF-beta,GSC",P,11
4701,"TWIST1,ZEB1,miR-34a,TWIST2,SNAI1,SNAI2,miR-200b,ZEB2,miR-200c,TGF-beta,GSC",P,11
4702,"TWIST1,ZEB1,miR-34a,TWIST2,SNAI1,SNAI2,miR-101,ZEB2,miR-200a,TGF-beta,GSC",P,11
4703,"TWIST1,ZEB1,miR-34a,TWIST2,SNAI1,SNAI2,miR-101,ZEB2,miR-200c,TGF-beta,GSC",P,11
4704,"TWIST1,ZEB1,miR-34a,TWIST2,SNAI1,SNAI2,miR-101,ZEB2,miR-200b,TGF-beta,GSC",N,11
4705,"TWIST1,ZEB1,miR-34a,TWIST2,SNAI1,CDH1,SNAI2,miR-200b,TGF-beta,GSC",P,10
4706,"TWIST1,ZEB1,miR-34a,TWIST2,SNAI1,CDH1,SNAI2,miR-200b,ZEB2,miR-200a,TGF-beta,GSC",N,12
4707,"TWIST1,ZEB1,miR-34a,TWIST2,SNAI1,CDH1,SNAI2,miR-200b,ZEB2,miR-200c,TGF-beta,GSC",N,12
4708,"TWIST1,ZEB1,miR-34a,TWIST2,SNAI1,CDH1,SNAI2,miR-101,ZEB2,miR-200a,TGF-beta,GSC",N,12
4709,"TWIST1,ZEB1,miR-34a,TWIST2,SNAI1,CDH1,SNAI2,miR-101,ZEB2,miR-200c,TGF-beta,GSC",N,12
4710,"TWIST1,ZEB1,miR-34a,TWIST2,SNAI1,CDH1,SNAI2,miR-101,ZEB2,miR-200b,TGF-beta,GSC",P,12
4711,"TWIST1,ZEB1,miR-34a,TWIST2,CDH1,SNAI2,miR-200b,TGF-beta,SNAI1",N,9
4712,"TWIST1,ZEB1,miR-34a,TWIST2,CDH1,SNAI2,miR-200b,TGF-beta,GSC",N,9
4713,"TWIST1,ZEB1,miR-34a,TWIST2,CDH1,SNAI2,miR-200b,TGF-beta,GSC,SNAI1",P,10
4714,"TWIST1,ZEB1,miR-34a,TWIST2,CDH1,SNAI2,miR-200b,ZEB2,miR-200a,TGF-beta,SNAI1",P,11
4715,"TWIST1,ZEB1,miR-34a,TWIST2,CDH1,SNAI2,miR-200b,ZEB2,miR-200a,TGF-beta,GSC",P,11
4716,"TWIST1,ZEB1,miR-34a,TWIST2,CDH1,SNAI2,miR-200b,ZEB2,miR-200a,TGF-beta,GSC,SNAI1",N,12
4717,"TWIST1,ZEB1,miR-34a,TWIST2,CDH1,SNAI2,miR-200b,ZEB2,miR-200c,TGF-beta,SNAI1",P,11
4718,"TWIST1,ZEB1,miR-34a,TWIST2,CDH1,SNAI2,miR-200b,ZEB2,miR-200c,TGF-beta,GSC",P,11
4719,"TWIST1,ZEB1,miR-34a,TWIST2,CDH1,SNAI2,miR-200b,ZEB2,miR-200c,TGF-beta,GSC,SNAI1",N,12
4720,"TWIST1,ZEB1,miR-34a,TWIST2,CDH1,SNAI2,miR-101,SNAI1,ZEB2,miR-200a,TGF-beta,GSC",N,12
4721,"TWIST1,ZEB1,miR-34a,TWIST2,CDH1,SNAI2,miR-101,SNAI1,ZEB2,miR-200c,TGF-beta,GSC",N,12
4722,"TWIST1,ZEB1,miR-34a,TWIST2,CDH1,SNAI2,miR-101,SNAI1,ZEB2,miR-200b,TGF-beta,GSC",P,12
4723,"TWIST1,ZEB1,miR-34a,TWIST2,CDH1,SNAI2,miR-101,SNAI1",N,8
4724,"TWIST1,ZEB1,miR-34a,TWIST2,CDH1,SNAI2,miR-101,ZEB2,miR-200a,TGF-beta,SNAI1",P,11
4725,"TWIST1,ZEB1,miR-34a,TWIST2,CDH1,SNAI2,miR-101,ZEB2,miR-200a,TGF-beta,GSC",P,11
4726,"TWIST1,ZEB1,miR-34a,TWIST2,CDH1,SNAI2,miR-101,ZEB2,miR-200a,TGF-beta,GSC,SNAI1",N,12
4727,"TWIST1,ZEB1,miR-34a,TWIST2,CDH1,SNAI2,miR-101,ZEB2,miR-200c,TGF-beta,SNAI1",P,11
4728,"TWIST1,ZEB1,miR-34a,TWIST2,CDH1,SNAI2,miR-101,ZEB2,miR-200c,TGF-beta,GSC",P,11
4729,"TWIST1,ZEB1,miR-34a,TWIST2,CDH1,SNAI2,miR-101,ZEB2,miR-200c,TGF-beta,GSC,SNAI1",N,12
4730,"TWIST1,ZEB1,miR-34a,TWIST2,CDH1,SNAI2,miR-101,ZEB2,miR-200b,TGF-beta,SNAI1",N,11
4731,"TWIST1,ZEB1,miR-34a,TWIST2,CDH1,SNAI2,miR-101,ZEB2,miR-200b,TGF-beta,GSC",N,11
4732,"TWIST1,ZEB1,miR-34a,TWIST2,CDH1,SNAI2,miR-101,ZEB2,miR-200b,TGF-beta,GSC,SNAI1",P,12
4733,"TWIST1,ZEB1,miR-34a,SNAI2,miR-200b,TGF-beta,SNAI1",N,7
4734,"TWIST1,ZEB1,miR-34a,SNAI2,miR-200b,TGF-beta,GSC",N,7
4735,"TWIST1,ZEB1,miR-34a,SNAI2,miR-200b,TGF-beta,GSC,SNAI1",P,8
4736,"TWIST1,ZEB1,miR-34a,SNAI2,miR-200b,ZEB2,miR-200a,TGF-beta,SNAI1",P,9
4737,"TWIST1,ZEB1,miR-34a,SNAI2,miR-200b,ZEB2,miR-200a,TGF-beta,GSC",P,9
4738,"TWIST1,ZEB1,miR-34a,SNAI2,miR-200b,ZEB2,miR-200a,TGF-beta,GSC,SNAI1",N,10
4739,"TWIST1,ZEB1,miR-34a,SNAI2,miR-200b,ZEB2,miR-200c,TGF-beta,SNAI1",P,9
4740,"TWIST1,ZEB1,miR-34a,SNAI2,miR-200b,ZEB2,miR-200c,TGF-beta,GSC",P,9
4741,"TWIST1,ZEB1,miR-34a,SNAI2,miR-200b,ZEB2,miR-200c,TGF-beta,GSC,SNAI1",N,10
4742,"TWIST1,ZEB1,miR-34a,SNAI2,miR-101,SNAI1,ZEB2,miR-200a,TGF-beta,GSC",N,10
4743,"TWIST1,ZEB1,miR-34a,SNAI2,miR-101,SNAI1,ZEB2,miR-200c,TGF-beta,GSC",N,10
4744,"TWIST1,ZEB1,miR-34a,SNAI2,miR-101,SNAI1,ZEB2,miR-200b,TGF-beta,GSC",P,10
4745,"TWIST1,ZEB1,miR-34a,SNAI2,miR-101,SNAI1",N,6
4746,"TWIST1,ZEB1,miR-34a,SNAI2,miR-101,ZEB2,miR-200a,TGF-beta,SNAI1",P,9
4747,"TWIST1,ZEB1,miR-34a,SNAI2,miR-101,ZEB2,miR-200a,TGF-beta,GSC",P,9
4748,"TWIST1,ZEB1,miR-34a,SNAI2,miR-101,ZEB2,miR-200a,TGF-beta,GSC,SNAI1",N,10
4749,"TWIST1,ZEB1,miR-34a,SNAI2,miR-101,ZEB2,miR-200c,TGF-beta,SNAI1",P,9
4750,"TWIST1,ZEB1,miR-34a,SNAI2,miR-101,ZEB2,miR-200c,TGF-beta,GSC",P,9
4751,"TWIST1,ZEB1,miR-34a,SNAI2,miR-101,ZEB2,miR-200c,TGF-beta,GSC,SNAI1",N,10
4752,"TWIST1,ZEB1,miR-34a,SNAI2,miR-101,ZEB2,miR-200b,TGF-beta,SNAI1",N,9
4753,"TWIST1,ZEB1,miR-34a,SNAI2,miR-101,ZEB2,miR-200b,TGF-beta,GSC",N,9
4754,"TWIST1,ZEB1,miR-34a,SNAI2,miR-101,ZEB2,miR-200b,TGF-beta,GSC,SNAI1",P,10
4755,"TWIST1,ZEB1,miR-34a,SNAI2,TWIST2,ZEB2,miR-200a,TGF-beta,SNAI1",P,9
4756,"TWIST1,ZEB1,miR-34a,SNAI2,TWIST2,ZEB2,miR-200a,TGF-beta,GSC",P,9
4757,"TWIST1,ZEB1,miR-34a,SNAI2,TWIST2,ZEB2,miR-200a,TGF-beta,GSC,SNAI1",N,10
4758,"TWIST1,ZEB1,miR-34a,SNAI2,TWIST2,ZEB2,miR-200c,TGF-beta,SNAI1",P,9
4759,"TWIST1,ZEB1,miR-34a,SNAI2,TWIST2,ZEB2,miR-200c,TGF-beta,GSC",P,9
4760,"TWIST1,ZEB1,miR-34a,SNAI2,TWIST2,ZEB2,miR-200c,TGF-beta,GSC,SNAI1",N,10
4761,"TWIST1,ZEB1,miR-34a,SNAI2,TWIST2,ZEB2,miR-200b,TGF-beta,SNAI1",N,9
4762,"TWIST1,ZEB1,miR-34a,SNAI2,TWIST2,ZEB2,miR-200b,TGF-beta,GSC",N,9
4763,"TWIST1,ZEB1,miR-34a,SNAI2,TWIST2,ZEB2,miR-200b,TGF-beta,GSC,SNAI1",P,10
4764,"TWIST1,ZEB1,miR-34a,SNAI2,TWIST2",P,5
4765,"TWIST1,ZEB1,miR-34a,SNAI2,TWIST2,SNAI1,miR-101,ZEB2,miR-200a,TGF-beta,GSC",P,11
4766,"TWIST1,ZEB1,miR-34a,SNAI2,TWIST2,SNAI1,miR-101,ZEB2,miR-200c,TGF-beta,GSC",P,11
4767,"TWIST1,ZEB1,miR-34a,SNAI2,TWIST2,SNAI1,miR-101,ZEB2,miR-200b,TGF-beta,GSC",N,11
4768,"TWIST1,ZEB1,miR-34a,SNAI2,TWIST2,SNAI1,ZEB2,miR-200a,TGF-beta,GSC",N,10
4769,"TWIST1,ZEB1,miR-34a,SNAI2,TWIST2,SNAI1,ZEB2,miR-200c,TGF-beta,GSC",N,10
4770,"TWIST1,ZEB1,miR-34a,SNAI2,TWIST2,SNAI1,ZEB2,miR-200b,TGF-beta,GSC",P,10
4771,"TWIST1,ZEB1,miR-34a,SNAI2,TWIST2,SNAI1",N,6
4772,"TWIST1,ZEB1,miR-34a,SNAI1,miR-101,ZEB2,miR-200a,TGF-beta,SNAI2,TWIST2",P,10
4773,"TWIST1,ZEB1,miR-34a,SNAI1,miR-101,ZEB2,miR-200a,TGF-beta,GSC",P,9
4774,"TWIST1,ZEB1,miR-34a,SNAI1,miR-101,ZEB2,miR-200c,TGF-beta,SNAI2,TWIST2",P,10
4775,"TWIST1,ZEB1,miR-34a,SNAI1,miR-101,ZEB2,miR-200c,TGF-beta,GSC",P,9
4776,"TWIST1,ZEB1,miR-34a,SNAI1,miR-101,ZEB2,miR-200b,TGF-beta,SNAI2,TWIST2",N,10
4777,"TWIST1,ZEB1,miR-34a,SNAI1,miR-101,ZEB2,miR-200b,TGF-beta,GSC",N,9
4778,"TWIST1,ZEB1,miR-34a,SNAI1,miR-101,ZEB2,CDH1,SNAI2,miR-200b,TGF-beta,GSC",P,11
4779,"TWIST1,ZEB1,miR-34a,SNAI1,miR-101,ZEB2,CDH1,SNAI2,TWIST2",N,9
4780,"TWIST1,ZEB1,miR-34a,SNAI1,ZEB2,miR-200a,TGF-beta,SNAI2,TWIST2",N,9
4781,"TWIST1,ZEB1,miR-34a,SNAI1,ZEB2,miR-200a,TGF-beta,GSC",N,8
4782,"TWIST1,ZEB1,miR-34a,SNAI1,ZEB2,miR-200c,TGF-beta,SNAI2,TWIST2",N,9
4783,"TWIST1,ZEB1,miR-34a,SNAI1,ZEB2,miR-200c,TGF-beta,GSC",N,8
4784,"TWIST1,ZEB1,miR-34a,SNAI1,ZEB2,miR-200b,TGF-beta,SNAI2,TWIST2",P,9
4785,"TWIST1,ZEB1,miR-34a,SNAI1,ZEB2,miR-200b,TGF-beta,GSC",P,8
4786,"TWIST1,ZEB1,miR-34a,SNAI1,ZEB2,CDH1,SNAI2,miR-200b,TGF-beta,GSC",N,10
4787,"TWIST1,ZEB1,miR-34a,SNAI1,ZEB2,CDH1,SNAI2,TWIST2",P,8
4788,"TWIST1,ZEB1,miR-34a,SNAI1",N,4
4789,"TWIST1,ZEB1,miR-34a,SNAI1,SNAI2,miR-200b,TGF-beta,GSC",N,8
4790,"TWIST1,ZEB1,miR-34a,SNAI1,SNAI2,miR-200b,ZEB2,miR-200a,TGF-beta,GSC",P,10
4791,"TWIST1,ZEB1,miR-34a,SNAI1,SNAI2,miR-200b,ZEB2,miR-200c,TGF-beta,GSC",P,10
4792,"TWIST1,ZEB1,miR-34a,SNAI1,SNAI2,miR-101,ZEB2,miR-200a,TGF-beta,GSC",P,10
4793,"TWIST1,ZEB1,miR-34a,SNAI1,SNAI2,miR-101,ZEB2,miR-200c,TGF-beta,GSC",P,10
4794,"TWIST1,ZEB1,miR-34a,SNAI1,SNAI2,miR-101,ZEB2,miR-200b,TGF-beta,GSC",N,10
4795,"TWIST1,ZEB1,miR-34a,SNAI1,SNAI2,TWIST2,ZEB2,miR-200a,TGF-beta,GSC",P,10
4796,"TWIST1,ZEB1,miR-34a,SNAI1,SNAI2,TWIST2,ZEB2,miR-200c,TGF-beta,GSC",P,10
4797,"TWIST1,ZEB1,miR-34a,SNAI1,SNAI2,TWIST2,ZEB2,miR-200b,TGF-beta,GSC",N,10
4798,"TWIST1,ZEB1,miR-34a,SNAI1,SNAI2,TWIST2",P,6
4799,"TWIST1,ZEB1,miR-34a,SNAI1,CDH1,SNAI2,miR-200b,TGF-beta,GSC",P,9
4800,"TWIST1,ZEB1,miR-34a,SNAI1,CDH1,SNAI2,miR-200b,ZEB2,miR-200a,TGF-beta,GSC",N,11
4801,"TWIST1,ZEB1,miR-34a,SNAI1,CDH1,SNAI2,miR-200b,ZEB2,miR-200c,TGF-beta,GSC",N,11
4802,"TWIST1,ZEB1,miR-34a,SNAI1,CDH1,SNAI2,miR-101,ZEB2,miR-200a,TGF-beta,GSC",N,11
4803,"TWIST1,ZEB1,miR-34a,SNAI1,CDH1,SNAI2,miR-101,ZEB2,miR-200c,TGF-beta,GSC",N,11
4804,"TWIST1,ZEB1,miR-34a,SNAI1,CDH1,SNAI2,miR-101,ZEB2,miR-200b,TGF-beta,GSC",P,11
4805,"TWIST1,ZEB1,miR-34a,SNAI1,CDH1,SNAI2,TWIST2,ZEB2,miR-200a,TGF-beta,GSC",N,11
4806,"TWIST1,ZEB1,miR-34a,SNAI1,CDH1,SNAI2,TWIST2,ZEB2,miR-200c,TGF-beta,GSC",N,11
4807,"TWIST1,ZEB1,miR-34a,SNAI1,CDH1,SNAI2,TWIST2,ZEB2,miR-200b,TGF-beta,GSC",P,11
4808,"TWIST1,ZEB1,miR-34a,SNAI1,CDH1,SNAI2,TWIST2",N,7
4809,"TWIST1,ZEB1,miR-200a,TGF-beta,SNAI2,miR-101,SNAI1,miR-34a,TWIST2",N,9
4810,"TWIST1,ZEB1,miR-200a,TGF-beta,SNAI2,miR-101,SNAI1",N,7
4811,"TWIST1,ZEB1,miR-200a,TGF-beta,SNAI2,TWIST2",P,6
4812,"TWIST1,ZEB1,miR-200a,TGF-beta,SNAI2,TWIST2,SNAI1",N,7
4813,"TWIST1,ZEB1,miR-200a,TGF-beta,SNAI1,miR-101,ZEB2,CDH1,SNAI2,TWIST2",P,10
4814,"TWIST1,ZEB1,miR-200a,TGF-beta,SNAI1,miR-34a,TWIST2",P,7
4815,"TWIST1,ZEB1,miR-200a,TGF-beta,SNAI1,miR-34a,SNAI2,TWIST2",P,8
4816,"TWIST1,ZEB1,miR-200a,TGF-beta,SNAI1,ZEB2,CDH1,SNAI2,TWIST2",N,9
4817,"TWIST1,ZEB1,miR-200a,TGF-beta,SNAI1",P,5
4818,"TWIST1,ZEB1,miR-200a,TGF-beta,SNAI1,SNAI2,TWIST2",N,7
4819,"TWIST1,ZEB1,miR-200a,TGF-beta,SNAI1,CDH1,SNAI2,TWIST2",P,8
4820,"TWIST1,ZEB1,miR-200a,TGF-beta,GSC,ZEB2,CDH1,SNAI2,miR-101,SNAI1,miR-34a,TWIST2",P,12
4821,"TWIST1,ZEB1,miR-200a,TGF-beta,GSC,ZEB2,CDH1,SNAI2,miR-101,SNAI1",P,10
4822,"TWIST1,ZEB1,miR-200a,TGF-beta,GSC,ZEB2,CDH1,SNAI2,TWIST2",N,9
4823,"TWIST1,ZEB1,miR-200a,TGF-beta,GSC,ZEB2,CDH1,SNAI2,TWIST2,SNAI1",P,10
4824,"TWIST1,ZEB1,miR-200a,TGF-beta,GSC",P,5
4825,"TWIST1,ZEB1,miR-200a,TGF-beta,GSC,SNAI1,miR-101,ZEB2,CDH1,SNAI2,TWIST2",N,11
4826,"TWIST1,ZEB1,miR-200a,TGF-beta,GSC,SNAI1,miR-34a,TWIST2",N,8
4827,"TWIST1,ZEB1,miR-200a,TGF-beta,GSC,SNAI1,miR-34a,SNAI2,TWIST2",N,9
4828,"TWIST1,ZEB1,miR-200a,TGF-beta,GSC,SNAI1,ZEB2,CDH1,SNAI2,TWIST2",P,10
4829,"TWIST1,ZEB1,miR-200a,TGF-beta,GSC,SNAI1",N,6
4830,"TWIST1,ZEB1,miR-200a,TGF-beta,GSC,SNAI1,SNAI2,TWIST2",P,8
4831,"TWIST1,ZEB1,miR-200a,TGF-beta,GSC,SNAI1,CDH1,SNAI2,TWIST2",N,9
4832,"TWIST1,ZEB1,miR-200a,ZEB2,miR-200c,TGF-beta,SNAI2,miR-101,SNAI1,miR-34a,TWIST2",P,11
4833,"TWIST1,ZEB1,miR-200a,ZEB2,miR-200c,TGF-beta,SNAI2,miR-101,SNAI1",P,9
4834,"TWIST1,ZEB1,miR-200a,ZEB2,miR-200c,TGF-beta,SNAI2,TWIST2",N,8
4835,"TWIST1,ZEB1,miR-200a,ZEB2,miR-200c,TGF-beta,SNAI2,TWIST2,SNAI1",P,9
4836,"TWIST1,ZEB1,miR-200a,ZEB2,miR-200c,TGF-beta,SNAI1,miR-34a,TWIST2",N,9
4837,"TWIST1,ZEB1,miR-200a,ZEB2,miR-200c,TGF-beta,SNAI1,miR-34a,SNAI2,TWIST2",N,10
4838,"TWIST1,ZEB1,miR-200a,ZEB2,miR-200c,TGF-beta,SNAI1",N,7
4839,"TWIST1,ZEB1,miR-200a,ZEB2,miR-200c,TGF-beta,SNAI1,SNAI2,TWIST2",P,9
4840,"TWIST1,ZEB1,miR-200a,ZEB2,miR-200c,TGF-beta,SNAI1,CDH1,SNAI2,TWIST2",N,10
4841,"TWIST1,ZEB1,miR-200a,ZEB2,miR-200c,TGF-beta,GSC",N,7
4842,"TWIST1,ZEB1,miR-200a,ZEB2,miR-200c,TGF-beta,GSC,SNAI1,miR-34a,TWIST2",P,10
4843,"TWIST1,ZEB1,miR-200a,ZEB2,miR-200c,TGF-beta,GSC,SNAI1,miR-34a,SNAI2,TWIST2",P,11
4844,"TWIST1,ZEB1,miR-200a,ZEB2,miR-200c,TGF-beta,GSC,SNAI1",P,8
4845,"TWIST1,ZEB1,miR-200a,ZEB2,miR-200c,TGF-beta,GSC,SNAI1,SNAI2,TWIST2",N,10
4846,"TWIST1,ZEB1,miR-200a,ZEB2,miR-200c,TGF-beta,GSC,SNAI1,CDH1,SNAI2,TWIST2",P,11
4847,"TWIST1,ZEB1,miR-200a,ZEB2,miR-200b,TGF-beta,SNAI2,miR-101,SNAI1,miR-34a,TWIST2",N,11
4848,"TWIST1,ZEB1,miR-200a,ZEB2,miR-200b,TGF-beta,SNAI2,miR-101,SNAI1",N,9
4849,"TWIST1,ZEB1,miR-200a,ZEB2,miR-200b,TGF-beta,SNAI2,TWIST2",P,8
4850,"TWIST1,ZEB1,miR-200a,ZEB2,miR-200b,TGF-beta,SNAI2,TWIST2,SNAI1",N,9
4851,"TWIST1,ZEB1,miR-200a,ZEB2,miR-200b,TGF-beta,SNAI1,miR-34a,TWIST2",P,9
4852,"TWIST1,ZEB1,miR-200a,ZEB2,miR-200b,TGF-beta,SNAI1,miR-34a,SNAI2,TWIST2",P,10
4853,"TWIST1,ZEB1,miR-200a,ZEB2,miR-200b,TGF-beta,SNAI1",P,7
4854,"TWIST1,ZEB1,miR-200a,ZEB2,miR-200b,TGF-beta,SNAI1,SNAI2,TWIST2",N,9
4855,"TWIST1,ZEB1,miR-200a,ZEB2,miR-200b,TGF-beta,SNAI1,CDH1,SNAI2,TWIST2",P,10
4856,"TWIST1,ZEB1,miR-200a,ZEB2,miR-200b,TGF-beta,GSC",P,7
4857,"TWIST1,ZEB1,miR-200a,ZEB2,miR-200b,TGF-beta,GSC,SNAI1,miR-34a,TWIST2",N,10
4858,"TWIST1,ZEB1,miR-200a,ZEB2,miR-200b,TGF-beta,GSC,SNAI1,miR-34a,SNAI2,TWIST2",N,11
4859,"TWIST1,ZEB1,miR-200a,ZEB2,miR-200b,TGF-beta,GSC,SNAI1",N,8
4860,"TWIST1,ZEB1,miR-200a,ZEB2,miR-200b,TGF-beta,GSC,SNAI1,SNAI2,TWIST2",P,10
4861,"TWIST1,ZEB1,miR-200a,ZEB2,miR-200b,TGF-beta,GSC,SNAI1,CDH1,SNAI2,TWIST2",N,11
4862,"TWIST1,ZEB1,miR-200a,ZEB2,CDH1,SNAI2,miR-200b,TGF-beta,SNAI1,miR-34a,TWIST2",N,11
4863,"TWIST1,ZEB1,miR-200a,ZEB2,CDH1,SNAI2,miR-200b,TGF-beta,SNAI1",N,9
4864,"TWIST1,ZEB1,miR-200a,ZEB2,CDH1,SNAI2,miR-200b,TGF-beta,GSC",N,9
4865,"TWIST1,ZEB1,miR-200a,ZEB2,CDH1,SNAI2,miR-200b,TGF-beta,GSC,SNAI1,miR-34a,TWIST2",P,12
4866,"TWIST1,ZEB1,miR-200a,ZEB2,CDH1,SNAI2,miR-200b,TGF-beta,GSC,SNAI1",P,10
4867,"TWIST1,ZEB1,miR-200a,ZEB2,CDH1,SNAI2,miR-101,SNAI1,miR-34a,TWIST2",N,10
4868,"TWIST1,ZEB1,miR-200a,ZEB2,CDH1,SNAI2,miR-101,SNAI1",N,8
4869,"TWIST1,ZEB1,miR-200a,ZEB2,CDH1,SNAI2,TWIST2",P,7
4870,"TWIST1,ZEB1,miR-200a,ZEB2,CDH1,SNAI2,TWIST2,SNAI1",N,8
4871,"TWIST1,ZEB1,miR-200c,TGF-beta,SNAI2,miR-101,SNAI1,miR-34a,TWIST2",P,9
4872,"TWIST1,ZEB1,miR-200c,TGF-beta,SNAI2,miR-101,SNAI1",P,7
4873,"TWIST1,ZEB1,miR-200c,TGF-beta,SNAI2,TWIST2",N,6
4874,"TWIST1,ZEB1,miR-200c,TGF-beta,SNAI2,TWIST2,SNAI1",P,7
4875,"TWIST1,ZEB1,miR-200c,TGF-beta,SNAI1,miR-101,ZEB2,CDH1,SNAI2,TWIST2",N,10
4876,"TWIST1,ZEB1,miR-200c,TGF-beta,SNAI1,miR-34a,TWIST2",N,7
4877,"TWIST1,ZEB1,miR-200c,TGF-beta,SNAI1,miR-34a,SNAI2,TWIST2",N,8
4878,"TWIST1,ZEB1,miR-200c,TGF-beta,SNAI1,ZEB2,CDH1,SNAI2,TWIST2",P,9
4879,"TWIST1,ZEB1,miR-200c,TGF-beta,SNAI1",N,5
4880,"TWIST1,ZEB1,miR-200c,TGF-beta,SNAI1,SNAI2,TWIST2",P,7
4881,"TWIST1,ZEB1,miR-200c,TGF-beta,SNAI1,CDH1,SNAI2,TWIST2",N,8
4882,"TWIST1,ZEB1,miR-200c,TGF-beta,GSC,ZEB2,CDH1,SNAI2,miR-101,SNAI1,miR-34a,TWIST2",N,12
4883,"TWIST1,ZEB1,miR-200c,TGF-beta,GSC,ZEB2,CDH1,SNAI2,miR-101,SNAI1",N,10
4884,"TWIST1,ZEB1,miR-200c,TGF-beta,GSC,ZEB2,CDH1,SNAI2,TWIST2",P,9
4885,"TWIST1,ZEB1,miR-200c,TGF-beta,GSC,ZEB2,CDH1,SNAI2,TWIST2,SNAI1",N,10
4886,"TWIST1,ZEB1,miR-200c,TGF-beta,GSC",N,5
4887,"TWIST1,ZEB1,miR-200c,TGF-beta,GSC,SNAI1,miR-101,ZEB2,CDH1,SNAI2,TWIST2",P,11
4888,"TWIST1,ZEB1,miR-200c,TGF-beta,GSC,SNAI1,miR-34a,TWIST2",P,8
4889,"TWIST1,ZEB1,miR-200c,TGF-beta,GSC,SNAI1,miR-34a,SNAI2,TWIST2",P,9
4890,"TWIST1,ZEB1,miR-200c,TGF-beta,GSC,SNAI1,ZEB2,CDH1,SNAI2,TWIST2",N,10
4891,"TWIST1,ZEB1,miR-200c,TGF-beta,GSC,SNAI1",P,6
4892,"TWIST1,ZEB1,miR-200c,TGF-beta,GSC,SNAI1,SNAI2,TWIST2",N,8
4893,"TWIST1,ZEB1,miR-200c,TGF-beta,GSC,SNAI1,CDH1,SNAI2,TWIST2",P,9
4894,"TWIST1,ZEB1,miR-200c,ZEB2,miR-200a,TGF-beta,SNAI2,miR-101,SNAI1,miR-34a,TWIST2",P,11
4895,"TWIST1,ZEB1,miR-200c,ZEB2,miR-200a,TGF-beta,SNAI2,miR-101,SNAI1",P,9
4896,"TWIST1,ZEB1,miR-200c,ZEB2,miR-200a,TGF-beta,SNAI2,TWIST2",N,8
4897,"TWIST1,ZEB1,miR-200c,ZEB2,miR-200a,TGF-beta,SNAI2,TWIST2,SNAI1",P,9
4898,"TWIST1,ZEB1,miR-200c,ZEB2,miR-200a,TGF-beta,SNAI1,miR-34a,TWIST2",N,9
4899,"TWIST1,ZEB1,miR-200c,ZEB2,miR-200a,TGF-beta,SNAI1,miR-34a,SNAI2,TWIST2",N,10
4900,"TWIST1,ZEB1,miR-200c,ZEB2,miR-200a,TGF-beta,SNAI1",N,7
4901,"TWIST1,ZEB1,miR-200c,ZEB2,miR-200a,TGF-beta,SNAI1,SNAI2,TWIST2",P,9
4902,"TWIST1,ZEB1,miR-200c,ZEB2,miR-200a,TGF-beta,SNAI1,CDH1,SNAI2,TWIST2",N,10
4903,"TWIST1,ZEB1,miR-200c,ZEB2,miR-200a,TGF-beta,GSC",N,7
4904,"TWIST1,ZEB1,miR-200c,ZEB2,miR-200a,TGF-beta,GSC,SNAI1,miR-34a,TWIST2",P,10
4905,"TWIST1,ZEB1,miR-200c,ZEB2,miR-200a,TGF-beta,GSC,SNAI1,miR-34a,SNAI2,TWIST2",P,11
4906,"TWIST1,ZEB1,miR-200c,ZEB2,miR-200a,TGF-beta,GSC,SNAI1",P,8
4907,"TWIST1,ZEB1,miR-200c,ZEB2,miR-200a,TGF-beta,GSC,SNAI1,SNAI2,TWIST2",N,10
4908,"TWIST1,ZEB1,miR-200c,ZEB2,miR-200a,TGF-beta,GSC,SNAI1,CDH1,SNAI2,TWIST2",P,11
4909,"TWIST1,ZEB1,miR-200c,ZEB2,miR-200b,TGF-beta,SNAI2,miR-101,SNAI1,miR-34a,TWIST2",N,11
4910,"TWIST1,ZEB1,miR-200c,ZEB2,miR-200b,TGF-beta,SNAI2,miR-101,SNAI1",N,9
4911,"TWIST1,ZEB1,miR-200c,ZEB2,miR-200b,TGF-beta,SNAI2,TWIST2",P,8
4912,"TWIST1,ZEB1,miR-200c,ZEB2,miR-200b,TGF-beta,SNAI2,TWIST2,SNAI1",N,9
4913,"TWIST1,ZEB1,miR-200c,ZEB2,miR-200b,TGF-beta,SNAI1,miR-34a,TWIST2",P,9
4914,"TWIST1,ZEB1,miR-200c,ZEB2,miR-200b,TGF-beta,SNAI1,miR-34a,SNAI2,TWIST2",P,10
4915,"TWIST1,ZEB1,miR-200c,ZEB2,miR-200b,TGF-beta,SNAI1",P,7
4916,"TWIST1,ZEB1,miR-200c,ZEB2,miR-200b,TGF-beta,SNAI1,SNAI2,TWIST2",N,9
4917,"TWIST1,ZEB1,miR-200c,ZEB2,miR-200b,TGF-beta,SNAI1,CDH1,SNAI2,TWIST2",P,10
4918,"TWIST1,ZEB1,miR-200c,ZEB2,miR-200b,TGF-beta,GSC",P,7
4919,"TWIST1,ZEB1,miR-200c,ZEB2,miR-200b,TGF-beta,GSC,SNAI1,miR-34a,TWIST2",N,10
4920,"TWIST1,ZEB1,miR-200c,ZEB2,miR-200b,TGF-beta,GSC,SNAI1,miR-34a,SNAI2,TWIST2",N,11
4921,"TWIST1,ZEB1,miR-200c,ZEB2,miR-200b,TGF-beta,GSC,SNAI1",N,8
4922,"TWIST1,ZEB1,miR-200c,ZEB2,miR-200b,TGF-beta,GSC,SNAI1,SNAI2,TWIST2",P,10
4923,"TWIST1,ZEB1,miR-200c,ZEB2,miR-200b,TGF-beta,GSC,SNAI1,CDH1,SNAI2,TWIST2",N,11
4924,"TWIST1,ZEB1,miR-200c,ZEB2,CDH1,SNAI2,miR-200b,TGF-beta,SNAI1,miR-34a,TWIST2",N,11
4925,"TWIST1,ZEB1,miR-200c,ZEB2,CDH1,SNAI2,miR-200b,TGF-beta,SNAI1",N,9
4926,"TWIST1,ZEB1,miR-200c,ZEB2,CDH1,SNAI2,miR-200b,TGF-beta,GSC",N,9
4927,"TWIST1,ZEB1,miR-200c,ZEB2,CDH1,SNAI2,miR-200b,TGF-beta,GSC,SNAI1,miR-34a,TWIST2",P,12
4928,"TWIST1,ZEB1,miR-200c,ZEB2,CDH1,SNAI2,miR-200b,TGF-beta,GSC,SNAI1",P,10
4929,"TWIST1,ZEB1,miR-200c,ZEB2,CDH1,SNAI2,miR-101,SNAI1,miR-34a,TWIST2",N,10
4930,"TWIST1,ZEB1,miR-200c,ZEB2,CDH1,SNAI2,miR-101,SNAI1",N,8
4931,"TWIST1,ZEB1,miR-200c,ZEB2,CDH1,SNAI2,TWIST2",P,7
4932,"TWIST1,ZEB1,miR-200c,ZEB2,CDH1,SNAI2,TWIST2,SNAI1",N,8
4933,"TWIST1,ZEB1,miR-200b,TGF-beta,SNAI2,miR-101,SNAI1,miR-34a,TWIST2",N,9
4934,"TWIST1,ZEB1,miR-200b,TGF-beta,SNAI2,miR-101,SNAI1",N,7
4935,"TWIST1,ZEB1,miR-200b,TGF-beta,SNAI2,TWIST2",P,6
4936,"TWIST1,ZEB1,miR-200b,TGF-beta,SNAI2,TWIST2,SNAI1",N,7
4937,"TWIST1,ZEB1,miR-200b,TGF-beta,SNAI1,miR-101,ZEB2,CDH1,SNAI2,TWIST2",P,10
4938,"TWIST1,ZEB1,miR-200b,TGF-beta,SNAI1,miR-34a,TWIST2",P,7
4939,"TWIST1,ZEB1,miR-200b,TGF-beta,SNAI1,miR-34a,SNAI2,TWIST2",P,8
4940,"TWIST1,ZEB1,miR-200b,TGF-beta,SNAI1,ZEB2,CDH1,SNAI2,TWIST2",N,9
4941,"TWIST1,ZEB1,miR-200b,TGF-beta,SNAI1",P,5
4942,"TWIST1,ZEB1,miR-200b,TGF-beta,SNAI1,SNAI2,TWIST2",N,7
4943,"TWIST1,ZEB1,miR-200b,TGF-beta,SNAI1,CDH1,SNAI2,TWIST2",P,8
4944,"TWIST1,ZEB1,miR-200b,TGF-beta,GSC,ZEB2,CDH1,SNAI2,miR-101,SNAI1,miR-34a,TWIST2",P,12
4945,"TWIST1,ZEB1,miR-200b,TGF-beta,GSC,ZEB2,CDH1,SNAI2,miR-101,SNAI1",P,10
4946,"TWIST1,ZEB1,miR-200b,TGF-beta,GSC,ZEB2,CDH1,SNAI2,TWIST2",N,9
4947,"TWIST1,ZEB1,miR-200b,TGF-beta,GSC,ZEB2,CDH1,SNAI2,TWIST2,SNAI1",P,10
4948,"TWIST1,ZEB1,miR-200b,TGF-beta,GSC",P,5
4949,"TWIST1,ZEB1,miR-200b,TGF-beta,GSC,SNAI1,miR-101,ZEB2,CDH1,SNAI2,TWIST2",N,11
4950,"TWIST1,ZEB1,miR-200b,TGF-beta,GSC,SNAI1,miR-34a,TWIST2",N,8
4951,"TWIST1,ZEB1,miR-200b,TGF-beta,GSC,SNAI1,miR-34a,SNAI2,TWIST2",N,9
4952,"TWIST1,ZEB1,miR-200b,TGF-beta,GSC,SNAI1,ZEB2,CDH1,SNAI2,TWIST2",P,10
4953,"TWIST1,ZEB1,miR-200b,TGF-beta,GSC,SNAI1",N,6
4954,"TWIST1,ZEB1,miR-200b,TGF-beta,GSC,SNAI1,SNAI2,TWIST2",P,8
4955,"TWIST1,ZEB1,miR-200b,TGF-beta,GSC,SNAI1,CDH1,SNAI2,TWIST2",N,9
4956,"TWIST1,ZEB1,miR-200b,ZEB2,miR-200a,TGF-beta,SNAI2,miR-101,SNAI1,miR-34a,TWIST2",P,11
4957,"TWIST1,ZEB1,miR-200b,ZEB2,miR-200a,TGF-beta,SNAI2,miR-101,SNAI1",P,9
4958,"TWIST1,ZEB1,miR-200b,ZEB2,miR-200a,TGF-beta,SNAI2,TWIST2",N,8
4959,"TWIST1,ZEB1,miR-200b,ZEB2,miR-200a,TGF-beta,SNAI2,TWIST2,SNAI1",P,9
4960,"TWIST1,ZEB1,miR-200b,ZEB2,miR-200a,TGF-beta,SNAI1,miR-34a,TWIST2",N,9
4961,"TWIST1,ZEB1,miR-200b,ZEB2,miR-200a,TGF-beta,SNAI1,miR-34a,SNAI2,TWIST2",N,10
4962,"TWIST1,ZEB1,miR-200b,ZEB2,miR-200a,TGF-beta,SNAI1",N,7
4963,"TWIST1,ZEB1,miR-200b,ZEB2,miR-200a,TGF-beta,SNAI1,SNAI2,TWIST2",P,9
4964,"TWIST1,ZEB1,miR-200b,ZEB2,miR-200a,TGF-beta,SNAI1,CDH1,SNAI2,TWIST2",N,10
4965,"TWIST1,ZEB1,miR-200b,ZEB2,miR-200a,TGF-beta,GSC",N,7
4966,"TWIST1,ZEB1,miR-200b,ZEB2,miR-200a,TGF-beta,GSC,SNAI1,miR-34a,TWIST2",P,10
4967,"TWIST1,ZEB1,miR-200b,ZEB2,miR-200a,TGF-beta,GSC,SNAI1,miR-34a,SNAI2,TWIST2",P,11
4968,"TWIST1,ZEB1,miR-200b,ZEB2,miR-200a,TGF-beta,GSC,SNAI1",P,8
4969,"TWIST1,ZEB1,miR-200b,ZEB2,miR-200a,TGF-beta,GSC,SNAI1,SNAI2,TWIST2",N,10
4970,"TWIST1,ZEB1,miR-200b,ZEB2,miR-200a,TGF-beta,GSC,SNAI1,CDH1,SNAI2,TWIST2",P,11
4971,"TWIST1,ZEB1,miR-200b,ZEB2,miR-200c,TGF-beta,SNAI2,miR-101,SNAI1,miR-34a,TWIST2",P,11
4972,"TWIST1,ZEB1,miR-200b,ZEB2,miR-200c,TGF-beta,SNAI2,miR-101,SNAI1",P,9
4973,"TWIST1,ZEB1,miR-200b,ZEB2,miR-200c,TGF-beta,SNAI2,TWIST2",N,8
4974,"TWIST1,ZEB1,miR-200b,ZEB2,miR-200c,TGF-beta,SNAI2,TWIST2,SNAI1",P,9
4975,"TWIST1,ZEB1,miR-200b,ZEB2,miR-200c,TGF-beta,SNAI1,miR-34a,TWIST2",N,9
4976,"TWIST1,ZEB1,miR-200b,ZEB2,miR-200c,TGF-beta,SNAI1,miR-34a,SNAI2,TWIST2",N,10
4977,"TWIST1,ZEB1,miR-200b,ZEB2,miR-200c,TGF-beta,SNAI1",N,7
4978,"TWIST1,ZEB1,miR-200b,ZEB2,miR-200c,TGF-beta,SNAI1,SNAI2,TWIST2",P,9
4979,"TWIST1,ZEB1,miR-200b,ZEB2,miR-200c,TGF-beta,SNAI1,CDH1,SNAI2,TWIST2",N,10
4980,"TWIST1,ZEB1,miR-200b,ZEB2,miR-200c,TGF-beta,GSC",N,7
4981,"TWIST1,ZEB1,miR-200b,ZEB2,miR-200c,TGF-beta,GSC,SNAI1,miR-34a,TWIST2",P,10
4982,"TWIST1,ZEB1,miR-200b,ZEB2,miR-200c,TGF-beta,GSC,SNAI1,miR-34a,SNAI2,TWIST2",P,11
4983,"TWIST1,ZEB1,miR-200b,ZEB2,miR-200c,TGF-beta,GSC,SNAI1",P,8
4984,"TWIST1,ZEB1,miR-200b,ZEB2,miR-200c,TGF-beta,GSC,SNAI1,SNAI2,TWIST2",N,10
4985,"TWIST1,ZEB1,miR-200b,ZEB2,miR-200c,TGF-beta,GSC,SNAI1,CDH1,SNAI2,TWIST2",P,11
4986,"TWIST1,ZEB1,miR-200b,ZEB2,CDH1,SNAI2,miR-101,SNAI1,miR-34a,TWIST2",N,10
4987,"TWIST1,ZEB1,miR-200b,ZEB2,CDH1,SNAI2,miR-101,SNAI1",N,8
4988,"TWIST1,ZEB1,miR-200b,ZEB2,CDH1,SNAI2,TWIST2",P,7
4989,"TWIST1,ZEB1,miR-200b,ZEB2,CDH1,SNAI2,TWIST2,SNAI1",N,8
4990,"TWIST1,ZEB1,miR-141,TGF-beta,SNAI2,miR-101,SNAI1,miR-34a,TWIST2",N,9
4991,"TWIST1,ZEB1,miR-141,TGF-beta,SNAI2,miR-101,SNAI1",N,7
4992,"TWIST1,ZEB1,miR-141,TGF-beta,SNAI2,TWIST2",P,6
4993,"TWIST1,ZEB1,miR-141,TGF-beta,SNAI2,TWIST2,SNAI1",N,7
4994,"TWIST1,ZEB1,miR-141,TGF-beta,SNAI1,miR-101,ZEB2,CDH1,SNAI2,TWIST2",P,10
4995,"TWIST1,ZEB1,miR-141,TGF-beta,SNAI1,miR-34a,TWIST2",P,7
4996,"TWIST1,ZEB1,miR-141,TGF-beta,SNAI1,miR-34a,SNAI2,TWIST2",P,8
4997,"TWIST1,ZEB1,miR-141,TGF-beta,SNAI1,ZEB2,CDH1,SNAI2,TWIST2",N,9
4998,"TWIST1,ZEB1,miR-141,TGF-beta,SNAI1",P,5
4999,"TWIST1,ZEB1,miR-141,TGF-beta,SNAI1,SNAI2,TWIST2",N,7
5000,"TWIST1,ZEB1,miR-141,TGF-beta,SNAI1,CDH1,SNAI2,TWIST2",P,8
5001,"TWIST1,ZEB1,miR-141,TGF-beta,GSC,ZEB2,CDH1,SNAI2,miR-101,SNAI1,miR-34a,TWIST2",P,12
5002,"TWIST1,ZEB1,miR-141,TGF-beta,GSC,ZEB2,CDH1,SNAI2,miR-101,SNAI1",P,10
5003,"TWIST1,ZEB1,miR-141,TGF-beta,GSC,ZEB2,CDH1,SNAI2,TWIST2",N,9
5004,"TWIST1,ZEB1,miR-141,TGF-beta,GSC,ZEB2,CDH1,SNAI2,TWIST2,SNAI1",P,10
5005,"TWIST1,ZEB1,miR-141,TGF-beta,GSC",P,5
5006,"TWIST1,ZEB1,miR-141,TGF-beta,GSC,SNAI1,miR-101,ZEB2,CDH1,SNAI2,TWIST2",N,11
5007,"TWIST1,ZEB1,miR-141,TGF-beta,GSC,SNAI1,miR-34a,TWIST2",N,8
5008,"TWIST1,ZEB1,miR-141,TGF-beta,GSC,SNAI1,miR-34a,SNAI2,TWIST2",N,9
5009,"TWIST1,ZEB1,miR-141,TGF-beta,GSC,SNAI1,ZEB2,CDH1,SNAI2,TWIST2",P,10
5010,"TWIST1,ZEB1,miR-141,TGF-beta,GSC,SNAI1",N,6
5011,"TWIST1,ZEB1,miR-141,TGF-beta,GSC,SNAI1,SNAI2,TWIST2",P,8
5012,"TWIST1,ZEB1,miR-141,TGF-beta,GSC,SNAI1,CDH1,SNAI2,TWIST2",N,9
5013,"TWIST1,ZEB1,miR-141,ZEB2,miR-200a,TGF-beta,SNAI2,miR-101,SNAI1,miR-34a,TWIST2",N,11
5014,"TWIST1,ZEB1,miR-141,ZEB2,miR-200a,TGF-beta,SNAI2,miR-101,SNAI1",N,9
5015,"TWIST1,ZEB1,miR-141,ZEB2,miR-200a,TGF-beta,SNAI2,TWIST2",P,8
5016,"TWIST1,ZEB1,miR-141,ZEB2,miR-200a,TGF-beta,SNAI2,TWIST2,SNAI1",N,9
5017,"TWIST1,ZEB1,miR-141,ZEB2,miR-200a,TGF-beta,SNAI1,miR-34a,TWIST2",P,9
5018,"TWIST1,ZEB1,miR-141,ZEB2,miR-200a,TGF-beta,SNAI1,miR-34a,SNAI2,TWIST2",P,10
5019,"TWIST1,ZEB1,miR-141,ZEB2,miR-200a,TGF-beta,SNAI1",P,7
5020,"TWIST1,ZEB1,miR-141,ZEB2,miR-200a,TGF-beta,SNAI1,SNAI2,TWIST2",N,9
5021,"TWIST1,ZEB1,miR-141,ZEB2,miR-200a,TGF-beta,SNAI1,CDH1,SNAI2,TWIST2",P,10
5022,"TWIST1,ZEB1,miR-141,ZEB2,miR-200a,TGF-beta,GSC",P,7
5023,"TWIST1,ZEB1,miR-141,ZEB2,miR-200a,TGF-beta,GSC,SNAI1,miR-34a,TWIST2",N,10
5024,"TWIST1,ZEB1,miR-141,ZEB2,miR-200a,TGF-beta,GSC,SNAI1,miR-34a,SNAI2,TWIST2",N,11
5025,"TWIST1,ZEB1,miR-141,ZEB2,miR-200a,TGF-beta,GSC,SNAI1",N,8
5026,"TWIST1,ZEB1,miR-141,ZEB2,miR-200a,TGF-beta,GSC,SNAI1,SNAI2,TWIST2",P,10
5027,"TWIST1,ZEB1,miR-141,ZEB2,miR-200a,TGF-beta,GSC,SNAI1,CDH1,SNAI2,TWIST2",N,11
5028,"TWIST1,ZEB1,miR-141,ZEB2,miR-200c,TGF-beta,SNAI2,miR-101,SNAI1,miR-34a,TWIST2",N,11
5029,"TWIST1,ZEB1,miR-141,ZEB2,miR-200c,TGF-beta,SNAI2,miR-101,SNAI1",N,9
5030,"TWIST1,ZEB1,miR-141,ZEB2,miR-200c,TGF-beta,SNAI2,TWIST2",P,8
5031,"TWIST1,ZEB1,miR-141,ZEB2,miR-200c,TGF-beta,SNAI2,TWIST2,SNAI1",N,9
5032,"TWIST1,ZEB1,miR-141,ZEB2,miR-200c,TGF-beta,SNAI1,miR-34a,TWIST2",P,9
5033,"TWIST1,ZEB1,miR-141,ZEB2,miR-200c,TGF-beta,SNAI1,miR-34a,SNAI2,TWIST2",P,10
5034,"TWIST1,ZEB1,miR-141,ZEB2,miR-200c,TGF-beta,SNAI1",P,7
5035,"TWIST1,ZEB1,miR-141,ZEB2,miR-200c,TGF-beta,SNAI1,SNAI2,TWIST2",N,9
5036,"TWIST1,ZEB1,miR-141,ZEB2,miR-200c,TGF-beta,SNAI1,CDH1,SNAI2,TWIST2",P,10
5037,"TWIST1,ZEB1,miR-141,ZEB2,miR-200c,TGF-beta,GSC",P,7
5038,"TWIST1,ZEB1,miR-141,ZEB2,miR-200c,TGF-beta,GSC,SNAI1,miR-34a,TWIST2",N,10
5039,"TWIST1,ZEB1,miR-141,ZEB2,miR-200c,TGF-beta,GSC,SNAI1,miR-34a,SNAI2,TWIST2",N,11
5040,"TWIST1,ZEB1,miR-141,ZEB2,miR-200c,TGF-beta,GSC,SNAI1",N,8
5041,"TWIST1,ZEB1,miR-141,ZEB2,miR-200c,TGF-beta,GSC,SNAI1,SNAI2,TWIST2",P,10
5042,"TWIST1,ZEB1,miR-141,ZEB2,miR-200c,TGF-beta,GSC,SNAI1,CDH1,SNAI2,TWIST2",N,11
5043,"TWIST1,ZEB1,miR-141,ZEB2,miR-200b,TGF-beta,SNAI2,miR-101,SNAI1,miR-34a,TWIST2",P,11
5044,"TWIST1,ZEB1,miR-141,ZEB2,miR-200b,TGF-beta,SNAI2,miR-101,SNAI1",P,9
5045,"TWIST1,ZEB1,miR-141,ZEB2,miR-200b,TGF-beta,SNAI2,TWIST2",N,8
5046,"TWIST1,ZEB1,miR-141,ZEB2,miR-200b,TGF-beta,SNAI2,TWIST2,SNAI1",P,9
5047,"TWIST1,ZEB1,miR-141,ZEB2,miR-200b,TGF-beta,SNAI1,miR-34a,TWIST2",N,9
5048,"TWIST1,ZEB1,miR-141,ZEB2,miR-200b,TGF-beta,SNAI1,miR-34a,SNAI2,TWIST2",N,10
5049,"TWIST1,ZEB1,miR-141,ZEB2,miR-200b,TGF-beta,SNAI1",N,7
5050,"TWIST1,ZEB1,miR-141,ZEB2,miR-200b,TGF-beta,SNAI1,SNAI2,TWIST2",P,9
5051,"TWIST1,ZEB1,miR-141,ZEB2,miR-200b,TGF-beta,SNAI1,CDH1,SNAI2,TWIST2",N,10
5052,"TWIST1,ZEB1,miR-141,ZEB2,miR-200b,TGF-beta,GSC",N,7
5053,"TWIST1,ZEB1,miR-141,ZEB2,miR-200b,TGF-beta,GSC,SNAI1,miR-34a,TWIST2",P,10
5054,"TWIST1,ZEB1,miR-141,ZEB2,miR-200b,TGF-beta,GSC,SNAI1,miR-34a,SNAI2,TWIST2",P,11
5055,"TWIST1,ZEB1,miR-141,ZEB2,miR-200b,TGF-beta,GSC,SNAI1",P,8
5056,"TWIST1,ZEB1,miR-141,ZEB2,miR-200b,TGF-beta,GSC,SNAI1,SNAI2,TWIST2",N,10
5057,"TWIST1,ZEB1,miR-141,ZEB2,miR-200b,TGF-beta,GSC,SNAI1,CDH1,SNAI2,TWIST2",P,11
5058,"TWIST1,ZEB1,miR-141,ZEB2,CDH1,SNAI2,miR-200b,TGF-beta,SNAI1,miR-34a,TWIST2",P,11
5059,"TWIST1,ZEB1,miR-141,ZEB2,CDH1,SNAI2,miR-200b,TGF-beta,SNAI1",P,9
5060,"TWIST1,ZEB1,miR-141,ZEB2,CDH1,SNAI2,miR-200b,TGF-beta,GSC",P,9
5061,"TWIST1,ZEB1,miR-141,ZEB2,CDH1,SNAI2,miR-200b,TGF-beta,GSC,SNAI1,miR-34a,TWIST2",N,12
5062,"TWIST1,ZEB1,miR-141,ZEB2,CDH1,SNAI2,miR-200b,TGF-beta,GSC,SNAI1",N,10
5063,"TWIST1,ZEB1,miR-141,ZEB2,CDH1,SNAI2,miR-101,SNAI1,miR-34a,TWIST2",P,10
5064,"TWIST1,ZEB1,miR-141,ZEB2,CDH1,SNAI2,miR-101,SNAI1",P,8
5065,"TWIST1,ZEB1,miR-141,ZEB2,CDH1,SNAI2,TWIST2",N,7
5066,"TWIST1,ZEB1,miR-141,ZEB2,CDH1,SNAI2,TWIST2,SNAI1",P,8
5067,"TWIST1,ZEB1,CDH1,SNAI2,miR-200b,TGF-beta,SNAI1,miR-34a,TWIST2",N,9
5068,"TWIST1,ZEB1,CDH1,SNAI2,miR-200b,TGF-beta,SNAI1",N,7
5069,"TWIST1,ZEB1,CDH1,SNAI2,miR-200b,TGF-beta,GSC",N,7
5070,"TWIST1,ZEB1,CDH1,SNAI2,miR-200b,TGF-beta,GSC,SNAI1,miR-34a,TWIST2",P,10
5071,"TWIST1,ZEB1,CDH1,SNAI2,miR-200b,TGF-beta,GSC,SNAI1",P,8
5072,"TWIST1,ZEB1,CDH1,SNAI2,miR-200b,ZEB2,miR-200a,TGF-beta,SNAI1,miR-34a,TWIST2",P,11
5073,"TWIST1,ZEB1,CDH1,SNAI2,miR-200b,ZEB2,miR-200a,TGF-beta,SNAI1",P,9
5074,"TWIST1,ZEB1,CDH1,SNAI2,miR-200b,ZEB2,miR-200a,TGF-beta,GSC",P,9
5075,"TWIST1,ZEB1,CDH1,SNAI2,miR-200b,ZEB2,miR-200a,TGF-beta,GSC,SNAI1,miR-34a,TWIST2",N,12
5076,"TWIST1,ZEB1,CDH1,SNAI2,miR-200b,ZEB2,miR-200a,TGF-beta,GSC,SNAI1",N,10
5077,"TWIST1,ZEB1,CDH1,SNAI2,miR-200b,ZEB2,miR-200c,TGF-beta,SNAI1,miR-34a,TWIST2",P,11
5078,"TWIST1,ZEB1,CDH1,SNAI2,miR-200b,ZEB2,miR-200c,TGF-beta,SNAI1",P,9
5079,"TWIST1,ZEB1,CDH1,SNAI2,miR-200b,ZEB2,miR-200c,TGF-beta,GSC",P,9
5080,"TWIST1,ZEB1,CDH1,SNAI2,miR-200b,ZEB2,miR-200c,TGF-beta,GSC,SNAI1,miR-34a,TWIST2",N,12
5081,"TWIST1,ZEB1,CDH1,SNAI2,miR-200b,ZEB2,miR-200c,TGF-beta,GSC,SNAI1",N,10
5082,"TWIST1,ZEB1,CDH1,SNAI2,miR-101,SNAI1,miR-34a,TWIST2,ZEB2,miR-200a,TGF-beta,GSC",N,12
5083,"TWIST1,ZEB1,CDH1,SNAI2,miR-101,SNAI1,miR-34a,TWIST2,ZEB2,miR-200c,TGF-beta,GSC",N,12
5084,"TWIST1,ZEB1,CDH1,SNAI2,miR-101,SNAI1,miR-34a,TWIST2,ZEB2,miR-200b,TGF-beta,GSC",P,12
5085,"TWIST1,ZEB1,CDH1,SNAI2,miR-101,SNAI1,miR-34a,TWIST2",N,8
5086,"TWIST1,ZEB1,CDH1,SNAI2,miR-101,SNAI1,ZEB2,miR-200a,TGF-beta,GSC",N,10
5087,"TWIST1,ZEB1,CDH1,SNAI2,miR-101,SNAI1,ZEB2,miR-200c,TGF-beta,GSC",N,10
5088,"TWIST1,ZEB1,CDH1,SNAI2,miR-101,SNAI1,ZEB2,miR-200b,TGF-beta,GSC",P,10
5089,"TWIST1,ZEB1,CDH1,SNAI2,miR-101,SNAI1",N,6
5090,"TWIST1,ZEB1,CDH1,SNAI2,miR-101,ZEB2,miR-200a,TGF-beta,SNAI1,miR-34a,TWIST2",P,11
5091,"TWIST1,ZEB1,CDH1,SNAI2,miR-101,ZEB2,miR-200a,TGF-beta,SNAI1",P,9
5092,"TWIST1,ZEB1,CDH1,SNAI2,miR-101,ZEB2,miR-200a,TGF-beta,GSC",P,9
5093,"TWIST1,ZEB1,CDH1,SNAI2,miR-101,ZEB2,miR-200a,TGF-beta,GSC,SNAI1,miR-34a,TWIST2",N,12
5094,"TWIST1,ZEB1,CDH1,SNAI2,miR-101,ZEB2,miR-200a,TGF-beta,GSC,SNAI1",N,10
5095,"TWIST1,ZEB1,CDH1,SNAI2,miR-101,ZEB2,miR-200c,TGF-beta,SNAI1,miR-34a,TWIST2",P,11
5096,"TWIST1,ZEB1,CDH1,SNAI2,miR-101,ZEB2,miR-200c,TGF-beta,SNAI1",P,9
5097,"TWIST1,ZEB1,CDH1,SNAI2,miR-101,ZEB2,miR-200c,TGF-beta,GSC",P,9
5098,"TWIST1,ZEB1,CDH1,SNAI2,miR-101,ZEB2,miR-200c,TGF-beta,GSC,SNAI1,miR-34a,TWIST2",N,12
5099,"TWIST1,ZEB1,CDH1,SNAI2,miR-101,ZEB2,miR-200c,TGF-beta,GSC,SNAI1",N,10
5100,"TWIST1,ZEB1,CDH1,SNAI2,miR-101,ZEB2,miR-200b,TGF-beta,SNAI1,miR-34a,TWIST2",N,11
5101,"TWIST1,ZEB1,CDH1,SNAI2,miR-101,ZEB2,miR-200b,TGF-beta,SNAI1",N,9
5102,"TWIST1,ZEB1,CDH1,SNAI2,miR-101,ZEB2,miR-200b,TGF-beta,GSC",N,9
5103,"TWIST1,ZEB1,CDH1,SNAI2,miR-101,ZEB2,miR-200b,TGF-beta,GSC,SNAI1,miR-34a,TWIST2",P,12
5104,"TWIST1,ZEB1,CDH1,SNAI2,miR-101,ZEB2,miR-200b,TGF-beta,GSC,SNAI1",P,10
5105,"TWIST1,ZEB1,CDH1,SNAI2,TWIST2,ZEB2,miR-200a,TGF-beta,SNAI1",P,9
5106,"TWIST1,ZEB1,CDH1,SNAI2,TWIST2,ZEB2,miR-200a,TGF-beta,GSC",P,9
5107,"TWIST1,ZEB1,CDH1,SNAI2,TWIST2,ZEB2,miR-200a,TGF-beta,GSC,SNAI1",N,10
5108,"TWIST1,ZEB1,CDH1,SNAI2,TWIST2,ZEB2,miR-200c,TGF-beta,SNAI1",P,9
5109,"TWIST1,ZEB1,CDH1,SNAI2,TWIST2,ZEB2,miR-200c,TGF-beta,GSC",P,9
5110,"TWIST1,ZEB1,CDH1,SNAI2,TWIST2,ZEB2,miR-200c,TGF-beta,GSC,SNAI1",N,10
5111,"TWIST1,ZEB1,CDH1,SNAI2,TWIST2,ZEB2,miR-200b,TGF-beta,SNAI1",N,9
5112,"TWIST1,ZEB1,CDH1,SNAI2,TWIST2,ZEB2,miR-200b,TGF-beta,GSC",N,9
5113,"TWIST1,ZEB1,CDH1,SNAI2,TWIST2,ZEB2,miR-200b,TGF-beta,GSC,SNAI1",P,10
5114,"TWIST1,ZEB1,CDH1,SNAI2,TWIST2",P,5
5115,"TWIST1,ZEB1,CDH1,SNAI2,TWIST2,SNAI1,miR-101,ZEB2,miR-200a,TGF-beta,GSC",P,11
5116,"TWIST1,ZEB1,CDH1,SNAI2,TWIST2,SNAI1,miR-101,ZEB2,miR-200c,TGF-beta,GSC",P,11
5117,"TWIST1,ZEB1,CDH1,SNAI2,TWIST2,SNAI1,miR-101,ZEB2,miR-200b,TGF-beta,GSC",N,11
5118,"TWIST1,ZEB1,CDH1,SNAI2,TWIST2,SNAI1,ZEB2,miR-200a,TGF-beta,GSC",N,10
5119,"TWIST1,ZEB1,CDH1,SNAI2,TWIST2,SNAI1,ZEB2,miR-200c,TGF-beta,GSC",N,10
5120,"TWIST1,ZEB1,CDH1,SNAI2,TWIST2,SNAI1,ZEB2,miR-200b,TGF-beta,GSC",P,10
5121,"TWIST1,ZEB1,CDH1,SNAI2,TWIST2,SNAI1",N,6
5122,"TWIST1,TCF3,CDH1,SNAI2,miR-200b,TGF-beta,SNAI1,miR-101,ZEB2,miR-200a,ZEB1,miR-34a,TWIST2",N,13
5123,"TWIST1,TCF3,CDH1,SNAI2,miR-200b,TGF-beta,SNAI1,miR-101,ZEB2,miR-200c,ZEB1,miR-34a,TWIST2",N,13
5124,"TWIST1,TCF3,CDH1,SNAI2,miR-200b,TGF-beta,SNAI1,miR-101,ZEB1,miR-34a,TWIST2",P,11
5125,"TWIST1,TCF3,CDH1,SNAI2,miR-200b,TGF-beta,SNAI1,miR-34a,TWIST2",N,9
5126,"TWIST1,TCF3,CDH1,SNAI2,miR-200b,TGF-beta,SNAI1,ZEB2,miR-200a,ZEB1,miR-34a,TWIST2",P,12
5127,"TWIST1,TCF3,CDH1,SNAI2,miR-200b,TGF-beta,SNAI1,ZEB2,miR-200c,ZEB1,miR-34a,TWIST2",P,12
5128,"TWIST1,TCF3,CDH1,SNAI2,miR-200b,TGF-beta,SNAI1,ZEB1,miR-34a,TWIST2",N,10
5129,"TWIST1,TCF3,CDH1,SNAI2,miR-200b,TGF-beta,SNAI1",N,7
5130,"TWIST1,TCF3,CDH1,SNAI2,miR-200b,TGF-beta,GSC,ZEB2,miR-200a,ZEB1,miR-34a,TWIST2",P,12
5131,"TWIST1,TCF3,CDH1,SNAI2,miR-200b,TGF-beta,GSC,ZEB2,miR-200a,ZEB1,miR-34a,TWIST2,SNAI1",N,13
5132,"TWIST1,TCF3,CDH1,SNAI2,miR-200b,TGF-beta,GSC,ZEB2,miR-200a,ZEB1,miR-34a,SNAI1",N,12
5133,"TWIST1,TCF3,CDH1,SNAI2,miR-200b,TGF-beta,GSC,ZEB2,miR-200c,ZEB1,miR-34a,TWIST2",P,12
5134,"TWIST1,TCF3,CDH1,SNAI2,miR-200b,TGF-beta,GSC,ZEB2,miR-200c,ZEB1,miR-34a,TWIST2,SNAI1",N,13
5135,"TWIST1,TCF3,CDH1,SNAI2,miR-200b,TGF-beta,GSC,ZEB2,miR-200c,ZEB1,miR-34a,SNAI1",N,12
5136,"TWIST1,TCF3,CDH1,SNAI2,miR-200b,TGF-beta,GSC,ZEB1,miR-34a,TWIST2",P,10
5137,"TWIST1,TCF3,CDH1,SNAI2,miR-200b,TGF-beta,GSC,ZEB1,miR-34a,TWIST2,SNAI1",N,11
5138,"TWIST1,TCF3,CDH1,SNAI2,miR-200b,TGF-beta,GSC,ZEB1,miR-34a,SNAI1",N,10
5139,"TWIST1,TCF3,CDH1,SNAI2,miR-200b,TGF-beta,GSC",N,7
5140,"TWIST1,TCF3,CDH1,SNAI2,miR-200b,TGF-beta,GSC,SNAI1,miR-101,ZEB2,miR-200a,ZEB1,miR-34a,TWIST2",P,14
5141,"TWIST1,TCF3,CDH1,SNAI2,miR-200b,TGF-beta,GSC,SNAI1,miR-101,ZEB2,miR-200c,ZEB1,miR-34a,TWIST2",P,14
5142,"TWIST1,TCF3,CDH1,SNAI2,miR-200b,TGF-beta,GSC,SNAI1,miR-101,ZEB1,miR-34a,TWIST2",N,12
5143,"TWIST1,TCF3,CDH1,SNAI2,miR-200b,TGF-beta,GSC,SNAI1,miR-34a,TWIST2",P,10
5144,"TWIST1,TCF3,CDH1,SNAI2,miR-200b,TGF-beta,GSC,SNAI1,ZEB2,miR-200a,ZEB1,miR-34a,TWIST2",N,13
5145,"TWIST1,TCF3,CDH1,SNAI2,miR-200b,TGF-beta,GSC,SNAI1,ZEB2,miR-200c,ZEB1,miR-34a,TWIST2",N,13
5146,"TWIST1,TCF3,CDH1,SNAI2,miR-200b,TGF-beta,GSC,SNAI1,ZEB1,miR-34a,TWIST2",P,11
5147,"TWIST1,TCF3,CDH1,SNAI2,miR-200b,TGF-beta,GSC,SNAI1",P,8
5148,"TWIST1,TCF3,CDH1,SNAI2,miR-200b,ZEB2,miR-200a,TGF-beta,SNAI1,miR-101,ZEB1,miR-34a,TWIST2",N,13
5149,"TWIST1,TCF3,CDH1,SNAI2,miR-200b,ZEB2,miR-200a,TGF-beta,SNAI1,miR-34a,TWIST2",P,11
5150,"TWIST1,TCF3,CDH1,SNAI2,miR-200b,ZEB2,miR-200a,TGF-beta,SNAI1,ZEB1,miR-34a,TWIST2",P,12
5151,"TWIST1,TCF3,CDH1,SNAI2,miR-200b,ZEB2,miR-200a,TGF-beta,SNAI1",P,9
5152,"TWIST1,TCF3,CDH1,SNAI2,miR-200b,ZEB2,miR-200a,TGF-beta,GSC,ZEB1,miR-34a,TWIST2",N,12
5153,"TWIST1,TCF3,CDH1,SNAI2,miR-200b,ZEB2,miR-200a,TGF-beta,GSC,ZEB1,miR-34a,TWIST2,SNAI1",P,13
5154,"TWIST1,TCF3,CDH1,SNAI2,miR-200b,ZEB2,miR-200a,TGF-beta,GSC,ZEB1,miR-34a,SNAI1",P,12
5155,"TWIST1,TCF3,CDH1,SNAI2,miR-200b,ZEB2,miR-200a,TGF-beta,GSC",P,9
5156,"TWIST1,TCF3,CDH1,SNAI2,miR-200b,ZEB2,miR-200a,TGF-beta,GSC,SNAI1,miR-101,ZEB1,miR-34a,TWIST2",P,14
5157,"TWIST1,TCF3,CDH1,SNAI2,miR-200b,ZEB2,miR-200a,TGF-beta,GSC,SNAI1,miR-34a,TWIST2",N,12
5158,"TWIST1,TCF3,CDH1,SNAI2,miR-200b,ZEB2,miR-200a,TGF-beta,GSC,SNAI1,ZEB1,miR-34a,TWIST2",N,13
5159,"TWIST1,TCF3,CDH1,SNAI2,miR-200b,ZEB2,miR-200a,TGF-beta,GSC,SNAI1",N,10
5160,"TWIST1,TCF3,CDH1,SNAI2,miR-200b,ZEB2,miR-200a,ZEB1,GRHL2,OVOL2,TGF-beta,SNAI1,miR-34a,TWIST2",P,14
5161,"TWIST1,TCF3,CDH1,SNAI2,miR-200b,ZEB2,miR-200a,ZEB1,GRHL2,OVOL2,TGF-beta,SNAI1",P,12
5162,"TWIST1,TCF3,CDH1,SNAI2,miR-200b,ZEB2,miR-200a,ZEB1,GRHL2,OVOL2,TGF-beta,GSC",P,12
5163,"TWIST1,TCF3,CDH1,SNAI2,miR-200b,ZEB2,miR-200a,ZEB1,GRHL2,OVOL2,TGF-beta,GSC,SNAI1,miR-34a,TWIST2",N,15
5164,"TWIST1,TCF3,CDH1,SNAI2,miR-200b,ZEB2,miR-200a,ZEB1,GRHL2,OVOL2,TGF-beta,GSC,SNAI1",N,13
5165,"TWIST1,TCF3,CDH1,SNAI2,miR-200b,ZEB2,miR-200a,ZEB1,OVOL2,TGF-beta,SNAI1,miR-34a,TWIST2",N,13
5166,"TWIST1,TCF3,CDH1,SNAI2,miR-200b,ZEB2,miR-200a,ZEB1,OVOL2,TGF-beta,SNAI1",N,11
5167,"TWIST1,TCF3,CDH1,SNAI2,miR-200b,ZEB2,miR-200a,ZEB1,OVOL2,TGF-beta,GSC",N,11
5168,"TWIST1,TCF3,CDH1,SNAI2,miR-200b,ZEB2,miR-200a,ZEB1,OVOL2,TGF-beta,GSC,SNAI1,miR-34a,TWIST2",P,14
5169,"TWIST1,TCF3,CDH1,SNAI2,miR-200b,ZEB2,miR-200a,ZEB1,OVOL2,TGF-beta,GSC,SNAI1",P,12
5170,"TWIST1,TCF3,CDH1,SNAI2,miR-200b,ZEB2,miR-200a,ZEB1,miR-34a,TWIST2",N,10
5171,"TWIST1,TCF3,CDH1,SNAI2,miR-200b,ZEB2,miR-200a,ZEB1,miR-34a,TWIST2,SNAI1",P,11
5172,"TWIST1,TCF3,CDH1,SNAI2,miR-200b,ZEB2,miR-200a,ZEB1,miR-34a,SNAI1",P,10
5173,"TWIST1,TCF3,CDH1,SNAI2,miR-200b,ZEB2,miR-200a,ZEB1,miR-200c,TGF-beta,SNAI1,miR-34a,TWIST2",P,13
5174,"TWIST1,TCF3,CDH1,SNAI2,miR-200b,ZEB2,miR-200a,ZEB1,miR-200c,TGF-beta,SNAI1",P,11
5175,"TWIST1,TCF3,CDH1,SNAI2,miR-200b,ZEB2,miR-200a,ZEB1,miR-200c,TGF-beta,GSC",P,11
5176,"TWIST1,TCF3,CDH1,SNAI2,miR-200b,ZEB2,miR-200a,ZEB1,miR-200c,TGF-beta,GSC,SNAI1,miR-34a,TWIST2",N,14
5177,"TWIST1,TCF3,CDH1,SNAI2,miR-200b,ZEB2,miR-200a,ZEB1,miR-200c,TGF-beta,GSC,SNAI1",N,12
5178,"TWIST1,TCF3,CDH1,SNAI2,miR-200b,ZEB2,miR-200a,ZEB1,miR-141,TGF-beta,SNAI1,miR-34a,TWIST2",N,13
5179,"TWIST1,TCF3,CDH1,SNAI2,miR-200b,ZEB2,miR-200a,ZEB1,miR-141,TGF-beta,SNAI1",N,11
5180,"TWIST1,TCF3,CDH1,SNAI2,miR-200b,ZEB2,miR-200a,ZEB1,miR-141,TGF-beta,GSC",N,11
5181,"TWIST1,TCF3,CDH1,SNAI2,miR-200b,ZEB2,miR-200a,ZEB1,miR-141,TGF-beta,GSC,SNAI1,miR-34a,TWIST2",P,14
5182,"TWIST1,TCF3,CDH1,SNAI2,miR-200b,ZEB2,miR-200a,ZEB1,miR-141,TGF-beta,GSC,SNAI1",P,12
5183,"TWIST1,TCF3,CDH1,SNAI2,miR-200b,ZEB2,miR-200c,TGF-beta,SNAI1,miR-101,ZEB1,miR-34a,TWIST2",N,13
5184,"TWIST1,TCF3,CDH1,SNAI2,miR-200b,ZEB2,miR-200c,TGF-beta,SNAI1,miR-34a,TWIST2",P,11
5185,"TWIST1,TCF3,CDH1,SNAI2,miR-200b,ZEB2,miR-200c,TGF-beta,SNAI1,ZEB1,miR-34a,TWIST2",P,12
5186,"TWIST1,TCF3,CDH1,SNAI2,miR-200b,ZEB2,miR-200c,TGF-beta,SNAI1",P,9
5187,"TWIST1,TCF3,CDH1,SNAI2,miR-200b,ZEB2,miR-200c,TGF-beta,GSC,ZEB1,miR-34a,TWIST2",N,12
5188,"TWIST1,TCF3,CDH1,SNAI2,miR-200b,ZEB2,miR-200c,TGF-beta,GSC,ZEB1,miR-34a,TWIST2,SNAI1",P,13
5189,"TWIST1,TCF3,CDH1,SNAI2,miR-200b,ZEB2,miR-200c,TGF-beta,GSC,ZEB1,miR-34a,SNAI1",P,12
5190,"TWIST1,TCF3,CDH1,SNAI2,miR-200b,ZEB2,miR-200c,TGF-beta,GSC",P,9
5191,"TWIST1,TCF3,CDH1,SNAI2,miR-200b,ZEB2,miR-200c,TGF-beta,GSC,SNAI1,miR-101,ZEB1,miR-34a,TWIST2",P,14
5192,"TWIST1,TCF3,CDH1,SNAI2,miR-200b,ZEB2,miR-200c,TGF-beta,GSC,SNAI1,miR-34a,TWIST2",N,12
5193,"TWIST1,TCF3,CDH1,SNAI2,miR-200b,ZEB2,miR-200c,TGF-beta,GSC,SNAI1,ZEB1,miR-34a,TWIST2",N,13
5194,"TWIST1,TCF3,CDH1,SNAI2,miR-200b,ZEB2,miR-200c,TGF-beta,GSC,SNAI1",N,10
5195,"TWIST1,TCF3,CDH1,SNAI2,miR-200b,ZEB2,miR-200c,ZEB1,GRHL2,OVOL2,TGF-beta,SNAI1,miR-34a,TWIST2",P,14
5196,"TWIST1,TCF3,CDH1,SNAI2,miR-200b,ZEB2,miR-200c,ZEB1,GRHL2,OVOL2,TGF-beta,SNAI1",P,12
5197,"TWIST1,TCF3,CDH1,SNAI2,miR-200b,ZEB2,miR-200c,ZEB1,GRHL2,OVOL2,TGF-beta,GSC",P,12
5198,"TWIST1,TCF3,CDH1,SNAI2,miR-200b,ZEB2,miR-200c,ZEB1,GRHL2,OVOL2,TGF-beta,GSC,SNAI1,miR-34a,TWIST2",N,15
5199,"TWIST1,TCF3,CDH1,SNAI2,miR-200b,ZEB2,miR-200c,ZEB1,GRHL2,OVOL2,TGF-beta,GSC,SNAI1",N,13
5200,"TWIST1,TCF3,CDH1,SNAI2,miR-200b,ZEB2,miR-200c,ZEB1,OVOL2,TGF-beta,SNAI1,miR-34a,TWIST2",N,13
5201,"TWIST1,TCF3,CDH1,SNAI2,miR-200b,ZEB2,miR-200c,ZEB1,OVOL2,TGF-beta,SNAI1",N,11
5202,"TWIST1,TCF3,CDH1,SNAI2,miR-200b,ZEB2,miR-200c,ZEB1,OVOL2,TGF-beta,GSC",N,11
5203,"TWIST1,TCF3,CDH1,SNAI2,miR-200b,ZEB2,miR-200c,ZEB1,OVOL2,TGF-beta,GSC,SNAI1,miR-34a,TWIST2",P,14
5204,"TWIST1,TCF3,CDH1,SNAI2,miR-200b,ZEB2,miR-200c,ZEB1,OVOL2,TGF-beta,GSC,SNAI1",P,12
5205,"TWIST1,TCF3,CDH1,SNAI2,miR-200b,ZEB2,miR-200c,ZEB1,miR-34a,TWIST2",N,10
5206,"TWIST1,TCF3,CDH1,SNAI2,miR-200b,ZEB2,miR-200c,ZEB1,miR-34a,TWIST2,SNAI1",P,11
5207,"TWIST1,TCF3,CDH1,SNAI2,miR-200b,ZEB2,miR-200c,ZEB1,miR-34a,SNAI1",P,10
5208,"TWIST1,TCF3,CDH1,SNAI2,miR-200b,ZEB2,miR-200c,ZEB1,miR-200a,TGF-beta,SNAI1,miR-34a,TWIST2",N,13
5209,"TWIST1,TCF3,CDH1,SNAI2,miR-200b,ZEB2,miR-200c,ZEB1,miR-200a,TGF-beta,SNAI1",N,11
5210,"TWIST1,TCF3,CDH1,SNAI2,miR-200b,ZEB2,miR-200c,ZEB1,miR-200a,TGF-beta,GSC",N,11
5211,"TWIST1,TCF3,CDH1,SNAI2,miR-200b,ZEB2,miR-200c,ZEB1,miR-200a,TGF-beta,GSC,SNAI1,miR-34a,TWIST2",P,14
5212,"TWIST1,TCF3,CDH1,SNAI2,miR-200b,ZEB2,miR-200c,ZEB1,miR-200a,TGF-beta,GSC,SNAI1",P,12
5213,"TWIST1,TCF3,CDH1,SNAI2,miR-200b,ZEB2,miR-200c,ZEB1,miR-141,TGF-beta,SNAI1,miR-34a,TWIST2",N,13
5214,"TWIST1,TCF3,CDH1,SNAI2,miR-200b,ZEB2,miR-200c,ZEB1,miR-141,TGF-beta,SNAI1",N,11
5215,"TWIST1,TCF3,CDH1,SNAI2,miR-200b,ZEB2,miR-200c,ZEB1,miR-141,TGF-beta,GSC",N,11
5216,"TWIST1,TCF3,CDH1,SNAI2,miR-200b,ZEB2,miR-200c,ZEB1,miR-141,TGF-beta,GSC,SNAI1,miR-34a,TWIST2",P,14
5217,"TWIST1,TCF3,CDH1,SNAI2,miR-200b,ZEB2,miR-200c,ZEB1,miR-141,TGF-beta,GSC,SNAI1",P,12
5218,"TWIST1,TCF3,CDH1,SNAI2,miR-200b,ZEB1,GRHL2,NP63,miR-205,ZEB2,miR-200a,TGF-beta,SNAI1,miR-34a,TWIST2",P,15
5219,"TWIST1,TCF3,CDH1,SNAI2,miR-200b,ZEB1,GRHL2,NP63,miR-205,ZEB2,miR-200a,TGF-beta,SNAI1",P,13
5220,"TWIST1,TCF3,CDH1,SNAI2,miR-200b,ZEB1,GRHL2,NP63,miR-205,ZEB2,miR-200a,TGF-beta,GSC",P,13
5221,"TWIST1,TCF3,CDH1,SNAI2,miR-200b,ZEB1,GRHL2,NP63,miR-205,ZEB2,miR-200a,TGF-beta,GSC,SNAI1,miR-34a,TWIST2",N,16
5222,"TWIST1,TCF3,CDH1,SNAI2,miR-200b,ZEB1,GRHL2,NP63,miR-205,ZEB2,miR-200a,TGF-beta,GSC,SNAI1",N,14
5223,"TWIST1,TCF3,CDH1,SNAI2,miR-200b,ZEB1,GRHL2,NP63,miR-205,ZEB2,miR-200c,TGF-beta,SNAI1,miR-34a,TWIST2",P,15
5224,"TWIST1,TCF3,CDH1,SNAI2,miR-200b,ZEB1,GRHL2,NP63,miR-205,ZEB2,miR-200c,TGF-beta,SNAI1",P,13
5225,"TWIST1,TCF3,CDH1,SNAI2,miR-200b,ZEB1,GRHL2,NP63,miR-205,ZEB2,miR-200c,TGF-beta,GSC",P,13
5226,"TWIST1,TCF3,CDH1,SNAI2,miR-200b,ZEB1,GRHL2,NP63,miR-205,ZEB2,miR-200c,TGF-beta,GSC,SNAI1,miR-34a,TWIST2",N,16
5227,"TWIST1,TCF3,CDH1,SNAI2,miR-200b,ZEB1,GRHL2,NP63,miR-205,ZEB2,miR-200c,TGF-beta,GSC,SNAI1",N,14
5228,"TWIST1,TCF3,CDH1,SNAI2,miR-200b,ZEB1,GRHL2,OVOL2,TGF-beta,SNAI1,miR-34a,TWIST2",P,12
5229,"TWIST1,TCF3,CDH1,SNAI2,miR-200b,ZEB1,GRHL2,OVOL2,TGF-beta,SNAI1",P,10
5230,"TWIST1,TCF3,CDH1,SNAI2,miR-200b,ZEB1,GRHL2,OVOL2,TGF-beta,GSC",P,10
5231,"TWIST1,TCF3,CDH1,SNAI2,miR-200b,ZEB1,GRHL2,OVOL2,TGF-beta,GSC,SNAI1,miR-34a,TWIST2",N,13
5232,"TWIST1,TCF3,CDH1,SNAI2,miR-200b,ZEB1,GRHL2,OVOL2,TGF-beta,GSC,SNAI1",N,11
5233,"TWIST1,TCF3,CDH1,SNAI2,miR-200b,ZEB1,GRHL2,OVOL2,NP63,miR-205,ZEB2,miR-200a,TGF-beta,SNAI1,miR-34a,TWIST2",P,16
5234,"TWIST1,TCF3,CDH1,SNAI2,miR-200b,ZEB1,GRHL2,OVOL2,NP63,miR-205,ZEB2,miR-200a,TGF-beta,SNAI1",P,14
5235,"TWIST1,TCF3,CDH1,SNAI2,miR-200b,ZEB1,GRHL2,OVOL2,NP63,miR-205,ZEB2,miR-200a,TGF-beta,GSC",P,14
5236,"TWIST1,TCF3,CDH1,SNAI2,miR-200b,ZEB1,GRHL2,OVOL2,NP63,miR-205,ZEB2,miR-200a,TGF-beta,GSC,SNAI1,miR-34a,TWIST2",N,17
5237,"TWIST1,TCF3,CDH1,SNAI2,miR-200b,ZEB1,GRHL2,OVOL2,NP63,miR-205,ZEB2,miR-200a,TGF-beta,GSC,SNAI1",N,15
5238,"TWIST1,TCF3,CDH1,SNAI2,miR-200b,ZEB1,GRHL2,OVOL2,NP63,miR-205,ZEB2,miR-200c,TGF-beta,SNAI1,miR-34a,TWIST2",P,16
5239,"TWIST1,TCF3,CDH1,SNAI2,miR-200b,ZEB1,GRHL2,OVOL2,NP63,miR-205,ZEB2,miR-200c,TGF-beta,SNAI1",P,14
5240,"TWIST1,TCF3,CDH1,SNAI2,miR-200b,ZEB1,GRHL2,OVOL2,NP63,miR-205,ZEB2,miR-200c,TGF-beta,GSC",P,14
5241,"TWIST1,TCF3,CDH1,SNAI2,miR-200b,ZEB1,GRHL2,OVOL2,NP63,miR-205,ZEB2,miR-200c,TGF-beta,GSC,SNAI1,miR-34a,TWIST2",N,17
5242,"TWIST1,TCF3,CDH1,SNAI2,miR-200b,ZEB1,GRHL2,OVOL2,NP63,miR-205,ZEB2,miR-200c,TGF-beta,GSC,SNAI1",N,15
5243,"TWIST1,TCF3,CDH1,SNAI2,miR-200b,ZEB1,OVOL2,TGF-beta,SNAI1,miR-34a,TWIST2",N,11
5244,"TWIST1,TCF3,CDH1,SNAI2,miR-200b,ZEB1,OVOL2,TGF-beta,SNAI1",N,9
5245,"TWIST1,TCF3,CDH1,SNAI2,miR-200b,ZEB1,OVOL2,TGF-beta,GSC",N,9
5246,"TWIST1,TCF3,CDH1,SNAI2,miR-200b,ZEB1,OVOL2,TGF-beta,GSC,SNAI1,miR-34a,TWIST2",P,12
5247,"TWIST1,TCF3,CDH1,SNAI2,miR-200b,ZEB1,OVOL2,TGF-beta,GSC,SNAI1",P,10
5248,"TWIST1,TCF3,CDH1,SNAI2,miR-200b,ZEB1,OVOL2,NP63,miR-205,ZEB2,miR-200a,TGF-beta,SNAI1,miR-34a,TWIST2",N,15
5249,"TWIST1,TCF3,CDH1,SNAI2,miR-200b,ZEB1,OVOL2,NP63,miR-205,ZEB2,miR-200a,TGF-beta,SNAI1",N,13
5250,"TWIST1,TCF3,CDH1,SNAI2,miR-200b,ZEB1,OVOL2,NP63,miR-205,ZEB2,miR-200a,TGF-beta,GSC",N,13
5251,"TWIST1,TCF3,CDH1,SNAI2,miR-200b,ZEB1,OVOL2,NP63,miR-205,ZEB2,miR-200a,TGF-beta,GSC,SNAI1,miR-34a,TWIST2",P,16
5252,"TWIST1,TCF3,CDH1,SNAI2,miR-200b,ZEB1,OVOL2,NP63,miR-205,ZEB2,miR-200a,TGF-beta,GSC,SNAI1",P,14
5253,"TWIST1,TCF3,CDH1,SNAI2,miR-200b,ZEB1,OVOL2,NP63,miR-205,ZEB2,miR-200c,TGF-beta,SNAI1,miR-34a,TWIST2",N,15
5254,"TWIST1,TCF3,CDH1,SNAI2,miR-200b,ZEB1,OVOL2,NP63,miR-205,ZEB2,miR-200c,TGF-beta,SNAI1",N,13
5255,"TWIST1,TCF3,CDH1,SNAI2,miR-200b,ZEB1,OVOL2,NP63,miR-205,ZEB2,miR-200c,TGF-beta,GSC",N,13
5256,"TWIST1,TCF3,CDH1,SNAI2,miR-200b,ZEB1,OVOL2,NP63,miR-205,ZEB2,miR-200c,TGF-beta,GSC,SNAI1,miR-34a,TWIST2",P,16
5257,"TWIST1,TCF3,CDH1,SNAI2,miR-200b,ZEB1,OVOL2,NP63,miR-205,ZEB2,miR-200c,TGF-beta,GSC,SNAI1",P,14
5258,"TWIST1,TCF3,CDH1,SNAI2,miR-200b,ZEB1,miR-34a,TWIST2,ZEB2,miR-200a,TGF-beta,SNAI1",N,12
5259,"TWIST1,TCF3,CDH1,SNAI2,miR-200b,ZEB1,miR-34a,TWIST2,ZEB2,miR-200a,TGF-beta,GSC",N,12
5260,"TWIST1,TCF3,CDH1,SNAI2,miR-200b,ZEB1,miR-34a,TWIST2,ZEB2,miR-200a,TGF-beta,GSC,SNAI1",P,13
5261,"TWIST1,TCF3,CDH1,SNAI2,miR-200b,ZEB1,miR-34a,TWIST2,ZEB2,miR-200c,TGF-beta,SNAI1",N,12
5262,"TWIST1,TCF3,CDH1,SNAI2,miR-200b,ZEB1,miR-34a,TWIST2,ZEB2,miR-200c,TGF-beta,GSC",N,12
5263,"TWIST1,TCF3,CDH1,SNAI2,miR-200b,ZEB1,miR-34a,TWIST2,ZEB2,miR-200c,TGF-beta,GSC,SNAI1",P,13
5264,"TWIST1,TCF3,CDH1,SNAI2,miR-200b,ZEB1,miR-34a,TWIST2",N,8
5265,"TWIST1,TCF3,CDH1,SNAI2,miR-200b,ZEB1,miR-34a,TWIST2,SNAI1,miR-101,ZEB2,miR-200a,TGF-beta,GSC",N,14
5266,"TWIST1,TCF3,CDH1,SNAI2,miR-200b,ZEB1,miR-34a,TWIST2,SNAI1,miR-101,ZEB2,miR-200c,TGF-beta,GSC",N,14
5267,"TWIST1,TCF3,CDH1,SNAI2,miR-200b,ZEB1,miR-34a,TWIST2,SNAI1,ZEB2,miR-200a,TGF-beta,GSC",P,13
5268,"TWIST1,TCF3,CDH1,SNAI2,miR-200b,ZEB1,miR-34a,TWIST2,SNAI1,ZEB2,miR-200c,TGF-beta,GSC",P,13
5269,"TWIST1,TCF3,CDH1,SNAI2,miR-200b,ZEB1,miR-34a,TWIST2,SNAI1",P,9
5270,"TWIST1,TCF3,CDH1,SNAI2,miR-200b,ZEB1,miR-34a,SNAI1,miR-101,ZEB2,miR-200a,TGF-beta,GSC",N,13
5271,"TWIST1,TCF3,CDH1,SNAI2,miR-200b,ZEB1,miR-34a,SNAI1,miR-101,ZEB2,miR-200c,TGF-beta,GSC",N,13
5272,"TWIST1,TCF3,CDH1,SNAI2,miR-200b,ZEB1,miR-34a,SNAI1,ZEB2,miR-200a,TGF-beta,GSC",P,12
5273,"TWIST1,TCF3,CDH1,SNAI2,miR-200b,ZEB1,miR-34a,SNAI1,ZEB2,miR-200c,TGF-beta,GSC",P,12
5274,"TWIST1,TCF3,CDH1,SNAI2,miR-200b,ZEB1,miR-34a,SNAI1",P,8
5275,"TWIST1,TCF3,CDH1,SNAI2,miR-200b,ZEB1,miR-200a,TGF-beta,SNAI1,miR-34a,TWIST2",N,11
5276,"TWIST1,TCF3,CDH1,SNAI2,miR-200b,ZEB1,miR-200a,TGF-beta,SNAI1",N,9
5277,"TWIST1,TCF3,CDH1,SNAI2,miR-200b,ZEB1,miR-200a,TGF-beta,GSC",N,9
5278,"TWIST1,TCF3,CDH1,SNAI2,miR-200b,ZEB1,miR-200a,TGF-beta,GSC,SNAI1,miR-34a,TWIST2",P,12
5279,"TWIST1,TCF3,CDH1,SNAI2,miR-200b,ZEB1,miR-200a,TGF-beta,GSC,SNAI1",P,10
5280,"TWIST1,TCF3,CDH1,SNAI2,miR-200b,ZEB1,miR-200a,ZEB2,miR-200c,TGF-beta,SNAI1,miR-34a,TWIST2",P,13
5281,"TWIST1,TCF3,CDH1,SNAI2,miR-200b,ZEB1,miR-200a,ZEB2,miR-200c,TGF-beta,SNAI1",P,11
5282,"TWIST1,TCF3,CDH1,SNAI2,miR-200b,ZEB1,miR-200a,ZEB2,miR-200c,TGF-beta,GSC",P,11
5283,"TWIST1,TCF3,CDH1,SNAI2,miR-200b,ZEB1,miR-200a,ZEB2,miR-200c,TGF-beta,GSC,SNAI1,miR-34a,TWIST2",N,14
5284,"TWIST1,TCF3,CDH1,SNAI2,miR-200b,ZEB1,miR-200a,ZEB2,miR-200c,TGF-beta,GSC,SNAI1",N,12
5285,"TWIST1,TCF3,CDH1,SNAI2,miR-200b,ZEB1,miR-200c,TGF-beta,SNAI1,miR-34a,TWIST2",P,11
5286,"TWIST1,TCF3,CDH1,SNAI2,miR-200b,ZEB1,miR-200c,TGF-beta,SNAI1",P,9
5287,"TWIST1,TCF3,CDH1,SNAI2,miR-200b,ZEB1,miR-200c,TGF-beta,GSC",P,9
5288,"TWIST1,TCF3,CDH1,SNAI2,miR-200b,ZEB1,miR-200c,TGF-beta,GSC,SNAI1,miR-34a,TWIST2",N,12
5289,"TWIST1,TCF3,CDH1,SNAI2,miR-200b,ZEB1,miR-200c,TGF-beta,GSC,SNAI1",N,10
5290,"TWIST1,TCF3,CDH1,SNAI2,miR-200b,ZEB1,miR-200c,ZEB2,miR-200a,TGF-beta,SNAI1,miR-34a,TWIST2",P,13
5291,"TWIST1,TCF3,CDH1,SNAI2,miR-200b,ZEB1,miR-200c,ZEB2,miR-200a,TGF-beta,SNAI1",P,11
5292,"TWIST1,TCF3,CDH1,SNAI2,miR-200b,ZEB1,miR-200c,ZEB2,miR-200a,TGF-beta,GSC",P,11
5293,"TWIST1,TCF3,CDH1,SNAI2,miR-200b,ZEB1,miR-200c,ZEB2,miR-200a,TGF-beta,GSC,SNAI1,miR-34a,TWIST2",N,14
5294,"TWIST1,TCF3,CDH1,SNAI2,miR-200b,ZEB1,miR-200c,ZEB2,miR-200a,TGF-beta,GSC,SNAI1",N,12
5295,"TWIST1,TCF3,CDH1,SNAI2,miR-200b,ZEB1,miR-141,TGF-beta,SNAI1,miR-34a,TWIST2",N,11
5296,"TWIST1,TCF3,CDH1,SNAI2,miR-200b,ZEB1,miR-141,TGF-beta,SNAI1",N,9
5297,"TWIST1,TCF3,CDH1,SNAI2,miR-200b,ZEB1,miR-141,TGF-beta,GSC",N,9
5298,"TWIST1,TCF3,CDH1,SNAI2,miR-200b,ZEB1,miR-141,TGF-beta,GSC,SNAI1,miR-34a,TWIST2",P,12
5299,"TWIST1,TCF3,CDH1,SNAI2,miR-200b,ZEB1,miR-141,TGF-beta,GSC,SNAI1",P,10
5300,"TWIST1,TCF3,CDH1,SNAI2,miR-200b,ZEB1,miR-141,ZEB2,miR-200a,TGF-beta,SNAI1,miR-34a,TWIST2",N,13
5301,"TWIST1,TCF3,CDH1,SNAI2,miR-200b,ZEB1,miR-141,ZEB2,miR-200a,TGF-beta,SNAI1",N,11
5302,"TWIST1,TCF3,CDH1,SNAI2,miR-200b,ZEB1,miR-141,ZEB2,miR-200a,TGF-beta,GSC",N,11
5303,"TWIST1,TCF3,CDH1,SNAI2,miR-200b,ZEB1,miR-141,ZEB2,miR-200a,TGF-beta,GSC,SNAI1,miR-34a,TWIST2",P,14
5304,"TWIST1,TCF3,CDH1,SNAI2,miR-200b,ZEB1,miR-141,ZEB2,miR-200a,TGF-beta,GSC,SNAI1",P,12
5305,"TWIST1,TCF3,CDH1,SNAI2,miR-200b,ZEB1,miR-141,ZEB2,miR-200c,TGF-beta,SNAI1,miR-34a,TWIST2",N,13
5306,"TWIST1,TCF3,CDH1,SNAI2,miR-200b,ZEB1,miR-141,ZEB2,miR-200c,TGF-beta,SNAI1",N,11
5307,"TWIST1,TCF3,CDH1,SNAI2,miR-200b,ZEB1,miR-141,ZEB2,miR-200c,TGF-beta,GSC",N,11
5308,"TWIST1,TCF3,CDH1,SNAI2,miR-200b,ZEB1,miR-141,ZEB2,miR-200c,TGF-beta,GSC,SNAI1,miR-34a,TWIST2",P,14
5309,"TWIST1,TCF3,CDH1,SNAI2,miR-200b,ZEB1,miR-141,ZEB2,miR-200c,TGF-beta,GSC,SNAI1",P,12
5310,"TWIST1,TCF3,CDH1,SNAI2,miR-101,SNAI1,miR-34a,ZEB1,GRHL2,NP63,miR-205,ZEB2,miR-200a,TGF-beta,GSC",P,15
5311,"TWIST1,TCF3,CDH1,SNAI2,miR-101,SNAI1,miR-34a,ZEB1,GRHL2,NP63,miR-205,ZEB2,miR-200c,TGF-beta,GSC",P,15
5312,"TWIST1,TCF3,CDH1,SNAI2,miR-101,SNAI1,miR-34a,ZEB1,GRHL2,NP63,miR-205,ZEB2,miR-200b,TGF-beta,GSC",N,15
5313,"TWIST1,TCF3,CDH1,SNAI2,miR-101,SNAI1,miR-34a,ZEB1,GRHL2,OVOL2,TGF-beta,GSC",P,12
5314,"TWIST1,TCF3,CDH1,SNAI2,miR-101,SNAI1,miR-34a,ZEB1,GRHL2,OVOL2,NP63,miR-205,ZEB2,miR-200a,TGF-beta,GSC",P,16
5315,"TWIST1,TCF3,CDH1,SNAI2,miR-101,SNAI1,miR-34a,ZEB1,GRHL2,OVOL2,NP63,miR-205,ZEB2,miR-200c,TGF-beta,GSC",P,16
5316,"TWIST1,TCF3,CDH1,SNAI2,miR-101,SNAI1,miR-34a,ZEB1,GRHL2,OVOL2,NP63,miR-205,ZEB2,miR-200b,TGF-beta,GSC",N,16
5317,"TWIST1,TCF3,CDH1,SNAI2,miR-101,SNAI1,miR-34a,ZEB1,OVOL2,TGF-beta,GSC",N,11
5318,"TWIST1,TCF3,CDH1,SNAI2,miR-101,SNAI1,miR-34a,ZEB1,OVOL2,NP63,miR-205,ZEB2,miR-200a,TGF-beta,GSC",N,15
5319,"TWIST1,TCF3,CDH1,SNAI2,miR-101,SNAI1,miR-34a,ZEB1,OVOL2,NP63,miR-205,ZEB2,miR-200c,TGF-beta,GSC",N,15
5320,"TWIST1,TCF3,CDH1,SNAI2,miR-101,SNAI1,miR-34a,ZEB1,OVOL2,NP63,miR-205,ZEB2,miR-200b,TGF-beta,GSC",P,15
5321,"TWIST1,TCF3,CDH1,SNAI2,miR-101,SNAI1,miR-34a,ZEB1,miR-200a,TGF-beta,GSC",N,11
5322,"TWIST1,TCF3,CDH1,SNAI2,miR-101,SNAI1,miR-34a,ZEB1,miR-200a,ZEB2,miR-200c,TGF-beta,GSC",P,13
5323,"TWIST1,TCF3,CDH1,SNAI2,miR-101,SNAI1,miR-34a,ZEB1,miR-200a,ZEB2,miR-200b,TGF-beta,GSC",N,13
5324,"TWIST1,TCF3,CDH1,SNAI2,miR-101,SNAI1,miR-34a,ZEB1,miR-200c,TGF-beta,GSC",P,11
5325,"TWIST1,TCF3,CDH1,SNAI2,miR-101,SNAI1,miR-34a,ZEB1,miR-200c,ZEB2,miR-200a,TGF-beta,GSC",P,13
5326,"TWIST1,TCF3,CDH1,SNAI2,miR-101,SNAI1,miR-34a,ZEB1,miR-200c,ZEB2,miR-200b,TGF-beta,GSC",N,13
5327,"TWIST1,TCF3,CDH1,SNAI2,miR-101,SNAI1,miR-34a,ZEB1,miR-200b,TGF-beta,GSC",N,11
5328,"TWIST1,TCF3,CDH1,SNAI2,miR-101,SNAI1,miR-34a,ZEB1,miR-200b,ZEB2,miR-200a,TGF-beta,GSC",P,13
5329,"TWIST1,TCF3,CDH1,SNAI2,miR-101,SNAI1,miR-34a,ZEB1,miR-200b,ZEB2,miR-200c,TGF-beta,GSC",P,13
5330,"TWIST1,TCF3,CDH1,SNAI2,miR-101,SNAI1,miR-34a,ZEB1,miR-141,TGF-beta,GSC",N,11
5331,"TWIST1,TCF3,CDH1,SNAI2,miR-101,SNAI1,miR-34a,ZEB1,miR-141,ZEB2,miR-200a,TGF-beta,GSC",N,13
5332,"TWIST1,TCF3,CDH1,SNAI2,miR-101,SNAI1,miR-34a,ZEB1,miR-141,ZEB2,miR-200c,TGF-beta,GSC",N,13
5333,"TWIST1,TCF3,CDH1,SNAI2,miR-101,SNAI1,miR-34a,ZEB1,miR-141,ZEB2,miR-200b,TGF-beta,GSC",P,13
5334,"TWIST1,TCF3,CDH1,SNAI2,miR-101,SNAI1,miR-34a,TWIST2,ZEB2,miR-200a,TGF-beta,GSC",N,12
5335,"TWIST1,TCF3,CDH1,SNAI2,miR-101,SNAI1,miR-34a,TWIST2,ZEB2,miR-200a,ZEB1,GRHL2,OVOL2,TGF-beta,GSC",N,15
5336,"TWIST1,TCF3,CDH1,SNAI2,miR-101,SNAI1,miR-34a,TWIST2,ZEB2,miR-200a,ZEB1,OVOL2,TGF-beta,GSC",P,14
5337,"TWIST1,TCF3,CDH1,SNAI2,miR-101,SNAI1,miR-34a,TWIST2,ZEB2,miR-200a,ZEB1,miR-200c,TGF-beta,GSC",N,14
5338,"TWIST1,TCF3,CDH1,SNAI2,miR-101,SNAI1,miR-34a,TWIST2,ZEB2,miR-200a,ZEB1,miR-200b,TGF-beta,GSC",P,14
5339,"TWIST1,TCF3,CDH1,SNAI2,miR-101,SNAI1,miR-34a,TWIST2,ZEB2,miR-200a,ZEB1,miR-141,TGF-beta,GSC",P,14
5340,"TWIST1,TCF3,CDH1,SNAI2,miR-101,SNAI1,miR-34a,TWIST2,ZEB2,miR-200c,TGF-beta,GSC",N,12
5341,"TWIST1,TCF3,CDH1,SNAI2,miR-101,SNAI1,miR-34a,TWIST2,ZEB2,miR-200c,ZEB1,GRHL2,OVOL2,TGF-beta,GSC",N,15
5342,"TWIST1,TCF3,CDH1,SNAI2,miR-101,SNAI1,miR-34a,TWIST2,ZEB2,miR-200c,ZEB1,OVOL2,TGF-beta,GSC",P,14
5343,"TWIST1,TCF3,CDH1,SNAI2,miR-101,SNAI1,miR-34a,TWIST2,ZEB2,miR-200c,ZEB1,miR-200a,TGF-beta,GSC",P,14
5344,"TWIST1,TCF3,CDH1,SNAI2,miR-101,SNAI1,miR-34a,TWIST2,ZEB2,miR-200c,ZEB1,miR-200b,TGF-beta,GSC",P,14
5345,"TWIST1,TCF3,CDH1,SNAI2,miR-101,SNAI1,miR-34a,TWIST2,ZEB2,miR-200c,ZEB1,miR-141,TGF-beta,GSC",P,14
5346,"TWIST1,TCF3,CDH1,SNAI2,miR-101,SNAI1,miR-34a,TWIST2,ZEB2,miR-200b,TGF-beta,GSC",P,12
5347,"TWIST1,TCF3,CDH1,SNAI2,miR-101,SNAI1,miR-34a,TWIST2,ZEB2,miR-200b,ZEB1,GRHL2,OVOL2,TGF-beta,GSC",N,15
5348,"TWIST1,TCF3,CDH1,SNAI2,miR-101,SNAI1,miR-34a,TWIST2,ZEB2,miR-200b,ZEB1,OVOL2,TGF-beta,GSC",P,14
5349,"TWIST1,TCF3,CDH1,SNAI2,miR-101,SNAI1,miR-34a,TWIST2,ZEB2,miR-200b,ZEB1,miR-200a,TGF-beta,GSC",P,14
5350,"TWIST1,TCF3,CDH1,SNAI2,miR-101,SNAI1,miR-34a,TWIST2,ZEB2,miR-200b,ZEB1,miR-200c,TGF-beta,GSC",N,14
5351,"TWIST1,TCF3,CDH1,SNAI2,miR-101,SNAI1,miR-34a,TWIST2,ZEB2,miR-200b,ZEB1,miR-141,TGF-beta,GSC",P,14
5352,"TWIST1,TCF3,CDH1,SNAI2,miR-101,SNAI1,miR-34a,TWIST2,ZEB1,GRHL2,NP63,miR-205,ZEB2,miR-200a,TGF-beta,GSC",P,16
5353,"TWIST1,TCF3,CDH1,SNAI2,miR-101,SNAI1,miR-34a,TWIST2,ZEB1,GRHL2,NP63,miR-205,ZEB2,miR-200c,TGF-beta,GSC",P,16
5354,"TWIST1,TCF3,CDH1,SNAI2,miR-101,SNAI1,miR-34a,TWIST2,ZEB1,GRHL2,NP63,miR-205,ZEB2,miR-200b,TGF-beta,GSC",N,16
5355,"TWIST1,TCF3,CDH1,SNAI2,miR-101,SNAI1,miR-34a,TWIST2,ZEB1,GRHL2,OVOL2,TGF-beta,GSC",P,13
5356,"TWIST1,TCF3,CDH1,SNAI2,miR-101,SNAI1,miR-34a,TWIST2,ZEB1,GRHL2,OVOL2,NP63,miR-205,ZEB2,miR-200a,TGF-beta,GSC",P,17
5357,"TWIST1,TCF3,CDH1,SNAI2,miR-101,SNAI1,miR-34a,TWIST2,ZEB1,GRHL2,OVOL2,NP63,miR-205,ZEB2,miR-200c,TGF-beta,GSC",P,17
5358,"TWIST1,TCF3,CDH1,SNAI2,miR-101,SNAI1,miR-34a,TWIST2,ZEB1,GRHL2,OVOL2,NP63,miR-205,ZEB2,miR-200b,TGF-beta,GSC",N,17
5359,"TWIST1,TCF3,CDH1,SNAI2,miR-101,SNAI1,miR-34a,TWIST2,ZEB1,OVOL2,TGF-beta,GSC",N,12
5360,"TWIST1,TCF3,CDH1,SNAI2,miR-101,SNAI1,miR-34a,TWIST2,ZEB1,OVOL2,NP63,miR-205,ZEB2,miR-200a,TGF-beta,GSC",N,16
5361,"TWIST1,TCF3,CDH1,SNAI2,miR-101,SNAI1,miR-34a,TWIST2,ZEB1,OVOL2,NP63,miR-205,ZEB2,miR-200c,TGF-beta,GSC",N,16
5362,"TWIST1,TCF3,CDH1,SNAI2,miR-101,SNAI1,miR-34a,TWIST2,ZEB1,OVOL2,NP63,miR-205,ZEB2,miR-200b,TGF-beta,GSC",P,16
5363,"TWIST1,TCF3,CDH1,SNAI2,miR-101,SNAI1,miR-34a,TWIST2,ZEB1,miR-200a,TGF-beta,GSC",N,12
5364,"TWIST1,TCF3,CDH1,SNAI2,miR-101,SNAI1,miR-34a,TWIST2,ZEB1,miR-200a,ZEB2,miR-200c,TGF-beta,GSC",P,14
5365,"TWIST1,TCF3,CDH1,SNAI2,miR-101,SNAI1,miR-34a,TWIST2,ZEB1,miR-200a,ZEB2,miR-200b,TGF-beta,GSC",N,14
5366,"TWIST1,TCF3,CDH1,SNAI2,miR-101,SNAI1,miR-34a,TWIST2,ZEB1,miR-200c,TGF-beta,GSC",P,12
5367,"TWIST1,TCF3,CDH1,SNAI2,miR-101,SNAI1,miR-34a,TWIST2,ZEB1,miR-200c,ZEB2,miR-200a,TGF-beta,GSC",P,14
5368,"TWIST1,TCF3,CDH1,SNAI2,miR-101,SNAI1,miR-34a,TWIST2,ZEB1,miR-200c,ZEB2,miR-200b,TGF-beta,GSC",N,14
5369,"TWIST1,TCF3,CDH1,SNAI2,miR-101,SNAI1,miR-34a,TWIST2,ZEB1,miR-200b,TGF-beta,GSC",N,12
5370,"TWIST1,TCF3,CDH1,SNAI2,miR-101,SNAI1,miR-34a,TWIST2,ZEB1,miR-200b,ZEB2,miR-200a,TGF-beta,GSC",P,14
5371,"TWIST1,TCF3,CDH1,SNAI2,miR-101,SNAI1,miR-34a,TWIST2,ZEB1,miR-200b,ZEB2,miR-200c,TGF-beta,GSC",P,14
5372,"TWIST1,TCF3,CDH1,SNAI2,miR-101,SNAI1,miR-34a,TWIST2,ZEB1,miR-141,TGF-beta,GSC",N,12
5373,"TWIST1,TCF3,CDH1,SNAI2,miR-101,SNAI1,miR-34a,TWIST2,ZEB1,miR-141,ZEB2,miR-200a,TGF-beta,GSC",N,14
5374,"TWIST1,TCF3,CDH1,SNAI2,miR-101,SNAI1,miR-34a,TWIST2,ZEB1,miR-141,ZEB2,miR-200c,TGF-beta,GSC",N,14
5375,"TWIST1,TCF3,CDH1,SNAI2,miR-101,SNAI1,miR-34a,TWIST2,ZEB1,miR-141,ZEB2,miR-200b,TGF-beta,GSC",P,14
5376,"TWIST1,TCF3,CDH1,SNAI2,miR-101,SNAI1,miR-34a,TWIST2",N,8
5377,"TWIST1,TCF3,CDH1,SNAI2,miR-101,SNAI1,ZEB2,miR-200a,TGF-beta,GSC,ZEB1,miR-34a,TWIST2",P,13
5378,"TWIST1,TCF3,CDH1,SNAI2,miR-101,SNAI1,ZEB2,miR-200a,TGF-beta,GSC",N,10
5379,"TWIST1,TCF3,CDH1,SNAI2,miR-101,SNAI1,ZEB2,miR-200a,ZEB1,GRHL2,OVOL2,TGF-beta,GSC",N,13
5380,"TWIST1,TCF3,CDH1,SNAI2,miR-101,SNAI1,ZEB2,miR-200a,ZEB1,OVOL2,TGF-beta,GSC",P,12
5381,"TWIST1,TCF3,CDH1,SNAI2,miR-101,SNAI1,ZEB2,miR-200a,ZEB1,miR-34a,TWIST2",P,11
5382,"TWIST1,TCF3,CDH1,SNAI2,miR-101,SNAI1,ZEB2,miR-200a,ZEB1,miR-200c,TGF-beta,GSC",N,12
5383,"TWIST1,TCF3,CDH1,SNAI2,miR-101,SNAI1,ZEB2,miR-200a,ZEB1,miR-200b,TGF-beta,GSC",P,12
5384,"TWIST1,TCF3,CDH1,SNAI2,miR-101,SNAI1,ZEB2,miR-200a,ZEB1,miR-141,TGF-beta,GSC",P,12
5385,"TWIST1,TCF3,CDH1,SNAI2,miR-101,SNAI1,ZEB2,miR-200c,TGF-beta,GSC,ZEB1,miR-34a,TWIST2",P,13
5386,"TWIST1,TCF3,CDH1,SNAI2,miR-101,SNAI1,ZEB2,miR-200c,TGF-beta,GSC",N,10
5387,"TWIST1,TCF3,CDH1,SNAI2,miR-101,SNAI1,ZEB2,miR-200c,ZEB1,GRHL2,OVOL2,TGF-beta,GSC",N,13
5388,"TWIST1,TCF3,CDH1,SNAI2,miR-101,SNAI1,ZEB2,miR-200c,ZEB1,OVOL2,TGF-beta,GSC",P,12
5389,"TWIST1,TCF3,CDH1,SNAI2,miR-101,SNAI1,ZEB2,miR-200c,ZEB1,miR-34a,TWIST2",P,11
5390,"TWIST1,TCF3,CDH1,SNAI2,miR-101,SNAI1,ZEB2,miR-200c,ZEB1,miR-200a,TGF-beta,GSC",P,12
5391,"TWIST1,TCF3,CDH1,SNAI2,miR-101,SNAI1,ZEB2,miR-200c,ZEB1,miR-200b,TGF-beta,GSC",P,12
5392,"TWIST1,TCF3,CDH1,SNAI2,miR-101,SNAI1,ZEB2,miR-200c,ZEB1,miR-141,TGF-beta,GSC",P,12
5393,"TWIST1,TCF3,CDH1,SNAI2,miR-101,SNAI1,ZEB2,miR-200b,TGF-beta,GSC,ZEB1,miR-34a,TWIST2",N,13
5394,"TWIST1,TCF3,CDH1,SNAI2,miR-101,SNAI1,ZEB2,miR-200b,TGF-beta,GSC",P,10
5395,"TWIST1,TCF3,CDH1,SNAI2,miR-101,SNAI1,ZEB2,miR-200b,ZEB1,GRHL2,OVOL2,TGF-beta,GSC",N,13
5396,"TWIST1,TCF3,CDH1,SNAI2,miR-101,SNAI1,ZEB2,miR-200b,ZEB1,OVOL2,TGF-beta,GSC",P,12
5397,"TWIST1,TCF3,CDH1,SNAI2,miR-101,SNAI1,ZEB2,miR-200b,ZEB1,miR-34a,TWIST2",P,11
5398,"TWIST1,TCF3,CDH1,SNAI2,miR-101,SNAI1,ZEB2,miR-200b,ZEB1,miR-200a,TGF-beta,GSC",P,12
5399,"TWIST1,TCF3,CDH1,SNAI2,miR-101,SNAI1,ZEB2,miR-200b,ZEB1,miR-200c,TGF-beta,GSC",N,12
5400,"TWIST1,TCF3,CDH1,SNAI2,miR-101,SNAI1,ZEB2,miR-200b,ZEB1,miR-141,TGF-beta,GSC",P,12
5401,"TWIST1,TCF3,CDH1,SNAI2,miR-101,SNAI1,ZEB1,GRHL2,NP63,miR-205,ZEB2,miR-200a,TGF-beta,GSC",P,14
5402,"TWIST1,TCF3,CDH1,SNAI2,miR-101,SNAI1,ZEB1,GRHL2,NP63,miR-205,ZEB2,miR-200c,TGF-beta,GSC",P,14
5403,"TWIST1,TCF3,CDH1,SNAI2,miR-101,SNAI1,ZEB1,GRHL2,NP63,miR-205,ZEB2,miR-200b,TGF-beta,GSC",N,14
5404,"TWIST1,TCF3,CDH1,SNAI2,miR-101,SNAI1,ZEB1,GRHL2,OVOL2,TGF-beta,GSC",P,11
5405,"TWIST1,TCF3,CDH1,SNAI2,miR-101,SNAI1,ZEB1,GRHL2,OVOL2,NP63,miR-205,ZEB2,miR-200a,TGF-beta,GSC",P,15
5406,"TWIST1,TCF3,CDH1,SNAI2,miR-101,SNAI1,ZEB1,GRHL2,OVOL2,NP63,miR-205,ZEB2,miR-200c,TGF-beta,GSC",P,15
5407,"TWIST1,TCF3,CDH1,SNAI2,miR-101,SNAI1,ZEB1,GRHL2,OVOL2,NP63,miR-205,ZEB2,miR-200b,TGF-beta,GSC",N,15
5408,"TWIST1,TCF3,CDH1,SNAI2,miR-101,SNAI1,ZEB1,OVOL2,TGF-beta,GSC",N,10
5409,"TWIST1,TCF3,CDH1,SNAI2,miR-101,SNAI1,ZEB1,OVOL2,NP63,miR-205,ZEB2,miR-200a,TGF-beta,GSC",N,14
5410,"TWIST1,TCF3,CDH1,SNAI2,miR-101,SNAI1,ZEB1,OVOL2,NP63,miR-205,ZEB2,miR-200c,TGF-beta,GSC",N,14
5411,"TWIST1,TCF3,CDH1,SNAI2,miR-101,SNAI1,ZEB1,OVOL2,NP63,miR-205,ZEB2,miR-200b,TGF-beta,GSC",P,14
5412,"TWIST1,TCF3,CDH1,SNAI2,miR-101,SNAI1,ZEB1,miR-34a,TWIST2,ZEB2,miR-200a,TGF-beta,GSC",N,13
5413,"TWIST1,TCF3,CDH1,SNAI2,miR-101,SNAI1,ZEB1,miR-34a,TWIST2,ZEB2,miR-200c,TGF-beta,GSC",N,13
5414,"TWIST1,TCF3,CDH1,SNAI2,miR-101,SNAI1,ZEB1,miR-34a,TWIST2,ZEB2,miR-200b,TGF-beta,GSC",P,13
5415,"TWIST1,TCF3,CDH1,SNAI2,miR-101,SNAI1,ZEB1,miR-34a,TWIST2",N,9
5416,"TWIST1,TCF3,CDH1,SNAI2,miR-101,SNAI1,ZEB1,miR-200a,TGF-beta,GSC",N,10
5417,"TWIST1,TCF3,CDH1,SNAI2,miR-101,SNAI1,ZEB1,miR-200a,ZEB2,miR-200c,TGF-beta,GSC",P,12
5418,"TWIST1,TCF3,CDH1,SNAI2,miR-101,SNAI1,ZEB1,miR-200a,ZEB2,miR-200b,TGF-beta,GSC",N,12
5419,"TWIST1,TCF3,CDH1,SNAI2,miR-101,SNAI1,ZEB1,miR-200c,TGF-beta,GSC",P,10
5420,"TWIST1,TCF3,CDH1,SNAI2,miR-101,SNAI1,ZEB1,miR-200c,ZEB2,miR-200a,TGF-beta,GSC",P,12
5421,"TWIST1,TCF3,CDH1,SNAI2,miR-101,SNAI1,ZEB1,miR-200c,ZEB2,miR-200b,TGF-beta,GSC",N,12
5422,"TWIST1,TCF3,CDH1,SNAI2,miR-101,SNAI1,ZEB1,miR-200b,TGF-beta,GSC",N,10
5423,"TWIST1,TCF3,CDH1,SNAI2,miR-101,SNAI1,ZEB1,miR-200b,ZEB2,miR-200a,TGF-beta,GSC",P,12
5424,"TWIST1,TCF3,CDH1,SNAI2,miR-101,SNAI1,ZEB1,miR-200b,ZEB2,miR-200c,TGF-beta,GSC",P,12
5425,"TWIST1,TCF3,CDH1,SNAI2,miR-101,SNAI1,ZEB1,miR-141,TGF-beta,GSC",N,10
5426,"TWIST1,TCF3,CDH1,SNAI2,miR-101,SNAI1,ZEB1,miR-141,ZEB2,miR-200a,TGF-beta,GSC",N,12
5427,"TWIST1,TCF3,CDH1,SNAI2,miR-101,SNAI1,ZEB1,miR-141,ZEB2,miR-200c,TGF-beta,GSC",N,12
5428,"TWIST1,TCF3,CDH1,SNAI2,miR-101,SNAI1,ZEB1,miR-141,ZEB2,miR-200b,TGF-beta,GSC",P,12
5429,"TWIST1,TCF3,CDH1,SNAI2,miR-101,SNAI1",N,6
5430,"TWIST1,TCF3,CDH1,SNAI2,miR-101,ZEB2,miR-200a,TGF-beta,SNAI1,miR-34a,TWIST2",P,11
5431,"TWIST1,TCF3,CDH1,SNAI2,miR-101,ZEB2,miR-200a,TGF-beta,SNAI1,ZEB1,miR-34a,TWIST2",P,12
5432,"TWIST1,TCF3,CDH1,SNAI2,miR-101,ZEB2,miR-200a,TGF-beta,SNAI1",P,9
5433,"TWIST1,TCF3,CDH1,SNAI2,miR-101,ZEB2,miR-200a,TGF-beta,GSC,ZEB1,miR-34a,TWIST2",N,12
5434,"TWIST1,TCF3,CDH1,SNAI2,miR-101,ZEB2,miR-200a,TGF-beta,GSC,ZEB1,miR-34a,TWIST2,SNAI1",P,13
5435,"TWIST1,TCF3,CDH1,SNAI2,miR-101,ZEB2,miR-200a,TGF-beta,GSC,ZEB1,miR-34a,SNAI1",P,12
5436,"TWIST1,TCF3,CDH1,SNAI2,miR-101,ZEB2,miR-200a,TGF-beta,GSC",P,9
5437,"TWIST1,TCF3,CDH1,SNAI2,miR-101,ZEB2,miR-200a,TGF-beta,GSC,SNAI1,miR-34a,TWIST2",N,12
5438,"TWIST1,TCF3,CDH1,SNAI2,miR-101,ZEB2,miR-200a,TGF-beta,GSC,SNAI1,ZEB1,miR-34a,TWIST2",N,13
5439,"TWIST1,TCF3,CDH1,SNAI2,miR-101,ZEB2,miR-200a,TGF-beta,GSC,SNAI1",N,10
5440,"TWIST1,TCF3,CDH1,SNAI2,miR-101,ZEB2,miR-200a,ZEB1,GRHL2,OVOL2,TGF-beta,SNAI1,miR-34a,TWIST2",P,14
5441,"TWIST1,TCF3,CDH1,SNAI2,miR-101,ZEB2,miR-200a,ZEB1,GRHL2,OVOL2,TGF-beta,SNAI1",P,12
5442,"TWIST1,TCF3,CDH1,SNAI2,miR-101,ZEB2,miR-200a,ZEB1,GRHL2,OVOL2,TGF-beta,GSC",P,12
5443,"TWIST1,TCF3,CDH1,SNAI2,miR-101,ZEB2,miR-200a,ZEB1,GRHL2,OVOL2,TGF-beta,GSC,SNAI1,miR-34a,TWIST2",N,15
5444,"TWIST1,TCF3,CDH1,SNAI2,miR-101,ZEB2,miR-200a,ZEB1,GRHL2,OVOL2,TGF-beta,GSC,SNAI1",N,13
5445,"TWIST1,TCF3,CDH1,SNAI2,miR-101,ZEB2,miR-200a,ZEB1,OVOL2,TGF-beta,SNAI1,miR-34a,TWIST2",N,13
5446,"TWIST1,TCF3,CDH1,SNAI2,miR-101,ZEB2,miR-200a,ZEB1,OVOL2,TGF-beta,SNAI1",N,11
5447,"TWIST1,TCF3,CDH1,SNAI2,miR-101,ZEB2,miR-200a,ZEB1,OVOL2,TGF-beta,GSC",N,11
5448,"TWIST1,TCF3,CDH1,SNAI2,miR-101,ZEB2,miR-200a,ZEB1,OVOL2,TGF-beta,GSC,SNAI1,miR-34a,TWIST2",P,14
5449,"TWIST1,TCF3,CDH1,SNAI2,miR-101,ZEB2,miR-200a,ZEB1,OVOL2,TGF-beta,GSC,SNAI1",P,12
5450,"TWIST1,TCF3,CDH1,SNAI2,miR-101,ZEB2,miR-200a,ZEB1,miR-34a,TWIST2",N,10
5451,"TWIST1,TCF3,CDH1,SNAI2,miR-101,ZEB2,miR-200a,ZEB1,miR-34a,TWIST2,SNAI1",P,11
5452,"TWIST1,TCF3,CDH1,SNAI2,miR-101,ZEB2,miR-200a,ZEB1,miR-34a,SNAI1",P,10
5453,"TWIST1,TCF3,CDH1,SNAI2,miR-101,ZEB2,miR-200a,ZEB1,miR-200c,TGF-beta,SNAI1,miR-34a,TWIST2",P,13
5454,"TWIST1,TCF3,CDH1,SNAI2,miR-101,ZEB2,miR-200a,ZEB1,miR-200c,TGF-beta,SNAI1",P,11
5455,"TWIST1,TCF3,CDH1,SNAI2,miR-101,ZEB2,miR-200a,ZEB1,miR-200c,TGF-beta,GSC",P,11
5456,"TWIST1,TCF3,CDH1,SNAI2,miR-101,ZEB2,miR-200a,ZEB1,miR-200c,TGF-beta,GSC,SNAI1,miR-34a,TWIST2",N,14
5457,"TWIST1,TCF3,CDH1,SNAI2,miR-101,ZEB2,miR-200a,ZEB1,miR-200c,TGF-beta,GSC,SNAI1",N,12
5458,"TWIST1,TCF3,CDH1,SNAI2,miR-101,ZEB2,miR-200a,ZEB1,miR-200b,TGF-beta,SNAI1,miR-34a,TWIST2",N,13
5459,"TWIST1,TCF3,CDH1,SNAI2,miR-101,ZEB2,miR-200a,ZEB1,miR-200b,TGF-beta,SNAI1",N,11
5460,"TWIST1,TCF3,CDH1,SNAI2,miR-101,ZEB2,miR-200a,ZEB1,miR-200b,TGF-beta,GSC",N,11
5461,"TWIST1,TCF3,CDH1,SNAI2,miR-101,ZEB2,miR-200a,ZEB1,miR-200b,TGF-beta,GSC,SNAI1,miR-34a,TWIST2",P,14
5462,"TWIST1,TCF3,CDH1,SNAI2,miR-101,ZEB2,miR-200a,ZEB1,miR-200b,TGF-beta,GSC,SNAI1",P,12
5463,"TWIST1,TCF3,CDH1,SNAI2,miR-101,ZEB2,miR-200a,ZEB1,miR-141,TGF-beta,SNAI1,miR-34a,TWIST2",N,13
5464,"TWIST1,TCF3,CDH1,SNAI2,miR-101,ZEB2,miR-200a,ZEB1,miR-141,TGF-beta,SNAI1",N,11
5465,"TWIST1,TCF3,CDH1,SNAI2,miR-101,ZEB2,miR-200a,ZEB1,miR-141,TGF-beta,GSC",N,11
5466,"TWIST1,TCF3,CDH1,SNAI2,miR-101,ZEB2,miR-200a,ZEB1,miR-141,TGF-beta,GSC,SNAI1,miR-34a,TWIST2",P,14
5467,"TWIST1,TCF3,CDH1,SNAI2,miR-101,ZEB2,miR-200a,ZEB1,miR-141,TGF-beta,GSC,SNAI1",P,12
5468,"TWIST1,TCF3,CDH1,SNAI2,miR-101,ZEB2,miR-200c,TGF-beta,SNAI1,miR-34a,TWIST2",P,11
5469,"TWIST1,TCF3,CDH1,SNAI2,miR-101,ZEB2,miR-200c,TGF-beta,SNAI1,ZEB1,miR-34a,TWIST2",P,12
5470,"TWIST1,TCF3,CDH1,SNAI2,miR-101,ZEB2,miR-200c,TGF-beta,SNAI1",P,9
5471,"TWIST1,TCF3,CDH1,SNAI2,miR-101,ZEB2,miR-200c,TGF-beta,GSC,ZEB1,miR-34a,TWIST2",N,12
5472,"TWIST1,TCF3,CDH1,SNAI2,miR-101,ZEB2,miR-200c,TGF-beta,GSC,ZEB1,miR-34a,TWIST2,SNAI1",P,13
5473,"TWIST1,TCF3,CDH1,SNAI2,miR-101,ZEB2,miR-200c,TGF-beta,GSC,ZEB1,miR-34a,SNAI1",P,12
5474,"TWIST1,TCF3,CDH1,SNAI2,miR-101,ZEB2,miR-200c,TGF-beta,GSC",P,9
5475,"TWIST1,TCF3,CDH1,SNAI2,miR-101,ZEB2,miR-200c,TGF-beta,GSC,SNAI1,miR-34a,TWIST2",N,12
5476,"TWIST1,TCF3,CDH1,SNAI2,miR-101,ZEB2,miR-200c,TGF-beta,GSC,SNAI1,ZEB1,miR-34a,TWIST2",N,13
5477,"TWIST1,TCF3,CDH1,SNAI2,miR-101,ZEB2,miR-200c,TGF-beta,GSC,SNAI1",N,10
5478,"TWIST1,TCF3,CDH1,SNAI2,miR-101,ZEB2,miR-200c,ZEB1,GRHL2,OVOL2,TGF-beta,SNAI1,miR-34a,TWIST2",P,14
5479,"TWIST1,TCF3,CDH1,SNAI2,miR-101,ZEB2,miR-200c,ZEB1,GRHL2,OVOL2,TGF-beta,SNAI1",P,12
5480,"TWIST1,TCF3,CDH1,SNAI2,miR-101,ZEB2,miR-200c,ZEB1,GRHL2,OVOL2,TGF-beta,GSC",P,12
5481,"TWIST1,TCF3,CDH1,SNAI2,miR-101,ZEB2,miR-200c,ZEB1,GRHL2,OVOL2,TGF-beta,GSC,SNAI1,miR-34a,TWIST2",N,15
5482,"TWIST1,TCF3,CDH1,SNAI2,miR-101,ZEB2,miR-200c,ZEB1,GRHL2,OVOL2,TGF-beta,GSC,SNAI1",N,13
5483,"TWIST1,TCF3,CDH1,SNAI2,miR-101,ZEB2,miR-200c,ZEB1,OVOL2,TGF-beta,SNAI1,miR-34a,TWIST2",N,13
5484,"TWIST1,TCF3,CDH1,SNAI2,miR-101,ZEB2,miR-200c,ZEB1,OVOL2,TGF-beta,SNAI1",N,11
5485,"TWIST1,TCF3,CDH1,SNAI2,miR-101,ZEB2,miR-200c,ZEB1,OVOL2,TGF-beta,GSC",N,11
5486,"TWIST1,TCF3,CDH1,SNAI2,miR-101,ZEB2,miR-200c,ZEB1,OVOL2,TGF-beta,GSC,SNAI1,miR-34a,TWIST2",P,14
5487,"TWIST1,TCF3,CDH1,SNAI2,miR-101,ZEB2,miR-200c,ZEB1,OVOL2,TGF-beta,GSC,SNAI1",P,12
5488,"TWIST1,TCF3,CDH1,SNAI2,miR-101,ZEB2,miR-200c,ZEB1,miR-34a,TWIST2",N,10
5489,"TWIST1,TCF3,CDH1,SNAI2,miR-101,ZEB2,miR-200c,ZEB1,miR-34a,TWIST2,SNAI1",P,11
5490,"TWIST1,TCF3,CDH1,SNAI2,miR-101,ZEB2,miR-200c,ZEB1,miR-34a,SNAI1",P,10
5491,"TWIST1,TCF3,CDH1,SNAI2,miR-101,ZEB2,miR-200c,ZEB1,miR-200a,TGF-beta,SNAI1,miR-34a,TWIST2",N,13
5492,"TWIST1,TCF3,CDH1,SNAI2,miR-101,ZEB2,miR-200c,ZEB1,miR-200a,TGF-beta,SNAI1",N,11
5493,"TWIST1,TCF3,CDH1,SNAI2,miR-101,ZEB2,miR-200c,ZEB1,miR-200a,TGF-beta,GSC",N,11
5494,"TWIST1,TCF3,CDH1,SNAI2,miR-101,ZEB2,miR-200c,ZEB1,miR-200a,TGF-beta,GSC,SNAI1,miR-34a,TWIST2",P,14
5495,"TWIST1,TCF3,CDH1,SNAI2,miR-101,ZEB2,miR-200c,ZEB1,miR-200a,TGF-beta,GSC,SNAI1",P,12
5496,"TWIST1,TCF3,CDH1,SNAI2,miR-101,ZEB2,miR-200c,ZEB1,miR-200b,TGF-beta,SNAI1,miR-34a,TWIST2",N,13
5497,"TWIST1,TCF3,CDH1,SNAI2,miR-101,ZEB2,miR-200c,ZEB1,miR-200b,TGF-beta,SNAI1",N,11
5498,"TWIST1,TCF3,CDH1,SNAI2,miR-101,ZEB2,miR-200c,ZEB1,miR-200b,TGF-beta,GSC",N,11
5499,"TWIST1,TCF3,CDH1,SNAI2,miR-101,ZEB2,miR-200c,ZEB1,miR-200b,TGF-beta,GSC,SNAI1,miR-34a,TWIST2",P,14
5500,"TWIST1,TCF3,CDH1,SNAI2,miR-101,ZEB2,miR-200c,ZEB1,miR-200b,TGF-beta,GSC,SNAI1",P,12
5501,"TWIST1,TCF3,CDH1,SNAI2,miR-101,ZEB2,miR-200c,ZEB1,miR-141,TGF-beta,SNAI1,miR-34a,TWIST2",N,13
5502,"TWIST1,TCF3,CDH1,SNAI2,miR-101,ZEB2,miR-200c,ZEB1,miR-141,TGF-beta,SNAI1",N,11
5503,"TWIST1,TCF3,CDH1,SNAI2,miR-101,ZEB2,miR-200c,ZEB1,miR-141,TGF-beta,GSC",N,11
5504,"TWIST1,TCF3,CDH1,SNAI2,miR-101,ZEB2,miR-200c,ZEB1,miR-141,TGF-beta,GSC,SNAI1,miR-34a,TWIST2",P,14
5505,"TWIST1,TCF3,CDH1,SNAI2,miR-101,ZEB2,miR-200c,ZEB1,miR-141,TGF-beta,GSC,SNAI1",P,12
5506,"TWIST1,TCF3,CDH1,SNAI2,miR-101,ZEB2,miR-200b,TGF-beta,SNAI1,miR-34a,TWIST2",N,11
5507,"TWIST1,TCF3,CDH1,SNAI2,miR-101,ZEB2,miR-200b,TGF-beta,SNAI1,ZEB1,miR-34a,TWIST2",N,12
5508,"TWIST1,TCF3,CDH1,SNAI2,miR-101,ZEB2,miR-200b,TGF-beta,SNAI1",N,9
5509,"TWIST1,TCF3,CDH1,SNAI2,miR-101,ZEB2,miR-200b,TGF-beta,GSC,ZEB1,miR-34a,TWIST2",P,12
5510,"TWIST1,TCF3,CDH1,SNAI2,miR-101,ZEB2,miR-200b,TGF-beta,GSC,ZEB1,miR-34a,TWIST2,SNAI1",N,13
5511,"TWIST1,TCF3,CDH1,SNAI2,miR-101,ZEB2,miR-200b,TGF-beta,GSC,ZEB1,miR-34a,SNAI1",N,12
5512,"TWIST1,TCF3,CDH1,SNAI2,miR-101,ZEB2,miR-200b,TGF-beta,GSC",N,9
5513,"TWIST1,TCF3,CDH1,SNAI2,miR-101,ZEB2,miR-200b,TGF-beta,GSC,SNAI1,miR-34a,TWIST2",P,12
5514,"TWIST1,TCF3,CDH1,SNAI2,miR-101,ZEB2,miR-200b,TGF-beta,GSC,SNAI1,ZEB1,miR-34a,TWIST2",P,13
5515,"TWIST1,TCF3,CDH1,SNAI2,miR-101,ZEB2,miR-200b,TGF-beta,GSC,SNAI1",P,10
5516,"TWIST1,TCF3,CDH1,SNAI2,miR-101,ZEB2,miR-200b,ZEB1,GRHL2,OVOL2,TGF-beta,SNAI1,miR-34a,TWIST2",P,14
5517,"TWIST1,TCF3,CDH1,SNAI2,miR-101,ZEB2,miR-200b,ZEB1,GRHL2,OVOL2,TGF-beta,SNAI1",P,12
5518,"TWIST1,TCF3,CDH1,SNAI2,miR-101,ZEB2,miR-200b,ZEB1,GRHL2,OVOL2,TGF-beta,GSC",P,12
5519,"TWIST1,TCF3,CDH1,SNAI2,miR-101,ZEB2,miR-200b,ZEB1,GRHL2,OVOL2,TGF-beta,GSC,SNAI1,miR-34a,TWIST2",N,15
5520,"TWIST1,TCF3,CDH1,SNAI2,miR-101,ZEB2,miR-200b,ZEB1,GRHL2,OVOL2,TGF-beta,GSC,SNAI1",N,13
5521,"TWIST1,TCF3,CDH1,SNAI2,miR-101,ZEB2,miR-200b,ZEB1,OVOL2,TGF-beta,SNAI1,miR-34a,TWIST2",N,13
5522,"TWIST1,TCF3,CDH1,SNAI2,miR-101,ZEB2,miR-200b,ZEB1,OVOL2,TGF-beta,SNAI1",N,11
5523,"TWIST1,TCF3,CDH1,SNAI2,miR-101,ZEB2,miR-200b,ZEB1,OVOL2,TGF-beta,GSC",N,11
5524,"TWIST1,TCF3,CDH1,SNAI2,miR-101,ZEB2,miR-200b,ZEB1,OVOL2,TGF-beta,GSC,SNAI1,miR-34a,TWIST2",P,14
5525,"TWIST1,TCF3,CDH1,SNAI2,miR-101,ZEB2,miR-200b,ZEB1,OVOL2,TGF-beta,GSC,SNAI1",P,12
5526,"TWIST1,TCF3,CDH1,SNAI2,miR-101,ZEB2,miR-200b,ZEB1,miR-34a,TWIST2",N,10
5527,"TWIST1,TCF3,CDH1,SNAI2,miR-101,ZEB2,miR-200b,ZEB1,miR-34a,TWIST2,SNAI1",P,11
5528,"TWIST1,TCF3,CDH1,SNAI2,miR-101,ZEB2,miR-200b,ZEB1,miR-34a,SNAI1",P,10
5529,"TWIST1,TCF3,CDH1,SNAI2,miR-101,ZEB2,miR-200b,ZEB1,miR-200a,TGF-beta,SNAI1,miR-34a,TWIST2",N,13
5530,"TWIST1,TCF3,CDH1,SNAI2,miR-101,ZEB2,miR-200b,ZEB1,miR-200a,TGF-beta,SNAI1",N,11
5531,"TWIST1,TCF3,CDH1,SNAI2,miR-101,ZEB2,miR-200b,ZEB1,miR-200a,TGF-beta,GSC",N,11
5532,"TWIST1,TCF3,CDH1,SNAI2,miR-101,ZEB2,miR-200b,ZEB1,miR-200a,TGF-beta,GSC,SNAI1,miR-34a,TWIST2",P,14
5533,"TWIST1,TCF3,CDH1,SNAI2,miR-101,ZEB2,miR-200b,ZEB1,miR-200a,TGF-beta,GSC,SNAI1",P,12
5534,"TWIST1,TCF3,CDH1,SNAI2,miR-101,ZEB2,miR-200b,ZEB1,miR-200c,TGF-beta,SNAI1,miR-34a,TWIST2",P,13
5535,"TWIST1,TCF3,CDH1,SNAI2,miR-101,ZEB2,miR-200b,ZEB1,miR-200c,TGF-beta,SNAI1",P,11
5536,"TWIST1,TCF3,CDH1,SNAI2,miR-101,ZEB2,miR-200b,ZEB1,miR-200c,TGF-beta,GSC",P,11
5537,"TWIST1,TCF3,CDH1,SNAI2,miR-101,ZEB2,miR-200b,ZEB1,miR-200c,TGF-beta,GSC,SNAI1,miR-34a,TWIST2",N,14
5538,"TWIST1,TCF3,CDH1,SNAI2,miR-101,ZEB2,miR-200b,ZEB1,miR-200c,TGF-beta,GSC,SNAI1",N,12
5539,"TWIST1,TCF3,CDH1,SNAI2,miR-101,ZEB2,miR-200b,ZEB1,miR-141,TGF-beta,SNAI1,miR-34a,TWIST2",N,13
5540,"TWIST1,TCF3,CDH1,SNAI2,miR-101,ZEB2,miR-200b,ZEB1,miR-141,TGF-beta,SNAI1",N,11
5541,"TWIST1,TCF3,CDH1,SNAI2,miR-101,ZEB2,miR-200b,ZEB1,miR-141,TGF-beta,GSC",N,11
5542,"TWIST1,TCF3,CDH1,SNAI2,miR-101,ZEB2,miR-200b,ZEB1,miR-141,TGF-beta,GSC,SNAI1,miR-34a,TWIST2",P,14
5543,"TWIST1,TCF3,CDH1,SNAI2,miR-101,ZEB2,miR-200b,ZEB1,miR-141,TGF-beta,GSC,SNAI1",P,12
5544,"TWIST1,TCF3,CDH1,SNAI2,miR-101,ZEB1,GRHL2,NP63,miR-205,ZEB2,miR-200a,TGF-beta,SNAI1,miR-34a,TWIST2",N,15
5545,"TWIST1,TCF3,CDH1,SNAI2,miR-101,ZEB1,GRHL2,NP63,miR-205,ZEB2,miR-200a,TGF-beta,SNAI1",N,13
5546,"TWIST1,TCF3,CDH1,SNAI2,miR-101,ZEB1,GRHL2,NP63,miR-205,ZEB2,miR-200a,TGF-beta,GSC",N,13
5547,"TWIST1,TCF3,CDH1,SNAI2,miR-101,ZEB1,GRHL2,NP63,miR-205,ZEB2,miR-200a,TGF-beta,GSC,SNAI1,miR-34a,TWIST2",P,16
5548,"TWIST1,TCF3,CDH1,SNAI2,miR-101,ZEB1,GRHL2,NP63,miR-205,ZEB2,miR-200a,TGF-beta,GSC,SNAI1",P,14
5549,"TWIST1,TCF3,CDH1,SNAI2,miR-101,ZEB1,GRHL2,NP63,miR-205,ZEB2,miR-200c,TGF-beta,SNAI1,miR-34a,TWIST2",N,15
5550,"TWIST1,TCF3,CDH1,SNAI2,miR-101,ZEB1,GRHL2,NP63,miR-205,ZEB2,miR-200c,TGF-beta,SNAI1",N,13
5551,"TWIST1,TCF3,CDH1,SNAI2,miR-101,ZEB1,GRHL2,NP63,miR-205,ZEB2,miR-200c,TGF-beta,GSC",N,13
5552,"TWIST1,TCF3,CDH1,SNAI2,miR-101,ZEB1,GRHL2,NP63,miR-205,ZEB2,miR-200c,TGF-beta,GSC,SNAI1,miR-34a,TWIST2",P,16
5553,"TWIST1,TCF3,CDH1,SNAI2,miR-101,ZEB1,GRHL2,NP63,miR-205,ZEB2,miR-200c,TGF-beta,GSC,SNAI1",P,14
5554,"TWIST1,TCF3,CDH1,SNAI2,miR-101,ZEB1,GRHL2,NP63,miR-205,ZEB2,miR-200b,TGF-beta,SNAI1,miR-34a,TWIST2",P,15
5555,"TWIST1,TCF3,CDH1,SNAI2,miR-101,ZEB1,GRHL2,NP63,miR-205,ZEB2,miR-200b,TGF-beta,SNAI1",P,13
5556,"TWIST1,TCF3,CDH1,SNAI2,miR-101,ZEB1,GRHL2,NP63,miR-205,ZEB2,miR-200b,TGF-beta,GSC",P,13
5557,"TWIST1,TCF3,CDH1,SNAI2,miR-101,ZEB1,GRHL2,NP63,miR-205,ZEB2,miR-200b,TGF-beta,GSC,SNAI1,miR-34a,TWIST2",N,16
5558,"TWIST1,TCF3,CDH1,SNAI2,miR-101,ZEB1,GRHL2,NP63,miR-205,ZEB2,miR-200b,TGF-beta,GSC,SNAI1",N,14
5559,"TWIST1,TCF3,CDH1,SNAI2,miR-101,ZEB1,GRHL2,OVOL2,TGF-beta,SNAI1,miR-34a,TWIST2",N,12
5560,"TWIST1,TCF3,CDH1,SNAI2,miR-101,ZEB1,GRHL2,OVOL2,TGF-beta,SNAI1",N,10
5561,"TWIST1,TCF3,CDH1,SNAI2,miR-101,ZEB1,GRHL2,OVOL2,TGF-beta,GSC",N,10
5562,"TWIST1,TCF3,CDH1,SNAI2,miR-101,ZEB1,GRHL2,OVOL2,TGF-beta,GSC,SNAI1,miR-34a,TWIST2",P,13
5563,"TWIST1,TCF3,CDH1,SNAI2,miR-101,ZEB1,GRHL2,OVOL2,TGF-beta,GSC,SNAI1",P,11
5564,"TWIST1,TCF3,CDH1,SNAI2,miR-101,ZEB1,GRHL2,OVOL2,NP63,miR-205,ZEB2,miR-200a,TGF-beta,SNAI1,miR-34a,TWIST2",N,16
5565,"TWIST1,TCF3,CDH1,SNAI2,miR-101,ZEB1,GRHL2,OVOL2,NP63,miR-205,ZEB2,miR-200a,TGF-beta,SNAI1",N,14
5566,"TWIST1,TCF3,CDH1,SNAI2,miR-101,ZEB1,GRHL2,OVOL2,NP63,miR-205,ZEB2,miR-200a,TGF-beta,GSC",N,14
5567,"TWIST1,TCF3,CDH1,SNAI2,miR-101,ZEB1,GRHL2,OVOL2,NP63,miR-205,ZEB2,miR-200a,TGF-beta,GSC,SNAI1,miR-34a,TWIST2",P,17
5568,"TWIST1,TCF3,CDH1,SNAI2,miR-101,ZEB1,GRHL2,OVOL2,NP63,miR-205,ZEB2,miR-200a,TGF-beta,GSC,SNAI1",P,15
5569,"TWIST1,TCF3,CDH1,SNAI2,miR-101,ZEB1,GRHL2,OVOL2,NP63,miR-205,ZEB2,miR-200c,TGF-beta,SNAI1,miR-34a,TWIST2",N,16
5570,"TWIST1,TCF3,CDH1,SNAI2,miR-101,ZEB1,GRHL2,OVOL2,NP63,miR-205,ZEB2,miR-200c,TGF-beta,SNAI1",N,14
5571,"TWIST1,TCF3,CDH1,SNAI2,miR-101,ZEB1,GRHL2,OVOL2,NP63,miR-205,ZEB2,miR-200c,TGF-beta,GSC",N,14
5572,"TWIST1,TCF3,CDH1,SNAI2,miR-101,ZEB1,GRHL2,OVOL2,NP63,miR-205,ZEB2,miR-200c,TGF-beta,GSC,SNAI1,miR-34a,TWIST2",P,17
5573,"TWIST1,TCF3,CDH1,SNAI2,miR-101,ZEB1,GRHL2,OVOL2,NP63,miR-205,ZEB2,miR-200c,TGF-beta,GSC,SNAI1",P,15
5574,"TWIST1,TCF3,CDH1,SNAI2,miR-101,ZEB1,GRHL2,OVOL2,NP63,miR-205,ZEB2,miR-200b,TGF-beta,SNAI1,miR-34a,TWIST2",P,16
5575,"TWIST1,TCF3,CDH1,SNAI2,miR-101,ZEB1,GRHL2,OVOL2,NP63,miR-205,ZEB2,miR-200b,TGF-beta,SNAI1",P,14
5576,"TWIST1,TCF3,CDH1,SNAI2,miR-101,ZEB1,GRHL2,OVOL2,NP63,miR-205,ZEB2,miR-200b,TGF-beta,GSC",P,14
5577,"TWIST1,TCF3,CDH1,SNAI2,miR-101,ZEB1,GRHL2,OVOL2,NP63,miR-205,ZEB2,miR-200b,TGF-beta,GSC,SNAI1,miR-34a,TWIST2",N,17
5578,"TWIST1,TCF3,CDH1,SNAI2,miR-101,ZEB1,GRHL2,OVOL2,NP63,miR-205,ZEB2,miR-200b,TGF-beta,GSC,SNAI1",N,15
5579,"TWIST1,TCF3,CDH1,SNAI2,miR-101,ZEB1,OVOL2,TGF-beta,SNAI1,miR-34a,TWIST2",P,11
5580,"TWIST1,TCF3,CDH1,SNAI2,miR-101,ZEB1,OVOL2,TGF-beta,SNAI1",P,9
5581,"TWIST1,TCF3,CDH1,SNAI2,miR-101,ZEB1,OVOL2,TGF-beta,GSC",P,9
5582,"TWIST1,TCF3,CDH1,SNAI2,miR-101,ZEB1,OVOL2,TGF-beta,GSC,SNAI1,miR-34a,TWIST2",N,12
5583,"TWIST1,TCF3,CDH1,SNAI2,miR-101,ZEB1,OVOL2,TGF-beta,GSC,SNAI1",N,10
5584,"TWIST1,TCF3,CDH1,SNAI2,miR-101,ZEB1,OVOL2,NP63,miR-205,ZEB2,miR-200a,TGF-beta,SNAI1,miR-34a,TWIST2",P,15
5585,"TWIST1,TCF3,CDH1,SNAI2,miR-101,ZEB1,OVOL2,NP63,miR-205,ZEB2,miR-200a,TGF-beta,SNAI1",P,13
5586,"TWIST1,TCF3,CDH1,SNAI2,miR-101,ZEB1,OVOL2,NP63,miR-205,ZEB2,miR-200a,TGF-beta,GSC",P,13
5587,"TWIST1,TCF3,CDH1,SNAI2,miR-101,ZEB1,OVOL2,NP63,miR-205,ZEB2,miR-200a,TGF-beta,GSC,SNAI1,miR-34a,TWIST2",N,16
5588,"TWIST1,TCF3,CDH1,SNAI2,miR-101,ZEB1,OVOL2,NP63,miR-205,ZEB2,miR-200a,TGF-beta,GSC,SNAI1",N,14
5589,"TWIST1,TCF3,CDH1,SNAI2,miR-101,ZEB1,OVOL2,NP63,miR-205,ZEB2,miR-200c,TGF-beta,SNAI1,miR-34a,TWIST2",P,15
5590,"TWIST1,TCF3,CDH1,SNAI2,miR-101,ZEB1,OVOL2,NP63,miR-205,ZEB2,miR-200c,TGF-beta,SNAI1",P,13
5591,"TWIST1,TCF3,CDH1,SNAI2,miR-101,ZEB1,OVOL2,NP63,miR-205,ZEB2,miR-200c,TGF-beta,GSC",P,13
5592,"TWIST1,TCF3,CDH1,SNAI2,miR-101,ZEB1,OVOL2,NP63,miR-205,ZEB2,miR-200c,TGF-beta,GSC,SNAI1,miR-34a,TWIST2",N,16
5593,"TWIST1,TCF3,CDH1,SNAI2,miR-101,ZEB1,OVOL2,NP63,miR-205,ZEB2,miR-200c,TGF-beta,GSC,SNAI1",N,14
5594,"TWIST1,TCF3,CDH1,SNAI2,miR-101,ZEB1,OVOL2,NP63,miR-205,ZEB2,miR-200b,TGF-beta,SNAI1,miR-34a,TWIST2",N,15
5595,"TWIST1,TCF3,CDH1,SNAI2,miR-101,ZEB1,OVOL2,NP63,miR-205,ZEB2,miR-200b,TGF-beta,SNAI1",N,13
5596,"TWIST1,TCF3,CDH1,SNAI2,miR-101,ZEB1,OVOL2,NP63,miR-205,ZEB2,miR-200b,TGF-beta,GSC",N,13
5597,"TWIST1,TCF3,CDH1,SNAI2,miR-101,ZEB1,OVOL2,NP63,miR-205,ZEB2,miR-200b,TGF-beta,GSC,SNAI1,miR-34a,TWIST2",P,16
5598,"TWIST1,TCF3,CDH1,SNAI2,miR-101,ZEB1,OVOL2,NP63,miR-205,ZEB2,miR-200b,TGF-beta,GSC,SNAI1",P,14
5599,"TWIST1,TCF3,CDH1,SNAI2,miR-101,ZEB1,miR-34a,TWIST2,ZEB2,miR-200a,TGF-beta,SNAI1",P,12
5600,"TWIST1,TCF3,CDH1,SNAI2,miR-101,ZEB1,miR-34a,TWIST2,ZEB2,miR-200a,TGF-beta,GSC",P,12
5601,"TWIST1,TCF3,CDH1,SNAI2,miR-101,ZEB1,miR-34a,TWIST2,ZEB2,miR-200a,TGF-beta,GSC,SNAI1",N,13
5602,"TWIST1,TCF3,CDH1,SNAI2,miR-101,ZEB1,miR-34a,TWIST2,ZEB2,miR-200c,TGF-beta,SNAI1",P,12
5603,"TWIST1,TCF3,CDH1,SNAI2,miR-101,ZEB1,miR-34a,TWIST2,ZEB2,miR-200c,TGF-beta,GSC",P,12
5604,"TWIST1,TCF3,CDH1,SNAI2,miR-101,ZEB1,miR-34a,TWIST2,ZEB2,miR-200c,TGF-beta,GSC,SNAI1",N,13
5605,"TWIST1,TCF3,CDH1,SNAI2,miR-101,ZEB1,miR-34a,TWIST2,ZEB2,miR-200b,TGF-beta,SNAI1",N,12
5606,"TWIST1,TCF3,CDH1,SNAI2,miR-101,ZEB1,miR-34a,TWIST2,ZEB2,miR-200b,TGF-beta,GSC",N,12
5607,"TWIST1,TCF3,CDH1,SNAI2,miR-101,ZEB1,miR-34a,TWIST2,ZEB2,miR-200b,TGF-beta,GSC,SNAI1",P,13
5608,"TWIST1,TCF3,CDH1,SNAI2,miR-101,ZEB1,miR-34a,TWIST2",P,8
5609,"TWIST1,TCF3,CDH1,SNAI2,miR-101,ZEB1,miR-34a,TWIST2,SNAI1,ZEB2,miR-200a,TGF-beta,GSC",N,13
5610,"TWIST1,TCF3,CDH1,SNAI2,miR-101,ZEB1,miR-34a,TWIST2,SNAI1,ZEB2,miR-200c,TGF-beta,GSC",N,13
5611,"TWIST1,TCF3,CDH1,SNAI2,miR-101,ZEB1,miR-34a,TWIST2,SNAI1,ZEB2,miR-200b,TGF-beta,GSC",P,13
5612,"TWIST1,TCF3,CDH1,SNAI2,miR-101,ZEB1,miR-34a,TWIST2,SNAI1",N,9
5613,"TWIST1,TCF3,CDH1,SNAI2,miR-101,ZEB1,miR-34a,SNAI1,ZEB2,miR-200a,TGF-beta,GSC",N,12
5614,"TWIST1,TCF3,CDH1,SNAI2,miR-101,ZEB1,miR-34a,SNAI1,ZEB2,miR-200c,TGF-beta,GSC",N,12
5615,"TWIST1,TCF3,CDH1,SNAI2,miR-101,ZEB1,miR-34a,SNAI1,ZEB2,miR-200b,TGF-beta,GSC",P,12
5616,"TWIST1,TCF3,CDH1,SNAI2,miR-101,ZEB1,miR-34a,SNAI1",N,8
5617,"TWIST1,TCF3,CDH1,SNAI2,miR-101,ZEB1,miR-200a,TGF-beta,SNAI1,miR-34a,TWIST2",P,11
5618,"TWIST1,TCF3,CDH1,SNAI2,miR-101,ZEB1,miR-200a,TGF-beta,SNAI1",P,9
5619,"TWIST1,TCF3,CDH1,SNAI2,miR-101,ZEB1,miR-200a,TGF-beta,GSC",P,9
5620,"TWIST1,TCF3,CDH1,SNAI2,miR-101,ZEB1,miR-200a,TGF-beta,GSC,SNAI1,miR-34a,TWIST2",N,12
5621,"TWIST1,TCF3,CDH1,SNAI2,miR-101,ZEB1,miR-200a,TGF-beta,GSC,SNAI1",N,10
5622,"TWIST1,TCF3,CDH1,SNAI2,miR-101,ZEB1,miR-200a,ZEB2,miR-200c,TGF-beta,SNAI1,miR-34a,TWIST2",N,13
5623,"TWIST1,TCF3,CDH1,SNAI2,miR-101,ZEB1,miR-200a,ZEB2,miR-200c,TGF-beta,SNAI1",N,11
5624,"TWIST1,TCF3,CDH1,SNAI2,miR-101,ZEB1,miR-200a,ZEB2,miR-200c,TGF-beta,GSC",N,11
5625,"TWIST1,TCF3,CDH1,SNAI2,miR-101,ZEB1,miR-200a,ZEB2,miR-200c,TGF-beta,GSC,SNAI1,miR-34a,TWIST2",P,14
5626,"TWIST1,TCF3,CDH1,SNAI2,miR-101,ZEB1,miR-200a,ZEB2,miR-200c,TGF-beta,GSC,SNAI1",P,12
5627,"TWIST1,TCF3,CDH1,SNAI2,miR-101,ZEB1,miR-200a,ZEB2,miR-200b,TGF-beta,SNAI1,miR-34a,TWIST2",P,13
5628,"TWIST1,TCF3,CDH1,SNAI2,miR-101,ZEB1,miR-200a,ZEB2,miR-200b,TGF-beta,SNAI1",P,11
5629,"TWIST1,TCF3,CDH1,SNAI2,miR-101,ZEB1,miR-200a,ZEB2,miR-200b,TGF-beta,GSC",P,11
5630,"TWIST1,TCF3,CDH1,SNAI2,miR-101,ZEB1,miR-200a,ZEB2,miR-200b,TGF-beta,GSC,SNAI1,miR-34a,TWIST2",N,14
5631,"TWIST1,TCF3,CDH1,SNAI2,miR-101,ZEB1,miR-200a,ZEB2,miR-200b,TGF-beta,GSC,SNAI1",N,12
5632,"TWIST1,TCF3,CDH1,SNAI2,miR-101,ZEB1,miR-200c,TGF-beta,SNAI1,miR-34a,TWIST2",N,11
5633,"TWIST1,TCF3,CDH1,SNAI2,miR-101,ZEB1,miR-200c,TGF-beta,SNAI1",N,9
5634,"TWIST1,TCF3,CDH1,SNAI2,miR-101,ZEB1,miR-200c,TGF-beta,GSC",N,9
5635,"TWIST1,TCF3,CDH1,SNAI2,miR-101,ZEB1,miR-200c,TGF-beta,GSC,SNAI1,miR-34a,TWIST2",P,12
5636,"TWIST1,TCF3,CDH1,SNAI2,miR-101,ZEB1,miR-200c,TGF-beta,GSC,SNAI1",P,10
5637,"TWIST1,TCF3,CDH1,SNAI2,miR-101,ZEB1,miR-200c,ZEB2,miR-200a,TGF-beta,SNAI1,miR-34a,TWIST2",N,13
5638,"TWIST1,TCF3,CDH1,SNAI2,miR-101,ZEB1,miR-200c,ZEB2,miR-200a,TGF-beta,SNAI1",N,11
5639,"TWIST1,TCF3,CDH1,SNAI2,miR-101,ZEB1,miR-200c,ZEB2,miR-200a,TGF-beta,GSC",N,11
5640,"TWIST1,TCF3,CDH1,SNAI2,miR-101,ZEB1,miR-200c,ZEB2,miR-200a,TGF-beta,GSC,SNAI1,miR-34a,TWIST2",P,14
5641,"TWIST1,TCF3,CDH1,SNAI2,miR-101,ZEB1,miR-200c,ZEB2,miR-200a,TGF-beta,GSC,SNAI1",P,12
5642,"TWIST1,TCF3,CDH1,SNAI2,miR-101,ZEB1,miR-200c,ZEB2,miR-200b,TGF-beta,SNAI1,miR-34a,TWIST2",P,13
5643,"TWIST1,TCF3,CDH1,SNAI2,miR-101,ZEB1,miR-200c,ZEB2,miR-200b,TGF-beta,SNAI1",P,11
5644,"TWIST1,TCF3,CDH1,SNAI2,miR-101,ZEB1,miR-200c,ZEB2,miR-200b,TGF-beta,GSC",P,11
5645,"TWIST1,TCF3,CDH1,SNAI2,miR-101,ZEB1,miR-200c,ZEB2,miR-200b,TGF-beta,GSC,SNAI1,miR-34a,TWIST2",N,14
5646,"TWIST1,TCF3,CDH1,SNAI2,miR-101,ZEB1,miR-200c,ZEB2,miR-200b,TGF-beta,GSC,SNAI1",N,12
5647,"TWIST1,TCF3,CDH1,SNAI2,miR-101,ZEB1,miR-200b,TGF-beta,SNAI1,miR-34a,TWIST2",P,11
5648,"TWIST1,TCF3,CDH1,SNAI2,miR-101,ZEB1,miR-200b,TGF-beta,SNAI1",P,9
5649,"TWIST1,TCF3,CDH1,SNAI2,miR-101,ZEB1,miR-200b,TGF-beta,GSC",P,9
5650,"TWIST1,TCF3,CDH1,SNAI2,miR-101,ZEB1,miR-200b,TGF-beta,GSC,SNAI1,miR-34a,TWIST2",N,12
5651,"TWIST1,TCF3,CDH1,SNAI2,miR-101,ZEB1,miR-200b,TGF-beta,GSC,SNAI1",N,10
5652,"TWIST1,TCF3,CDH1,SNAI2,miR-101,ZEB1,miR-200b,ZEB2,miR-200a,TGF-beta,SNAI1,miR-34a,TWIST2",N,13
5653,"TWIST1,TCF3,CDH1,SNAI2,miR-101,ZEB1,miR-200b,ZEB2,miR-200a,TGF-beta,SNAI1",N,11
5654,"TWIST1,TCF3,CDH1,SNAI2,miR-101,ZEB1,miR-200b,ZEB2,miR-200a,TGF-beta,GSC",N,11
5655,"TWIST1,TCF3,CDH1,SNAI2,miR-101,ZEB1,miR-200b,ZEB2,miR-200a,TGF-beta,GSC,SNAI1,miR-34a,TWIST2",P,14
5656,"TWIST1,TCF3,CDH1,SNAI2,miR-101,ZEB1,miR-200b,ZEB2,miR-200a,TGF-beta,GSC,SNAI1",P,12
5657,"TWIST1,TCF3,CDH1,SNAI2,miR-101,ZEB1,miR-200b,ZEB2,miR-200c,TGF-beta,SNAI1,miR-34a,TWIST2",N,13
5658,"TWIST1,TCF3,CDH1,SNAI2,miR-101,ZEB1,miR-200b,ZEB2,miR-200c,TGF-beta,SNAI1",N,11
5659,"TWIST1,TCF3,CDH1,SNAI2,miR-101,ZEB1,miR-200b,ZEB2,miR-200c,TGF-beta,GSC",N,11
5660,"TWIST1,TCF3,CDH1,SNAI2,miR-101,ZEB1,miR-200b,ZEB2,miR-200c,TGF-beta,GSC,SNAI1,miR-34a,TWIST2",P,14
5661,"TWIST1,TCF3,CDH1,SNAI2,miR-101,ZEB1,miR-200b,ZEB2,miR-200c,TGF-beta,GSC,SNAI1",P,12
5662,"TWIST1,TCF3,CDH1,SNAI2,miR-101,ZEB1,miR-141,TGF-beta,SNAI1,miR-34a,TWIST2",P,11
5663,"TWIST1,TCF3,CDH1,SNAI2,miR-101,ZEB1,miR-141,TGF-beta,SNAI1",P,9
5664,"TWIST1,TCF3,CDH1,SNAI2,miR-101,ZEB1,miR-141,TGF-beta,GSC",P,9
5665,"TWIST1,TCF3,CDH1,SNAI2,miR-101,ZEB1,miR-141,TGF-beta,GSC,SNAI1,miR-34a,TWIST2",N,12
5666,"TWIST1,TCF3,CDH1,SNAI2,miR-101,ZEB1,miR-141,TGF-beta,GSC,SNAI1",N,10
5667,"TWIST1,TCF3,CDH1,SNAI2,miR-101,ZEB1,miR-141,ZEB2,miR-200a,TGF-beta,SNAI1,miR-34a,TWIST2",P,13
5668,"TWIST1,TCF3,CDH1,SNAI2,miR-101,ZEB1,miR-141,ZEB2,miR-200a,TGF-beta,SNAI1",P,11
5669,"TWIST1,TCF3,CDH1,SNAI2,miR-101,ZEB1,miR-141,ZEB2,miR-200a,TGF-beta,GSC",P,11
5670,"TWIST1,TCF3,CDH1,SNAI2,miR-101,ZEB1,miR-141,ZEB2,miR-200a,TGF-beta,GSC,SNAI1,miR-34a,TWIST2",N,14
5671,"TWIST1,TCF3,CDH1,SNAI2,miR-101,ZEB1,miR-141,ZEB2,miR-200a,TGF-beta,GSC,SNAI1",N,12
5672,"TWIST1,TCF3,CDH1,SNAI2,miR-101,ZEB1,miR-141,ZEB2,miR-200c,TGF-beta,SNAI1,miR-34a,TWIST2",P,13
5673,"TWIST1,TCF3,CDH1,SNAI2,miR-101,ZEB1,miR-141,ZEB2,miR-200c,TGF-beta,SNAI1",P,11
5674,"TWIST1,TCF3,CDH1,SNAI2,miR-101,ZEB1,miR-141,ZEB2,miR-200c,TGF-beta,GSC",P,11
5675,"TWIST1,TCF3,CDH1,SNAI2,miR-101,ZEB1,miR-141,ZEB2,miR-200c,TGF-beta,GSC,SNAI1,miR-34a,TWIST2",N,14
5676,"TWIST1,TCF3,CDH1,SNAI2,miR-101,ZEB1,miR-141,ZEB2,miR-200c,TGF-beta,GSC,SNAI1",N,12
5677,"TWIST1,TCF3,CDH1,SNAI2,miR-101,ZEB1,miR-141,ZEB2,miR-200b,TGF-beta,SNAI1,miR-34a,TWIST2",N,13
5678,"TWIST1,TCF3,CDH1,SNAI2,miR-101,ZEB1,miR-141,ZEB2,miR-200b,TGF-beta,SNAI1",N,11
5679,"TWIST1,TCF3,CDH1,SNAI2,miR-101,ZEB1,miR-141,ZEB2,miR-200b,TGF-beta,GSC",N,11
5680,"TWIST1,TCF3,CDH1,SNAI2,miR-101,ZEB1,miR-141,ZEB2,miR-200b,TGF-beta,GSC,SNAI1,miR-34a,TWIST2",P,14
5681,"TWIST1,TCF3,CDH1,SNAI2,miR-101,ZEB1,miR-141,ZEB2,miR-200b,TGF-beta,GSC,SNAI1",P,12
5682,"TWIST1,TCF3,CDH1,SNAI2,TWIST2,ZEB2,miR-200a,TGF-beta,SNAI1",P,9
5683,"TWIST1,TCF3,CDH1,SNAI2,TWIST2,ZEB2,miR-200a,TGF-beta,GSC,ZEB1,miR-34a,SNAI1",P,12
5684,"TWIST1,TCF3,CDH1,SNAI2,TWIST2,ZEB2,miR-200a,TGF-beta,GSC",P,9
5685,"TWIST1,TCF3,CDH1,SNAI2,TWIST2,ZEB2,miR-200a,TGF-beta,GSC,SNAI1",N,10
5686,"TWIST1,TCF3,CDH1,SNAI2,TWIST2,ZEB2,miR-200a,ZEB1,GRHL2,OVOL2,TGF-beta,SNAI1",P,12
5687,"TWIST1,TCF3,CDH1,SNAI2,TWIST2,ZEB2,miR-200a,ZEB1,GRHL2,OVOL2,TGF-beta,GSC",P,12
5688,"TWIST1,TCF3,CDH1,SNAI2,TWIST2,ZEB2,miR-200a,ZEB1,GRHL2,OVOL2,TGF-beta,GSC,SNAI1",N,13
5689,"TWIST1,TCF3,CDH1,SNAI2,TWIST2,ZEB2,miR-200a,ZEB1,OVOL2,TGF-beta,SNAI1",N,11
5690,"TWIST1,TCF3,CDH1,SNAI2,TWIST2,ZEB2,miR-200a,ZEB1,OVOL2,TGF-beta,GSC",N,11
5691,"TWIST1,TCF3,CDH1,SNAI2,TWIST2,ZEB2,miR-200a,ZEB1,OVOL2,TGF-beta,GSC,SNAI1",P,12
5692,"TWIST1,TCF3,CDH1,SNAI2,TWIST2,ZEB2,miR-200a,ZEB1,miR-34a,SNAI1",P,10
5693,"TWIST1,TCF3,CDH1,SNAI2,TWIST2,ZEB2,miR-200a,ZEB1,miR-200c,TGF-beta,SNAI1",P,11
5694,"TWIST1,TCF3,CDH1,SNAI2,TWIST2,ZEB2,miR-200a,ZEB1,miR-200c,TGF-beta,GSC",P,11
5695,"TWIST1,TCF3,CDH1,SNAI2,TWIST2,ZEB2,miR-200a,ZEB1,miR-200c,TGF-beta,GSC,SNAI1",N,12
5696,"TWIST1,TCF3,CDH1,SNAI2,TWIST2,ZEB2,miR-200a,ZEB1,miR-200b,TGF-beta,SNAI1",N,11
5697,"TWIST1,TCF3,CDH1,SNAI2,TWIST2,ZEB2,miR-200a,ZEB1,miR-200b,TGF-beta,GSC",N,11
5698,"TWIST1,TCF3,CDH1,SNAI2,TWIST2,ZEB2,miR-200a,ZEB1,miR-200b,TGF-beta,GSC,SNAI1",P,12
5699,"TWIST1,TCF3,CDH1,SNAI2,TWIST2,ZEB2,miR-200a,ZEB1,miR-141,TGF-beta,SNAI1",N,11
5700,"TWIST1,TCF3,CDH1,SNAI2,TWIST2,ZEB2,miR-200a,ZEB1,miR-141,TGF-beta,GSC",N,11
5701,"TWIST1,TCF3,CDH1,SNAI2,TWIST2,ZEB2,miR-200a,ZEB1,miR-141,TGF-beta,GSC,SNAI1",P,12
5702,"TWIST1,TCF3,CDH1,SNAI2,TWIST2,ZEB2,miR-200c,TGF-beta,SNAI1",P,9
5703,"TWIST1,TCF3,CDH1,SNAI2,TWIST2,ZEB2,miR-200c,TGF-beta,GSC,ZEB1,miR-34a,SNAI1",P,12
5704,"TWIST1,TCF3,CDH1,SNAI2,TWIST2,ZEB2,miR-200c,TGF-beta,GSC",P,9
5705,"TWIST1,TCF3,CDH1,SNAI2,TWIST2,ZEB2,miR-200c,TGF-beta,GSC,SNAI1",N,10
5706,"TWIST1,TCF3,CDH1,SNAI2,TWIST2,ZEB2,miR-200c,ZEB1,GRHL2,OVOL2,TGF-beta,SNAI1",P,12
5707,"TWIST1,TCF3,CDH1,SNAI2,TWIST2,ZEB2,miR-200c,ZEB1,GRHL2,OVOL2,TGF-beta,GSC",P,12
5708,"TWIST1,TCF3,CDH1,SNAI2,TWIST2,ZEB2,miR-200c,ZEB1,GRHL2,OVOL2,TGF-beta,GSC,SNAI1",N,13
5709,"TWIST1,TCF3,CDH1,SNAI2,TWIST2,ZEB2,miR-200c,ZEB1,OVOL2,TGF-beta,SNAI1",N,11
5710,"TWIST1,TCF3,CDH1,SNAI2,TWIST2,ZEB2,miR-200c,ZEB1,OVOL2,TGF-beta,GSC",N,11
5711,"TWIST1,TCF3,CDH1,SNAI2,TWIST2,ZEB2,miR-200c,ZEB1,OVOL2,TGF-beta,GSC,SNAI1",P,12
5712,"TWIST1,TCF3,CDH1,SNAI2,TWIST2,ZEB2,miR-200c,ZEB1,miR-34a,SNAI1",P,10
5713,"TWIST1,TCF3,CDH1,SNAI2,TWIST2,ZEB2,miR-200c,ZEB1,miR-200a,TGF-beta,SNAI1",N,11
5714,"TWIST1,TCF3,CDH1,SNAI2,TWIST2,ZEB2,miR-200c,ZEB1,miR-200a,TGF-beta,GSC",N,11
5715,"TWIST1,TCF3,CDH1,SNAI2,TWIST2,ZEB2,miR-200c,ZEB1,miR-200a,TGF-beta,GSC,SNAI1",P,12
5716,"TWIST1,TCF3,CDH1,SNAI2,TWIST2,ZEB2,miR-200c,ZEB1,miR-200b,TGF-beta,SNAI1",N,11
5717,"TWIST1,TCF3,CDH1,SNAI2,TWIST2,ZEB2,miR-200c,ZEB1,miR-200b,TGF-beta,GSC",N,11
5718,"TWIST1,TCF3,CDH1,SNAI2,TWIST2,ZEB2,miR-200c,ZEB1,miR-200b,TGF-beta,GSC,SNAI1",P,12
5719,"TWIST1,TCF3,CDH1,SNAI2,TWIST2,ZEB2,miR-200c,ZEB1,miR-141,TGF-beta,SNAI1",N,11
5720,"TWIST1,TCF3,CDH1,SNAI2,TWIST2,ZEB2,miR-200c,ZEB1,miR-141,TGF-beta,GSC",N,11
5721,"TWIST1,TCF3,CDH1,SNAI2,TWIST2,ZEB2,miR-200c,ZEB1,miR-141,TGF-beta,GSC,SNAI1",P,12
5722,"TWIST1,TCF3,CDH1,SNAI2,TWIST2,ZEB2,miR-200b,TGF-beta,SNAI1",N,9
5723,"TWIST1,TCF3,CDH1,SNAI2,TWIST2,ZEB2,miR-200b,TGF-beta,GSC,ZEB1,miR-34a,SNAI1",N,12
5724,"TWIST1,TCF3,CDH1,SNAI2,TWIST2,ZEB2,miR-200b,TGF-beta,GSC",N,9
5725,"TWIST1,TCF3,CDH1,SNAI2,TWIST2,ZEB2,miR-200b,TGF-beta,GSC,SNAI1",P,10
5726,"TWIST1,TCF3,CDH1,SNAI2,TWIST2,ZEB2,miR-200b,ZEB1,GRHL2,OVOL2,TGF-beta,SNAI1",P,12
5727,"TWIST1,TCF3,CDH1,SNAI2,TWIST2,ZEB2,miR-200b,ZEB1,GRHL2,OVOL2,TGF-beta,GSC",P,12
5728,"TWIST1,TCF3,CDH1,SNAI2,TWIST2,ZEB2,miR-200b,ZEB1,GRHL2,OVOL2,TGF-beta,GSC,SNAI1",N,13
5729,"TWIST1,TCF3,CDH1,SNAI2,TWIST2,ZEB2,miR-200b,ZEB1,OVOL2,TGF-beta,SNAI1",N,11
5730,"TWIST1,TCF3,CDH1,SNAI2,TWIST2,ZEB2,miR-200b,ZEB1,OVOL2,TGF-beta,GSC",N,11
5731,"TWIST1,TCF3,CDH1,SNAI2,TWIST2,ZEB2,miR-200b,ZEB1,OVOL2,TGF-beta,GSC,SNAI1",P,12
5732,"TWIST1,TCF3,CDH1,SNAI2,TWIST2,ZEB2,miR-200b,ZEB1,miR-34a,SNAI1",P,10
5733,"TWIST1,TCF3,CDH1,SNAI2,TWIST2,ZEB2,miR-200b,ZEB1,miR-200a,TGF-beta,SNAI1",N,11
5734,"TWIST1,TCF3,CDH1,SNAI2,TWIST2,ZEB2,miR-200b,ZEB1,miR-200a,TGF-beta,GSC",N,11
5735,"TWIST1,TCF3,CDH1,SNAI2,TWIST2,ZEB2,miR-200b,ZEB1,miR-200a,TGF-beta,GSC,SNAI1",P,12
5736,"TWIST1,TCF3,CDH1,SNAI2,TWIST2,ZEB2,miR-200b,ZEB1,miR-200c,TGF-beta,SNAI1",P,11
5737,"TWIST1,TCF3,CDH1,SNAI2,TWIST2,ZEB2,miR-200b,ZEB1,miR-200c,TGF-beta,GSC",P,11
5738,"TWIST1,TCF3,CDH1,SNAI2,TWIST2,ZEB2,miR-200b,ZEB1,miR-200c,TGF-beta,GSC,SNAI1",N,12
5739,"TWIST1,TCF3,CDH1,SNAI2,TWIST2,ZEB2,miR-200b,ZEB1,miR-141,TGF-beta,SNAI1",N,11
5740,"TWIST1,TCF3,CDH1,SNAI2,TWIST2,ZEB2,miR-200b,ZEB1,miR-141,TGF-beta,GSC",N,11
5741,"TWIST1,TCF3,CDH1,SNAI2,TWIST2,ZEB2,miR-200b,ZEB1,miR-141,TGF-beta,GSC,SNAI1",P,12
5742,"TWIST1,TCF3,CDH1,SNAI2,TWIST2,ZEB1,GRHL2,NP63,miR-205,ZEB2,miR-200a,TGF-beta,SNAI1",N,13
5743,"TWIST1,TCF3,CDH1,SNAI2,TWIST2,ZEB1,GRHL2,NP63,miR-205,ZEB2,miR-200a,TGF-beta,GSC",N,13
5744,"TWIST1,TCF3,CDH1,SNAI2,TWIST2,ZEB1,GRHL2,NP63,miR-205,ZEB2,miR-200a,TGF-beta,GSC,SNAI1",P,14
5745,"TWIST1,TCF3,CDH1,SNAI2,TWIST2,ZEB1,GRHL2,NP63,miR-205,ZEB2,miR-200c,TGF-beta,SNAI1",N,13
5746,"TWIST1,TCF3,CDH1,SNAI2,TWIST2,ZEB1,GRHL2,NP63,miR-205,ZEB2,miR-200c,TGF-beta,GSC",N,13
5747,"TWIST1,TCF3,CDH1,SNAI2,TWIST2,ZEB1,GRHL2,NP63,miR-205,ZEB2,miR-200c,TGF-beta,GSC,SNAI1",P,14
5748,"TWIST1,TCF3,CDH1,SNAI2,TWIST2,ZEB1,GRHL2,NP63,miR-205,ZEB2,miR-200b,TGF-beta,SNAI1",P,13
5749,"TWIST1,TCF3,CDH1,SNAI2,TWIST2,ZEB1,GRHL2,NP63,miR-205,ZEB2,miR-200b,TGF-beta,GSC",P,13
5750,"TWIST1,TCF3,CDH1,SNAI2,TWIST2,ZEB1,GRHL2,NP63,miR-205,ZEB2,miR-200b,TGF-beta,GSC,SNAI1",N,14
5751,"TWIST1,TCF3,CDH1,SNAI2,TWIST2,ZEB1,GRHL2,OVOL2,TGF-beta,SNAI1",N,10
5752,"TWIST1,TCF3,CDH1,SNAI2,TWIST2,ZEB1,GRHL2,OVOL2,TGF-beta,GSC",N,10
5753,"TWIST1,TCF3,CDH1,SNAI2,TWIST2,ZEB1,GRHL2,OVOL2,TGF-beta,GSC,SNAI1",P,11
5754,"TWIST1,TCF3,CDH1,SNAI2,TWIST2,ZEB1,GRHL2,OVOL2,NP63,miR-205,ZEB2,miR-200a,TGF-beta,SNAI1",N,14
5755,"TWIST1,TCF3,CDH1,SNAI2,TWIST2,ZEB1,GRHL2,OVOL2,NP63,miR-205,ZEB2,miR-200a,TGF-beta,GSC",N,14
5756,"TWIST1,TCF3,CDH1,SNAI2,TWIST2,ZEB1,GRHL2,OVOL2,NP63,miR-205,ZEB2,miR-200a,TGF-beta,GSC,SNAI1",P,15
5757,"TWIST1,TCF3,CDH1,SNAI2,TWIST2,ZEB1,GRHL2,OVOL2,NP63,miR-205,ZEB2,miR-200c,TGF-beta,SNAI1",N,14
5758,"TWIST1,TCF3,CDH1,SNAI2,TWIST2,ZEB1,GRHL2,OVOL2,NP63,miR-205,ZEB2,miR-200c,TGF-beta,GSC",N,14
5759,"TWIST1,TCF3,CDH1,SNAI2,TWIST2,ZEB1,GRHL2,OVOL2,NP63,miR-205,ZEB2,miR-200c,TGF-beta,GSC,SNAI1",P,15
5760,"TWIST1,TCF3,CDH1,SNAI2,TWIST2,ZEB1,GRHL2,OVOL2,NP63,miR-205,ZEB2,miR-200b,TGF-beta,SNAI1",P,14
5761,"TWIST1,TCF3,CDH1,SNAI2,TWIST2,ZEB1,GRHL2,OVOL2,NP63,miR-205,ZEB2,miR-200b,TGF-beta,GSC",P,14
5762,"TWIST1,TCF3,CDH1,SNAI2,TWIST2,ZEB1,GRHL2,OVOL2,NP63,miR-205,ZEB2,miR-200b,TGF-beta,GSC,SNAI1",N,15
5763,"TWIST1,TCF3,CDH1,SNAI2,TWIST2,ZEB1,OVOL2,TGF-beta,SNAI1",P,9
5764,"TWIST1,TCF3,CDH1,SNAI2,TWIST2,ZEB1,OVOL2,TGF-beta,GSC",P,9
5765,"TWIST1,TCF3,CDH1,SNAI2,TWIST2,ZEB1,OVOL2,TGF-beta,GSC,SNAI1",N,10
5766,"TWIST1,TCF3,CDH1,SNAI2,TWIST2,ZEB1,OVOL2,NP63,miR-205,ZEB2,miR-200a,TGF-beta,SNAI1",P,13
5767,"TWIST1,TCF3,CDH1,SNAI2,TWIST2,ZEB1,OVOL2,NP63,miR-205,ZEB2,miR-200a,TGF-beta,GSC",P,13
5768,"TWIST1,TCF3,CDH1,SNAI2,TWIST2,ZEB1,OVOL2,NP63,miR-205,ZEB2,miR-200a,TGF-beta,GSC,SNAI1",N,14
5769,"TWIST1,TCF3,CDH1,SNAI2,TWIST2,ZEB1,OVOL2,NP63,miR-205,ZEB2,miR-200c,TGF-beta,SNAI1",P,13
5770,"TWIST1,TCF3,CDH1,SNAI2,TWIST2,ZEB1,OVOL2,NP63,miR-205,ZEB2,miR-200c,TGF-beta,GSC",P,13
5771,"TWIST1,TCF3,CDH1,SNAI2,TWIST2,ZEB1,OVOL2,NP63,miR-205,ZEB2,miR-200c,TGF-beta,GSC,SNAI1",N,14
5772,"TWIST1,TCF3,CDH1,SNAI2,TWIST2,ZEB1,OVOL2,NP63,miR-205,ZEB2,miR-200b,TGF-beta,SNAI1",N,13
5773,"TWIST1,TCF3,CDH1,SNAI2,TWIST2,ZEB1,OVOL2,NP63,miR-205,ZEB2,miR-200b,TGF-beta,GSC",N,13
5774,"TWIST1,TCF3,CDH1,SNAI2,TWIST2,ZEB1,OVOL2,NP63,miR-205,ZEB2,miR-200b,TGF-beta,GSC,SNAI1",P,14
5775,"TWIST1,TCF3,CDH1,SNAI2,TWIST2,ZEB1,miR-34a,SNAI1,miR-101,ZEB2,miR-200a,TGF-beta,GSC",P,13
5776,"TWIST1,TCF3,CDH1,SNAI2,TWIST2,ZEB1,miR-34a,SNAI1,miR-101,ZEB2,miR-200c,TGF-beta,GSC",P,13
5777,"TWIST1,TCF3,CDH1,SNAI2,TWIST2,ZEB1,miR-34a,SNAI1,miR-101,ZEB2,miR-200b,TGF-beta,GSC",N,13
5778,"TWIST1,TCF3,CDH1,SNAI2,TWIST2,ZEB1,miR-34a,SNAI1,ZEB2,miR-200a,TGF-beta,GSC",N,12
5779,"TWIST1,TCF3,CDH1,SNAI2,TWIST2,ZEB1,miR-34a,SNAI1,ZEB2,miR-200c,TGF-beta,GSC",N,12
5780,"TWIST1,TCF3,CDH1,SNAI2,TWIST2,ZEB1,miR-34a,SNAI1,ZEB2,miR-200b,TGF-beta,GSC",P,12
5781,"TWIST1,TCF3,CDH1,SNAI2,TWIST2,ZEB1,miR-34a,SNAI1",N,8
5782,"TWIST1,TCF3,CDH1,SNAI2,TWIST2,ZEB1,miR-200a,TGF-beta,SNAI1",P,9
5783,"TWIST1,TCF3,CDH1,SNAI2,TWIST2,ZEB1,miR-200a,TGF-beta,GSC",P,9
5784,"TWIST1,TCF3,CDH1,SNAI2,TWIST2,ZEB1,miR-200a,TGF-beta,GSC,SNAI1",N,10
5785,"TWIST1,TCF3,CDH1,SNAI2,TWIST2,ZEB1,miR-200a,ZEB2,miR-200c,TGF-beta,SNAI1",N,11
5786,"TWIST1,TCF3,CDH1,SNAI2,TWIST2,ZEB1,miR-200a,ZEB2,miR-200c,TGF-beta,GSC",N,11
5787,"TWIST1,TCF3,CDH1,SNAI2,TWIST2,ZEB1,miR-200a,ZEB2,miR-200c,TGF-beta,GSC,SNAI1",P,12
5788,"TWIST1,TCF3,CDH1,SNAI2,TWIST2,ZEB1,miR-200a,ZEB2,miR-200b,TGF-beta,SNAI1",P,11
5789,"TWIST1,TCF3,CDH1,SNAI2,TWIST2,ZEB1,miR-200a,ZEB2,miR-200b,TGF-beta,GSC",P,11
5790,"TWIST1,TCF3,CDH1,SNAI2,TWIST2,ZEB1,miR-200a,ZEB2,miR-200b,TGF-beta,GSC,SNAI1",N,12
5791,"TWIST1,TCF3,CDH1,SNAI2,TWIST2,ZEB1,miR-200c,TGF-beta,SNAI1",N,9
5792,"TWIST1,TCF3,CDH1,SNAI2,TWIST2,ZEB1,miR-200c,TGF-beta,GSC",N,9
5793,"TWIST1,TCF3,CDH1,SNAI2,TWIST2,ZEB1,miR-200c,TGF-beta,GSC,SNAI1",P,10
5794,"TWIST1,TCF3,CDH1,SNAI2,TWIST2,ZEB1,miR-200c,ZEB2,miR-200a,TGF-beta,SNAI1",N,11
5795,"TWIST1,TCF3,CDH1,SNAI2,TWIST2,ZEB1,miR-200c,ZEB2,miR-200a,TGF-beta,GSC",N,11
5796,"TWIST1,TCF3,CDH1,SNAI2,TWIST2,ZEB1,miR-200c,ZEB2,miR-200a,TGF-beta,GSC,SNAI1",P,12
5797,"TWIST1,TCF3,CDH1,SNAI2,TWIST2,ZEB1,miR-200c,ZEB2,miR-200b,TGF-beta,SNAI1",P,11
5798,"TWIST1,TCF3,CDH1,SNAI2,TWIST2,ZEB1,miR-200c,ZEB2,miR-200b,TGF-beta,GSC",P,11
5799,"TWIST1,TCF3,CDH1,SNAI2,TWIST2,ZEB1,miR-200c,ZEB2,miR-200b,TGF-beta,GSC,SNAI1",N,12
5800,"TWIST1,TCF3,CDH1,SNAI2,TWIST2,ZEB1,miR-200b,TGF-beta,SNAI1",P,9
5801,"TWIST1,TCF3,CDH1,SNAI2,TWIST2,ZEB1,miR-200b,TGF-beta,GSC",P,9
5802,"TWIST1,TCF3,CDH1,SNAI2,TWIST2,ZEB1,miR-200b,TGF-beta,GSC,SNAI1",N,10
5803,"TWIST1,TCF3,CDH1,SNAI2,TWIST2,ZEB1,miR-200b,ZEB2,miR-200a,TGF-beta,SNAI1",N,11
5804,"TWIST1,TCF3,CDH1,SNAI2,TWIST2,ZEB1,miR-200b,ZEB2,miR-200a,TGF-beta,GSC",N,11
5805,"TWIST1,TCF3,CDH1,SNAI2,TWIST2,ZEB1,miR-200b,ZEB2,miR-200a,TGF-beta,GSC,SNAI1",P,12
5806,"TWIST1,TCF3,CDH1,SNAI2,TWIST2,ZEB1,miR-200b,ZEB2,miR-200c,TGF-beta,SNAI1",N,11
5807,"TWIST1,TCF3,CDH1,SNAI2,TWIST2,ZEB1,miR-200b,ZEB2,miR-200c,TGF-beta,GSC",N,11
5808,"TWIST1,TCF3,CDH1,SNAI2,TWIST2,ZEB1,miR-200b,ZEB2,miR-200c,TGF-beta,GSC,SNAI1",P,12
5809,"TWIST1,TCF3,CDH1,SNAI2,TWIST2,ZEB1,miR-141,TGF-beta,SNAI1",P,9
5810,"TWIST1,TCF3,CDH1,SNAI2,TWIST2,ZEB1,miR-141,TGF-beta,GSC",P,9
5811,"TWIST1,TCF3,CDH1,SNAI2,TWIST2,ZEB1,miR-141,TGF-beta,GSC,SNAI1",N,10
5812,"TWIST1,TCF3,CDH1,SNAI2,TWIST2,ZEB1,miR-141,ZEB2,miR-200a,TGF-beta,SNAI1",P,11
5813,"TWIST1,TCF3,CDH1,SNAI2,TWIST2,ZEB1,miR-141,ZEB2,miR-200a,TGF-beta,GSC",P,11
5814,"TWIST1,TCF3,CDH1,SNAI2,TWIST2,ZEB1,miR-141,ZEB2,miR-200a,TGF-beta,GSC,SNAI1",N,12
5815,"TWIST1,TCF3,CDH1,SNAI2,TWIST2,ZEB1,miR-141,ZEB2,miR-200c,TGF-beta,SNAI1",P,11
5816,"TWIST1,TCF3,CDH1,SNAI2,TWIST2,ZEB1,miR-141,ZEB2,miR-200c,TGF-beta,GSC",P,11
5817,"TWIST1,TCF3,CDH1,SNAI2,TWIST2,ZEB1,miR-141,ZEB2,miR-200c,TGF-beta,GSC,SNAI1",N,12
5818,"TWIST1,TCF3,CDH1,SNAI2,TWIST2,ZEB1,miR-141,ZEB2,miR-200b,TGF-beta,SNAI1",N,11
5819,"TWIST1,TCF3,CDH1,SNAI2,TWIST2,ZEB1,miR-141,ZEB2,miR-200b,TGF-beta,GSC",N,11
5820,"TWIST1,TCF3,CDH1,SNAI2,TWIST2,ZEB1,miR-141,ZEB2,miR-200b,TGF-beta,GSC,SNAI1",P,12
5821,"TWIST1,TCF3,CDH1,SNAI2,TWIST2",P,5
5822,"TWIST1,TCF3,CDH1,SNAI2,TWIST2,SNAI1,miR-101,ZEB2,miR-200a,TGF-beta,GSC",P,11
5823,"TWIST1,TCF3,CDH1,SNAI2,TWIST2,SNAI1,miR-101,ZEB2,miR-200a,ZEB1,GRHL2,OVOL2,TGF-beta,GSC",P,14
5824,"TWIST1,TCF3,CDH1,SNAI2,TWIST2,SNAI1,miR-101,ZEB2,miR-200a,ZEB1,OVOL2,TGF-beta,GSC",N,13
5825,"TWIST1,TCF3,CDH1,SNAI2,TWIST2,SNAI1,miR-101,ZEB2,miR-200a,ZEB1,miR-200c,TGF-beta,GSC",P,13
5826,"TWIST1,TCF3,CDH1,SNAI2,TWIST2,SNAI1,miR-101,ZEB2,miR-200a,ZEB1,miR-200b,TGF-beta,GSC",N,13
5827,"TWIST1,TCF3,CDH1,SNAI2,TWIST2,SNAI1,miR-101,ZEB2,miR-200a,ZEB1,miR-141,TGF-beta,GSC",N,13
5828,"TWIST1,TCF3,CDH1,SNAI2,TWIST2,SNAI1,miR-101,ZEB2,miR-200c,TGF-beta,GSC",P,11
5829,"TWIST1,TCF3,CDH1,SNAI2,TWIST2,SNAI1,miR-101,ZEB2,miR-200c,ZEB1,GRHL2,OVOL2,TGF-beta,GSC",P,14
5830,"TWIST1,TCF3,CDH1,SNAI2,TWIST2,SNAI1,miR-101,ZEB2,miR-200c,ZEB1,OVOL2,TGF-beta,GSC",N,13
5831,"TWIST1,TCF3,CDH1,SNAI2,TWIST2,SNAI1,miR-101,ZEB2,miR-200c,ZEB1,miR-200a,TGF-beta,GSC",N,13
5832,"TWIST1,TCF3,CDH1,SNAI2,TWIST2,SNAI1,miR-101,ZEB2,miR-200c,ZEB1,miR-200b,TGF-beta,GSC",N,13
5833,"TWIST1,TCF3,CDH1,SNAI2,TWIST2,SNAI1,miR-101,ZEB2,miR-200c,ZEB1,miR-141,TGF-beta,GSC",N,13
5834,"TWIST1,TCF3,CDH1,SNAI2,TWIST2,SNAI1,miR-101,ZEB2,miR-200b,TGF-beta,GSC",N,11
5835,"TWIST1,TCF3,CDH1,SNAI2,TWIST2,SNAI1,miR-101,ZEB2,miR-200b,ZEB1,GRHL2,OVOL2,TGF-beta,GSC",P,14
5836,"TWIST1,TCF3,CDH1,SNAI2,TWIST2,SNAI1,miR-101,ZEB2,miR-200b,ZEB1,OVOL2,TGF-beta,GSC",N,13
5837,"TWIST1,TCF3,CDH1,SNAI2,TWIST2,SNAI1,miR-101,ZEB2,miR-200b,ZEB1,miR-200a,TGF-beta,GSC",N,13
5838,"TWIST1,TCF3,CDH1,SNAI2,TWIST2,SNAI1,miR-101,ZEB2,miR-200b,ZEB1,miR-200c,TGF-beta,GSC",P,13
5839,"TWIST1,TCF3,CDH1,SNAI2,TWIST2,SNAI1,miR-101,ZEB2,miR-200b,ZEB1,miR-141,TGF-beta,GSC",N,13
5840,"TWIST1,TCF3,CDH1,SNAI2,TWIST2,SNAI1,miR-101,ZEB1,GRHL2,NP63,miR-205,ZEB2,miR-200a,TGF-beta,GSC",N,15
5841,"TWIST1,TCF3,CDH1,SNAI2,TWIST2,SNAI1,miR-101,ZEB1,GRHL2,NP63,miR-205,ZEB2,miR-200c,TGF-beta,GSC",N,15
5842,"TWIST1,TCF3,CDH1,SNAI2,TWIST2,SNAI1,miR-101,ZEB1,GRHL2,NP63,miR-205,ZEB2,miR-200b,TGF-beta,GSC",P,15
5843,"TWIST1,TCF3,CDH1,SNAI2,TWIST2,SNAI1,miR-101,ZEB1,GRHL2,OVOL2,TGF-beta,GSC",N,12
5844,"TWIST1,TCF3,CDH1,SNAI2,TWIST2,SNAI1,miR-101,ZEB1,GRHL2,OVOL2,NP63,miR-205,ZEB2,miR-200a,TGF-beta,GSC",N,16
5845,"TWIST1,TCF3,CDH1,SNAI2,TWIST2,SNAI1,miR-101,ZEB1,GRHL2,OVOL2,NP63,miR-205,ZEB2,miR-200c,TGF-beta,GSC",N,16
5846,"TWIST1,TCF3,CDH1,SNAI2,TWIST2,SNAI1,miR-101,ZEB1,GRHL2,OVOL2,NP63,miR-205,ZEB2,miR-200b,TGF-beta,GSC",P,16
5847,"TWIST1,TCF3,CDH1,SNAI2,TWIST2,SNAI1,miR-101,ZEB1,OVOL2,TGF-beta,GSC",P,11
5848,"TWIST1,TCF3,CDH1,SNAI2,TWIST2,SNAI1,miR-101,ZEB1,OVOL2,NP63,miR-205,ZEB2,miR-200a,TGF-beta,GSC",P,15
5849,"TWIST1,TCF3,CDH1,SNAI2,TWIST2,SNAI1,miR-101,ZEB1,OVOL2,NP63,miR-205,ZEB2,miR-200c,TGF-beta,GSC",P,15
5850,"TWIST1,TCF3,CDH1,SNAI2,TWIST2,SNAI1,miR-101,ZEB1,OVOL2,NP63,miR-205,ZEB2,miR-200b,TGF-beta,GSC",N,15
5851,"TWIST1,TCF3,CDH1,SNAI2,TWIST2,SNAI1,miR-101,ZEB1,miR-200a,TGF-beta,GSC",P,11
5852,"TWIST1,TCF3,CDH1,SNAI2,TWIST2,SNAI1,miR-101,ZEB1,miR-200a,ZEB2,miR-200c,TGF-beta,GSC",N,13
5853,"TWIST1,TCF3,CDH1,SNAI2,TWIST2,SNAI1,miR-101,ZEB1,miR-200a,ZEB2,miR-200b,TGF-beta,GSC",P,13
5854,"TWIST1,TCF3,CDH1,SNAI2,TWIST2,SNAI1,miR-101,ZEB1,miR-200c,TGF-beta,GSC",N,11
5855,"TWIST1,TCF3,CDH1,SNAI2,TWIST2,SNAI1,miR-101,ZEB1,miR-200c,ZEB2,miR-200a,TGF-beta,GSC",N,13
5856,"TWIST1,TCF3,CDH1,SNAI2,TWIST2,SNAI1,miR-101,ZEB1,miR-200c,ZEB2,miR-200b,TGF-beta,GSC",P,13
5857,"TWIST1,TCF3,CDH1,SNAI2,TWIST2,SNAI1,miR-101,ZEB1,miR-200b,TGF-beta,GSC",P,11
5858,"TWIST1,TCF3,CDH1,SNAI2,TWIST2,SNAI1,miR-101,ZEB1,miR-200b,ZEB2,miR-200a,TGF-beta,GSC",N,13
5859,"TWIST1,TCF3,CDH1,SNAI2,TWIST2,SNAI1,miR-101,ZEB1,miR-200b,ZEB2,miR-200c,TGF-beta,GSC",N,13
5860,"TWIST1,TCF3,CDH1,SNAI2,TWIST2,SNAI1,miR-101,ZEB1,miR-141,TGF-beta,GSC",P,11
5861,"TWIST1,TCF3,CDH1,SNAI2,TWIST2,SNAI1,miR-101,ZEB1,miR-141,ZEB2,miR-200a,TGF-beta,GSC",P,13
5862,"TWIST1,TCF3,CDH1,SNAI2,TWIST2,SNAI1,miR-101,ZEB1,miR-141,ZEB2,miR-200c,TGF-beta,GSC",P,13
5863,"TWIST1,TCF3,CDH1,SNAI2,TWIST2,SNAI1,miR-101,ZEB1,miR-141,ZEB2,miR-200b,TGF-beta,GSC",N,13
5864,"TWIST1,TCF3,CDH1,SNAI2,TWIST2,SNAI1,miR-34a,ZEB1,GRHL2,NP63,miR-205,ZEB2,miR-200a,TGF-beta,GSC",P,15
5865,"TWIST1,TCF3,CDH1,SNAI2,TWIST2,SNAI1,miR-34a,ZEB1,GRHL2,NP63,miR-205,ZEB2,miR-200c,TGF-beta,GSC",P,15
5866,"TWIST1,TCF3,CDH1,SNAI2,TWIST2,SNAI1,miR-34a,ZEB1,GRHL2,NP63,miR-205,ZEB2,miR-200b,TGF-beta,GSC",N,15
5867,"TWIST1,TCF3,CDH1,SNAI2,TWIST2,SNAI1,miR-34a,ZEB1,GRHL2,OVOL2,TGF-beta,GSC",P,12
5868,"TWIST1,TCF3,CDH1,SNAI2,TWIST2,SNAI1,miR-34a,ZEB1,GRHL2,OVOL2,NP63,miR-205,ZEB2,miR-200a,TGF-beta,GSC",P,16
5869,"TWIST1,TCF3,CDH1,SNAI2,TWIST2,SNAI1,miR-34a,ZEB1,GRHL2,OVOL2,NP63,miR-205,ZEB2,miR-200c,TGF-beta,GSC",P,16
5870,"TWIST1,TCF3,CDH1,SNAI2,TWIST2,SNAI1,miR-34a,ZEB1,GRHL2,OVOL2,NP63,miR-205,ZEB2,miR-200b,TGF-beta,GSC",N,16
5871,"TWIST1,TCF3,CDH1,SNAI2,TWIST2,SNAI1,miR-34a,ZEB1,OVOL2,TGF-beta,GSC",N,11
5872,"TWIST1,TCF3,CDH1,SNAI2,TWIST2,SNAI1,miR-34a,ZEB1,OVOL2,NP63,miR-205,ZEB2,miR-200a,TGF-beta,GSC",N,15
5873,"TWIST1,TCF3,CDH1,SNAI2,TWIST2,SNAI1,miR-34a,ZEB1,OVOL2,NP63,miR-205,ZEB2,miR-200c,TGF-beta,GSC",N,15
5874,"TWIST1,TCF3,CDH1,SNAI2,TWIST2,SNAI1,miR-34a,ZEB1,OVOL2,NP63,miR-205,ZEB2,miR-200b,TGF-beta,GSC",P,15
5875,"TWIST1,TCF3,CDH1,SNAI2,TWIST2,SNAI1,miR-34a,ZEB1,miR-200a,TGF-beta,GSC",N,11
5876,"TWIST1,TCF3,CDH1,SNAI2,TWIST2,SNAI1,miR-34a,ZEB1,miR-200a,ZEB2,miR-200c,TGF-beta,GSC",P,13
5877,"TWIST1,TCF3,CDH1,SNAI2,TWIST2,SNAI1,miR-34a,ZEB1,miR-200a,ZEB2,miR-200b,TGF-beta,GSC",N,13
5878,"TWIST1,TCF3,CDH1,SNAI2,TWIST2,SNAI1,miR-34a,ZEB1,miR-200c,TGF-beta,GSC",P,11
5879,"TWIST1,TCF3,CDH1,SNAI2,TWIST2,SNAI1,miR-34a,ZEB1,miR-200c,ZEB2,miR-200a,TGF-beta,GSC",P,13
5880,"TWIST1,TCF3,CDH1,SNAI2,TWIST2,SNAI1,miR-34a,ZEB1,miR-200c,ZEB2,miR-200b,TGF-beta,GSC",N,13
5881,"TWIST1,TCF3,CDH1,SNAI2,TWIST2,SNAI1,miR-34a,ZEB1,miR-200b,TGF-beta,GSC",N,11
5882,"TWIST1,TCF3,CDH1,SNAI2,TWIST2,SNAI1,miR-34a,ZEB1,miR-200b,ZEB2,miR-200a,TGF-beta,GSC",P,13
5883,"TWIST1,TCF3,CDH1,SNAI2,TWIST2,SNAI1,miR-34a,ZEB1,miR-200b,ZEB2,miR-200c,TGF-beta,GSC",P,13
5884,"TWIST1,TCF3,CDH1,SNAI2,TWIST2,SNAI1,miR-34a,ZEB1,miR-141,TGF-beta,GSC",N,11
5885,"TWIST1,TCF3,CDH1,SNAI2,TWIST2,SNAI1,miR-34a,ZEB1,miR-141,ZEB2,miR-200a,TGF-beta,GSC",N,13
5886,"TWIST1,TCF3,CDH1,SNAI2,TWIST2,SNAI1,miR-34a,ZEB1,miR-141,ZEB2,miR-200c,TGF-beta,GSC",N,13
5887,"TWIST1,TCF3,CDH1,SNAI2,TWIST2,SNAI1,miR-34a,ZEB1,miR-141,ZEB2,miR-200b,TGF-beta,GSC",P,13
5888,"TWIST1,TCF3,CDH1,SNAI2,TWIST2,SNAI1,ZEB2,miR-200a,TGF-beta,GSC",N,10
5889,"TWIST1,TCF3,CDH1,SNAI2,TWIST2,SNAI1,ZEB2,miR-200a,ZEB1,GRHL2,OVOL2,TGF-beta,GSC",N,13
5890,"TWIST1,TCF3,CDH1,SNAI2,TWIST2,SNAI1,ZEB2,miR-200a,ZEB1,OVOL2,TGF-beta,GSC",P,12
5891,"TWIST1,TCF3,CDH1,SNAI2,TWIST2,SNAI1,ZEB2,miR-200a,ZEB1,miR-200c,TGF-beta,GSC",N,12
5892,"TWIST1,TCF3,CDH1,SNAI2,TWIST2,SNAI1,ZEB2,miR-200a,ZEB1,miR-200b,TGF-beta,GSC",P,12
5893,"TWIST1,TCF3,CDH1,SNAI2,TWIST2,SNAI1,ZEB2,miR-200a,ZEB1,miR-141,TGF-beta,GSC",P,12
5894,"TWIST1,TCF3,CDH1,SNAI2,TWIST2,SNAI1,ZEB2,miR-200c,TGF-beta,GSC",N,10
5895,"TWIST1,TCF3,CDH1,SNAI2,TWIST2,SNAI1,ZEB2,miR-200c,ZEB1,GRHL2,OVOL2,TGF-beta,GSC",N,13
5896,"TWIST1,TCF3,CDH1,SNAI2,TWIST2,SNAI1,ZEB2,miR-200c,ZEB1,OVOL2,TGF-beta,GSC",P,12
5897,"TWIST1,TCF3,CDH1,SNAI2,TWIST2,SNAI1,ZEB2,miR-200c,ZEB1,miR-200a,TGF-beta,GSC",P,12
5898,"TWIST1,TCF3,CDH1,SNAI2,TWIST2,SNAI1,ZEB2,miR-200c,ZEB1,miR-200b,TGF-beta,GSC",P,12
5899,"TWIST1,TCF3,CDH1,SNAI2,TWIST2,SNAI1,ZEB2,miR-200c,ZEB1,miR-141,TGF-beta,GSC",P,12
5900,"TWIST1,TCF3,CDH1,SNAI2,TWIST2,SNAI1,ZEB2,miR-200b,TGF-beta,GSC",P,10
5901,"TWIST1,TCF3,CDH1,SNAI2,TWIST2,SNAI1,ZEB2,miR-200b,ZEB1,GRHL2,OVOL2,TGF-beta,GSC",N,13
5902,"TWIST1,TCF3,CDH1,SNAI2,TWIST2,SNAI1,ZEB2,miR-200b,ZEB1,OVOL2,TGF-beta,GSC",P,12
5903,"TWIST1,TCF3,CDH1,SNAI2,TWIST2,SNAI1,ZEB2,miR-200b,ZEB1,miR-200a,TGF-beta,GSC",P,12
5904,"TWIST1,TCF3,CDH1,SNAI2,TWIST2,SNAI1,ZEB2,miR-200b,ZEB1,miR-200c,TGF-beta,GSC",N,12
5905,"TWIST1,TCF3,CDH1,SNAI2,TWIST2,SNAI1,ZEB2,miR-200b,ZEB1,miR-141,TGF-beta,GSC",P,12
5906,"TWIST1,TCF3,CDH1,SNAI2,TWIST2,SNAI1,ZEB1,GRHL2,NP63,miR-205,ZEB2,miR-200a,TGF-beta,GSC",P,14
5907,"TWIST1,TCF3,CDH1,SNAI2,TWIST2,SNAI1,ZEB1,GRHL2,NP63,miR-205,ZEB2,miR-200c,TGF-beta,GSC",P,14
5908,"TWIST1,TCF3,CDH1,SNAI2,TWIST2,SNAI1,ZEB1,GRHL2,NP63,miR-205,ZEB2,miR-200b,TGF-beta,GSC",N,14
5909,"TWIST1,TCF3,CDH1,SNAI2,TWIST2,SNAI1,ZEB1,GRHL2,OVOL2,TGF-beta,GSC",P,11
5910,"TWIST1,TCF3,CDH1,SNAI2,TWIST2,SNAI1,ZEB1,GRHL2,OVOL2,NP63,miR-205,ZEB2,miR-200a,TGF-beta,GSC",P,15
5911,"TWIST1,TCF3,CDH1,SNAI2,TWIST2,SNAI1,ZEB1,GRHL2,OVOL2,NP63,miR-205,ZEB2,miR-200c,TGF-beta,GSC",P,15
5912,"TWIST1,TCF3,CDH1,SNAI2,TWIST2,SNAI1,ZEB1,GRHL2,OVOL2,NP63,miR-205,ZEB2,miR-200b,TGF-beta,GSC",N,15
5913,"TWIST1,TCF3,CDH1,SNAI2,TWIST2,SNAI1,ZEB1,OVOL2,TGF-beta,GSC",N,10
5914,"TWIST1,TCF3,CDH1,SNAI2,TWIST2,SNAI1,ZEB1,OVOL2,NP63,miR-205,ZEB2,miR-200a,TGF-beta,GSC",N,14
5915,"TWIST1,TCF3,CDH1,SNAI2,TWIST2,SNAI1,ZEB1,OVOL2,NP63,miR-205,ZEB2,miR-200c,TGF-beta,GSC",N,14
5916,"TWIST1,TCF3,CDH1,SNAI2,TWIST2,SNAI1,ZEB1,OVOL2,NP63,miR-205,ZEB2,miR-200b,TGF-beta,GSC",P,14
5917,"TWIST1,TCF3,CDH1,SNAI2,TWIST2,SNAI1,ZEB1,miR-200a,TGF-beta,GSC",N,10
5918,"TWIST1,TCF3,CDH1,SNAI2,TWIST2,SNAI1,ZEB1,miR-200a,ZEB2,miR-200c,TGF-beta,GSC",P,12
5919,"TWIST1,TCF3,CDH1,SNAI2,TWIST2,SNAI1,ZEB1,miR-200a,ZEB2,miR-200b,TGF-beta,GSC",N,12
5920,"TWIST1,TCF3,CDH1,SNAI2,TWIST2,SNAI1,ZEB1,miR-200c,TGF-beta,GSC",P,10
5921,"TWIST1,TCF3,CDH1,SNAI2,TWIST2,SNAI1,ZEB1,miR-200c,ZEB2,miR-200a,TGF-beta,GSC",P,12
5922,"TWIST1,TCF3,CDH1,SNAI2,TWIST2,SNAI1,ZEB1,miR-200c,ZEB2,miR-200b,TGF-beta,GSC",N,12
5923,"TWIST1,TCF3,CDH1,SNAI2,TWIST2,SNAI1,ZEB1,miR-200b,TGF-beta,GSC",N,10
5924,"TWIST1,TCF3,CDH1,SNAI2,TWIST2,SNAI1,ZEB1,miR-200b,ZEB2,miR-200a,TGF-beta,GSC",P,12
5925,"TWIST1,TCF3,CDH1,SNAI2,TWIST2,SNAI1,ZEB1,miR-200b,ZEB2,miR-200c,TGF-beta,GSC",P,12
5926,"TWIST1,TCF3,CDH1,SNAI2,TWIST2,SNAI1,ZEB1,miR-141,TGF-beta,GSC",N,10
5927,"TWIST1,TCF3,CDH1,SNAI2,TWIST2,SNAI1,ZEB1,miR-141,ZEB2,miR-200a,TGF-beta,GSC",N,12
5928,"TWIST1,TCF3,CDH1,SNAI2,TWIST2,SNAI1,ZEB1,miR-141,ZEB2,miR-200c,TGF-beta,GSC",N,12
5929,"TWIST1,TCF3,CDH1,SNAI2,TWIST2,SNAI1,ZEB1,miR-141,ZEB2,miR-200b,TGF-beta,GSC",P,12
5930,"TWIST1,TCF3,CDH1,SNAI2,TWIST2,SNAI1",N,6
5931,"TWIST1,SNAI2,miR-200b,TGF-beta,SNAI1,miR-101,ZEB2,miR-200a,ZEB1,miR-34a,TWIST2",N,11
5932,"TWIST1,SNAI2,miR-200b,TGF-beta,SNAI1,miR-101,ZEB2,miR-200c,ZEB1,miR-34a,TWIST2",N,11
5933,"TWIST1,SNAI2,miR-200b,TGF-beta,SNAI1,miR-101,ZEB1,miR-34a,TWIST2",P,9
5934,"TWIST1,SNAI2,miR-200b,TGF-beta,SNAI1,miR-34a,TWIST2",N,7
5935,"TWIST1,SNAI2,miR-200b,TGF-beta,SNAI1,ZEB2,miR-200a,ZEB1,miR-34a,TWIST2",P,10
5936,"TWIST1,SNAI2,miR-200b,TGF-beta,SNAI1,ZEB2,miR-200c,ZEB1,miR-34a,TWIST2",P,10
5937,"TWIST1,SNAI2,miR-200b,TGF-beta,SNAI1,ZEB1,miR-34a,TWIST2",N,8
5938,"TWIST1,SNAI2,miR-200b,TGF-beta,SNAI1",N,5
5939,"TWIST1,SNAI2,miR-200b,TGF-beta,GSC,ZEB2,miR-200a,ZEB1,miR-34a,TWIST2",P,10
5940,"TWIST1,SNAI2,miR-200b,TGF-beta,GSC,ZEB2,miR-200a,ZEB1,miR-34a,TWIST2,SNAI1",N,11
5941,"TWIST1,SNAI2,miR-200b,TGF-beta,GSC,ZEB2,miR-200a,ZEB1,miR-34a,SNAI1",N,10
5942,"TWIST1,SNAI2,miR-200b,TGF-beta,GSC,ZEB2,miR-200c,ZEB1,miR-34a,TWIST2",P,10
5943,"TWIST1,SNAI2,miR-200b,TGF-beta,GSC,ZEB2,miR-200c,ZEB1,miR-34a,TWIST2,SNAI1",N,11
5944,"TWIST1,SNAI2,miR-200b,TGF-beta,GSC,ZEB2,miR-200c,ZEB1,miR-34a,SNAI1",N,10
5945,"TWIST1,SNAI2,miR-200b,TGF-beta,GSC,ZEB1,miR-34a,TWIST2",P,8
5946,"TWIST1,SNAI2,miR-200b,TGF-beta,GSC,ZEB1,miR-34a,TWIST2,SNAI1",N,9
5947,"TWIST1,SNAI2,miR-200b,TGF-beta,GSC,ZEB1,miR-34a,SNAI1",N,8
5948,"TWIST1,SNAI2,miR-200b,TGF-beta,GSC",N,5
5949,"TWIST1,SNAI2,miR-200b,TGF-beta,GSC,SNAI1,miR-101,ZEB2,miR-200a,ZEB1,miR-34a,TWIST2",P,12
5950,"TWIST1,SNAI2,miR-200b,TGF-beta,GSC,SNAI1,miR-101,ZEB2,miR-200c,ZEB1,miR-34a,TWIST2",P,12
5951,"TWIST1,SNAI2,miR-200b,TGF-beta,GSC,SNAI1,miR-101,ZEB1,miR-34a,TWIST2",N,10
5952,"TWIST1,SNAI2,miR-200b,TGF-beta,GSC,SNAI1,miR-34a,TWIST2",P,8
5953,"TWIST1,SNAI2,miR-200b,TGF-beta,GSC,SNAI1,ZEB2,miR-200a,ZEB1,miR-34a,TWIST2",N,11
5954,"TWIST1,SNAI2,miR-200b,TGF-beta,GSC,SNAI1,ZEB2,miR-200c,ZEB1,miR-34a,TWIST2",N,11
5955,"TWIST1,SNAI2,miR-200b,TGF-beta,GSC,SNAI1,ZEB1,miR-34a,TWIST2",P,9
5956,"TWIST1,SNAI2,miR-200b,TGF-beta,GSC,SNAI1",P,6
5957,"TWIST1,SNAI2,miR-200b,ZEB2,miR-200a,TGF-beta,SNAI1,miR-101,ZEB1,miR-34a,TWIST2",N,11
5958,"TWIST1,SNAI2,miR-200b,ZEB2,miR-200a,TGF-beta,SNAI1,miR-34a,TWIST2",P,9
5959,"TWIST1,SNAI2,miR-200b,ZEB2,miR-200a,TGF-beta,SNAI1,ZEB1,miR-34a,TWIST2",P,10
5960,"TWIST1,SNAI2,miR-200b,ZEB2,miR-200a,TGF-beta,SNAI1",P,7
5961,"TWIST1,SNAI2,miR-200b,ZEB2,miR-200a,TGF-beta,GSC,ZEB1,miR-34a,TWIST2",N,10
5962,"TWIST1,SNAI2,miR-200b,ZEB2,miR-200a,TGF-beta,GSC,ZEB1,miR-34a,TWIST2,SNAI1",P,11
5963,"TWIST1,SNAI2,miR-200b,ZEB2,miR-200a,TGF-beta,GSC,ZEB1,miR-34a,SNAI1",P,10
5964,"TWIST1,SNAI2,miR-200b,ZEB2,miR-200a,TGF-beta,GSC",P,7
5965,"TWIST1,SNAI2,miR-200b,ZEB2,miR-200a,TGF-beta,GSC,SNAI1,miR-101,ZEB1,miR-34a,TWIST2",P,12
5966,"TWIST1,SNAI2,miR-200b,ZEB2,miR-200a,TGF-beta,GSC,SNAI1,miR-34a,TWIST2",N,10
5967,"TWIST1,SNAI2,miR-200b,ZEB2,miR-200a,TGF-beta,GSC,SNAI1,ZEB1,miR-34a,TWIST2",N,11
5968,"TWIST1,SNAI2,miR-200b,ZEB2,miR-200a,TGF-beta,GSC,SNAI1",N,8
5969,"TWIST1,SNAI2,miR-200b,ZEB2,miR-200a,ZEB1,GRHL2,OVOL2,TGF-beta,SNAI1,miR-34a,TWIST2",P,12
5970,"TWIST1,SNAI2,miR-200b,ZEB2,miR-200a,ZEB1,GRHL2,OVOL2,TGF-beta,SNAI1",P,10
5971,"TWIST1,SNAI2,miR-200b,ZEB2,miR-200a,ZEB1,GRHL2,OVOL2,TGF-beta,GSC",P,10
5972,"TWIST1,SNAI2,miR-200b,ZEB2,miR-200a,ZEB1,GRHL2,OVOL2,TGF-beta,GSC,SNAI1,miR-34a,TWIST2",N,13
5973,"TWIST1,SNAI2,miR-200b,ZEB2,miR-200a,ZEB1,GRHL2,OVOL2,TGF-beta,GSC,SNAI1",N,11
5974,"TWIST1,SNAI2,miR-200b,ZEB2,miR-200a,ZEB1,OVOL2,TGF-beta,SNAI1,miR-34a,TWIST2",N,11
5975,"TWIST1,SNAI2,miR-200b,ZEB2,miR-200a,ZEB1,OVOL2,TGF-beta,SNAI1",N,9
5976,"TWIST1,SNAI2,miR-200b,ZEB2,miR-200a,ZEB1,OVOL2,TGF-beta,GSC",N,9
5977,"TWIST1,SNAI2,miR-200b,ZEB2,miR-200a,ZEB1,OVOL2,TGF-beta,GSC,SNAI1,miR-34a,TWIST2",P,12
5978,"TWIST1,SNAI2,miR-200b,ZEB2,miR-200a,ZEB1,OVOL2,TGF-beta,GSC,SNAI1",P,10
5979,"TWIST1,SNAI2,miR-200b,ZEB2,miR-200a,ZEB1,miR-34a,TWIST2",N,8
5980,"TWIST1,SNAI2,miR-200b,ZEB2,miR-200a,ZEB1,miR-34a,TWIST2,SNAI1",P,9
5981,"TWIST1,SNAI2,miR-200b,ZEB2,miR-200a,ZEB1,miR-34a,SNAI1",P,8
5982,"TWIST1,SNAI2,miR-200b,ZEB2,miR-200a,ZEB1,miR-200c,TGF-beta,SNAI1,miR-34a,TWIST2",P,11
5983,"TWIST1,SNAI2,miR-200b,ZEB2,miR-200a,ZEB1,miR-200c,TGF-beta,SNAI1",P,9
5984,"TWIST1,SNAI2,miR-200b,ZEB2,miR-200a,ZEB1,miR-200c,TGF-beta,GSC",P,9
5985,"TWIST1,SNAI2,miR-200b,ZEB2,miR-200a,ZEB1,miR-200c,TGF-beta,GSC,SNAI1,miR-34a,TWIST2",N,12
5986,"TWIST1,SNAI2,miR-200b,ZEB2,miR-200a,ZEB1,miR-200c,TGF-beta,GSC,SNAI1",N,10
5987,"TWIST1,SNAI2,miR-200b,ZEB2,miR-200a,ZEB1,miR-141,TGF-beta,SNAI1,miR-34a,TWIST2",N,11
5988,"TWIST1,SNAI2,miR-200b,ZEB2,miR-200a,ZEB1,miR-141,TGF-beta,SNAI1",N,9
5989,"TWIST1,SNAI2,miR-200b,ZEB2,miR-200a,ZEB1,miR-141,TGF-beta,GSC",N,9
5990,"TWIST1,SNAI2,miR-200b,ZEB2,miR-200a,ZEB1,miR-141,TGF-beta,GSC,SNAI1,miR-34a,TWIST2",P,12
5991,"TWIST1,SNAI2,miR-200b,ZEB2,miR-200a,ZEB1,miR-141,TGF-beta,GSC,SNAI1",P,10
5992,"TWIST1,SNAI2,miR-200b,ZEB2,miR-200c,TGF-beta,SNAI1,miR-101,ZEB1,miR-34a,TWIST2",N,11
5993,"TWIST1,SNAI2,miR-200b,ZEB2,miR-200c,TGF-beta,SNAI1,miR-34a,TWIST2",P,9
5994,"TWIST1,SNAI2,miR-200b,ZEB2,miR-200c,TGF-beta,SNAI1,ZEB1,miR-34a,TWIST2",P,10
5995,"TWIST1,SNAI2,miR-200b,ZEB2,miR-200c,TGF-beta,SNAI1",P,7
5996,"TWIST1,SNAI2,miR-200b,ZEB2,miR-200c,TGF-beta,GSC,ZEB1,miR-34a,TWIST2",N,10
5997,"TWIST1,SNAI2,miR-200b,ZEB2,miR-200c,TGF-beta,GSC,ZEB1,miR-34a,TWIST2,SNAI1",P,11
5998,"TWIST1,SNAI2,miR-200b,ZEB2,miR-200c,TGF-beta,GSC,ZEB1,miR-34a,SNAI1",P,10
5999,"TWIST1,SNAI2,miR-200b,ZEB2,miR-200c,TGF-beta,GSC",P,7
6000,"TWIST1,SNAI2,miR-200b,ZEB2,miR-200c,TGF-beta,GSC,SNAI1,miR-101,ZEB1,miR-34a,TWIST2",P,12
6001,"TWIST1,SNAI2,miR-200b,ZEB2,miR-200c,TGF-beta,GSC,SNAI1,miR-34a,TWIST2",N,10
6002,"TWIST1,SNAI2,miR-200b,ZEB2,miR-200c,TGF-beta,GSC,SNAI1,ZEB1,miR-34a,TWIST2",N,11
6003,"TWIST1,SNAI2,miR-200b,ZEB2,miR-200c,TGF-beta,GSC,SNAI1",N,8
6004,"TWIST1,SNAI2,miR-200b,ZEB2,miR-200c,ZEB1,GRHL2,OVOL2,TGF-beta,SNAI1,miR-34a,TWIST2",P,12
6005,"TWIST1,SNAI2,miR-200b,ZEB2,miR-200c,ZEB1,GRHL2,OVOL2,TGF-beta,SNAI1",P,10
6006,"TWIST1,SNAI2,miR-200b,ZEB2,miR-200c,ZEB1,GRHL2,OVOL2,TGF-beta,GSC",P,10
6007,"TWIST1,SNAI2,miR-200b,ZEB2,miR-200c,ZEB1,GRHL2,OVOL2,TGF-beta,GSC,SNAI1,miR-34a,TWIST2",N,13
6008,"TWIST1,SNAI2,miR-200b,ZEB2,miR-200c,ZEB1,GRHL2,OVOL2,TGF-beta,GSC,SNAI1",N,11
6009,"TWIST1,SNAI2,miR-200b,ZEB2,miR-200c,ZEB1,OVOL2,TGF-beta,SNAI1,miR-34a,TWIST2",N,11
6010,"TWIST1,SNAI2,miR-200b,ZEB2,miR-200c,ZEB1,OVOL2,TGF-beta,SNAI1",N,9
6011,"TWIST1,SNAI2,miR-200b,ZEB2,miR-200c,ZEB1,OVOL2,TGF-beta,GSC",N,9
6012,"TWIST1,SNAI2,miR-200b,ZEB2,miR-200c,ZEB1,OVOL2,TGF-beta,GSC,SNAI1,miR-34a,TWIST2",P,12
6013,"TWIST1,SNAI2,miR-200b,ZEB2,miR-200c,ZEB1,OVOL2,TGF-beta,GSC,SNAI1",P,10
6014,"TWIST1,SNAI2,miR-200b,ZEB2,miR-200c,ZEB1,miR-34a,TWIST2",N,8
6015,"TWIST1,SNAI2,miR-200b,ZEB2,miR-200c,ZEB1,miR-34a,TWIST2,SNAI1",P,9
6016,"TWIST1,SNAI2,miR-200b,ZEB2,miR-200c,ZEB1,miR-34a,SNAI1",P,8
6017,"TWIST1,SNAI2,miR-200b,ZEB2,miR-200c,ZEB1,miR-200a,TGF-beta,SNAI1,miR-34a,TWIST2",N,11
6018,"TWIST1,SNAI2,miR-200b,ZEB2,miR-200c,ZEB1,miR-200a,TGF-beta,SNAI1",N,9
6019,"TWIST1,SNAI2,miR-200b,ZEB2,miR-200c,ZEB1,miR-200a,TGF-beta,GSC",N,9
6020,"TWIST1,SNAI2,miR-200b,ZEB2,miR-200c,ZEB1,miR-200a,TGF-beta,GSC,SNAI1,miR-34a,TWIST2",P,12
6021,"TWIST1,SNAI2,miR-200b,ZEB2,miR-200c,ZEB1,miR-200a,TGF-beta,GSC,SNAI1",P,10
6022,"TWIST1,SNAI2,miR-200b,ZEB2,miR-200c,ZEB1,miR-141,TGF-beta,SNAI1,miR-34a,TWIST2",N,11
6023,"TWIST1,SNAI2,miR-200b,ZEB2,miR-200c,ZEB1,miR-141,TGF-beta,SNAI1",N,9
6024,"TWIST1,SNAI2,miR-200b,ZEB2,miR-200c,ZEB1,miR-141,TGF-beta,GSC",N,9
6025,"TWIST1,SNAI2,miR-200b,ZEB2,miR-200c,ZEB1,miR-141,TGF-beta,GSC,SNAI1,miR-34a,TWIST2",P,12
6026,"TWIST1,SNAI2,miR-200b,ZEB2,miR-200c,ZEB1,miR-141,TGF-beta,GSC,SNAI1",P,10
6027,"TWIST1,SNAI2,miR-200b,ZEB1,GRHL2,NP63,miR-205,ZEB2,miR-200a,TGF-beta,SNAI1,miR-34a,TWIST2",P,13
6028,"TWIST1,SNAI2,miR-200b,ZEB1,GRHL2,NP63,miR-205,ZEB2,miR-200a,TGF-beta,SNAI1",P,11
6029,"TWIST1,SNAI2,miR-200b,ZEB1,GRHL2,NP63,miR-205,ZEB2,miR-200a,TGF-beta,GSC",P,11
6030,"TWIST1,SNAI2,miR-200b,ZEB1,GRHL2,NP63,miR-205,ZEB2,miR-200a,TGF-beta,GSC,SNAI1,miR-34a,TWIST2",N,14
6031,"TWIST1,SNAI2,miR-200b,ZEB1,GRHL2,NP63,miR-205,ZEB2,miR-200a,TGF-beta,GSC,SNAI1",N,12
6032,"TWIST1,SNAI2,miR-200b,ZEB1,GRHL2,NP63,miR-205,ZEB2,miR-200c,TGF-beta,SNAI1,miR-34a,TWIST2",P,13
6033,"TWIST1,SNAI2,miR-200b,ZEB1,GRHL2,NP63,miR-205,ZEB2,miR-200c,TGF-beta,SNAI1",P,11
6034,"TWIST1,SNAI2,miR-200b,ZEB1,GRHL2,NP63,miR-205,ZEB2,miR-200c,TGF-beta,GSC",P,11
6035,"TWIST1,SNAI2,miR-200b,ZEB1,GRHL2,NP63,miR-205,ZEB2,miR-200c,TGF-beta,GSC,SNAI1,miR-34a,TWIST2",N,14
6036,"TWIST1,SNAI2,miR-200b,ZEB1,GRHL2,NP63,miR-205,ZEB2,miR-200c,TGF-beta,GSC,SNAI1",N,12
6037,"TWIST1,SNAI2,miR-200b,ZEB1,GRHL2,OVOL2,TGF-beta,SNAI1,miR-34a,TWIST2",P,10
6038,"TWIST1,SNAI2,miR-200b,ZEB1,GRHL2,OVOL2,TGF-beta,SNAI1",P,8
6039,"TWIST1,SNAI2,miR-200b,ZEB1,GRHL2,OVOL2,TGF-beta,GSC",P,8
6040,"TWIST1,SNAI2,miR-200b,ZEB1,GRHL2,OVOL2,TGF-beta,GSC,SNAI1,miR-34a,TWIST2",N,11
6041,"TWIST1,SNAI2,miR-200b,ZEB1,GRHL2,OVOL2,TGF-beta,GSC,SNAI1",N,9
6042,"TWIST1,SNAI2,miR-200b,ZEB1,GRHL2,OVOL2,NP63,miR-205,ZEB2,miR-200a,TGF-beta,SNAI1,miR-34a,TWIST2",P,14
6043,"TWIST1,SNAI2,miR-200b,ZEB1,GRHL2,OVOL2,NP63,miR-205,ZEB2,miR-200a,TGF-beta,SNAI1",P,12
6044,"TWIST1,SNAI2,miR-200b,ZEB1,GRHL2,OVOL2,NP63,miR-205,ZEB2,miR-200a,TGF-beta,GSC",P,12
6045,"TWIST1,SNAI2,miR-200b,ZEB1,GRHL2,OVOL2,NP63,miR-205,ZEB2,miR-200a,TGF-beta,GSC,SNAI1,miR-34a,TWIST2",N,15
6046,"TWIST1,SNAI2,miR-200b,ZEB1,GRHL2,OVOL2,NP63,miR-205,ZEB2,miR-200a,TGF-beta,GSC,SNAI1",N,13
6047,"TWIST1,SNAI2,miR-200b,ZEB1,GRHL2,OVOL2,NP63,miR-205,ZEB2,miR-200c,TGF-beta,SNAI1,miR-34a,TWIST2",P,14
6048,"TWIST1,SNAI2,miR-200b,ZEB1,GRHL2,OVOL2,NP63,miR-205,ZEB2,miR-200c,TGF-beta,SNAI1",P,12
6049,"TWIST1,SNAI2,miR-200b,ZEB1,GRHL2,OVOL2,NP63,miR-205,ZEB2,miR-200c,TGF-beta,GSC",P,12
6050,"TWIST1,SNAI2,miR-200b,ZEB1,GRHL2,OVOL2,NP63,miR-205,ZEB2,miR-200c,TGF-beta,GSC,SNAI1,miR-34a,TWIST2",N,15
6051,"TWIST1,SNAI2,miR-200b,ZEB1,GRHL2,OVOL2,NP63,miR-205,ZEB2,miR-200c,TGF-beta,GSC,SNAI1",N,13
6052,"TWIST1,SNAI2,miR-200b,ZEB1,OVOL2,TGF-beta,SNAI1,miR-34a,TWIST2",N,9
6053,"TWIST1,SNAI2,miR-200b,ZEB1,OVOL2,TGF-beta,SNAI1",N,7
6054,"TWIST1,SNAI2,miR-200b,ZEB1,OVOL2,TGF-beta,GSC",N,7
6055,"TWIST1,SNAI2,miR-200b,ZEB1,OVOL2,TGF-beta,GSC,SNAI1,miR-34a,TWIST2",P,10
6056,"TWIST1,SNAI2,miR-200b,ZEB1,OVOL2,TGF-beta,GSC,SNAI1",P,8
6057,"TWIST1,SNAI2,miR-200b,ZEB1,OVOL2,NP63,miR-205,ZEB2,miR-200a,TGF-beta,SNAI1,miR-34a,TWIST2",N,13
6058,"TWIST1,SNAI2,miR-200b,ZEB1,OVOL2,NP63,miR-205,ZEB2,miR-200a,TGF-beta,SNAI1",N,11
6059,"TWIST1,SNAI2,miR-200b,ZEB1,OVOL2,NP63,miR-205,ZEB2,miR-200a,TGF-beta,GSC",N,11
6060,"TWIST1,SNAI2,miR-200b,ZEB1,OVOL2,NP63,miR-205,ZEB2,miR-200a,TGF-beta,GSC,SNAI1,miR-34a,TWIST2",P,14
6061,"TWIST1,SNAI2,miR-200b,ZEB1,OVOL2,NP63,miR-205,ZEB2,miR-200a,TGF-beta,GSC,SNAI1",P,12
6062,"TWIST1,SNAI2,miR-200b,ZEB1,OVOL2,NP63,miR-205,ZEB2,miR-200c,TGF-beta,SNAI1,miR-34a,TWIST2",N,13
6063,"TWIST1,SNAI2,miR-200b,ZEB1,OVOL2,NP63,miR-205,ZEB2,miR-200c,TGF-beta,SNAI1",N,11
6064,"TWIST1,SNAI2,miR-200b,ZEB1,OVOL2,NP63,miR-205,ZEB2,miR-200c,TGF-beta,GSC",N,11
6065,"TWIST1,SNAI2,miR-200b,ZEB1,OVOL2,NP63,miR-205,ZEB2,miR-200c,TGF-beta,GSC,SNAI1,miR-34a,TWIST2",P,14
6066,"TWIST1,SNAI2,miR-200b,ZEB1,OVOL2,NP63,miR-205,ZEB2,miR-200c,TGF-beta,GSC,SNAI1",P,12
6067,"TWIST1,SNAI2,miR-200b,ZEB1,miR-34a,TWIST2,ZEB2,miR-200a,TGF-beta,SNAI1",N,10
6068,"TWIST1,SNAI2,miR-200b,ZEB1,miR-34a,TWIST2,ZEB2,miR-200a,TGF-beta,GSC",N,10
6069,"TWIST1,SNAI2,miR-200b,ZEB1,miR-34a,TWIST2,ZEB2,miR-200a,TGF-beta,GSC,SNAI1",P,11
6070,"TWIST1,SNAI2,miR-200b,ZEB1,miR-34a,TWIST2,ZEB2,miR-200c,TGF-beta,SNAI1",N,10
6071,"TWIST1,SNAI2,miR-200b,ZEB1,miR-34a,TWIST2,ZEB2,miR-200c,TGF-beta,GSC",N,10
6072,"TWIST1,SNAI2,miR-200b,ZEB1,miR-34a,TWIST2,ZEB2,miR-200c,TGF-beta,GSC,SNAI1",P,11
6073,"TWIST1,SNAI2,miR-200b,ZEB1,miR-34a,TWIST2",N,6
6074,"TWIST1,SNAI2,miR-200b,ZEB1,miR-34a,TWIST2,SNAI1,miR-101,ZEB2,miR-200a,TGF-beta,GSC",N,12
6075,"TWIST1,SNAI2,miR-200b,ZEB1,miR-34a,TWIST2,SNAI1,miR-101,ZEB2,miR-200c,TGF-beta,GSC",N,12
6076,"TWIST1,SNAI2,miR-200b,ZEB1,miR-34a,TWIST2,SNAI1,ZEB2,miR-200a,TGF-beta,GSC",P,11
6077,"TWIST1,SNAI2,miR-200b,ZEB1,miR-34a,TWIST2,SNAI1,ZEB2,miR-200c,TGF-beta,GSC",P,11
6078,"TWIST1,SNAI2,miR-200b,ZEB1,miR-34a,TWIST2,SNAI1",P,7
6079,"TWIST1,SNAI2,miR-200b,ZEB1,miR-34a,SNAI1,miR-101,ZEB2,miR-200a,TGF-beta,GSC",N,11
6080,"TWIST1,SNAI2,miR-200b,ZEB1,miR-34a,SNAI1,miR-101,ZEB2,miR-200c,TGF-beta,GSC",N,11
6081,"TWIST1,SNAI2,miR-200b,ZEB1,miR-34a,SNAI1,ZEB2,miR-200a,TGF-beta,GSC",P,10
6082,"TWIST1,SNAI2,miR-200b,ZEB1,miR-34a,SNAI1,ZEB2,miR-200c,TGF-beta,GSC",P,10
6083,"TWIST1,SNAI2,miR-200b,ZEB1,miR-34a,SNAI1",P,6
6084,"TWIST1,SNAI2,miR-200b,ZEB1,miR-200a,TGF-beta,SNAI1,miR-34a,TWIST2",N,9
6085,"TWIST1,SNAI2,miR-200b,ZEB1,miR-200a,TGF-beta,SNAI1",N,7
6086,"TWIST1,SNAI2,miR-200b,ZEB1,miR-200a,TGF-beta,GSC",N,7
6087,"TWIST1,SNAI2,miR-200b,ZEB1,miR-200a,TGF-beta,GSC,SNAI1,miR-34a,TWIST2",P,10
6088,"TWIST1,SNAI2,miR-200b,ZEB1,miR-200a,TGF-beta,GSC,SNAI1",P,8
6089,"TWIST1,SNAI2,miR-200b,ZEB1,miR-200a,ZEB2,miR-200c,TGF-beta,SNAI1,miR-34a,TWIST2",P,11
6090,"TWIST1,SNAI2,miR-200b,ZEB1,miR-200a,ZEB2,miR-200c,TGF-beta,SNAI1",P,9
6091,"TWIST1,SNAI2,miR-200b,ZEB1,miR-200a,ZEB2,miR-200c,TGF-beta,GSC",P,9
6092,"TWIST1,SNAI2,miR-200b,ZEB1,miR-200a,ZEB2,miR-200c,TGF-beta,GSC,SNAI1,miR-34a,TWIST2",N,12
6093,"TWIST1,SNAI2,miR-200b,ZEB1,miR-200a,ZEB2,miR-200c,TGF-beta,GSC,SNAI1",N,10
6094,"TWIST1,SNAI2,miR-200b,ZEB1,miR-200c,TGF-beta,SNAI1,miR-34a,TWIST2",P,9
6095,"TWIST1,SNAI2,miR-200b,ZEB1,miR-200c,TGF-beta,SNAI1",P,7
6096,"TWIST1,SNAI2,miR-200b,ZEB1,miR-200c,TGF-beta,GSC",P,7
6097,"TWIST1,SNAI2,miR-200b,ZEB1,miR-200c,TGF-beta,GSC,SNAI1,miR-34a,TWIST2",N,10
6098,"TWIST1,SNAI2,miR-200b,ZEB1,miR-200c,TGF-beta,GSC,SNAI1",N,8
6099,"TWIST1,SNAI2,miR-200b,ZEB1,miR-200c,ZEB2,miR-200a,TGF-beta,SNAI1,miR-34a,TWIST2",P,11
6100,"TWIST1,SNAI2,miR-200b,ZEB1,miR-200c,ZEB2,miR-200a,TGF-beta,SNAI1",P,9
6101,"TWIST1,SNAI2,miR-200b,ZEB1,miR-200c,ZEB2,miR-200a,TGF-beta,GSC",P,9
6102,"TWIST1,SNAI2,miR-200b,ZEB1,miR-200c,ZEB2,miR-200a,TGF-beta,GSC,SNAI1,miR-34a,TWIST2",N,12
6103,"TWIST1,SNAI2,miR-200b,ZEB1,miR-200c,ZEB2,miR-200a,TGF-beta,GSC,SNAI1",N,10
6104,"TWIST1,SNAI2,miR-200b,ZEB1,miR-141,TGF-beta,SNAI1,miR-34a,TWIST2",N,9
6105,"TWIST1,SNAI2,miR-200b,ZEB1,miR-141,TGF-beta,SNAI1",N,7
6106,"TWIST1,SNAI2,miR-200b,ZEB1,miR-141,TGF-beta,GSC",N,7
6107,"TWIST1,SNAI2,miR-200b,ZEB1,miR-141,TGF-beta,GSC,SNAI1,miR-34a,TWIST2",P,10
6108,"TWIST1,SNAI2,miR-200b,ZEB1,miR-141,TGF-beta,GSC,SNAI1",P,8
6109,"TWIST1,SNAI2,miR-200b,ZEB1,miR-141,ZEB2,miR-200a,TGF-beta,SNAI1,miR-34a,TWIST2",N,11
6110,"TWIST1,SNAI2,miR-200b,ZEB1,miR-141,ZEB2,miR-200a,TGF-beta,SNAI1",N,9
6111,"TWIST1,SNAI2,miR-200b,ZEB1,miR-141,ZEB2,miR-200a,TGF-beta,GSC",N,9
6112,"TWIST1,SNAI2,miR-200b,ZEB1,miR-141,ZEB2,miR-200a,TGF-beta,GSC,SNAI1,miR-34a,TWIST2",P,12
6113,"TWIST1,SNAI2,miR-200b,ZEB1,miR-141,ZEB2,miR-200a,TGF-beta,GSC,SNAI1",P,10
6114,"TWIST1,SNAI2,miR-200b,ZEB1,miR-141,ZEB2,miR-200c,TGF-beta,SNAI1,miR-34a,TWIST2",N,11
6115,"TWIST1,SNAI2,miR-200b,ZEB1,miR-141,ZEB2,miR-200c,TGF-beta,SNAI1",N,9
6116,"TWIST1,SNAI2,miR-200b,ZEB1,miR-141,ZEB2,miR-200c,TGF-beta,GSC",N,9
6117,"TWIST1,SNAI2,miR-200b,ZEB1,miR-141,ZEB2,miR-200c,TGF-beta,GSC,SNAI1,miR-34a,TWIST2",P,12
6118,"TWIST1,SNAI2,miR-200b,ZEB1,miR-141,ZEB2,miR-200c,TGF-beta,GSC,SNAI1",P,10
6119,"TWIST1,SNAI2,miR-101,SNAI1,miR-34a,ZEB1,GRHL2,NP63,miR-205,ZEB2,miR-200a,TGF-beta,GSC",P,13
6120,"TWIST1,SNAI2,miR-101,SNAI1,miR-34a,ZEB1,GRHL2,NP63,miR-205,ZEB2,miR-200c,TGF-beta,GSC",P,13
6121,"TWIST1,SNAI2,miR-101,SNAI1,miR-34a,ZEB1,GRHL2,NP63,miR-205,ZEB2,miR-200b,TGF-beta,GSC",N,13
6122,"TWIST1,SNAI2,miR-101,SNAI1,miR-34a,ZEB1,GRHL2,OVOL2,TGF-beta,GSC",P,10
6123,"TWIST1,SNAI2,miR-101,SNAI1,miR-34a,ZEB1,GRHL2,OVOL2,NP63,miR-205,ZEB2,miR-200a,TGF-beta,GSC",P,14
6124,"TWIST1,SNAI2,miR-101,SNAI1,miR-34a,ZEB1,GRHL2,OVOL2,NP63,miR-205,ZEB2,miR-200c,TGF-beta,GSC",P,14
6125,"TWIST1,SNAI2,miR-101,SNAI1,miR-34a,ZEB1,GRHL2,OVOL2,NP63,miR-205,ZEB2,miR-200b,TGF-beta,GSC",N,14
6126,"TWIST1,SNAI2,miR-101,SNAI1,miR-34a,ZEB1,OVOL2,TGF-beta,GSC",N,9
6127,"TWIST1,SNAI2,miR-101,SNAI1,miR-34a,ZEB1,OVOL2,NP63,miR-205,ZEB2,miR-200a,TGF-beta,GSC",N,13
6128,"TWIST1,SNAI2,miR-101,SNAI1,miR-34a,ZEB1,OVOL2,NP63,miR-205,ZEB2,miR-200c,TGF-beta,GSC",N,13
6129,"TWIST1,SNAI2,miR-101,SNAI1,miR-34a,ZEB1,OVOL2,NP63,miR-205,ZEB2,miR-200b,TGF-beta,GSC",P,13
6130,"TWIST1,SNAI2,miR-101,SNAI1,miR-34a,ZEB1,miR-200a,TGF-beta,GSC",N,9
6131,"TWIST1,SNAI2,miR-101,SNAI1,miR-34a,ZEB1,miR-200a,ZEB2,miR-200c,TGF-beta,GSC",P,11
6132,"TWIST1,SNAI2,miR-101,SNAI1,miR-34a,ZEB1,miR-200a,ZEB2,miR-200b,TGF-beta,GSC",N,11
6133,"TWIST1,SNAI2,miR-101,SNAI1,miR-34a,ZEB1,miR-200c,TGF-beta,GSC",P,9
6134,"TWIST1,SNAI2,miR-101,SNAI1,miR-34a,ZEB1,miR-200c,ZEB2,miR-200a,TGF-beta,GSC",P,11
6135,"TWIST1,SNAI2,miR-101,SNAI1,miR-34a,ZEB1,miR-200c,ZEB2,miR-200b,TGF-beta,GSC",N,11
6136,"TWIST1,SNAI2,miR-101,SNAI1,miR-34a,ZEB1,miR-200b,TGF-beta,GSC",N,9
6137,"TWIST1,SNAI2,miR-101,SNAI1,miR-34a,ZEB1,miR-200b,ZEB2,miR-200a,TGF-beta,GSC",P,11
6138,"TWIST1,SNAI2,miR-101,SNAI1,miR-34a,ZEB1,miR-200b,ZEB2,miR-200c,TGF-beta,GSC",P,11
6139,"TWIST1,SNAI2,miR-101,SNAI1,miR-34a,ZEB1,miR-141,TGF-beta,GSC",N,9
6140,"TWIST1,SNAI2,miR-101,SNAI1,miR-34a,ZEB1,miR-141,ZEB2,miR-200a,TGF-beta,GSC",N,11
6141,"TWIST1,SNAI2,miR-101,SNAI1,miR-34a,ZEB1,miR-141,ZEB2,miR-200c,TGF-beta,GSC",N,11
6142,"TWIST1,SNAI2,miR-101,SNAI1,miR-34a,ZEB1,miR-141,ZEB2,miR-200b,TGF-beta,GSC",P,11
6143,"TWIST1,SNAI2,miR-101,SNAI1,miR-34a,TWIST2,ZEB2,miR-200a,TGF-beta,GSC",N,10
6144,"TWIST1,SNAI2,miR-101,SNAI1,miR-34a,TWIST2,ZEB2,miR-200a,ZEB1,GRHL2,OVOL2,TGF-beta,GSC",N,13
6145,"TWIST1,SNAI2,miR-101,SNAI1,miR-34a,TWIST2,ZEB2,miR-200a,ZEB1,OVOL2,TGF-beta,GSC",P,12
6146,"TWIST1,SNAI2,miR-101,SNAI1,miR-34a,TWIST2,ZEB2,miR-200a,ZEB1,miR-200c,TGF-beta,GSC",N,12
6147,"TWIST1,SNAI2,miR-101,SNAI1,miR-34a,TWIST2,ZEB2,miR-200a,ZEB1,miR-200b,TGF-beta,GSC",P,12
6148,"TWIST1,SNAI2,miR-101,SNAI1,miR-34a,TWIST2,ZEB2,miR-200a,ZEB1,miR-141,TGF-beta,GSC",P,12
6149,"TWIST1,SNAI2,miR-101,SNAI1,miR-34a,TWIST2,ZEB2,miR-200c,TGF-beta,GSC",N,10
6150,"TWIST1,SNAI2,miR-101,SNAI1,miR-34a,TWIST2,ZEB2,miR-200c,ZEB1,GRHL2,OVOL2,TGF-beta,GSC",N,13
6151,"TWIST1,SNAI2,miR-101,SNAI1,miR-34a,TWIST2,ZEB2,miR-200c,ZEB1,OVOL2,TGF-beta,GSC",P,12
6152,"TWIST1,SNAI2,miR-101,SNAI1,miR-34a,TWIST2,ZEB2,miR-200c,ZEB1,miR-200a,TGF-beta,GSC",P,12
6153,"TWIST1,SNAI2,miR-101,SNAI1,miR-34a,TWIST2,ZEB2,miR-200c,ZEB1,miR-200b,TGF-beta,GSC",P,12
6154,"TWIST1,SNAI2,miR-101,SNAI1,miR-34a,TWIST2,ZEB2,miR-200c,ZEB1,miR-141,TGF-beta,GSC",P,12
6155,"TWIST1,SNAI2,miR-101,SNAI1,miR-34a,TWIST2,ZEB2,miR-200b,TGF-beta,GSC",P,10
6156,"TWIST1,SNAI2,miR-101,SNAI1,miR-34a,TWIST2,ZEB2,miR-200b,ZEB1,GRHL2,OVOL2,TGF-beta,GSC",N,13
6157,"TWIST1,SNAI2,miR-101,SNAI1,miR-34a,TWIST2,ZEB2,miR-200b,ZEB1,OVOL2,TGF-beta,GSC",P,12
6158,"TWIST1,SNAI2,miR-101,SNAI1,miR-34a,TWIST2,ZEB2,miR-200b,ZEB1,miR-200a,TGF-beta,GSC",P,12
6159,"TWIST1,SNAI2,miR-101,SNAI1,miR-34a,TWIST2,ZEB2,miR-200b,ZEB1,miR-200c,TGF-beta,GSC",N,12
6160,"TWIST1,SNAI2,miR-101,SNAI1,miR-34a,TWIST2,ZEB2,miR-200b,ZEB1,miR-141,TGF-beta,GSC",P,12
6161,"TWIST1,SNAI2,miR-101,SNAI1,miR-34a,TWIST2,ZEB1,GRHL2,NP63,miR-205,ZEB2,miR-200a,TGF-beta,GSC",P,14
6162,"TWIST1,SNAI2,miR-101,SNAI1,miR-34a,TWIST2,ZEB1,GRHL2,NP63,miR-205,ZEB2,miR-200c,TGF-beta,GSC",P,14
6163,"TWIST1,SNAI2,miR-101,SNAI1,miR-34a,TWIST2,ZEB1,GRHL2,NP63,miR-205,ZEB2,miR-200b,TGF-beta,GSC",N,14
6164,"TWIST1,SNAI2,miR-101,SNAI1,miR-34a,TWIST2,ZEB1,GRHL2,OVOL2,TGF-beta,GSC",P,11
6165,"TWIST1,SNAI2,miR-101,SNAI1,miR-34a,TWIST2,ZEB1,GRHL2,OVOL2,NP63,miR-205,ZEB2,miR-200a,TGF-beta,GSC",P,15
6166,"TWIST1,SNAI2,miR-101,SNAI1,miR-34a,TWIST2,ZEB1,GRHL2,OVOL2,NP63,miR-205,ZEB2,miR-200c,TGF-beta,GSC",P,15
6167,"TWIST1,SNAI2,miR-101,SNAI1,miR-34a,TWIST2,ZEB1,GRHL2,OVOL2,NP63,miR-205,ZEB2,miR-200b,TGF-beta,GSC",N,15
6168,"TWIST1,SNAI2,miR-101,SNAI1,miR-34a,TWIST2,ZEB1,OVOL2,TGF-beta,GSC",N,10
6169,"TWIST1,SNAI2,miR-101,SNAI1,miR-34a,TWIST2,ZEB1,OVOL2,NP63,miR-205,ZEB2,miR-200a,TGF-beta,GSC",N,14
6170,"TWIST1,SNAI2,miR-101,SNAI1,miR-34a,TWIST2,ZEB1,OVOL2,NP63,miR-205,ZEB2,miR-200c,TGF-beta,GSC",N,14
6171,"TWIST1,SNAI2,miR-101,SNAI1,miR-34a,TWIST2,ZEB1,OVOL2,NP63,miR-205,ZEB2,miR-200b,TGF-beta,GSC",P,14
6172,"TWIST1,SNAI2,miR-101,SNAI1,miR-34a,TWIST2,ZEB1,miR-200a,TGF-beta,GSC",N,10
6173,"TWIST1,SNAI2,miR-101,SNAI1,miR-34a,TWIST2,ZEB1,miR-200a,ZEB2,miR-200c,TGF-beta,GSC",P,12
6174,"TWIST1,SNAI2,miR-101,SNAI1,miR-34a,TWIST2,ZEB1,miR-200a,ZEB2,miR-200b,TGF-beta,GSC",N,12
6175,"TWIST1,SNAI2,miR-101,SNAI1,miR-34a,TWIST2,ZEB1,miR-200c,TGF-beta,GSC",P,10
6176,"TWIST1,SNAI2,miR-101,SNAI1,miR-34a,TWIST2,ZEB1,miR-200c,ZEB2,miR-200a,TGF-beta,GSC",P,12
6177,"TWIST1,SNAI2,miR-101,SNAI1,miR-34a,TWIST2,ZEB1,miR-200c,ZEB2,miR-200b,TGF-beta,GSC",N,12
6178,"TWIST1,SNAI2,miR-101,SNAI1,miR-34a,TWIST2,ZEB1,miR-200b,TGF-beta,GSC",N,10
6179,"TWIST1,SNAI2,miR-101,SNAI1,miR-34a,TWIST2,ZEB1,miR-200b,ZEB2,miR-200a,TGF-beta,GSC",P,12
6180,"TWIST1,SNAI2,miR-101,SNAI1,miR-34a,TWIST2,ZEB1,miR-200b,ZEB2,miR-200c,TGF-beta,GSC",P,12
6181,"TWIST1,SNAI2,miR-101,SNAI1,miR-34a,TWIST2,ZEB1,miR-141,TGF-beta,GSC",N,10
6182,"TWIST1,SNAI2,miR-101,SNAI1,miR-34a,TWIST2,ZEB1,miR-141,ZEB2,miR-200a,TGF-beta,GSC",N,12
6183,"TWIST1,SNAI2,miR-101,SNAI1,miR-34a,TWIST2,ZEB1,miR-141,ZEB2,miR-200c,TGF-beta,GSC",N,12
6184,"TWIST1,SNAI2,miR-101,SNAI1,miR-34a,TWIST2,ZEB1,miR-141,ZEB2,miR-200b,TGF-beta,GSC",P,12
6185,"TWIST1,SNAI2,miR-101,SNAI1,miR-34a,TWIST2",N,6
6186,"TWIST1,SNAI2,miR-101,SNAI1,ZEB2,miR-200a,TGF-beta,GSC,ZEB1,miR-34a,TWIST2",P,11
6187,"TWIST1,SNAI2,miR-101,SNAI1,ZEB2,miR-200a,TGF-beta,GSC",N,8
6188,"TWIST1,SNAI2,miR-101,SNAI1,ZEB2,miR-200a,ZEB1,GRHL2,OVOL2,TGF-beta,GSC",N,11
6189,"TWIST1,SNAI2,miR-101,SNAI1,ZEB2,miR-200a,ZEB1,OVOL2,TGF-beta,GSC",P,10
6190,"TWIST1,SNAI2,miR-101,SNAI1,ZEB2,miR-200a,ZEB1,miR-34a,TWIST2",P,9
6191,"TWIST1,SNAI2,miR-101,SNAI1,ZEB2,miR-200a,ZEB1,miR-200c,TGF-beta,GSC",N,10
6192,"TWIST1,SNAI2,miR-101,SNAI1,ZEB2,miR-200a,ZEB1,miR-200b,TGF-beta,GSC",P,10
6193,"TWIST1,SNAI2,miR-101,SNAI1,ZEB2,miR-200a,ZEB1,miR-141,TGF-beta,GSC",P,10
6194,"TWIST1,SNAI2,miR-101,SNAI1,ZEB2,miR-200c,TGF-beta,GSC,ZEB1,miR-34a,TWIST2",P,11
6195,"TWIST1,SNAI2,miR-101,SNAI1,ZEB2,miR-200c,TGF-beta,GSC",N,8
6196,"TWIST1,SNAI2,miR-101,SNAI1,ZEB2,miR-200c,ZEB1,GRHL2,OVOL2,TGF-beta,GSC",N,11
6197,"TWIST1,SNAI2,miR-101,SNAI1,ZEB2,miR-200c,ZEB1,OVOL2,TGF-beta,GSC",P,10
6198,"TWIST1,SNAI2,miR-101,SNAI1,ZEB2,miR-200c,ZEB1,miR-34a,TWIST2",P,9
6199,"TWIST1,SNAI2,miR-101,SNAI1,ZEB2,miR-200c,ZEB1,miR-200a,TGF-beta,GSC",P,10
6200,"TWIST1,SNAI2,miR-101,SNAI1,ZEB2,miR-200c,ZEB1,miR-200b,TGF-beta,GSC",P,10
6201,"TWIST1,SNAI2,miR-101,SNAI1,ZEB2,miR-200c,ZEB1,miR-141,TGF-beta,GSC",P,10
6202,"TWIST1,SNAI2,miR-101,SNAI1,ZEB2,miR-200b,TGF-beta,GSC,ZEB1,miR-34a,TWIST2",N,11
6203,"TWIST1,SNAI2,miR-101,SNAI1,ZEB2,miR-200b,TGF-beta,GSC",P,8
6204,"TWIST1,SNAI2,miR-101,SNAI1,ZEB2,miR-200b,ZEB1,GRHL2,OVOL2,TGF-beta,GSC",N,11
6205,"TWIST1,SNAI2,miR-101,SNAI1,ZEB2,miR-200b,ZEB1,OVOL2,TGF-beta,GSC",P,10
6206,"TWIST1,SNAI2,miR-101,SNAI1,ZEB2,miR-200b,ZEB1,miR-34a,TWIST2",P,9
6207,"TWIST1,SNAI2,miR-101,SNAI1,ZEB2,miR-200b,ZEB1,miR-200a,TGF-beta,GSC",P,10
6208,"TWIST1,SNAI2,miR-101,SNAI1,ZEB2,miR-200b,ZEB1,miR-200c,TGF-beta,GSC",N,10
6209,"TWIST1,SNAI2,miR-101,SNAI1,ZEB2,miR-200b,ZEB1,miR-141,TGF-beta,GSC",P,10
6210,"TWIST1,SNAI2,miR-101,SNAI1,ZEB1,GRHL2,NP63,miR-205,ZEB2,miR-200a,TGF-beta,GSC",P,12
6211,"TWIST1,SNAI2,miR-101,SNAI1,ZEB1,GRHL2,NP63,miR-205,ZEB2,miR-200c,TGF-beta,GSC",P,12
6212,"TWIST1,SNAI2,miR-101,SNAI1,ZEB1,GRHL2,NP63,miR-205,ZEB2,miR-200b,TGF-beta,GSC",N,12
6213,"TWIST1,SNAI2,miR-101,SNAI1,ZEB1,GRHL2,OVOL2,TGF-beta,GSC",P,9
6214,"TWIST1,SNAI2,miR-101,SNAI1,ZEB1,GRHL2,OVOL2,NP63,miR-205,ZEB2,miR-200a,TGF-beta,GSC",P,13
6215,"TWIST1,SNAI2,miR-101,SNAI1,ZEB1,GRHL2,OVOL2,NP63,miR-205,ZEB2,miR-200c,TGF-beta,GSC",P,13
6216,"TWIST1,SNAI2,miR-101,SNAI1,ZEB1,GRHL2,OVOL2,NP63,miR-205,ZEB2,miR-200b,TGF-beta,GSC",N,13
6217,"TWIST1,SNAI2,miR-101,SNAI1,ZEB1,OVOL2,TGF-beta,GSC",N,8
6218,"TWIST1,SNAI2,miR-101,SNAI1,ZEB1,OVOL2,NP63,miR-205,ZEB2,miR-200a,TGF-beta,GSC",N,12
6219,"TWIST1,SNAI2,miR-101,SNAI1,ZEB1,OVOL2,NP63,miR-205,ZEB2,miR-200c,TGF-beta,GSC",N,12
6220,"TWIST1,SNAI2,miR-101,SNAI1,ZEB1,OVOL2,NP63,miR-205,ZEB2,miR-200b,TGF-beta,GSC",P,12
6221,"TWIST1,SNAI2,miR-101,SNAI1,ZEB1,miR-34a,TWIST2,ZEB2,miR-200a,TGF-beta,GSC",N,11
6222,"TWIST1,SNAI2,miR-101,SNAI1,ZEB1,miR-34a,TWIST2,ZEB2,miR-200c,TGF-beta,GSC",N,11
6223,"TWIST1,SNAI2,miR-101,SNAI1,ZEB1,miR-34a,TWIST2,ZEB2,miR-200b,TGF-beta,GSC",P,11
6224,"TWIST1,SNAI2,miR-101,SNAI1,ZEB1,miR-34a,TWIST2",N,7
6225,"TWIST1,SNAI2,miR-101,SNAI1,ZEB1,miR-200a,TGF-beta,GSC",N,8
6226,"TWIST1,SNAI2,miR-101,SNAI1,ZEB1,miR-200a,ZEB2,miR-200c,TGF-beta,GSC",P,10
6227,"TWIST1,SNAI2,miR-101,SNAI1,ZEB1,miR-200a,ZEB2,miR-200b,TGF-beta,GSC",N,10
6228,"TWIST1,SNAI2,miR-101,SNAI1,ZEB1,miR-200c,TGF-beta,GSC",P,8
6229,"TWIST1,SNAI2,miR-101,SNAI1,ZEB1,miR-200c,ZEB2,miR-200a,TGF-beta,GSC",P,10
6230,"TWIST1,SNAI2,miR-101,SNAI1,ZEB1,miR-200c,ZEB2,miR-200b,TGF-beta,GSC",N,10
6231,"TWIST1,SNAI2,miR-101,SNAI1,ZEB1,miR-200b,TGF-beta,GSC",N,8
6232,"TWIST1,SNAI2,miR-101,SNAI1,ZEB1,miR-200b,ZEB2,miR-200a,TGF-beta,GSC",P,10
6233,"TWIST1,SNAI2,miR-101,SNAI1,ZEB1,miR-200b,ZEB2,miR-200c,TGF-beta,GSC",P,10
6234,"TWIST1,SNAI2,miR-101,SNAI1,ZEB1,miR-141,TGF-beta,GSC",N,8
6235,"TWIST1,SNAI2,miR-101,SNAI1,ZEB1,miR-141,ZEB2,miR-200a,TGF-beta,GSC",N,10
6236,"TWIST1,SNAI2,miR-101,SNAI1,ZEB1,miR-141,ZEB2,miR-200c,TGF-beta,GSC",N,10
6237,"TWIST1,SNAI2,miR-101,SNAI1,ZEB1,miR-141,ZEB2,miR-200b,TGF-beta,GSC",P,10
6238,"TWIST1,SNAI2,miR-101,SNAI1",N,4
6239,"TWIST1,SNAI2,miR-101,ZEB2,miR-200a,TGF-beta,SNAI1,miR-34a,TWIST2",P,9
6240,"TWIST1,SNAI2,miR-101,ZEB2,miR-200a,TGF-beta,SNAI1,ZEB1,miR-34a,TWIST2",P,10
6241,"TWIST1,SNAI2,miR-101,ZEB2,miR-200a,TGF-beta,SNAI1",P,7
6242,"TWIST1,SNAI2,miR-101,ZEB2,miR-200a,TGF-beta,GSC,ZEB1,miR-34a,TWIST2",N,10
6243,"TWIST1,SNAI2,miR-101,ZEB2,miR-200a,TGF-beta,GSC,ZEB1,miR-34a,TWIST2,SNAI1",P,11
6244,"TWIST1,SNAI2,miR-101,ZEB2,miR-200a,TGF-beta,GSC,ZEB1,miR-34a,SNAI1",P,10
6245,"TWIST1,SNAI2,miR-101,ZEB2,miR-200a,TGF-beta,GSC",P,7
6246,"TWIST1,SNAI2,miR-101,ZEB2,miR-200a,TGF-beta,GSC,SNAI1,miR-34a,TWIST2",N,10
6247,"TWIST1,SNAI2,miR-101,ZEB2,miR-200a,TGF-beta,GSC,SNAI1,ZEB1,miR-34a,TWIST2",N,11
6248,"TWIST1,SNAI2,miR-101,ZEB2,miR-200a,TGF-beta,GSC,SNAI1",N,8
6249,"TWIST1,SNAI2,miR-101,ZEB2,miR-200a,ZEB1,GRHL2,OVOL2,TGF-beta,SNAI1,miR-34a,TWIST2",P,12
6250,"TWIST1,SNAI2,miR-101,ZEB2,miR-200a,ZEB1,GRHL2,OVOL2,TGF-beta,SNAI1",P,10
6251,"TWIST1,SNAI2,miR-101,ZEB2,miR-200a,ZEB1,GRHL2,OVOL2,TGF-beta,GSC",P,10
6252,"TWIST1,SNAI2,miR-101,ZEB2,miR-200a,ZEB1,GRHL2,OVOL2,TGF-beta,GSC,SNAI1,miR-34a,TWIST2",N,13
6253,"TWIST1,SNAI2,miR-101,ZEB2,miR-200a,ZEB1,GRHL2,OVOL2,TGF-beta,GSC,SNAI1",N,11
6254,"TWIST1,SNAI2,miR-101,ZEB2,miR-200a,ZEB1,OVOL2,TGF-beta,SNAI1,miR-34a,TWIST2",N,11
6255,"TWIST1,SNAI2,miR-101,ZEB2,miR-200a,ZEB1,OVOL2,TGF-beta,SNAI1",N,9
6256,"TWIST1,SNAI2,miR-101,ZEB2,miR-200a,ZEB1,OVOL2,TGF-beta,GSC",N,9
6257,"TWIST1,SNAI2,miR-101,ZEB2,miR-200a,ZEB1,OVOL2,TGF-beta,GSC,SNAI1,miR-34a,TWIST2",P,12
6258,"TWIST1,SNAI2,miR-101,ZEB2,miR-200a,ZEB1,OVOL2,TGF-beta,GSC,SNAI1",P,10
6259,"TWIST1,SNAI2,miR-101,ZEB2,miR-200a,ZEB1,miR-34a,TWIST2",N,8
6260,"TWIST1,SNAI2,miR-101,ZEB2,miR-200a,ZEB1,miR-34a,TWIST2,SNAI1",P,9
6261,"TWIST1,SNAI2,miR-101,ZEB2,miR-200a,ZEB1,miR-34a,SNAI1",P,8
6262,"TWIST1,SNAI2,miR-101,ZEB2,miR-200a,ZEB1,miR-200c,TGF-beta,SNAI1,miR-34a,TWIST2",P,11
6263,"TWIST1,SNAI2,miR-101,ZEB2,miR-200a,ZEB1,miR-200c,TGF-beta,SNAI1",P,9
6264,"TWIST1,SNAI2,miR-101,ZEB2,miR-200a,ZEB1,miR-200c,TGF-beta,GSC",P,9
6265,"TWIST1,SNAI2,miR-101,ZEB2,miR-200a,ZEB1,miR-200c,TGF-beta,GSC,SNAI1,miR-34a,TWIST2",N,12
6266,"TWIST1,SNAI2,miR-101,ZEB2,miR-200a,ZEB1,miR-200c,TGF-beta,GSC,SNAI1",N,10
6267,"TWIST1,SNAI2,miR-101,ZEB2,miR-200a,ZEB1,miR-200b,TGF-beta,SNAI1,miR-34a,TWIST2",N,11
6268,"TWIST1,SNAI2,miR-101,ZEB2,miR-200a,ZEB1,miR-200b,TGF-beta,SNAI1",N,9
6269,"TWIST1,SNAI2,miR-101,ZEB2,miR-200a,ZEB1,miR-200b,TGF-beta,GSC",N,9
6270,"TWIST1,SNAI2,miR-101,ZEB2,miR-200a,ZEB1,miR-200b,TGF-beta,GSC,SNAI1,miR-34a,TWIST2",P,12
6271,"TWIST1,SNAI2,miR-101,ZEB2,miR-200a,ZEB1,miR-200b,TGF-beta,GSC,SNAI1",P,10
6272,"TWIST1,SNAI2,miR-101,ZEB2,miR-200a,ZEB1,miR-141,TGF-beta,SNAI1,miR-34a,TWIST2",N,11
6273,"TWIST1,SNAI2,miR-101,ZEB2,miR-200a,ZEB1,miR-141,TGF-beta,SNAI1",N,9
6274,"TWIST1,SNAI2,miR-101,ZEB2,miR-200a,ZEB1,miR-141,TGF-beta,GSC",N,9
6275,"TWIST1,SNAI2,miR-101,ZEB2,miR-200a,ZEB1,miR-141,TGF-beta,GSC,SNAI1,miR-34a,TWIST2",P,12
6276,"TWIST1,SNAI2,miR-101,ZEB2,miR-200a,ZEB1,miR-141,TGF-beta,GSC,SNAI1",P,10
6277,"TWIST1,SNAI2,miR-101,ZEB2,miR-200c,TGF-beta,SNAI1,miR-34a,TWIST2",P,9
6278,"TWIST1,SNAI2,miR-101,ZEB2,miR-200c,TGF-beta,SNAI1,ZEB1,miR-34a,TWIST2",P,10
6279,"TWIST1,SNAI2,miR-101,ZEB2,miR-200c,TGF-beta,SNAI1",P,7
6280,"TWIST1,SNAI2,miR-101,ZEB2,miR-200c,TGF-beta,GSC,ZEB1,miR-34a,TWIST2",N,10
6281,"TWIST1,SNAI2,miR-101,ZEB2,miR-200c,TGF-beta,GSC,ZEB1,miR-34a,TWIST2,SNAI1",P,11
6282,"TWIST1,SNAI2,miR-101,ZEB2,miR-200c,TGF-beta,GSC,ZEB1,miR-34a,SNAI1",P,10
6283,"TWIST1,SNAI2,miR-101,ZEB2,miR-200c,TGF-beta,GSC",P,7
6284,"TWIST1,SNAI2,miR-101,ZEB2,miR-200c,TGF-beta,GSC,SNAI1,miR-34a,TWIST2",N,10
6285,"TWIST1,SNAI2,miR-101,ZEB2,miR-200c,TGF-beta,GSC,SNAI1,ZEB1,miR-34a,TWIST2",N,11
6286,"TWIST1,SNAI2,miR-101,ZEB2,miR-200c,TGF-beta,GSC,SNAI1",N,8
6287,"TWIST1,SNAI2,miR-101,ZEB2,miR-200c,ZEB1,GRHL2,OVOL2,TGF-beta,SNAI1,miR-34a,TWIST2",P,12
6288,"TWIST1,SNAI2,miR-101,ZEB2,miR-200c,ZEB1,GRHL2,OVOL2,TGF-beta,SNAI1",P,10
6289,"TWIST1,SNAI2,miR-101,ZEB2,miR-200c,ZEB1,GRHL2,OVOL2,TGF-beta,GSC",P,10
6290,"TWIST1,SNAI2,miR-101,ZEB2,miR-200c,ZEB1,GRHL2,OVOL2,TGF-beta,GSC,SNAI1,miR-34a,TWIST2",N,13
6291,"TWIST1,SNAI2,miR-101,ZEB2,miR-200c,ZEB1,GRHL2,OVOL2,TGF-beta,GSC,SNAI1",N,11
6292,"TWIST1,SNAI2,miR-101,ZEB2,miR-200c,ZEB1,OVOL2,TGF-beta,SNAI1,miR-34a,TWIST2",N,11
6293,"TWIST1,SNAI2,miR-101,ZEB2,miR-200c,ZEB1,OVOL2,TGF-beta,SNAI1",N,9
6294,"TWIST1,SNAI2,miR-101,ZEB2,miR-200c,ZEB1,OVOL2,TGF-beta,GSC",N,9
6295,"TWIST1,SNAI2,miR-101,ZEB2,miR-200c,ZEB1,OVOL2,TGF-beta,GSC,SNAI1,miR-34a,TWIST2",P,12
6296,"TWIST1,SNAI2,miR-101,ZEB2,miR-200c,ZEB1,OVOL2,TGF-beta,GSC,SNAI1",P,10
6297,"TWIST1,SNAI2,miR-101,ZEB2,miR-200c,ZEB1,miR-34a,TWIST2",N,8
6298,"TWIST1,SNAI2,miR-101,ZEB2,miR-200c,ZEB1,miR-34a,TWIST2,SNAI1",P,9
6299,"TWIST1,SNAI2,miR-101,ZEB2,miR-200c,ZEB1,miR-34a,SNAI1",P,8
6300,"TWIST1,SNAI2,miR-101,ZEB2,miR-200c,ZEB1,miR-200a,TGF-beta,SNAI1,miR-34a,TWIST2",N,11
6301,"TWIST1,SNAI2,miR-101,ZEB2,miR-200c,ZEB1,miR-200a,TGF-beta,SNAI1",N,9
6302,"TWIST1,SNAI2,miR-101,ZEB2,miR-200c,ZEB1,miR-200a,TGF-beta,GSC",N,9
6303,"TWIST1,SNAI2,miR-101,ZEB2,miR-200c,ZEB1,miR-200a,TGF-beta,GSC,SNAI1,miR-34a,TWIST2",P,12
6304,"TWIST1,SNAI2,miR-101,ZEB2,miR-200c,ZEB1,miR-200a,TGF-beta,GSC,SNAI1",P,10
6305,"TWIST1,SNAI2,miR-101,ZEB2,miR-200c,ZEB1,miR-200b,TGF-beta,SNAI1,miR-34a,TWIST2",N,11
6306,"TWIST1,SNAI2,miR-101,ZEB2,miR-200c,ZEB1,miR-200b,TGF-beta,SNAI1",N,9
6307,"TWIST1,SNAI2,miR-101,ZEB2,miR-200c,ZEB1,miR-200b,TGF-beta,GSC",N,9
6308,"TWIST1,SNAI2,miR-101,ZEB2,miR-200c,ZEB1,miR-200b,TGF-beta,GSC,SNAI1,miR-34a,TWIST2",P,12
6309,"TWIST1,SNAI2,miR-101,ZEB2,miR-200c,ZEB1,miR-200b,TGF-beta,GSC,SNAI1",P,10
6310,"TWIST1,SNAI2,miR-101,ZEB2,miR-200c,ZEB1,miR-141,TGF-beta,SNAI1,miR-34a,TWIST2",N,11
6311,"TWIST1,SNAI2,miR-101,ZEB2,miR-200c,ZEB1,miR-141,TGF-beta,SNAI1",N,9
6312,"TWIST1,SNAI2,miR-101,ZEB2,miR-200c,ZEB1,miR-141,TGF-beta,GSC",N,9
6313,"TWIST1,SNAI2,miR-101,ZEB2,miR-200c,ZEB1,miR-141,TGF-beta,GSC,SNAI1,miR-34a,TWIST2",P,12
6314,"TWIST1,SNAI2,miR-101,ZEB2,miR-200c,ZEB1,miR-141,TGF-beta,GSC,SNAI1",P,10
6315,"TWIST1,SNAI2,miR-101,ZEB2,miR-200b,TGF-beta,SNAI1,miR-34a,TWIST2",N,9
6316,"TWIST1,SNAI2,miR-101,ZEB2,miR-200b,TGF-beta,SNAI1,ZEB1,miR-34a,TWIST2",N,10
6317,"TWIST1,SNAI2,miR-101,ZEB2,miR-200b,TGF-beta,SNAI1",N,7
6318,"TWIST1,SNAI2,miR-101,ZEB2,miR-200b,TGF-beta,GSC,ZEB1,miR-34a,TWIST2",P,10
6319,"TWIST1,SNAI2,miR-101,ZEB2,miR-200b,TGF-beta,GSC,ZEB1,miR-34a,TWIST2,SNAI1",N,11
6320,"TWIST1,SNAI2,miR-101,ZEB2,miR-200b,TGF-beta,GSC,ZEB1,miR-34a,SNAI1",N,10
6321,"TWIST1,SNAI2,miR-101,ZEB2,miR-200b,TGF-beta,GSC",N,7
6322,"TWIST1,SNAI2,miR-101,ZEB2,miR-200b,TGF-beta,GSC,SNAI1,miR-34a,TWIST2",P,10
6323,"TWIST1,SNAI2,miR-101,ZEB2,miR-200b,TGF-beta,GSC,SNAI1,ZEB1,miR-34a,TWIST2",P,11
6324,"TWIST1,SNAI2,miR-101,ZEB2,miR-200b,TGF-beta,GSC,SNAI1",P,8
6325,"TWIST1,SNAI2,miR-101,ZEB2,miR-200b,ZEB1,GRHL2,OVOL2,TGF-beta,SNAI1,miR-34a,TWIST2",P,12
6326,"TWIST1,SNAI2,miR-101,ZEB2,miR-200b,ZEB1,GRHL2,OVOL2,TGF-beta,SNAI1",P,10
6327,"TWIST1,SNAI2,miR-101,ZEB2,miR-200b,ZEB1,GRHL2,OVOL2,TGF-beta,GSC",P,10
6328,"TWIST1,SNAI2,miR-101,ZEB2,miR-200b,ZEB1,GRHL2,OVOL2,TGF-beta,GSC,SNAI1,miR-34a,TWIST2",N,13
6329,"TWIST1,SNAI2,miR-101,ZEB2,miR-200b,ZEB1,GRHL2,OVOL2,TGF-beta,GSC,SNAI1",N,11
6330,"TWIST1,SNAI2,miR-101,ZEB2,miR-200b,ZEB1,OVOL2,TGF-beta,SNAI1,miR-34a,TWIST2",N,11
6331,"TWIST1,SNAI2,miR-101,ZEB2,miR-200b,ZEB1,OVOL2,TGF-beta,SNAI1",N,9
6332,"TWIST1,SNAI2,miR-101,ZEB2,miR-200b,ZEB1,OVOL2,TGF-beta,GSC",N,9
6333,"TWIST1,SNAI2,miR-101,ZEB2,miR-200b,ZEB1,OVOL2,TGF-beta,GSC,SNAI1,miR-34a,TWIST2",P,12
6334,"TWIST1,SNAI2,miR-101,ZEB2,miR-200b,ZEB1,OVOL2,TGF-beta,GSC,SNAI1",P,10
6335,"TWIST1,SNAI2,miR-101,ZEB2,miR-200b,ZEB1,miR-34a,TWIST2",N,8
6336,"TWIST1,SNAI2,miR-101,ZEB2,miR-200b,ZEB1,miR-34a,TWIST2,SNAI1",P,9
6337,"TWIST1,SNAI2,miR-101,ZEB2,miR-200b,ZEB1,miR-34a,SNAI1",P,8
6338,"TWIST1,SNAI2,miR-101,ZEB2,miR-200b,ZEB1,miR-200a,TGF-beta,SNAI1,miR-34a,TWIST2",N,11
6339,"TWIST1,SNAI2,miR-101,ZEB2,miR-200b,ZEB1,miR-200a,TGF-beta,SNAI1",N,9
6340,"TWIST1,SNAI2,miR-101,ZEB2,miR-200b,ZEB1,miR-200a,TGF-beta,GSC",N,9
6341,"TWIST1,SNAI2,miR-101,ZEB2,miR-200b,ZEB1,miR-200a,TGF-beta,GSC,SNAI1,miR-34a,TWIST2",P,12
6342,"TWIST1,SNAI2,miR-101,ZEB2,miR-200b,ZEB1,miR-200a,TGF-beta,GSC,SNAI1",P,10
6343,"TWIST1,SNAI2,miR-101,ZEB2,miR-200b,ZEB1,miR-200c,TGF-beta,SNAI1,miR-34a,TWIST2",P,11
6344,"TWIST1,SNAI2,miR-101,ZEB2,miR-200b,ZEB1,miR-200c,TGF-beta,SNAI1",P,9
6345,"TWIST1,SNAI2,miR-101,ZEB2,miR-200b,ZEB1,miR-200c,TGF-beta,GSC",P,9
6346,"TWIST1,SNAI2,miR-101,ZEB2,miR-200b,ZEB1,miR-200c,TGF-beta,GSC,SNAI1,miR-34a,TWIST2",N,12
6347,"TWIST1,SNAI2,miR-101,ZEB2,miR-200b,ZEB1,miR-200c,TGF-beta,GSC,SNAI1",N,10
6348,"TWIST1,SNAI2,miR-101,ZEB2,miR-200b,ZEB1,miR-141,TGF-beta,SNAI1,miR-34a,TWIST2",N,11
6349,"TWIST1,SNAI2,miR-101,ZEB2,miR-200b,ZEB1,miR-141,TGF-beta,SNAI1",N,9
6350,"TWIST1,SNAI2,miR-101,ZEB2,miR-200b,ZEB1,miR-141,TGF-beta,GSC",N,9
6351,"TWIST1,SNAI2,miR-101,ZEB2,miR-200b,ZEB1,miR-141,TGF-beta,GSC,SNAI1,miR-34a,TWIST2",P,12
6352,"TWIST1,SNAI2,miR-101,ZEB2,miR-200b,ZEB1,miR-141,TGF-beta,GSC,SNAI1",P,10
6353,"TWIST1,SNAI2,miR-101,ZEB1,GRHL2,NP63,miR-205,ZEB2,miR-200a,TGF-beta,SNAI1,miR-34a,TWIST2",N,13
6354,"TWIST1,SNAI2,miR-101,ZEB1,GRHL2,NP63,miR-205,ZEB2,miR-200a,TGF-beta,SNAI1",N,11
6355,"TWIST1,SNAI2,miR-101,ZEB1,GRHL2,NP63,miR-205,ZEB2,miR-200a,TGF-beta,GSC",N,11
6356,"TWIST1,SNAI2,miR-101,ZEB1,GRHL2,NP63,miR-205,ZEB2,miR-200a,TGF-beta,GSC,SNAI1,miR-34a,TWIST2",P,14
6357,"TWIST1,SNAI2,miR-101,ZEB1,GRHL2,NP63,miR-205,ZEB2,miR-200a,TGF-beta,GSC,SNAI1",P,12
6358,"TWIST1,SNAI2,miR-101,ZEB1,GRHL2,NP63,miR-205,ZEB2,miR-200c,TGF-beta,SNAI1,miR-34a,TWIST2",N,13
6359,"TWIST1,SNAI2,miR-101,ZEB1,GRHL2,NP63,miR-205,ZEB2,miR-200c,TGF-beta,SNAI1",N,11
6360,"TWIST1,SNAI2,miR-101,ZEB1,GRHL2,NP63,miR-205,ZEB2,miR-200c,TGF-beta,GSC",N,11
6361,"TWIST1,SNAI2,miR-101,ZEB1,GRHL2,NP63,miR-205,ZEB2,miR-200c,TGF-beta,GSC,SNAI1,miR-34a,TWIST2",P,14
6362,"TWIST1,SNAI2,miR-101,ZEB1,GRHL2,NP63,miR-205,ZEB2,miR-200c,TGF-beta,GSC,SNAI1",P,12
6363,"TWIST1,SNAI2,miR-101,ZEB1,GRHL2,NP63,miR-205,ZEB2,miR-200b,TGF-beta,SNAI1,miR-34a,TWIST2",P,13
6364,"TWIST1,SNAI2,miR-101,ZEB1,GRHL2,NP63,miR-205,ZEB2,miR-200b,TGF-beta,SNAI1",P,11
6365,"TWIST1,SNAI2,miR-101,ZEB1,GRHL2,NP63,miR-205,ZEB2,miR-200b,TGF-beta,GSC",P,11
6366,"TWIST1,SNAI2,miR-101,ZEB1,GRHL2,NP63,miR-205,ZEB2,miR-200b,TGF-beta,GSC,SNAI1,miR-34a,TWIST2",N,14
6367,"TWIST1,SNAI2,miR-101,ZEB1,GRHL2,NP63,miR-205,ZEB2,miR-200b,TGF-beta,GSC,SNAI1",N,12
6368,"TWIST1,SNAI2,miR-101,ZEB1,GRHL2,OVOL2,TGF-beta,SNAI1,miR-34a,TWIST2",N,10
6369,"TWIST1,SNAI2,miR-101,ZEB1,GRHL2,OVOL2,TGF-beta,SNAI1",N,8
6370,"TWIST1,SNAI2,miR-101,ZEB1,GRHL2,OVOL2,TGF-beta,GSC",N,8
6371,"TWIST1,SNAI2,miR-101,ZEB1,GRHL2,OVOL2,TGF-beta,GSC,SNAI1,miR-34a,TWIST2",P,11
6372,"TWIST1,SNAI2,miR-101,ZEB1,GRHL2,OVOL2,TGF-beta,GSC,SNAI1",P,9
6373,"TWIST1,SNAI2,miR-101,ZEB1,GRHL2,OVOL2,NP63,miR-205,ZEB2,miR-200a,TGF-beta,SNAI1,miR-34a,TWIST2",N,14
6374,"TWIST1,SNAI2,miR-101,ZEB1,GRHL2,OVOL2,NP63,miR-205,ZEB2,miR-200a,TGF-beta,SNAI1",N,12
6375,"TWIST1,SNAI2,miR-101,ZEB1,GRHL2,OVOL2,NP63,miR-205,ZEB2,miR-200a,TGF-beta,GSC",N,12
6376,"TWIST1,SNAI2,miR-101,ZEB1,GRHL2,OVOL2,NP63,miR-205,ZEB2,miR-200a,TGF-beta,GSC,SNAI1,miR-34a,TWIST2",P,15
6377,"TWIST1,SNAI2,miR-101,ZEB1,GRHL2,OVOL2,NP63,miR-205,ZEB2,miR-200a,TGF-beta,GSC,SNAI1",P,13
6378,"TWIST1,SNAI2,miR-101,ZEB1,GRHL2,OVOL2,NP63,miR-205,ZEB2,miR-200c,TGF-beta,SNAI1,miR-34a,TWIST2",N,14
6379,"TWIST1,SNAI2,miR-101,ZEB1,GRHL2,OVOL2,NP63,miR-205,ZEB2,miR-200c,TGF-beta,SNAI1",N,12
6380,"TWIST1,SNAI2,miR-101,ZEB1,GRHL2,OVOL2,NP63,miR-205,ZEB2,miR-200c,TGF-beta,GSC",N,12
6381,"TWIST1,SNAI2,miR-101,ZEB1,GRHL2,OVOL2,NP63,miR-205,ZEB2,miR-200c,TGF-beta,GSC,SNAI1,miR-34a,TWIST2",P,15
6382,"TWIST1,SNAI2,miR-101,ZEB1,GRHL2,OVOL2,NP63,miR-205,ZEB2,miR-200c,TGF-beta,GSC,SNAI1",P,13
6383,"TWIST1,SNAI2,miR-101,ZEB1,GRHL2,OVOL2,NP63,miR-205,ZEB2,miR-200b,TGF-beta,SNAI1,miR-34a,TWIST2",P,14
6384,"TWIST1,SNAI2,miR-101,ZEB1,GRHL2,OVOL2,NP63,miR-205,ZEB2,miR-200b,TGF-beta,SNAI1",P,12
6385,"TWIST1,SNAI2,miR-101,ZEB1,GRHL2,OVOL2,NP63,miR-205,ZEB2,miR-200b,TGF-beta,GSC",P,12
6386,"TWIST1,SNAI2,miR-101,ZEB1,GRHL2,OVOL2,NP63,miR-205,ZEB2,miR-200b,TGF-beta,GSC,SNAI1,miR-34a,TWIST2",N,15
6387,"TWIST1,SNAI2,miR-101,ZEB1,GRHL2,OVOL2,NP63,miR-205,ZEB2,miR-200b,TGF-beta,GSC,SNAI1",N,13
6388,"TWIST1,SNAI2,miR-101,ZEB1,OVOL2,TGF-beta,SNAI1,miR-34a,TWIST2",P,9
6389,"TWIST1,SNAI2,miR-101,ZEB1,OVOL2,TGF-beta,SNAI1",P,7
6390,"TWIST1,SNAI2,miR-101,ZEB1,OVOL2,TGF-beta,GSC",P,7
6391,"TWIST1,SNAI2,miR-101,ZEB1,OVOL2,TGF-beta,GSC,SNAI1,miR-34a,TWIST2",N,10
6392,"TWIST1,SNAI2,miR-101,ZEB1,OVOL2,TGF-beta,GSC,SNAI1",N,8
6393,"TWIST1,SNAI2,miR-101,ZEB1,OVOL2,NP63,miR-205,ZEB2,miR-200a,TGF-beta,SNAI1,miR-34a,TWIST2",P,13
6394,"TWIST1,SNAI2,miR-101,ZEB1,OVOL2,NP63,miR-205,ZEB2,miR-200a,TGF-beta,SNAI1",P,11
6395,"TWIST1,SNAI2,miR-101,ZEB1,OVOL2,NP63,miR-205,ZEB2,miR-200a,TGF-beta,GSC",P,11
6396,"TWIST1,SNAI2,miR-101,ZEB1,OVOL2,NP63,miR-205,ZEB2,miR-200a,TGF-beta,GSC,SNAI1,miR-34a,TWIST2",N,14
6397,"TWIST1,SNAI2,miR-101,ZEB1,OVOL2,NP63,miR-205,ZEB2,miR-200a,TGF-beta,GSC,SNAI1",N,12
6398,"TWIST1,SNAI2,miR-101,ZEB1,OVOL2,NP63,miR-205,ZEB2,miR-200c,TGF-beta,SNAI1,miR-34a,TWIST2",P,13
6399,"TWIST1,SNAI2,miR-101,ZEB1,OVOL2,NP63,miR-205,ZEB2,miR-200c,TGF-beta,SNAI1",P,11
6400,"TWIST1,SNAI2,miR-101,ZEB1,OVOL2,NP63,miR-205,ZEB2,miR-200c,TGF-beta,GSC",P,11
6401,"TWIST1,SNAI2,miR-101,ZEB1,OVOL2,NP63,miR-205,ZEB2,miR-200c,TGF-beta,GSC,SNAI1,miR-34a,TWIST2",N,14
6402,"TWIST1,SNAI2,miR-101,ZEB1,OVOL2,NP63,miR-205,ZEB2,miR-200c,TGF-beta,GSC,SNAI1",N,12
6403,"TWIST1,SNAI2,miR-101,ZEB1,OVOL2,NP63,miR-205,ZEB2,miR-200b,TGF-beta,SNAI1,miR-34a,TWIST2",N,13
6404,"TWIST1,SNAI2,miR-101,ZEB1,OVOL2,NP63,miR-205,ZEB2,miR-200b,TGF-beta,SNAI1",N,11
6405,"TWIST1,SNAI2,miR-101,ZEB1,OVOL2,NP63,miR-205,ZEB2,miR-200b,TGF-beta,GSC",N,11
6406,"TWIST1,SNAI2,miR-101,ZEB1,OVOL2,NP63,miR-205,ZEB2,miR-200b,TGF-beta,GSC,SNAI1,miR-34a,TWIST2",P,14
6407,"TWIST1,SNAI2,miR-101,ZEB1,OVOL2,NP63,miR-205,ZEB2,miR-200b,TGF-beta,GSC,SNAI1",P,12
6408,"TWIST1,SNAI2,miR-101,ZEB1,miR-34a,TWIST2,ZEB2,miR-200a,TGF-beta,SNAI1",P,10
6409,"TWIST1,SNAI2,miR-101,ZEB1,miR-34a,TWIST2,ZEB2,miR-200a,TGF-beta,GSC",P,10
6410,"TWIST1,SNAI2,miR-101,ZEB1,miR-34a,TWIST2,ZEB2,miR-200a,TGF-beta,GSC,SNAI1",N,11
6411,"TWIST1,SNAI2,miR-101,ZEB1,miR-34a,TWIST2,ZEB2,miR-200c,TGF-beta,SNAI1",P,10
6412,"TWIST1,SNAI2,miR-101,ZEB1,miR-34a,TWIST2,ZEB2,miR-200c,TGF-beta,GSC",P,10
6413,"TWIST1,SNAI2,miR-101,ZEB1,miR-34a,TWIST2,ZEB2,miR-200c,TGF-beta,GSC,SNAI1",N,11
6414,"TWIST1,SNAI2,miR-101,ZEB1,miR-34a,TWIST2,ZEB2,miR-200b,TGF-beta,SNAI1",N,10
6415,"TWIST1,SNAI2,miR-101,ZEB1,miR-34a,TWIST2,ZEB2,miR-200b,TGF-beta,GSC",N,10
6416,"TWIST1,SNAI2,miR-101,ZEB1,miR-34a,TWIST2,ZEB2,miR-200b,TGF-beta,GSC,SNAI1",P,11
6417,"TWIST1,SNAI2,miR-101,ZEB1,miR-34a,TWIST2",P,6
6418,"TWIST1,SNAI2,miR-101,ZEB1,miR-34a,TWIST2,SNAI1,ZEB2,miR-200a,TGF-beta,GSC",N,11
6419,"TWIST1,SNAI2,miR-101,ZEB1,miR-34a,TWIST2,SNAI1,ZEB2,miR-200c,TGF-beta,GSC",N,11
6420,"TWIST1,SNAI2,miR-101,ZEB1,miR-34a,TWIST2,SNAI1,ZEB2,miR-200b,TGF-beta,GSC",P,11
6421,"TWIST1,SNAI2,miR-101,ZEB1,miR-34a,TWIST2,SNAI1",N,7
6422,"TWIST1,SNAI2,miR-101,ZEB1,miR-34a,SNAI1,ZEB2,miR-200a,TGF-beta,GSC",N,10
6423,"TWIST1,SNAI2,miR-101,ZEB1,miR-34a,SNAI1,ZEB2,miR-200c,TGF-beta,GSC",N,10
6424,"TWIST1,SNAI2,miR-101,ZEB1,miR-34a,SNAI1,ZEB2,miR-200b,TGF-beta,GSC",P,10
6425,"TWIST1,SNAI2,miR-101,ZEB1,miR-34a,SNAI1",N,6
6426,"TWIST1,SNAI2,miR-101,ZEB1,miR-200a,TGF-beta,SNAI1,miR-34a,TWIST2",P,9
6427,"TWIST1,SNAI2,miR-101,ZEB1,miR-200a,TGF-beta,SNAI1",P,7
6428,"TWIST1,SNAI2,miR-101,ZEB1,miR-200a,TGF-beta,GSC",P,7
6429,"TWIST1,SNAI2,miR-101,ZEB1,miR-200a,TGF-beta,GSC,SNAI1,miR-34a,TWIST2",N,10
6430,"TWIST1,SNAI2,miR-101,ZEB1,miR-200a,TGF-beta,GSC,SNAI1",N,8
6431,"TWIST1,SNAI2,miR-101,ZEB1,miR-200a,ZEB2,miR-200c,TGF-beta,SNAI1,miR-34a,TWIST2",N,11
6432,"TWIST1,SNAI2,miR-101,ZEB1,miR-200a,ZEB2,miR-200c,TGF-beta,SNAI1",N,9
6433,"TWIST1,SNAI2,miR-101,ZEB1,miR-200a,ZEB2,miR-200c,TGF-beta,GSC",N,9
6434,"TWIST1,SNAI2,miR-101,ZEB1,miR-200a,ZEB2,miR-200c,TGF-beta,GSC,SNAI1,miR-34a,TWIST2",P,12
6435,"TWIST1,SNAI2,miR-101,ZEB1,miR-200a,ZEB2,miR-200c,TGF-beta,GSC,SNAI1",P,10
6436,"TWIST1,SNAI2,miR-101,ZEB1,miR-200a,ZEB2,miR-200b,TGF-beta,SNAI1,miR-34a,TWIST2",P,11
6437,"TWIST1,SNAI2,miR-101,ZEB1,miR-200a,ZEB2,miR-200b,TGF-beta,SNAI1",P,9
6438,"TWIST1,SNAI2,miR-101,ZEB1,miR-200a,ZEB2,miR-200b,TGF-beta,GSC",P,9
6439,"TWIST1,SNAI2,miR-101,ZEB1,miR-200a,ZEB2,miR-200b,TGF-beta,GSC,SNAI1,miR-34a,TWIST2",N,12
6440,"TWIST1,SNAI2,miR-101,ZEB1,miR-200a,ZEB2,miR-200b,TGF-beta,GSC,SNAI1",N,10
6441,"TWIST1,SNAI2,miR-101,ZEB1,miR-200c,TGF-beta,SNAI1,miR-34a,TWIST2",N,9
6442,"TWIST1,SNAI2,miR-101,ZEB1,miR-200c,TGF-beta,SNAI1",N,7
6443,"TWIST1,SNAI2,miR-101,ZEB1,miR-200c,TGF-beta,GSC",N,7
6444,"TWIST1,SNAI2,miR-101,ZEB1,miR-200c,TGF-beta,GSC,SNAI1,miR-34a,TWIST2",P,10
6445,"TWIST1,SNAI2,miR-101,ZEB1,miR-200c,TGF-beta,GSC,SNAI1",P,8
6446,"TWIST1,SNAI2,miR-101,ZEB1,miR-200c,ZEB2,miR-200a,TGF-beta,SNAI1,miR-34a,TWIST2",N,11
6447,"TWIST1,SNAI2,miR-101,ZEB1,miR-200c,ZEB2,miR-200a,TGF-beta,SNAI1",N,9
6448,"TWIST1,SNAI2,miR-101,ZEB1,miR-200c,ZEB2,miR-200a,TGF-beta,GSC",N,9
6449,"TWIST1,SNAI2,miR-101,ZEB1,miR-200c,ZEB2,miR-200a,TGF-beta,GSC,SNAI1,miR-34a,TWIST2",P,12
6450,"TWIST1,SNAI2,miR-101,ZEB1,miR-200c,ZEB2,miR-200a,TGF-beta,GSC,SNAI1",P,10
6451,"TWIST1,SNAI2,miR-101,ZEB1,miR-200c,ZEB2,miR-200b,TGF-beta,SNAI1,miR-34a,TWIST2",P,11
6452,"TWIST1,SNAI2,miR-101,ZEB1,miR-200c,ZEB2,miR-200b,TGF-beta,SNAI1",P,9
6453,"TWIST1,SNAI2,miR-101,ZEB1,miR-200c,ZEB2,miR-200b,TGF-beta,GSC",P,9
6454,"TWIST1,SNAI2,miR-101,ZEB1,miR-200c,ZEB2,miR-200b,TGF-beta,GSC,SNAI1,miR-34a,TWIST2",N,12
6455,"TWIST1,SNAI2,miR-101,ZEB1,miR-200c,ZEB2,miR-200b,TGF-beta,GSC,SNAI1",N,10
6456,"TWIST1,SNAI2,miR-101,ZEB1,miR-200b,TGF-beta,SNAI1,miR-34a,TWIST2",P,9
6457,"TWIST1,SNAI2,miR-101,ZEB1,miR-200b,TGF-beta,SNAI1",P,7
6458,"TWIST1,SNAI2,miR-101,ZEB1,miR-200b,TGF-beta,GSC",P,7
6459,"TWIST1,SNAI2,miR-101,ZEB1,miR-200b,TGF-beta,GSC,SNAI1,miR-34a,TWIST2",N,10
6460,"TWIST1,SNAI2,miR-101,ZEB1,miR-200b,TGF-beta,GSC,SNAI1",N,8
6461,"TWIST1,SNAI2,miR-101,ZEB1,miR-200b,ZEB2,miR-200a,TGF-beta,SNAI1,miR-34a,TWIST2",N,11
6462,"TWIST1,SNAI2,miR-101,ZEB1,miR-200b,ZEB2,miR-200a,TGF-beta,SNAI1",N,9
6463,"TWIST1,SNAI2,miR-101,ZEB1,miR-200b,ZEB2,miR-200a,TGF-beta,GSC",N,9
6464,"TWIST1,SNAI2,miR-101,ZEB1,miR-200b,ZEB2,miR-200a,TGF-beta,GSC,SNAI1,miR-34a,TWIST2",P,12
6465,"TWIST1,SNAI2,miR-101,ZEB1,miR-200b,ZEB2,miR-200a,TGF-beta,GSC,SNAI1",P,10
6466,"TWIST1,SNAI2,miR-101,ZEB1,miR-200b,ZEB2,miR-200c,TGF-beta,SNAI1,miR-34a,TWIST2",N,11
6467,"TWIST1,SNAI2,miR-101,ZEB1,miR-200b,ZEB2,miR-200c,TGF-beta,SNAI1",N,9
6468,"TWIST1,SNAI2,miR-101,ZEB1,miR-200b,ZEB2,miR-200c,TGF-beta,GSC",N,9
6469,"TWIST1,SNAI2,miR-101,ZEB1,miR-200b,ZEB2,miR-200c,TGF-beta,GSC,SNAI1,miR-34a,TWIST2",P,12
6470,"TWIST1,SNAI2,miR-101,ZEB1,miR-200b,ZEB2,miR-200c,TGF-beta,GSC,SNAI1",P,10
6471,"TWIST1,SNAI2,miR-101,ZEB1,miR-141,TGF-beta,SNAI1,miR-34a,TWIST2",P,9
6472,"TWIST1,SNAI2,miR-101,ZEB1,miR-141,TGF-beta,SNAI1",P,7
6473,"TWIST1,SNAI2,miR-101,ZEB1,miR-141,TGF-beta,GSC",P,7
6474,"TWIST1,SNAI2,miR-101,ZEB1,miR-141,TGF-beta,GSC,SNAI1,miR-34a,TWIST2",N,10
6475,"TWIST1,SNAI2,miR-101,ZEB1,miR-141,TGF-beta,GSC,SNAI1",N,8
6476,"TWIST1,SNAI2,miR-101,ZEB1,miR-141,ZEB2,miR-200a,TGF-beta,SNAI1,miR-34a,TWIST2",P,11
6477,"TWIST1,SNAI2,miR-101,ZEB1,miR-141,ZEB2,miR-200a,TGF-beta,SNAI1",P,9
6478,"TWIST1,SNAI2,miR-101,ZEB1,miR-141,ZEB2,miR-200a,TGF-beta,GSC",P,9
6479,"TWIST1,SNAI2,miR-101,ZEB1,miR-141,ZEB2,miR-200a,TGF-beta,GSC,SNAI1,miR-34a,TWIST2",N,12
6480,"TWIST1,SNAI2,miR-101,ZEB1,miR-141,ZEB2,miR-200a,TGF-beta,GSC,SNAI1",N,10
6481,"TWIST1,SNAI2,miR-101,ZEB1,miR-141,ZEB2,miR-200c,TGF-beta,SNAI1,miR-34a,TWIST2",P,11
6482,"TWIST1,SNAI2,miR-101,ZEB1,miR-141,ZEB2,miR-200c,TGF-beta,SNAI1",P,9
6483,"TWIST1,SNAI2,miR-101,ZEB1,miR-141,ZEB2,miR-200c,TGF-beta,GSC",P,9
6484,"TWIST1,SNAI2,miR-101,ZEB1,miR-141,ZEB2,miR-200c,TGF-beta,GSC,SNAI1,miR-34a,TWIST2",N,12
6485,"TWIST1,SNAI2,miR-101,ZEB1,miR-141,ZEB2,miR-200c,TGF-beta,GSC,SNAI1",N,10
6486,"TWIST1,SNAI2,miR-101,ZEB1,miR-141,ZEB2,miR-200b,TGF-beta,SNAI1,miR-34a,TWIST2",N,11
6487,"TWIST1,SNAI2,miR-101,ZEB1,miR-141,ZEB2,miR-200b,TGF-beta,SNAI1",N,9
6488,"TWIST1,SNAI2,miR-101,ZEB1,miR-141,ZEB2,miR-200b,TGF-beta,GSC",N,9
6489,"TWIST1,SNAI2,miR-101,ZEB1,miR-141,ZEB2,miR-200b,TGF-beta,GSC,SNAI1,miR-34a,TWIST2",P,12
6490,"TWIST1,SNAI2,miR-101,ZEB1,miR-141,ZEB2,miR-200b,TGF-beta,GSC,SNAI1",P,10
6491,"TWIST1,SNAI2,TWIST2,ZEB2,miR-200a,TGF-beta,SNAI1",P,7
6492,"TWIST1,SNAI2,TWIST2,ZEB2,miR-200a,TGF-beta,GSC,ZEB1,miR-34a,SNAI1",P,10
6493,"TWIST1,SNAI2,TWIST2,ZEB2,miR-200a,TGF-beta,GSC",P,7
6494,"TWIST1,SNAI2,TWIST2,ZEB2,miR-200a,TGF-beta,GSC,SNAI1",N,8
6495,"TWIST1,SNAI2,TWIST2,ZEB2,miR-200a,ZEB1,GRHL2,OVOL2,TGF-beta,SNAI1",P,10
6496,"TWIST1,SNAI2,TWIST2,ZEB2,miR-200a,ZEB1,GRHL2,OVOL2,TGF-beta,GSC",P,10
6497,"TWIST1,SNAI2,TWIST2,ZEB2,miR-200a,ZEB1,GRHL2,OVOL2,TGF-beta,GSC,SNAI1",N,11
6498,"TWIST1,SNAI2,TWIST2,ZEB2,miR-200a,ZEB1,OVOL2,TGF-beta,SNAI1",N,9
6499,"TWIST1,SNAI2,TWIST2,ZEB2,miR-200a,ZEB1,OVOL2,TGF-beta,GSC",N,9
6500,"TWIST1,SNAI2,TWIST2,ZEB2,miR-200a,ZEB1,OVOL2,TGF-beta,GSC,SNAI1",P,10
6501,"TWIST1,SNAI2,TWIST2,ZEB2,miR-200a,ZEB1,miR-34a,SNAI1",P,8
6502,"TWIST1,SNAI2,TWIST2,ZEB2,miR-200a,ZEB1,miR-200c,TGF-beta,SNAI1",P,9
6503,"TWIST1,SNAI2,TWIST2,ZEB2,miR-200a,ZEB1,miR-200c,TGF-beta,GSC",P,9
6504,"TWIST1,SNAI2,TWIST2,ZEB2,miR-200a,ZEB1,miR-200c,TGF-beta,GSC,SNAI1",N,10
6505,"TWIST1,SNAI2,TWIST2,ZEB2,miR-200a,ZEB1,miR-200b,TGF-beta,SNAI1",N,9
6506,"TWIST1,SNAI2,TWIST2,ZEB2,miR-200a,ZEB1,miR-200b,TGF-beta,GSC",N,9
6507,"TWIST1,SNAI2,TWIST2,ZEB2,miR-200a,ZEB1,miR-200b,TGF-beta,GSC,SNAI1",P,10
6508,"TWIST1,SNAI2,TWIST2,ZEB2,miR-200a,ZEB1,miR-141,TGF-beta,SNAI1",N,9
6509,"TWIST1,SNAI2,TWIST2,ZEB2,miR-200a,ZEB1,miR-141,TGF-beta,GSC",N,9
6510,"TWIST1,SNAI2,TWIST2,ZEB2,miR-200a,ZEB1,miR-141,TGF-beta,GSC,SNAI1",P,10
6511,"TWIST1,SNAI2,TWIST2,ZEB2,miR-200c,TGF-beta,SNAI1",P,7
6512,"TWIST1,SNAI2,TWIST2,ZEB2,miR-200c,TGF-beta,GSC,ZEB1,miR-34a,SNAI1",P,10
6513,"TWIST1,SNAI2,TWIST2,ZEB2,miR-200c,TGF-beta,GSC",P,7
6514,"TWIST1,SNAI2,TWIST2,ZEB2,miR-200c,TGF-beta,GSC,SNAI1",N,8
6515,"TWIST1,SNAI2,TWIST2,ZEB2,miR-200c,ZEB1,GRHL2,OVOL2,TGF-beta,SNAI1",P,10
6516,"TWIST1,SNAI2,TWIST2,ZEB2,miR-200c,ZEB1,GRHL2,OVOL2,TGF-beta,GSC",P,10
6517,"TWIST1,SNAI2,TWIST2,ZEB2,miR-200c,ZEB1,GRHL2,OVOL2,TGF-beta,GSC,SNAI1",N,11
6518,"TWIST1,SNAI2,TWIST2,ZEB2,miR-200c,ZEB1,OVOL2,TGF-beta,SNAI1",N,9
6519,"TWIST1,SNAI2,TWIST2,ZEB2,miR-200c,ZEB1,OVOL2,TGF-beta,GSC",N,9
6520,"TWIST1,SNAI2,TWIST2,ZEB2,miR-200c,ZEB1,OVOL2,TGF-beta,GSC,SNAI1",P,10
6521,"TWIST1,SNAI2,TWIST2,ZEB2,miR-200c,ZEB1,miR-34a,SNAI1",P,8
6522,"TWIST1,SNAI2,TWIST2,ZEB2,miR-200c,ZEB1,miR-200a,TGF-beta,SNAI1",N,9
6523,"TWIST1,SNAI2,TWIST2,ZEB2,miR-200c,ZEB1,miR-200a,TGF-beta,GSC",N,9
6524,"TWIST1,SNAI2,TWIST2,ZEB2,miR-200c,ZEB1,miR-200a,TGF-beta,GSC,SNAI1",P,10
6525,"TWIST1,SNAI2,TWIST2,ZEB2,miR-200c,ZEB1,miR-200b,TGF-beta,SNAI1",N,9
6526,"TWIST1,SNAI2,TWIST2,ZEB2,miR-200c,ZEB1,miR-200b,TGF-beta,GSC",N,9
6527,"TWIST1,SNAI2,TWIST2,ZEB2,miR-200c,ZEB1,miR-200b,TGF-beta,GSC,SNAI1",P,10
6528,"TWIST1,SNAI2,TWIST2,ZEB2,miR-200c,ZEB1,miR-141,TGF-beta,SNAI1",N,9
6529,"TWIST1,SNAI2,TWIST2,ZEB2,miR-200c,ZEB1,miR-141,TGF-beta,GSC",N,9
6530,"TWIST1,SNAI2,TWIST2,ZEB2,miR-200c,ZEB1,miR-141,TGF-beta,GSC,SNAI1",P,10
6531,"TWIST1,SNAI2,TWIST2,ZEB2,miR-200b,TGF-beta,SNAI1",N,7
6532,"TWIST1,SNAI2,TWIST2,ZEB2,miR-200b,TGF-beta,GSC,ZEB1,miR-34a,SNAI1",N,10
6533,"TWIST1,SNAI2,TWIST2,ZEB2,miR-200b,TGF-beta,GSC",N,7
6534,"TWIST1,SNAI2,TWIST2,ZEB2,miR-200b,TGF-beta,GSC,SNAI1",P,8
6535,"TWIST1,SNAI2,TWIST2,ZEB2,miR-200b,ZEB1,GRHL2,OVOL2,TGF-beta,SNAI1",P,10
6536,"TWIST1,SNAI2,TWIST2,ZEB2,miR-200b,ZEB1,GRHL2,OVOL2,TGF-beta,GSC",P,10
6537,"TWIST1,SNAI2,TWIST2,ZEB2,miR-200b,ZEB1,GRHL2,OVOL2,TGF-beta,GSC,SNAI1",N,11
6538,"TWIST1,SNAI2,TWIST2,ZEB2,miR-200b,ZEB1,OVOL2,TGF-beta,SNAI1",N,9
6539,"TWIST1,SNAI2,TWIST2,ZEB2,miR-200b,ZEB1,OVOL2,TGF-beta,GSC",N,9
6540,"TWIST1,SNAI2,TWIST2,ZEB2,miR-200b,ZEB1,OVOL2,TGF-beta,GSC,SNAI1",P,10
6541,"TWIST1,SNAI2,TWIST2,ZEB2,miR-200b,ZEB1,miR-34a,SNAI1",P,8
6542,"TWIST1,SNAI2,TWIST2,ZEB2,miR-200b,ZEB1,miR-200a,TGF-beta,SNAI1",N,9
6543,"TWIST1,SNAI2,TWIST2,ZEB2,miR-200b,ZEB1,miR-200a,TGF-beta,GSC",N,9
6544,"TWIST1,SNAI2,TWIST2,ZEB2,miR-200b,ZEB1,miR-200a,TGF-beta,GSC,SNAI1",P,10
6545,"TWIST1,SNAI2,TWIST2,ZEB2,miR-200b,ZEB1,miR-200c,TGF-beta,SNAI1",P,9
6546,"TWIST1,SNAI2,TWIST2,ZEB2,miR-200b,ZEB1,miR-200c,TGF-beta,GSC",P,9
6547,"TWIST1,SNAI2,TWIST2,ZEB2,miR-200b,ZEB1,miR-200c,TGF-beta,GSC,SNAI1",N,10
6548,"TWIST1,SNAI2,TWIST2,ZEB2,miR-200b,ZEB1,miR-141,TGF-beta,SNAI1",N,9
6549,"TWIST1,SNAI2,TWIST2,ZEB2,miR-200b,ZEB1,miR-141,TGF-beta,GSC",N,9
6550,"TWIST1,SNAI2,TWIST2,ZEB2,miR-200b,ZEB1,miR-141,TGF-beta,GSC,SNAI1",P,10
6551,"TWIST1,SNAI2,TWIST2,ZEB1,GRHL2,NP63,miR-205,ZEB2,miR-200a,TGF-beta,SNAI1",N,11
6552,"TWIST1,SNAI2,TWIST2,ZEB1,GRHL2,NP63,miR-205,ZEB2,miR-200a,TGF-beta,GSC",N,11
6553,"TWIST1,SNAI2,TWIST2,ZEB1,GRHL2,NP63,miR-205,ZEB2,miR-200a,TGF-beta,GSC,SNAI1",P,12
6554,"TWIST1,SNAI2,TWIST2,ZEB1,GRHL2,NP63,miR-205,ZEB2,miR-200c,TGF-beta,SNAI1",N,11
6555,"TWIST1,SNAI2,TWIST2,ZEB1,GRHL2,NP63,miR-205,ZEB2,miR-200c,TGF-beta,GSC",N,11
6556,"TWIST1,SNAI2,TWIST2,ZEB1,GRHL2,NP63,miR-205,ZEB2,miR-200c,TGF-beta,GSC,SNAI1",P,12
6557,"TWIST1,SNAI2,TWIST2,ZEB1,GRHL2,NP63,miR-205,ZEB2,miR-200b,TGF-beta,SNAI1",P,11
6558,"TWIST1,SNAI2,TWIST2,ZEB1,GRHL2,NP63,miR-205,ZEB2,miR-200b,TGF-beta,GSC",P,11
6559,"TWIST1,SNAI2,TWIST2,ZEB1,GRHL2,NP63,miR-205,ZEB2,miR-200b,TGF-beta,GSC,SNAI1",N,12
6560,"TWIST1,SNAI2,TWIST2,ZEB1,GRHL2,OVOL2,TGF-beta,SNAI1",N,8
6561,"TWIST1,SNAI2,TWIST2,ZEB1,GRHL2,OVOL2,TGF-beta,GSC",N,8
6562,"TWIST1,SNAI2,TWIST2,ZEB1,GRHL2,OVOL2,TGF-beta,GSC,SNAI1",P,9
6563,"TWIST1,SNAI2,TWIST2,ZEB1,GRHL2,OVOL2,NP63,miR-205,ZEB2,miR-200a,TGF-beta,SNAI1",N,12
6564,"TWIST1,SNAI2,TWIST2,ZEB1,GRHL2,OVOL2,NP63,miR-205,ZEB2,miR-200a,TGF-beta,GSC",N,12
6565,"TWIST1,SNAI2,TWIST2,ZEB1,GRHL2,OVOL2,NP63,miR-205,ZEB2,miR-200a,TGF-beta,GSC,SNAI1",P,13
6566,"TWIST1,SNAI2,TWIST2,ZEB1,GRHL2,OVOL2,NP63,miR-205,ZEB2,miR-200c,TGF-beta,SNAI1",N,12
6567,"TWIST1,SNAI2,TWIST2,ZEB1,GRHL2,OVOL2,NP63,miR-205,ZEB2,miR-200c,TGF-beta,GSC",N,12
6568,"TWIST1,SNAI2,TWIST2,ZEB1,GRHL2,OVOL2,NP63,miR-205,ZEB2,miR-200c,TGF-beta,GSC,SNAI1",P,13
6569,"TWIST1,SNAI2,TWIST2,ZEB1,GRHL2,OVOL2,NP63,miR-205,ZEB2,miR-200b,TGF-beta,SNAI1",P,12
6570,"TWIST1,SNAI2,TWIST2,ZEB1,GRHL2,OVOL2,NP63,miR-205,ZEB2,miR-200b,TGF-beta,GSC",P,12
6571,"TWIST1,SNAI2,TWIST2,ZEB1,GRHL2,OVOL2,NP63,miR-205,ZEB2,miR-200b,TGF-beta,GSC,SNAI1",N,13
6572,"TWIST1,SNAI2,TWIST2,ZEB1,OVOL2,TGF-beta,SNAI1",P,7
6573,"TWIST1,SNAI2,TWIST2,ZEB1,OVOL2,TGF-beta,GSC",P,7
6574,"TWIST1,SNAI2,TWIST2,ZEB1,OVOL2,TGF-beta,GSC,SNAI1",N,8
6575,"TWIST1,SNAI2,TWIST2,ZEB1,OVOL2,NP63,miR-205,ZEB2,miR-200a,TGF-beta,SNAI1",P,11
6576,"TWIST1,SNAI2,TWIST2,ZEB1,OVOL2,NP63,miR-205,ZEB2,miR-200a,TGF-beta,GSC",P,11
6577,"TWIST1,SNAI2,TWIST2,ZEB1,OVOL2,NP63,miR-205,ZEB2,miR-200a,TGF-beta,GSC,SNAI1",N,12
6578,"TWIST1,SNAI2,TWIST2,ZEB1,OVOL2,NP63,miR-205,ZEB2,miR-200c,TGF-beta,SNAI1",P,11
6579,"TWIST1,SNAI2,TWIST2,ZEB1,OVOL2,NP63,miR-205,ZEB2,miR-200c,TGF-beta,GSC",P,11
6580,"TWIST1,SNAI2,TWIST2,ZEB1,OVOL2,NP63,miR-205,ZEB2,miR-200c,TGF-beta,GSC,SNAI1",N,12
6581,"TWIST1,SNAI2,TWIST2,ZEB1,OVOL2,NP63,miR-205,ZEB2,miR-200b,TGF-beta,SNAI1",N,11
6582,"TWIST1,SNAI2,TWIST2,ZEB1,OVOL2,NP63,miR-205,ZEB2,miR-200b,TGF-beta,GSC",N,11
6583,"TWIST1,SNAI2,TWIST2,ZEB1,OVOL2,NP63,miR-205,ZEB2,miR-200b,TGF-beta,GSC,SNAI1",P,12
6584,"TWIST1,SNAI2,TWIST2,ZEB1,miR-34a,SNAI1,miR-101,ZEB2,miR-200a,TGF-beta,GSC",P,11
6585,"TWIST1,SNAI2,TWIST2,ZEB1,miR-34a,SNAI1,miR-101,ZEB2,miR-200c,TGF-beta,GSC",P,11
6586,"TWIST1,SNAI2,TWIST2,ZEB1,miR-34a,SNAI1,miR-101,ZEB2,miR-200b,TGF-beta,GSC",N,11
6587,"TWIST1,SNAI2,TWIST2,ZEB1,miR-34a,SNAI1,ZEB2,miR-200a,TGF-beta,GSC",N,10
6588,"TWIST1,SNAI2,TWIST2,ZEB1,miR-34a,SNAI1,ZEB2,miR-200c,TGF-beta,GSC",N,10
6589,"TWIST1,SNAI2,TWIST2,ZEB1,miR-34a,SNAI1,ZEB2,miR-200b,TGF-beta,GSC",P,10
6590,"TWIST1,SNAI2,TWIST2,ZEB1,miR-34a,SNAI1",N,6
6591,"TWIST1,SNAI2,TWIST2,ZEB1,miR-200a,TGF-beta,SNAI1",P,7
6592,"TWIST1,SNAI2,TWIST2,ZEB1,miR-200a,TGF-beta,GSC",P,7
6593,"TWIST1,SNAI2,TWIST2,ZEB1,miR-200a,TGF-beta,GSC,SNAI1",N,8
6594,"TWIST1,SNAI2,TWIST2,ZEB1,miR-200a,ZEB2,miR-200c,TGF-beta,SNAI1",N,9
6595,"TWIST1,SNAI2,TWIST2,ZEB1,miR-200a,ZEB2,miR-200c,TGF-beta,GSC",N,9
6596,"TWIST1,SNAI2,TWIST2,ZEB1,miR-200a,ZEB2,miR-200c,TGF-beta,GSC,SNAI1",P,10
6597,"TWIST1,SNAI2,TWIST2,ZEB1,miR-200a,ZEB2,miR-200b,TGF-beta,SNAI1",P,9
6598,"TWIST1,SNAI2,TWIST2,ZEB1,miR-200a,ZEB2,miR-200b,TGF-beta,GSC",P,9
6599,"TWIST1,SNAI2,TWIST2,ZEB1,miR-200a,ZEB2,miR-200b,TGF-beta,GSC,SNAI1",N,10
6600,"TWIST1,SNAI2,TWIST2,ZEB1,miR-200c,TGF-beta,SNAI1",N,7
6601,"TWIST1,SNAI2,TWIST2,ZEB1,miR-200c,TGF-beta,GSC",N,7
6602,"TWIST1,SNAI2,TWIST2,ZEB1,miR-200c,TGF-beta,GSC,SNAI1",P,8
6603,"TWIST1,SNAI2,TWIST2,ZEB1,miR-200c,ZEB2,miR-200a,TGF-beta,SNAI1",N,9
6604,"TWIST1,SNAI2,TWIST2,ZEB1,miR-200c,ZEB2,miR-200a,TGF-beta,GSC",N,9
6605,"TWIST1,SNAI2,TWIST2,ZEB1,miR-200c,ZEB2,miR-200a,TGF-beta,GSC,SNAI1",P,10
6606,"TWIST1,SNAI2,TWIST2,ZEB1,miR-200c,ZEB2,miR-200b,TGF-beta,SNAI1",P,9
6607,"TWIST1,SNAI2,TWIST2,ZEB1,miR-200c,ZEB2,miR-200b,TGF-beta,GSC",P,9
6608,"TWIST1,SNAI2,TWIST2,ZEB1,miR-200c,ZEB2,miR-200b,TGF-beta,GSC,SNAI1",N,10
6609,"TWIST1,SNAI2,TWIST2,ZEB1,miR-200b,TGF-beta,SNAI1",P,7
6610,"TWIST1,SNAI2,TWIST2,ZEB1,miR-200b,TGF-beta,GSC",P,7
6611,"TWIST1,SNAI2,TWIST2,ZEB1,miR-200b,TGF-beta,GSC,SNAI1",N,8
6612,"TWIST1,SNAI2,TWIST2,ZEB1,miR-200b,ZEB2,miR-200a,TGF-beta,SNAI1",N,9
6613,"TWIST1,SNAI2,TWIST2,ZEB1,miR-200b,ZEB2,miR-200a,TGF-beta,GSC",N,9
6614,"TWIST1,SNAI2,TWIST2,ZEB1,miR-200b,ZEB2,miR-200a,TGF-beta,GSC,SNAI1",P,10
6615,"TWIST1,SNAI2,TWIST2,ZEB1,miR-200b,ZEB2,miR-200c,TGF-beta,SNAI1",N,9
6616,"TWIST1,SNAI2,TWIST2,ZEB1,miR-200b,ZEB2,miR-200c,TGF-beta,GSC",N,9
6617,"TWIST1,SNAI2,TWIST2,ZEB1,miR-200b,ZEB2,miR-200c,TGF-beta,GSC,SNAI1",P,10
6618,"TWIST1,SNAI2,TWIST2,ZEB1,miR-141,TGF-beta,SNAI1",P,7
6619,"TWIST1,SNAI2,TWIST2,ZEB1,miR-141,TGF-beta,GSC",P,7
6620,"TWIST1,SNAI2,TWIST2,ZEB1,miR-141,TGF-beta,GSC,SNAI1",N,8
6621,"TWIST1,SNAI2,TWIST2,ZEB1,miR-141,ZEB2,miR-200a,TGF-beta,SNAI1",P,9
6622,"TWIST1,SNAI2,TWIST2,ZEB1,miR-141,ZEB2,miR-200a,TGF-beta,GSC",P,9
6623,"TWIST1,SNAI2,TWIST2,ZEB1,miR-141,ZEB2,miR-200a,TGF-beta,GSC,SNAI1",N,10
6624,"TWIST1,SNAI2,TWIST2,ZEB1,miR-141,ZEB2,miR-200c,TGF-beta,SNAI1",P,9
6625,"TWIST1,SNAI2,TWIST2,ZEB1,miR-141,ZEB2,miR-200c,TGF-beta,GSC",P,9
6626,"TWIST1,SNAI2,TWIST2,ZEB1,miR-141,ZEB2,miR-200c,TGF-beta,GSC,SNAI1",N,10
6627,"TWIST1,SNAI2,TWIST2,ZEB1,miR-141,ZEB2,miR-200b,TGF-beta,SNAI1",N,9
6628,"TWIST1,SNAI2,TWIST2,ZEB1,miR-141,ZEB2,miR-200b,TGF-beta,GSC",N,9
6629,"TWIST1,SNAI2,TWIST2,ZEB1,miR-141,ZEB2,miR-200b,TGF-beta,GSC,SNAI1",P,10
6630,"TWIST1,SNAI2,TWIST2",P,3
6631,"TWIST1,SNAI2,TWIST2,SNAI1,miR-101,ZEB2,miR-200a,TGF-beta,GSC",P,9
6632,"TWIST1,SNAI2,TWIST2,SNAI1,miR-101,ZEB2,miR-200a,ZEB1,GRHL2,OVOL2,TGF-beta,GSC",P,12
6633,"TWIST1,SNAI2,TWIST2,SNAI1,miR-101,ZEB2,miR-200a,ZEB1,OVOL2,TGF-beta,GSC",N,11
6634,"TWIST1,SNAI2,TWIST2,SNAI1,miR-101,ZEB2,miR-200a,ZEB1,miR-200c,TGF-beta,GSC",P,11
6635,"TWIST1,SNAI2,TWIST2,SNAI1,miR-101,ZEB2,miR-200a,ZEB1,miR-200b,TGF-beta,GSC",N,11
6636,"TWIST1,SNAI2,TWIST2,SNAI1,miR-101,ZEB2,miR-200a,ZEB1,miR-141,TGF-beta,GSC",N,11
6637,"TWIST1,SNAI2,TWIST2,SNAI1,miR-101,ZEB2,miR-200c,TGF-beta,GSC",P,9
6638,"TWIST1,SNAI2,TWIST2,SNAI1,miR-101,ZEB2,miR-200c,ZEB1,GRHL2,OVOL2,TGF-beta,GSC",P,12
6639,"TWIST1,SNAI2,TWIST2,SNAI1,miR-101,ZEB2,miR-200c,ZEB1,OVOL2,TGF-beta,GSC",N,11
6640,"TWIST1,SNAI2,TWIST2,SNAI1,miR-101,ZEB2,miR-200c,ZEB1,miR-200a,TGF-beta,GSC",N,11
6641,"TWIST1,SNAI2,TWIST2,SNAI1,miR-101,ZEB2,miR-200c,ZEB1,miR-200b,TGF-beta,GSC",N,11
6642,"TWIST1,SNAI2,TWIST2,SNAI1,miR-101,ZEB2,miR-200c,ZEB1,miR-141,TGF-beta,GSC",N,11
6643,"TWIST1,SNAI2,TWIST2,SNAI1,miR-101,ZEB2,miR-200b,TGF-beta,GSC",N,9
6644,"TWIST1,SNAI2,TWIST2,SNAI1,miR-101,ZEB2,miR-200b,ZEB1,GRHL2,OVOL2,TGF-beta,GSC",P,12
6645,"TWIST1,SNAI2,TWIST2,SNAI1,miR-101,ZEB2,miR-200b,ZEB1,OVOL2,TGF-beta,GSC",N,11
6646,"TWIST1,SNAI2,TWIST2,SNAI1,miR-101,ZEB2,miR-200b,ZEB1,miR-200a,TGF-beta,GSC",N,11
6647,"TWIST1,SNAI2,TWIST2,SNAI1,miR-101,ZEB2,miR-200b,ZEB1,miR-200c,TGF-beta,GSC",P,11
6648,"TWIST1,SNAI2,TWIST2,SNAI1,miR-101,ZEB2,miR-200b,ZEB1,miR-141,TGF-beta,GSC",N,11
6649,"TWIST1,SNAI2,TWIST2,SNAI1,miR-101,ZEB1,GRHL2,NP63,miR-205,ZEB2,miR-200a,TGF-beta,GSC",N,13
6650,"TWIST1,SNAI2,TWIST2,SNAI1,miR-101,ZEB1,GRHL2,NP63,miR-205,ZEB2,miR-200c,TGF-beta,GSC",N,13
6651,"TWIST1,SNAI2,TWIST2,SNAI1,miR-101,ZEB1,GRHL2,NP63,miR-205,ZEB2,miR-200b,TGF-beta,GSC",P,13
6652,"TWIST1,SNAI2,TWIST2,SNAI1,miR-101,ZEB1,GRHL2,OVOL2,TGF-beta,GSC",N,10
6653,"TWIST1,SNAI2,TWIST2,SNAI1,miR-101,ZEB1,GRHL2,OVOL2,NP63,miR-205,ZEB2,miR-200a,TGF-beta,GSC",N,14
6654,"TWIST1,SNAI2,TWIST2,SNAI1,miR-101,ZEB1,GRHL2,OVOL2,NP63,miR-205,ZEB2,miR-200c,TGF-beta,GSC",N,14
6655,"TWIST1,SNAI2,TWIST2,SNAI1,miR-101,ZEB1,GRHL2,OVOL2,NP63,miR-205,ZEB2,miR-200b,TGF-beta,GSC",P,14
6656,"TWIST1,SNAI2,TWIST2,SNAI1,miR-101,ZEB1,OVOL2,TGF-beta,GSC",P,9
6657,"TWIST1,SNAI2,TWIST2,SNAI1,miR-101,ZEB1,OVOL2,NP63,miR-205,ZEB2,miR-200a,TGF-beta,GSC",P,13
6658,"TWIST1,SNAI2,TWIST2,SNAI1,miR-101,ZEB1,OVOL2,NP63,miR-205,ZEB2,miR-200c,TGF-beta,GSC",P,13
6659,"TWIST1,SNAI2,TWIST2,SNAI1,miR-101,ZEB1,OVOL2,NP63,miR-205,ZEB2,miR-200b,TGF-beta,GSC",N,13
6660,"TWIST1,SNAI2,TWIST2,SNAI1,miR-101,ZEB1,miR-200a,TGF-beta,GSC",P,9
6661,"TWIST1,SNAI2,TWIST2,SNAI1,miR-101,ZEB1,miR-200a,ZEB2,miR-200c,TGF-beta,GSC",N,11
6662,"TWIST1,SNAI2,TWIST2,SNAI1,miR-101,ZEB1,miR-200a,ZEB2,miR-200b,TGF-beta,GSC",P,11
6663,"TWIST1,SNAI2,TWIST2,SNAI1,miR-101,ZEB1,miR-200c,TGF-beta,GSC",N,9
6664,"TWIST1,SNAI2,TWIST2,SNAI1,miR-101,ZEB1,miR-200c,ZEB2,miR-200a,TGF-beta,GSC",N,11
6665,"TWIST1,SNAI2,TWIST2,SNAI1,miR-101,ZEB1,miR-200c,ZEB2,miR-200b,TGF-beta,GSC",P,11
6666,"TWIST1,SNAI2,TWIST2,SNAI1,miR-101,ZEB1,miR-200b,TGF-beta,GSC",P,9
6667,"TWIST1,SNAI2,TWIST2,SNAI1,miR-101,ZEB1,miR-200b,ZEB2,miR-200a,TGF-beta,GSC",N,11
6668,"TWIST1,SNAI2,TWIST2,SNAI1,miR-101,ZEB1,miR-200b,ZEB2,miR-200c,TGF-beta,GSC",N,11
6669,"TWIST1,SNAI2,TWIST2,SNAI1,miR-101,ZEB1,miR-141,TGF-beta,GSC",P,9
6670,"TWIST1,SNAI2,TWIST2,SNAI1,miR-101,ZEB1,miR-141,ZEB2,miR-200a,TGF-beta,GSC",P,11
6671,"TWIST1,SNAI2,TWIST2,SNAI1,miR-101,ZEB1,miR-141,ZEB2,miR-200c,TGF-beta,GSC",P,11
6672,"TWIST1,SNAI2,TWIST2,SNAI1,miR-101,ZEB1,miR-141,ZEB2,miR-200b,TGF-beta,GSC",N,11
6673,"TWIST1,SNAI2,TWIST2,SNAI1,miR-34a,ZEB1,GRHL2,NP63,miR-205,ZEB2,miR-200a,TGF-beta,GSC",P,13
6674,"TWIST1,SNAI2,TWIST2,SNAI1,miR-34a,ZEB1,GRHL2,NP63,miR-205,ZEB2,miR-200c,TGF-beta,GSC",P,13
6675,"TWIST1,SNAI2,TWIST2,SNAI1,miR-34a,ZEB1,GRHL2,NP63,miR-205,ZEB2,miR-200b,TGF-beta,GSC",N,13
6676,"TWIST1,SNAI2,TWIST2,SNAI1,miR-34a,ZEB1,GRHL2,OVOL2,TGF-beta,GSC",P,10
6677,"TWIST1,SNAI2,TWIST2,SNAI1,miR-34a,ZEB1,GRHL2,OVOL2,NP63,miR-205,ZEB2,miR-200a,TGF-beta,GSC",P,14
6678,"TWIST1,SNAI2,TWIST2,SNAI1,miR-34a,ZEB1,GRHL2,OVOL2,NP63,miR-205,ZEB2,miR-200c,TGF-beta,GSC",P,14
6679,"TWIST1,SNAI2,TWIST2,SNAI1,miR-34a,ZEB1,GRHL2,OVOL2,NP63,miR-205,ZEB2,miR-200b,TGF-beta,GSC",N,14
6680,"TWIST1,SNAI2,TWIST2,SNAI1,miR-34a,ZEB1,OVOL2,TGF-beta,GSC",N,9
6681,"TWIST1,SNAI2,TWIST2,SNAI1,miR-34a,ZEB1,OVOL2,NP63,miR-205,ZEB2,miR-200a,TGF-beta,GSC",N,13
6682,"TWIST1,SNAI2,TWIST2,SNAI1,miR-34a,ZEB1,OVOL2,NP63,miR-205,ZEB2,miR-200c,TGF-beta,GSC",N,13
6683,"TWIST1,SNAI2,TWIST2,SNAI1,miR-34a,ZEB1,OVOL2,NP63,miR-205,ZEB2,miR-200b,TGF-beta,GSC",P,13
6684,"TWIST1,SNAI2,TWIST2,SNAI1,miR-34a,ZEB1,miR-200a,TGF-beta,GSC",N,9
6685,"TWIST1,SNAI2,TWIST2,SNAI1,miR-34a,ZEB1,miR-200a,ZEB2,miR-200c,TGF-beta,GSC",P,11
6686,"TWIST1,SNAI2,TWIST2,SNAI1,miR-34a,ZEB1,miR-200a,ZEB2,miR-200b,TGF-beta,GSC",N,11
6687,"TWIST1,SNAI2,TWIST2,SNAI1,miR-34a,ZEB1,miR-200c,TGF-beta,GSC",P,9
6688,"TWIST1,SNAI2,TWIST2,SNAI1,miR-34a,ZEB1,miR-200c,ZEB2,miR-200a,TGF-beta,GSC",P,11
6689,"TWIST1,SNAI2,TWIST2,SNAI1,miR-34a,ZEB1,miR-200c,ZEB2,miR-200b,TGF-beta,GSC",N,11
6690,"TWIST1,SNAI2,TWIST2,SNAI1,miR-34a,ZEB1,miR-200b,TGF-beta,GSC",N,9
6691,"TWIST1,SNAI2,TWIST2,SNAI1,miR-34a,ZEB1,miR-200b,ZEB2,miR-200a,TGF-beta,GSC",P,11
6692,"TWIST1,SNAI2,TWIST2,SNAI1,miR-34a,ZEB1,miR-200b,ZEB2,miR-200c,TGF-beta,GSC",P,11
6693,"TWIST1,SNAI2,TWIST2,SNAI1,miR-34a,ZEB1,miR-141,TGF-beta,GSC",N,9
6694,"TWIST1,SNAI2,TWIST2,SNAI1,miR-34a,ZEB1,miR-141,ZEB2,miR-200a,TGF-beta,GSC",N,11
6695,"TWIST1,SNAI2,TWIST2,SNAI1,miR-34a,ZEB1,miR-141,ZEB2,miR-200c,TGF-beta,GSC",N,11
6696,"TWIST1,SNAI2,TWIST2,SNAI1,miR-34a,ZEB1,miR-141,ZEB2,miR-200b,TGF-beta,GSC",P,11
6697,"TWIST1,SNAI2,TWIST2,SNAI1,ZEB2,miR-200a,TGF-beta,GSC",N,8
6698,"TWIST1,SNAI2,TWIST2,SNAI1,ZEB2,miR-200a,ZEB1,GRHL2,OVOL2,TGF-beta,GSC",N,11
6699,"TWIST1,SNAI2,TWIST2,SNAI1,ZEB2,miR-200a,ZEB1,OVOL2,TGF-beta,GSC",P,10
6700,"TWIST1,SNAI2,TWIST2,SNAI1,ZEB2,miR-200a,ZEB1,miR-200c,TGF-beta,GSC",N,10
6701,"TWIST1,SNAI2,TWIST2,SNAI1,ZEB2,miR-200a,ZEB1,miR-200b,TGF-beta,GSC",P,10
6702,"TWIST1,SNAI2,TWIST2,SNAI1,ZEB2,miR-200a,ZEB1,miR-141,TGF-beta,GSC",P,10
6703,"TWIST1,SNAI2,TWIST2,SNAI1,ZEB2,miR-200c,TGF-beta,GSC",N,8
6704,"TWIST1,SNAI2,TWIST2,SNAI1,ZEB2,miR-200c,ZEB1,GRHL2,OVOL2,TGF-beta,GSC",N,11
6705,"TWIST1,SNAI2,TWIST2,SNAI1,ZEB2,miR-200c,ZEB1,OVOL2,TGF-beta,GSC",P,10
6706,"TWIST1,SNAI2,TWIST2,SNAI1,ZEB2,miR-200c,ZEB1,miR-200a,TGF-beta,GSC",P,10
6707,"TWIST1,SNAI2,TWIST2,SNAI1,ZEB2,miR-200c,ZEB1,miR-200b,TGF-beta,GSC",P,10
6708,"TWIST1,SNAI2,TWIST2,SNAI1,ZEB2,miR-200c,ZEB1,miR-141,TGF-beta,GSC",P,10
6709,"TWIST1,SNAI2,TWIST2,SNAI1,ZEB2,miR-200b,TGF-beta,GSC",P,8
6710,"TWIST1,SNAI2,TWIST2,SNAI1,ZEB2,miR-200b,ZEB1,GRHL2,OVOL2,TGF-beta,GSC",N,11
6711,"TWIST1,SNAI2,TWIST2,SNAI1,ZEB2,miR-200b,ZEB1,OVOL2,TGF-beta,GSC",P,10
6712,"TWIST1,SNAI2,TWIST2,SNAI1,ZEB2,miR-200b,ZEB1,miR-200a,TGF-beta,GSC",P,10
6713,"TWIST1,SNAI2,TWIST2,SNAI1,ZEB2,miR-200b,ZEB1,miR-200c,TGF-beta,GSC",N,10
6714,"TWIST1,SNAI2,TWIST2,SNAI1,ZEB2,miR-200b,ZEB1,miR-141,TGF-beta,GSC",P,10
6715,"TWIST1,SNAI2,TWIST2,SNAI1,ZEB1,GRHL2,NP63,miR-205,ZEB2,miR-200a,TGF-beta,GSC",P,12
6716,"TWIST1,SNAI2,TWIST2,SNAI1,ZEB1,GRHL2,NP63,miR-205,ZEB2,miR-200c,TGF-beta,GSC",P,12
6717,"TWIST1,SNAI2,TWIST2,SNAI1,ZEB1,GRHL2,NP63,miR-205,ZEB2,miR-200b,TGF-beta,GSC",N,12
6718,"TWIST1,SNAI2,TWIST2,SNAI1,ZEB1,GRHL2,OVOL2,TGF-beta,GSC",P,9
6719,"TWIST1,SNAI2,TWIST2,SNAI1,ZEB1,GRHL2,OVOL2,NP63,miR-205,ZEB2,miR-200a,TGF-beta,GSC",P,13
6720,"TWIST1,SNAI2,TWIST2,SNAI1,ZEB1,GRHL2,OVOL2,NP63,miR-205,ZEB2,miR-200c,TGF-beta,GSC",P,13
6721,"TWIST1,SNAI2,TWIST2,SNAI1,ZEB1,GRHL2,OVOL2,NP63,miR-205,ZEB2,miR-200b,TGF-beta,GSC",N,13
6722,"TWIST1,SNAI2,TWIST2,SNAI1,ZEB1,OVOL2,TGF-beta,GSC",N,8
6723,"TWIST1,SNAI2,TWIST2,SNAI1,ZEB1,OVOL2,NP63,miR-205,ZEB2,miR-200a,TGF-beta,GSC",N,12
6724,"TWIST1,SNAI2,TWIST2,SNAI1,ZEB1,OVOL2,NP63,miR-205,ZEB2,miR-200c,TGF-beta,GSC",N,12
6725,"TWIST1,SNAI2,TWIST2,SNAI1,ZEB1,OVOL2,NP63,miR-205,ZEB2,miR-200b,TGF-beta,GSC",P,12
6726,"TWIST1,SNAI2,TWIST2,SNAI1,ZEB1,miR-200a,TGF-beta,GSC",N,8
6727,"TWIST1,SNAI2,TWIST2,SNAI1,ZEB1,miR-200a,ZEB2,miR-200c,TGF-beta,GSC",P,10
6728,"TWIST1,SNAI2,TWIST2,SNAI1,ZEB1,miR-200a,ZEB2,miR-200b,TGF-beta,GSC",N,10
6729,"TWIST1,SNAI2,TWIST2,SNAI1,ZEB1,miR-200c,TGF-beta,GSC",P,8
6730,"TWIST1,SNAI2,TWIST2,SNAI1,ZEB1,miR-200c,ZEB2,miR-200a,TGF-beta,GSC",P,10
6731,"TWIST1,SNAI2,TWIST2,SNAI1,ZEB1,miR-200c,ZEB2,miR-200b,TGF-beta,GSC",N,10
6732,"TWIST1,SNAI2,TWIST2,SNAI1,ZEB1,miR-200b,TGF-beta,GSC",N,8
6733,"TWIST1,SNAI2,TWIST2,SNAI1,ZEB1,miR-200b,ZEB2,miR-200a,TGF-beta,GSC",P,10
6734,"TWIST1,SNAI2,TWIST2,SNAI1,ZEB1,miR-200b,ZEB2,miR-200c,TGF-beta,GSC",P,10
6735,"TWIST1,SNAI2,TWIST2,SNAI1,ZEB1,miR-141,TGF-beta,GSC",N,8
6736,"TWIST1,SNAI2,TWIST2,SNAI1,ZEB1,miR-141,ZEB2,miR-200a,TGF-beta,GSC",N,10
6737,"TWIST1,SNAI2,TWIST2,SNAI1,ZEB1,miR-141,ZEB2,miR-200c,TGF-beta,GSC",N,10
6738,"TWIST1,SNAI2,TWIST2,SNAI1,ZEB1,miR-141,ZEB2,miR-200b,TGF-beta,GSC",P,10
6739,"TWIST1,SNAI2,TWIST2,SNAI1",N,4
6740,"TWIST1,SNAI1,miR-101,ZEB2,miR-200a,TGF-beta,SNAI2,miR-200b,ZEB1,miR-34a,TWIST2",N,11
6741,"TWIST1,SNAI1,miR-101,ZEB2,miR-200a,TGF-beta,SNAI2,TWIST2",P,8
6742,"TWIST1,SNAI1,miR-101,ZEB2,miR-200a,TGF-beta,GSC,ZEB1,CLDN7,CDH1,SNAI2,TWIST2",P,12
6743,"TWIST1,SNAI1,miR-101,ZEB2,miR-200a,TGF-beta,GSC,ZEB1,GRHL2,NP63,SNAI2,TWIST2",P,12
6744,"TWIST1,SNAI1,miR-101,ZEB2,miR-200a,TGF-beta,GSC,ZEB1,GRHL2,OVOL2,NP63,SNAI2,TWIST2",P,13
6745,"TWIST1,SNAI1,miR-101,ZEB2,miR-200a,TGF-beta,GSC,ZEB1,GRHL2,OVOL2,SNAI2,TWIST2",P,12
6746,"TWIST1,SNAI1,miR-101,ZEB2,miR-200a,TGF-beta,GSC,ZEB1,GRHL2,OVOL2,CDH1,SNAI2,TWIST2",N,13
6747,"TWIST1,SNAI1,miR-101,ZEB2,miR-200a,TGF-beta,GSC,ZEB1,OVOL2,NP63,SNAI2,TWIST2",N,12
6748,"TWIST1,SNAI1,miR-101,ZEB2,miR-200a,TGF-beta,GSC,ZEB1,OVOL2,SNAI2,TWIST2",N,11
6749,"TWIST1,SNAI1,miR-101,ZEB2,miR-200a,TGF-beta,GSC,ZEB1,OVOL2,CDH1,SNAI2,TWIST2",P,12
6750,"TWIST1,SNAI1,miR-101,ZEB2,miR-200a,TGF-beta,GSC,ZEB1,miR-34a,TWIST2",N,10
6751,"TWIST1,SNAI1,miR-101,ZEB2,miR-200a,TGF-beta,GSC,ZEB1,miR-34a,SNAI2,TWIST2",N,11
6752,"TWIST1,SNAI1,miR-101,ZEB2,miR-200a,TGF-beta,GSC,ZEB1,CDH1,SNAI2,TWIST2",N,11
6753,"TWIST1,SNAI1,miR-101,ZEB2,miR-200a,TGF-beta,GSC",P,7
6754,"TWIST1,SNAI1,miR-101,ZEB2,miR-200a,ZEB1,CLDN7,CDH1,SNAI2,miR-200b,TGF-beta,GSC",N,12
6755,"TWIST1,SNAI1,miR-101,ZEB2,miR-200a,ZEB1,CLDN7,CDH1,SNAI2,TWIST2",P,10
6756,"TWIST1,SNAI1,miR-101,ZEB2,miR-200a,ZEB1,GRHL2,NP63,SNAI2,miR-200b,TGF-beta,GSC",N,12
6757,"TWIST1,SNAI1,miR-101,ZEB2,miR-200a,ZEB1,GRHL2,NP63,SNAI2,TWIST2",P,10
6758,"TWIST1,SNAI1,miR-101,ZEB2,miR-200a,ZEB1,GRHL2,OVOL2,TGF-beta,SNAI2,TWIST2",P,11
6759,"TWIST1,SNAI1,miR-101,ZEB2,miR-200a,ZEB1,GRHL2,OVOL2,TGF-beta,GSC",P,10
6760,"TWIST1,SNAI1,miR-101,ZEB2,miR-200a,ZEB1,GRHL2,OVOL2,NP63,SNAI2,miR-200b,TGF-beta,GSC",N,13
6761,"TWIST1,SNAI1,miR-101,ZEB2,miR-200a,ZEB1,GRHL2,OVOL2,NP63,SNAI2,TWIST2",P,11
6762,"TWIST1,SNAI1,miR-101,ZEB2,miR-200a,ZEB1,GRHL2,OVOL2,SNAI2,miR-200b,TGF-beta,GSC",N,12
6763,"TWIST1,SNAI1,miR-101,ZEB2,miR-200a,ZEB1,GRHL2,OVOL2,SNAI2,TWIST2",P,10
6764,"TWIST1,SNAI1,miR-101,ZEB2,miR-200a,ZEB1,GRHL2,OVOL2,CDH1,SNAI2,miR-200b,TGF-beta,GSC",P,13
6765,"TWIST1,SNAI1,miR-101,ZEB2,miR-200a,ZEB1,GRHL2,OVOL2,CDH1,SNAI2,TWIST2",N,11
6766,"TWIST1,SNAI1,miR-101,ZEB2,miR-200a,ZEB1,OVOL2,TGF-beta,SNAI2,TWIST2",N,10
6767,"TWIST1,SNAI1,miR-101,ZEB2,miR-200a,ZEB1,OVOL2,TGF-beta,GSC",N,9
6768,"TWIST1,SNAI1,miR-101,ZEB2,miR-200a,ZEB1,OVOL2,NP63,SNAI2,miR-200b,TGF-beta,GSC",P,12
6769,"TWIST1,SNAI1,miR-101,ZEB2,miR-200a,ZEB1,OVOL2,NP63,SNAI2,TWIST2",N,10
6770,"TWIST1,SNAI1,miR-101,ZEB2,miR-200a,ZEB1,OVOL2,SNAI2,miR-200b,TGF-beta,GSC",P,11
6771,"TWIST1,SNAI1,miR-101,ZEB2,miR-200a,ZEB1,OVOL2,SNAI2,TWIST2",N,9
6772,"TWIST1,SNAI1,miR-101,ZEB2,miR-200a,ZEB1,OVOL2,CDH1,SNAI2,miR-200b,TGF-beta,GSC",N,12
6773,"TWIST1,SNAI1,miR-101,ZEB2,miR-200a,ZEB1,OVOL2,CDH1,SNAI2,TWIST2",P,10
6774,"TWIST1,SNAI1,miR-101,ZEB2,miR-200a,ZEB1,miR-34a,TWIST2",N,8
6775,"TWIST1,SNAI1,miR-101,ZEB2,miR-200a,ZEB1,miR-34a,TWIST2,SNAI2,miR-200b,TGF-beta,GSC",P,12
6776,"TWIST1,SNAI1,miR-101,ZEB2,miR-200a,ZEB1,miR-34a,TWIST2,CDH1,SNAI2,miR-200b,TGF-beta,GSC",P,13
6777,"TWIST1,SNAI1,miR-101,ZEB2,miR-200a,ZEB1,miR-34a,SNAI2,miR-200b,TGF-beta,GSC",P,11
6778,"TWIST1,SNAI1,miR-101,ZEB2,miR-200a,ZEB1,miR-34a,SNAI2,TWIST2",N,9
6779,"TWIST1,SNAI1,miR-101,ZEB2,miR-200a,ZEB1,miR-200c,TGF-beta,SNAI2,TWIST2",P,10
6780,"TWIST1,SNAI1,miR-101,ZEB2,miR-200a,ZEB1,miR-200c,TGF-beta,GSC",P,9
6781,"TWIST1,SNAI1,miR-101,ZEB2,miR-200a,ZEB1,miR-200b,TGF-beta,SNAI2,TWIST2",N,10
6782,"TWIST1,SNAI1,miR-101,ZEB2,miR-200a,ZEB1,miR-200b,TGF-beta,GSC",N,9
6783,"TWIST1,SNAI1,miR-101,ZEB2,miR-200a,ZEB1,miR-141,TGF-beta,SNAI2,TWIST2",N,10
6784,"TWIST1,SNAI1,miR-101,ZEB2,miR-200a,ZEB1,miR-141,TGF-beta,GSC",N,9
6785,"TWIST1,SNAI1,miR-101,ZEB2,miR-200a,ZEB1,CDH1,SNAI2,miR-200b,TGF-beta,GSC",P,11
6786,"TWIST1,SNAI1,miR-101,ZEB2,miR-200a,ZEB1,CDH1,SNAI2,TWIST2",N,9
6787,"TWIST1,SNAI1,miR-101,ZEB2,miR-200c,TGF-beta,SNAI2,miR-200b,ZEB1,miR-34a,TWIST2",N,11
6788,"TWIST1,SNAI1,miR-101,ZEB2,miR-200c,TGF-beta,SNAI2,TWIST2",P,8
6789,"TWIST1,SNAI1,miR-101,ZEB2,miR-200c,TGF-beta,GSC,ZEB1,CLDN7,CDH1,SNAI2,TWIST2",P,12
6790,"TWIST1,SNAI1,miR-101,ZEB2,miR-200c,TGF-beta,GSC,ZEB1,GRHL2,NP63,SNAI2,TWIST2",P,12
6791,"TWIST1,SNAI1,miR-101,ZEB2,miR-200c,TGF-beta,GSC,ZEB1,GRHL2,OVOL2,NP63,SNAI2,TWIST2",P,13
6792,"TWIST1,SNAI1,miR-101,ZEB2,miR-200c,TGF-beta,GSC,ZEB1,GRHL2,OVOL2,SNAI2,TWIST2",P,12
6793,"TWIST1,SNAI1,miR-101,ZEB2,miR-200c,TGF-beta,GSC,ZEB1,GRHL2,OVOL2,CDH1,SNAI2,TWIST2",N,13
6794,"TWIST1,SNAI1,miR-101,ZEB2,miR-200c,TGF-beta,GSC,ZEB1,OVOL2,NP63,SNAI2,TWIST2",N,12
6795,"TWIST1,SNAI1,miR-101,ZEB2,miR-200c,TGF-beta,GSC,ZEB1,OVOL2,SNAI2,TWIST2",N,11
6796,"TWIST1,SNAI1,miR-101,ZEB2,miR-200c,TGF-beta,GSC,ZEB1,OVOL2,CDH1,SNAI2,TWIST2",P,12
6797,"TWIST1,SNAI1,miR-101,ZEB2,miR-200c,TGF-beta,GSC,ZEB1,miR-34a,TWIST2",N,10
6798,"TWIST1,SNAI1,miR-101,ZEB2,miR-200c,TGF-beta,GSC,ZEB1,miR-34a,SNAI2,TWIST2",N,11
6799,"TWIST1,SNAI1,miR-101,ZEB2,miR-200c,TGF-beta,GSC,ZEB1,CDH1,SNAI2,TWIST2",N,11
6800,"TWIST1,SNAI1,miR-101,ZEB2,miR-200c,TGF-beta,GSC",P,7
6801,"TWIST1,SNAI1,miR-101,ZEB2,miR-200c,ZEB1,CLDN7,CDH1,SNAI2,miR-200b,TGF-beta,GSC",N,12
6802,"TWIST1,SNAI1,miR-101,ZEB2,miR-200c,ZEB1,CLDN7,CDH1,SNAI2,TWIST2",P,10
6803,"TWIST1,SNAI1,miR-101,ZEB2,miR-200c,ZEB1,GRHL2,NP63,SNAI2,miR-200b,TGF-beta,GSC",N,12
6804,"TWIST1,SNAI1,miR-101,ZEB2,miR-200c,ZEB1,GRHL2,NP63,SNAI2,TWIST2",P,10
6805,"TWIST1,SNAI1,miR-101,ZEB2,miR-200c,ZEB1,GRHL2,OVOL2,TGF-beta,SNAI2,TWIST2",P,11
6806,"TWIST1,SNAI1,miR-101,ZEB2,miR-200c,ZEB1,GRHL2,OVOL2,TGF-beta,GSC",P,10
6807,"TWIST1,SNAI1,miR-101,ZEB2,miR-200c,ZEB1,GRHL2,OVOL2,NP63,SNAI2,miR-200b,TGF-beta,GSC",N,13
6808,"TWIST1,SNAI1,miR-101,ZEB2,miR-200c,ZEB1,GRHL2,OVOL2,NP63,SNAI2,TWIST2",P,11
6809,"TWIST1,SNAI1,miR-101,ZEB2,miR-200c,ZEB1,GRHL2,OVOL2,SNAI2,miR-200b,TGF-beta,GSC",N,12
6810,"TWIST1,SNAI1,miR-101,ZEB2,miR-200c,ZEB1,GRHL2,OVOL2,SNAI2,TWIST2",P,10
6811,"TWIST1,SNAI1,miR-101,ZEB2,miR-200c,ZEB1,GRHL2,OVOL2,CDH1,SNAI2,miR-200b,TGF-beta,GSC",P,13
6812,"TWIST1,SNAI1,miR-101,ZEB2,miR-200c,ZEB1,GRHL2,OVOL2,CDH1,SNAI2,TWIST2",N,11
6813,"TWIST1,SNAI1,miR-101,ZEB2,miR-200c,ZEB1,OVOL2,TGF-beta,SNAI2,TWIST2",N,10
6814,"TWIST1,SNAI1,miR-101,ZEB2,miR-200c,ZEB1,OVOL2,TGF-beta,GSC",N,9
6815,"TWIST1,SNAI1,miR-101,ZEB2,miR-200c,ZEB1,OVOL2,NP63,SNAI2,miR-200b,TGF-beta,GSC",P,12
6816,"TWIST1,SNAI1,miR-101,ZEB2,miR-200c,ZEB1,OVOL2,NP63,SNAI2,TWIST2",N,10
6817,"TWIST1,SNAI1,miR-101,ZEB2,miR-200c,ZEB1,OVOL2,SNAI2,miR-200b,TGF-beta,GSC",P,11
6818,"TWIST1,SNAI1,miR-101,ZEB2,miR-200c,ZEB1,OVOL2,SNAI2,TWIST2",N,9
6819,"TWIST1,SNAI1,miR-101,ZEB2,miR-200c,ZEB1,OVOL2,CDH1,SNAI2,miR-200b,TGF-beta,GSC",N,12
6820,"TWIST1,SNAI1,miR-101,ZEB2,miR-200c,ZEB1,OVOL2,CDH1,SNAI2,TWIST2",P,10
6821,"TWIST1,SNAI1,miR-101,ZEB2,miR-200c,ZEB1,miR-34a,TWIST2",N,8
6822,"TWIST1,SNAI1,miR-101,ZEB2,miR-200c,ZEB1,miR-34a,TWIST2,SNAI2,miR-200b,TGF-beta,GSC",P,12
6823,"TWIST1,SNAI1,miR-101,ZEB2,miR-200c,ZEB1,miR-34a,TWIST2,CDH1,SNAI2,miR-200b,TGF-beta,GSC",P,13
6824,"TWIST1,SNAI1,miR-101,ZEB2,miR-200c,ZEB1,miR-34a,SNAI2,miR-200b,TGF-beta,GSC",P,11
6825,"TWIST1,SNAI1,miR-101,ZEB2,miR-200c,ZEB1,miR-34a,SNAI2,TWIST2",N,9
6826,"TWIST1,SNAI1,miR-101,ZEB2,miR-200c,ZEB1,miR-200a,TGF-beta,SNAI2,TWIST2",N,10
6827,"TWIST1,SNAI1,miR-101,ZEB2,miR-200c,ZEB1,miR-200a,TGF-beta,GSC",N,9
6828,"TWIST1,SNAI1,miR-101,ZEB2,miR-200c,ZEB1,miR-200b,TGF-beta,SNAI2,TWIST2",N,10
6829,"TWIST1,SNAI1,miR-101,ZEB2,miR-200c,ZEB1,miR-200b,TGF-beta,GSC",N,9
6830,"TWIST1,SNAI1,miR-101,ZEB2,miR-200c,ZEB1,miR-141,TGF-beta,SNAI2,TWIST2",N,10
6831,"TWIST1,SNAI1,miR-101,ZEB2,miR-200c,ZEB1,miR-141,TGF-beta,GSC",N,9
6832,"TWIST1,SNAI1,miR-101,ZEB2,miR-200c,ZEB1,CDH1,SNAI2,miR-200b,TGF-beta,GSC",P,11
6833,"TWIST1,SNAI1,miR-101,ZEB2,miR-200c,ZEB1,CDH1,SNAI2,TWIST2",N,9
6834,"TWIST1,SNAI1,miR-101,ZEB2,miR-200b,TGF-beta,SNAI2,TWIST2",N,8
6835,"TWIST1,SNAI1,miR-101,ZEB2,miR-200b,TGF-beta,GSC,ZEB1,CLDN7,CDH1,SNAI2,TWIST2",N,12
6836,"TWIST1,SNAI1,miR-101,ZEB2,miR-200b,TGF-beta,GSC,ZEB1,GRHL2,NP63,SNAI2,TWIST2",N,12
6837,"TWIST1,SNAI1,miR-101,ZEB2,miR-200b,TGF-beta,GSC,ZEB1,GRHL2,OVOL2,NP63,SNAI2,TWIST2",N,13
6838,"TWIST1,SNAI1,miR-101,ZEB2,miR-200b,TGF-beta,GSC,ZEB1,GRHL2,OVOL2,SNAI2,TWIST2",N,12
6839,"TWIST1,SNAI1,miR-101,ZEB2,miR-200b,TGF-beta,GSC,ZEB1,GRHL2,OVOL2,CDH1,SNAI2,TWIST2",P,13
6840,"TWIST1,SNAI1,miR-101,ZEB2,miR-200b,TGF-beta,GSC,ZEB1,OVOL2,NP63,SNAI2,TWIST2",P,12
6841,"TWIST1,SNAI1,miR-101,ZEB2,miR-200b,TGF-beta,GSC,ZEB1,OVOL2,SNAI2,TWIST2",P,11
6842,"TWIST1,SNAI1,miR-101,ZEB2,miR-200b,TGF-beta,GSC,ZEB1,OVOL2,CDH1,SNAI2,TWIST2",N,12
6843,"TWIST1,SNAI1,miR-101,ZEB2,miR-200b,TGF-beta,GSC,ZEB1,miR-34a,TWIST2",P,10
6844,"TWIST1,SNAI1,miR-101,ZEB2,miR-200b,TGF-beta,GSC,ZEB1,miR-34a,SNAI2,TWIST2",P,11
6845,"TWIST1,SNAI1,miR-101,ZEB2,miR-200b,TGF-beta,GSC,ZEB1,CDH1,SNAI2,TWIST2",P,11
6846,"TWIST1,SNAI1,miR-101,ZEB2,miR-200b,TGF-beta,GSC",N,7
6847,"TWIST1,SNAI1,miR-101,ZEB2,miR-200b,ZEB1,CLDN7,CDH1,SNAI2,TWIST2",P,10
6848,"TWIST1,SNAI1,miR-101,ZEB2,miR-200b,ZEB1,GRHL2,NP63,SNAI2,TWIST2",P,10
6849,"TWIST1,SNAI1,miR-101,ZEB2,miR-200b,ZEB1,GRHL2,OVOL2,TGF-beta,SNAI2,TWIST2",P,11
6850,"TWIST1,SNAI1,miR-101,ZEB2,miR-200b,ZEB1,GRHL2,OVOL2,TGF-beta,GSC",P,10
6851,"TWIST1,SNAI1,miR-101,ZEB2,miR-200b,ZEB1,GRHL2,OVOL2,NP63,SNAI2,TWIST2",P,11
6852,"TWIST1,SNAI1,miR-101,ZEB2,miR-200b,ZEB1,GRHL2,OVOL2,SNAI2,TWIST2",P,10
6853,"TWIST1,SNAI1,miR-101,ZEB2,miR-200b,ZEB1,GRHL2,OVOL2,CDH1,SNAI2,TWIST2",N,11
6854,"TWIST1,SNAI1,miR-101,ZEB2,miR-200b,ZEB1,OVOL2,TGF-beta,SNAI2,TWIST2",N,10
6855,"TWIST1,SNAI1,miR-101,ZEB2,miR-200b,ZEB1,OVOL2,TGF-beta,GSC",N,9
6856,"TWIST1,SNAI1,miR-101,ZEB2,miR-200b,ZEB1,OVOL2,NP63,SNAI2,TWIST2",N,10
6857,"TWIST1,SNAI1,miR-101,ZEB2,miR-200b,ZEB1,OVOL2,SNAI2,TWIST2",N,9
6858,"TWIST1,SNAI1,miR-101,ZEB2,miR-200b,ZEB1,OVOL2,CDH1,SNAI2,TWIST2",P,10
6859,"TWIST1,SNAI1,miR-101,ZEB2,miR-200b,ZEB1,miR-34a,TWIST2",N,8
6860,"TWIST1,SNAI1,miR-101,ZEB2,miR-200b,ZEB1,miR-34a,SNAI2,TWIST2",N,9
6861,"TWIST1,SNAI1,miR-101,ZEB2,miR-200b,ZEB1,miR-200a,TGF-beta,SNAI2,TWIST2",N,10
6862,"TWIST1,SNAI1,miR-101,ZEB2,miR-200b,ZEB1,miR-200a,TGF-beta,GSC",N,9
6863,"TWIST1,SNAI1,miR-101,ZEB2,miR-200b,ZEB1,miR-200c,TGF-beta,SNAI2,TWIST2",P,10
6864,"TWIST1,SNAI1,miR-101,ZEB2,miR-200b,ZEB1,miR-200c,TGF-beta,GSC",P,9
6865,"TWIST1,SNAI1,miR-101,ZEB2,miR-200b,ZEB1,miR-141,TGF-beta,SNAI2,TWIST2",N,10
6866,"TWIST1,SNAI1,miR-101,ZEB2,miR-200b,ZEB1,miR-141,TGF-beta,GSC",N,9
6867,"TWIST1,SNAI1,miR-101,ZEB2,miR-200b,ZEB1,CDH1,SNAI2,TWIST2",N,9
6868,"TWIST1,SNAI1,miR-101,ZEB2,CDH1,SNAI2,miR-200b,TGF-beta,GSC,ZEB1,miR-34a,TWIST2",N,12
6869,"TWIST1,SNAI1,miR-101,ZEB2,CDH1,SNAI2,miR-200b,TGF-beta,GSC",P,9
6870,"TWIST1,SNAI1,miR-101,ZEB2,CDH1,SNAI2,miR-200b,ZEB1,GRHL2,OVOL2,TGF-beta,GSC",N,12
6871,"TWIST1,SNAI1,miR-101,ZEB2,CDH1,SNAI2,miR-200b,ZEB1,OVOL2,TGF-beta,GSC",P,11
6872,"TWIST1,SNAI1,miR-101,ZEB2,CDH1,SNAI2,miR-200b,ZEB1,miR-34a,TWIST2",P,10
6873,"TWIST1,SNAI1,miR-101,ZEB2,CDH1,SNAI2,miR-200b,ZEB1,miR-200a,TGF-beta,GSC",P,11
6874,"TWIST1,SNAI1,miR-101,ZEB2,CDH1,SNAI2,miR-200b,ZEB1,miR-200c,TGF-beta,GSC",N,11
6875,"TWIST1,SNAI1,miR-101,ZEB2,CDH1,SNAI2,miR-200b,ZEB1,miR-141,TGF-beta,GSC",P,11
6876,"TWIST1,SNAI1,miR-101,ZEB2,CDH1,SNAI2,TWIST2,ZEB1,GRHL2,OVOL2,TGF-beta,GSC",P,12
6877,"TWIST1,SNAI1,miR-101,ZEB2,CDH1,SNAI2,TWIST2,ZEB1,OVOL2,TGF-beta,GSC",N,11
6878,"TWIST1,SNAI1,miR-101,ZEB2,CDH1,SNAI2,TWIST2,ZEB1,miR-200a,TGF-beta,GSC",N,11
6879,"TWIST1,SNAI1,miR-101,ZEB2,CDH1,SNAI2,TWIST2,ZEB1,miR-200c,TGF-beta,GSC",P,11
6880,"TWIST1,SNAI1,miR-101,ZEB2,CDH1,SNAI2,TWIST2,ZEB1,miR-200b,TGF-beta,GSC",N,11
6881,"TWIST1,SNAI1,miR-101,ZEB2,CDH1,SNAI2,TWIST2,ZEB1,miR-141,TGF-beta,GSC",N,11
6882,"TWIST1,SNAI1,miR-101,ZEB2,CDH1,SNAI2,TWIST2",N,7
6883,"TWIST1,SNAI1,miR-101,ZEB1,CLDN7,CDH1,SNAI2,miR-200b,TGF-beta,GSC",P,10
6884,"TWIST1,SNAI1,miR-101,ZEB1,CLDN7,CDH1,SNAI2,miR-200b,ZEB2,miR-200a,TGF-beta,GSC",N,12
6885,"TWIST1,SNAI1,miR-101,ZEB1,CLDN7,CDH1,SNAI2,miR-200b,ZEB2,miR-200c,TGF-beta,GSC",N,12
6886,"TWIST1,SNAI1,miR-101,ZEB1,CLDN7,CDH1,SNAI2,TWIST2,ZEB2,miR-200a,TGF-beta,GSC",N,12
6887,"TWIST1,SNAI1,miR-101,ZEB1,CLDN7,CDH1,SNAI2,TWIST2,ZEB2,miR-200c,TGF-beta,GSC",N,12
6888,"TWIST1,SNAI1,miR-101,ZEB1,CLDN7,CDH1,SNAI2,TWIST2,ZEB2,miR-200b,TGF-beta,GSC",P,12
6889,"TWIST1,SNAI1,miR-101,ZEB1,CLDN7,CDH1,SNAI2,TWIST2",N,8
6890,"TWIST1,SNAI1,miR-101,ZEB1,GRHL2,NP63,miR-205,ZEB2,miR-200a,TGF-beta,SNAI2,TWIST2",N,12
6891,"TWIST1,SNAI1,miR-101,ZEB1,GRHL2,NP63,miR-205,ZEB2,miR-200a,TGF-beta,GSC",N,11
6892,"TWIST1,SNAI1,miR-101,ZEB1,GRHL2,NP63,miR-205,ZEB2,miR-200c,TGF-beta,SNAI2,TWIST2",N,12
6893,"TWIST1,SNAI1,miR-101,ZEB1,GRHL2,NP63,miR-205,ZEB2,miR-200c,TGF-beta,GSC",N,11
6894,"TWIST1,SNAI1,miR-101,ZEB1,GRHL2,NP63,miR-205,ZEB2,miR-200b,TGF-beta,SNAI2,TWIST2",P,12
6895,"TWIST1,SNAI1,miR-101,ZEB1,GRHL2,NP63,miR-205,ZEB2,miR-200b,TGF-beta,GSC",P,11
6896,"TWIST1,SNAI1,miR-101,ZEB1,GRHL2,NP63,miR-205,ZEB2,CDH1,SNAI2,miR-200b,TGF-beta,GSC",N,13
6897,"TWIST1,SNAI1,miR-101,ZEB1,GRHL2,NP63,miR-205,ZEB2,CDH1,SNAI2,TWIST2",P,11
6898,"TWIST1,SNAI1,miR-101,ZEB1,GRHL2,NP63,SNAI2,miR-200b,TGF-beta,GSC",P,10
6899,"TWIST1,SNAI1,miR-101,ZEB1,GRHL2,NP63,SNAI2,miR-200b,ZEB2,miR-200a,TGF-beta,GSC",N,12
6900,"TWIST1,SNAI1,miR-101,ZEB1,GRHL2,NP63,SNAI2,miR-200b,ZEB2,miR-200c,TGF-beta,GSC",N,12
6901,"TWIST1,SNAI1,miR-101,ZEB1,GRHL2,NP63,SNAI2,TWIST2,ZEB2,miR-200a,TGF-beta,GSC",N,12
6902,"TWIST1,SNAI1,miR-101,ZEB1,GRHL2,NP63,SNAI2,TWIST2,ZEB2,miR-200c,TGF-beta,GSC",N,12
6903,"TWIST1,SNAI1,miR-101,ZEB1,GRHL2,NP63,SNAI2,TWIST2,ZEB2,miR-200b,TGF-beta,GSC",P,12
6904,"TWIST1,SNAI1,miR-101,ZEB1,GRHL2,NP63,SNAI2,TWIST2",N,8
6905,"TWIST1,SNAI1,miR-101,ZEB1,GRHL2,OVOL2,TGF-beta,SNAI2,TWIST2",N,9
6906,"TWIST1,SNAI1,miR-101,ZEB1,GRHL2,OVOL2,TGF-beta,GSC,ZEB2,CDH1,SNAI2,TWIST2",P,12
6907,"TWIST1,SNAI1,miR-101,ZEB1,GRHL2,OVOL2,TGF-beta,GSC",N,8
6908,"TWIST1,SNAI1,miR-101,ZEB1,GRHL2,OVOL2,NP63,miR-205,ZEB2,miR-200a,TGF-beta,SNAI2,TWIST2",N,13
6909,"TWIST1,SNAI1,miR-101,ZEB1,GRHL2,OVOL2,NP63,miR-205,ZEB2,miR-200a,TGF-beta,GSC",N,12
6910,"TWIST1,SNAI1,miR-101,ZEB1,GRHL2,OVOL2,NP63,miR-205,ZEB2,miR-200c,TGF-beta,SNAI2,TWIST2",N,13
6911,"TWIST1,SNAI1,miR-101,ZEB1,GRHL2,OVOL2,NP63,miR-205,ZEB2,miR-200c,TGF-beta,GSC",N,12
6912,"TWIST1,SNAI1,miR-101,ZEB1,GRHL2,OVOL2,NP63,miR-205,ZEB2,miR-200b,TGF-beta,SNAI2,TWIST2",P,13
6913,"TWIST1,SNAI1,miR-101,ZEB1,GRHL2,OVOL2,NP63,miR-205,ZEB2,miR-200b,TGF-beta,GSC",P,12
6914,"TWIST1,SNAI1,miR-101,ZEB1,GRHL2,OVOL2,NP63,miR-205,ZEB2,CDH1,SNAI2,miR-200b,TGF-beta,GSC",N,14
6915,"TWIST1,SNAI1,miR-101,ZEB1,GRHL2,OVOL2,NP63,miR-205,ZEB2,CDH1,SNAI2,TWIST2",P,12
6916,"TWIST1,SNAI1,miR-101,ZEB1,GRHL2,OVOL2,NP63,SNAI2,miR-200b,TGF-beta,GSC",P,11
6917,"TWIST1,SNAI1,miR-101,ZEB1,GRHL2,OVOL2,NP63,SNAI2,miR-200b,ZEB2,miR-200a,TGF-beta,GSC",N,13
6918,"TWIST1,SNAI1,miR-101,ZEB1,GRHL2,OVOL2,NP63,SNAI2,miR-200b,ZEB2,miR-200c,TGF-beta,GSC",N,13
6919,"TWIST1,SNAI1,miR-101,ZEB1,GRHL2,OVOL2,NP63,SNAI2,TWIST2,ZEB2,miR-200a,TGF-beta,GSC",N,13
6920,"TWIST1,SNAI1,miR-101,ZEB1,GRHL2,OVOL2,NP63,SNAI2,TWIST2,ZEB2,miR-200c,TGF-beta,GSC",N,13
6921,"TWIST1,SNAI1,miR-101,ZEB1,GRHL2,OVOL2,NP63,SNAI2,TWIST2,ZEB2,miR-200b,TGF-beta,GSC",P,13
6922,"TWIST1,SNAI1,miR-101,ZEB1,GRHL2,OVOL2,NP63,SNAI2,TWIST2",N,9
6923,"TWIST1,SNAI1,miR-101,ZEB1,GRHL2,OVOL2,SNAI2,miR-200b,TGF-beta,GSC",P,10
6924,"TWIST1,SNAI1,miR-101,ZEB1,GRHL2,OVOL2,SNAI2,miR-200b,ZEB2,miR-200a,TGF-beta,GSC",N,12
6925,"TWIST1,SNAI1,miR-101,ZEB1,GRHL2,OVOL2,SNAI2,miR-200b,ZEB2,miR-200c,TGF-beta,GSC",N,12
6926,"TWIST1,SNAI1,miR-101,ZEB1,GRHL2,OVOL2,SNAI2,TWIST2,ZEB2,miR-200a,TGF-beta,GSC",N,12
6927,"TWIST1,SNAI1,miR-101,ZEB1,GRHL2,OVOL2,SNAI2,TWIST2,ZEB2,miR-200c,TGF-beta,GSC",N,12
6928,"TWIST1,SNAI1,miR-101,ZEB1,GRHL2,OVOL2,SNAI2,TWIST2,ZEB2,miR-200b,TGF-beta,GSC",P,12
6929,"TWIST1,SNAI1,miR-101,ZEB1,GRHL2,OVOL2,SNAI2,TWIST2",N,8
6930,"TWIST1,SNAI1,miR-101,ZEB1,GRHL2,OVOL2,CDH1,SNAI2,miR-200b,TGF-beta,GSC",N,11
6931,"TWIST1,SNAI1,miR-101,ZEB1,GRHL2,OVOL2,CDH1,SNAI2,miR-200b,ZEB2,miR-200a,TGF-beta,GSC",P,13
6932,"TWIST1,SNAI1,miR-101,ZEB1,GRHL2,OVOL2,CDH1,SNAI2,miR-200b,ZEB2,miR-200c,TGF-beta,GSC",P,13
6933,"TWIST1,SNAI1,miR-101,ZEB1,GRHL2,OVOL2,CDH1,SNAI2,TWIST2,ZEB2,miR-200a,TGF-beta,GSC",P,13
6934,"TWIST1,SNAI1,miR-101,ZEB1,GRHL2,OVOL2,CDH1,SNAI2,TWIST2,ZEB2,miR-200c,TGF-beta,GSC",P,13
6935,"TWIST1,SNAI1,miR-101,ZEB1,GRHL2,OVOL2,CDH1,SNAI2,TWIST2,ZEB2,miR-200b,TGF-beta,GSC",N,13
6936,"TWIST1,SNAI1,miR-101,ZEB1,GRHL2,OVOL2,CDH1,SNAI2,TWIST2",P,9
6937,"TWIST1,SNAI1,miR-101,ZEB1,OVOL2,TGF-beta,SNAI2,TWIST2",P,8
6938,"TWIST1,SNAI1,miR-101,ZEB1,OVOL2,TGF-beta,GSC,ZEB2,CDH1,SNAI2,TWIST2",N,11
6939,"TWIST1,SNAI1,miR-101,ZEB1,OVOL2,TGF-beta,GSC",P,7
6940,"TWIST1,SNAI1,miR-101,ZEB1,OVOL2,NP63,miR-205,ZEB2,miR-200a,TGF-beta,SNAI2,TWIST2",P,12
6941,"TWIST1,SNAI1,miR-101,ZEB1,OVOL2,NP63,miR-205,ZEB2,miR-200a,TGF-beta,GSC",P,11
6942,"TWIST1,SNAI1,miR-101,ZEB1,OVOL2,NP63,miR-205,ZEB2,miR-200c,TGF-beta,SNAI2,TWIST2",P,12
6943,"TWIST1,SNAI1,miR-101,ZEB1,OVOL2,NP63,miR-205,ZEB2,miR-200c,TGF-beta,GSC",P,11
6944,"TWIST1,SNAI1,miR-101,ZEB1,OVOL2,NP63,miR-205,ZEB2,miR-200b,TGF-beta,SNAI2,TWIST2",N,12
6945,"TWIST1,SNAI1,miR-101,ZEB1,OVOL2,NP63,miR-205,ZEB2,miR-200b,TGF-beta,GSC",N,11
6946,"TWIST1,SNAI1,miR-101,ZEB1,OVOL2,NP63,miR-205,ZEB2,CDH1,SNAI2,miR-200b,TGF-beta,GSC",P,13
6947,"TWIST1,SNAI1,miR-101,ZEB1,OVOL2,NP63,miR-205,ZEB2,CDH1,SNAI2,TWIST2",N,11
6948,"TWIST1,SNAI1,miR-101,ZEB1,OVOL2,NP63,SNAI2,miR-200b,TGF-beta,GSC",N,10
6949,"TWIST1,SNAI1,miR-101,ZEB1,OVOL2,NP63,SNAI2,miR-200b,ZEB2,miR-200a,TGF-beta,GSC",P,12
6950,"TWIST1,SNAI1,miR-101,ZEB1,OVOL2,NP63,SNAI2,miR-200b,ZEB2,miR-200c,TGF-beta,GSC",P,12
6951,"TWIST1,SNAI1,miR-101,ZEB1,OVOL2,NP63,SNAI2,TWIST2,ZEB2,miR-200a,TGF-beta,GSC",P,12
6952,"TWIST1,SNAI1,miR-101,ZEB1,OVOL2,NP63,SNAI2,TWIST2,ZEB2,miR-200c,TGF-beta,GSC",P,12
6953,"TWIST1,SNAI1,miR-101,ZEB1,OVOL2,NP63,SNAI2,TWIST2,ZEB2,miR-200b,TGF-beta,GSC",N,12
6954,"TWIST1,SNAI1,miR-101,ZEB1,OVOL2,NP63,SNAI2,TWIST2",P,8
6955,"TWIST1,SNAI1,miR-101,ZEB1,OVOL2,SNAI2,miR-200b,TGF-beta,GSC",N,9
6956,"TWIST1,SNAI1,miR-101,ZEB1,OVOL2,SNAI2,miR-200b,ZEB2,miR-200a,TGF-beta,GSC",P,11
6957,"TWIST1,SNAI1,miR-101,ZEB1,OVOL2,SNAI2,miR-200b,ZEB2,miR-200c,TGF-beta,GSC",P,11
6958,"TWIST1,SNAI1,miR-101,ZEB1,OVOL2,SNAI2,TWIST2,ZEB2,miR-200a,TGF-beta,GSC",P,11
6959,"TWIST1,SNAI1,miR-101,ZEB1,OVOL2,SNAI2,TWIST2,ZEB2,miR-200c,TGF-beta,GSC",P,11
6960,"TWIST1,SNAI1,miR-101,ZEB1,OVOL2,SNAI2,TWIST2,ZEB2,miR-200b,TGF-beta,GSC",N,11
6961,"TWIST1,SNAI1,miR-101,ZEB1,OVOL2,SNAI2,TWIST2",P,7
6962,"TWIST1,SNAI1,miR-101,ZEB1,OVOL2,CDH1,SNAI2,miR-200b,TGF-beta,GSC",P,10
6963,"TWIST1,SNAI1,miR-101,ZEB1,OVOL2,CDH1,SNAI2,miR-200b,ZEB2,miR-200a,TGF-beta,GSC",N,12
6964,"TWIST1,SNAI1,miR-101,ZEB1,OVOL2,CDH1,SNAI2,miR-200b,ZEB2,miR-200c,TGF-beta,GSC",N,12
6965,"TWIST1,SNAI1,miR-101,ZEB1,OVOL2,CDH1,SNAI2,TWIST2,ZEB2,miR-200a,TGF-beta,GSC",N,12
6966,"TWIST1,SNAI1,miR-101,ZEB1,OVOL2,CDH1,SNAI2,TWIST2,ZEB2,miR-200c,TGF-beta,GSC",N,12
6967,"TWIST1,SNAI1,miR-101,ZEB1,OVOL2,CDH1,SNAI2,TWIST2,ZEB2,miR-200b,TGF-beta,GSC",P,12
6968,"TWIST1,SNAI1,miR-101,ZEB1,OVOL2,CDH1,SNAI2,TWIST2",N,8
6969,"TWIST1,SNAI1,miR-101,ZEB1,miR-34a,TWIST2,ZEB2,miR-200a,TGF-beta,GSC",P,10
6970,"TWIST1,SNAI1,miR-101,ZEB1,miR-34a,TWIST2,ZEB2,miR-200c,TGF-beta,GSC",P,10
6971,"TWIST1,SNAI1,miR-101,ZEB1,miR-34a,TWIST2,ZEB2,miR-200b,TGF-beta,GSC",N,10
6972,"TWIST1,SNAI1,miR-101,ZEB1,miR-34a,TWIST2,ZEB2,CDH1,SNAI2,miR-200b,TGF-beta,GSC",P,12
6973,"TWIST1,SNAI1,miR-101,ZEB1,miR-34a,TWIST2",P,6
6974,"TWIST1,SNAI1,miR-101,ZEB1,miR-34a,TWIST2,SNAI2,miR-200b,TGF-beta,GSC",N,10
6975,"TWIST1,SNAI1,miR-101,ZEB1,miR-34a,TWIST2,SNAI2,miR-200b,ZEB2,miR-200a,TGF-beta,GSC",P,12
6976,"TWIST1,SNAI1,miR-101,ZEB1,miR-34a,TWIST2,SNAI2,miR-200b,ZEB2,miR-200c,TGF-beta,GSC",P,12
6977,"TWIST1,SNAI1,miR-101,ZEB1,miR-34a,TWIST2,CDH1,SNAI2,miR-200b,TGF-beta,GSC",N,11
6978,"TWIST1,SNAI1,miR-101,ZEB1,miR-34a,TWIST2,CDH1,SNAI2,miR-200b,ZEB2,miR-200a,TGF-beta,GSC",P,13
6979,"TWIST1,SNAI1,miR-101,ZEB1,miR-34a,TWIST2,CDH1,SNAI2,miR-200b,ZEB2,miR-200c,TGF-beta,GSC",P,13
6980,"TWIST1,SNAI1,miR-101,ZEB1,miR-34a,SNAI2,miR-200b,TGF-beta,GSC",N,9
6981,"TWIST1,SNAI1,miR-101,ZEB1,miR-34a,SNAI2,miR-200b,ZEB2,miR-200a,TGF-beta,GSC",P,11
6982,"TWIST1,SNAI1,miR-101,ZEB1,miR-34a,SNAI2,miR-200b,ZEB2,miR-200c,TGF-beta,GSC",P,11
6983,"TWIST1,SNAI1,miR-101,ZEB1,miR-34a,SNAI2,TWIST2,ZEB2,miR-200a,TGF-beta,GSC",P,11
6984,"TWIST1,SNAI1,miR-101,ZEB1,miR-34a,SNAI2,TWIST2,ZEB2,miR-200c,TGF-beta,GSC",P,11
6985,"TWIST1,SNAI1,miR-101,ZEB1,miR-34a,SNAI2,TWIST2,ZEB2,miR-200b,TGF-beta,GSC",N,11
6986,"TWIST1,SNAI1,miR-101,ZEB1,miR-34a,SNAI2,TWIST2",P,7
6987,"TWIST1,SNAI1,miR-101,ZEB1,miR-200a,TGF-beta,SNAI2,TWIST2",P,8
6988,"TWIST1,SNAI1,miR-101,ZEB1,miR-200a,TGF-beta,GSC,ZEB2,CDH1,SNAI2,TWIST2",N,11
6989,"TWIST1,SNAI1,miR-101,ZEB1,miR-200a,TGF-beta,GSC",P,7
6990,"TWIST1,SNAI1,miR-101,ZEB1,miR-200a,ZEB2,miR-200c,TGF-beta,SNAI2,TWIST2",N,10
6991,"TWIST1,SNAI1,miR-101,ZEB1,miR-200a,ZEB2,miR-200c,TGF-beta,GSC",N,9
6992,"TWIST1,SNAI1,miR-101,ZEB1,miR-200a,ZEB2,miR-200b,TGF-beta,SNAI2,TWIST2",P,10
6993,"TWIST1,SNAI1,miR-101,ZEB1,miR-200a,ZEB2,miR-200b,TGF-beta,GSC",P,9
6994,"TWIST1,SNAI1,miR-101,ZEB1,miR-200a,ZEB2,CDH1,SNAI2,miR-200b,TGF-beta,GSC",N,11
6995,"TWIST1,SNAI1,miR-101,ZEB1,miR-200a,ZEB2,CDH1,SNAI2,TWIST2",P,9
6996,"TWIST1,SNAI1,miR-101,ZEB1,miR-200c,TGF-beta,SNAI2,TWIST2",N,8
6997,"TWIST1,SNAI1,miR-101,ZEB1,miR-200c,TGF-beta,GSC,ZEB2,CDH1,SNAI2,TWIST2",P,11
6998,"TWIST1,SNAI1,miR-101,ZEB1,miR-200c,TGF-beta,GSC",N,7
6999,"TWIST1,SNAI1,miR-101,ZEB1,miR-200c,ZEB2,miR-200a,TGF-beta,SNAI2,TWIST2",N,10
7000,"TWIST1,SNAI1,miR-101,ZEB1,miR-200c,ZEB2,miR-200a,TGF-beta,GSC",N,9
7001,"TWIST1,SNAI1,miR-101,ZEB1,miR-200c,ZEB2,miR-200b,TGF-beta,SNAI2,TWIST2",P,10
7002,"TWIST1,SNAI1,miR-101,ZEB1,miR-200c,ZEB2,miR-200b,TGF-beta,GSC",P,9
7003,"TWIST1,SNAI1,miR-101,ZEB1,miR-200c,ZEB2,CDH1,SNAI2,miR-200b,TGF-beta,GSC",N,11
7004,"TWIST1,SNAI1,miR-101,ZEB1,miR-200c,ZEB2,CDH1,SNAI2,TWIST2",P,9
7005,"TWIST1,SNAI1,miR-101,ZEB1,miR-200b,TGF-beta,SNAI2,TWIST2",P,8
7006,"TWIST1,SNAI1,miR-101,ZEB1,miR-200b,TGF-beta,GSC,ZEB2,CDH1,SNAI2,TWIST2",N,11
7007,"TWIST1,SNAI1,miR-101,ZEB1,miR-200b,TGF-beta,GSC",P,7
7008,"TWIST1,SNAI1,miR-101,ZEB1,miR-200b,ZEB2,miR-200a,TGF-beta,SNAI2,TWIST2",N,10
7009,"TWIST1,SNAI1,miR-101,ZEB1,miR-200b,ZEB2,miR-200a,TGF-beta,GSC",N,9
7010,"TWIST1,SNAI1,miR-101,ZEB1,miR-200b,ZEB2,miR-200c,TGF-beta,SNAI2,TWIST2",N,10
7011,"TWIST1,SNAI1,miR-101,ZEB1,miR-200b,ZEB2,miR-200c,TGF-beta,GSC",N,9
7012,"TWIST1,SNAI1,miR-101,ZEB1,miR-200b,ZEB2,CDH1,SNAI2,TWIST2",P,9
7013,"TWIST1,SNAI1,miR-101,ZEB1,miR-141,TGF-beta,SNAI2,TWIST2",P,8
7014,"TWIST1,SNAI1,miR-101,ZEB1,miR-141,TGF-beta,GSC,ZEB2,CDH1,SNAI2,TWIST2",N,11
7015,"TWIST1,SNAI1,miR-101,ZEB1,miR-141,TGF-beta,GSC",P,7
7016,"TWIST1,SNAI1,miR-101,ZEB1,miR-141,ZEB2,miR-200a,TGF-beta,SNAI2,TWIST2",P,10
7017,"TWIST1,SNAI1,miR-101,ZEB1,miR-141,ZEB2,miR-200a,TGF-beta,GSC",P,9
7018,"TWIST1,SNAI1,miR-101,ZEB1,miR-141,ZEB2,miR-200c,TGF-beta,SNAI2,TWIST2",P,10
7019,"TWIST1,SNAI1,miR-101,ZEB1,miR-141,ZEB2,miR-200c,TGF-beta,GSC",P,9
7020,"TWIST1,SNAI1,miR-101,ZEB1,miR-141,ZEB2,miR-200b,TGF-beta,SNAI2,TWIST2",N,10
7021,"TWIST1,SNAI1,miR-101,ZEB1,miR-141,ZEB2,miR-200b,TGF-beta,GSC",N,9
7022,"TWIST1,SNAI1,miR-101,ZEB1,miR-141,ZEB2,CDH1,SNAI2,miR-200b,TGF-beta,GSC",P,11
7023,"TWIST1,SNAI1,miR-101,ZEB1,miR-141,ZEB2,CDH1,SNAI2,TWIST2",N,9
7024,"TWIST1,SNAI1,miR-101,ZEB1,CDH1,SNAI2,miR-200b,TGF-beta,GSC",N,9
7025,"TWIST1,SNAI1,miR-101,ZEB1,CDH1,SNAI2,miR-200b,ZEB2,miR-200a,TGF-beta,GSC",P,11
7026,"TWIST1,SNAI1,miR-101,ZEB1,CDH1,SNAI2,miR-200b,ZEB2,miR-200c,TGF-beta,GSC",P,11
7027,"TWIST1,SNAI1,miR-101,ZEB1,CDH1,SNAI2,TWIST2,ZEB2,miR-200a,TGF-beta,GSC",P,11
7028,"TWIST1,SNAI1,miR-101,ZEB1,CDH1,SNAI2,TWIST2,ZEB2,miR-200c,TGF-beta,GSC",P,11
7029,"TWIST1,SNAI1,miR-101,ZEB1,CDH1,SNAI2,TWIST2,ZEB2,miR-200b,TGF-beta,GSC",N,11
7030,"TWIST1,SNAI1,miR-101,ZEB1,CDH1,SNAI2,TWIST2",P,7
7031,"TWIST1,SNAI1,miR-34a,ZEB1,CLDN7,CDH1,SNAI2,miR-200b,TGF-beta,GSC",N,10
7032,"TWIST1,SNAI1,miR-34a,ZEB1,CLDN7,CDH1,SNAI2,miR-200b,ZEB2,miR-200a,TGF-beta,GSC",P,12
7033,"TWIST1,SNAI1,miR-34a,ZEB1,CLDN7,CDH1,SNAI2,miR-200b,ZEB2,miR-200c,TGF-beta,GSC",P,12
7034,"TWIST1,SNAI1,miR-34a,ZEB1,CLDN7,CDH1,SNAI2,miR-101,ZEB2,miR-200a,TGF-beta,GSC",P,12
7035,"TWIST1,SNAI1,miR-34a,ZEB1,CLDN7,CDH1,SNAI2,miR-101,ZEB2,miR-200c,TGF-beta,GSC",P,12
7036,"TWIST1,SNAI1,miR-34a,ZEB1,CLDN7,CDH1,SNAI2,miR-101,ZEB2,miR-200b,TGF-beta,GSC",N,12
7037,"TWIST1,SNAI1,miR-34a,ZEB1,CLDN7,CDH1,SNAI2,TWIST2,ZEB2,miR-200a,TGF-beta,GSC",P,12
7038,"TWIST1,SNAI1,miR-34a,ZEB1,CLDN7,CDH1,SNAI2,TWIST2,ZEB2,miR-200c,TGF-beta,GSC",P,12
7039,"TWIST1,SNAI1,miR-34a,ZEB1,CLDN7,CDH1,SNAI2,TWIST2,ZEB2,miR-200b,TGF-beta,GSC",N,12
7040,"TWIST1,SNAI1,miR-34a,ZEB1,CLDN7,CDH1,SNAI2,TWIST2",P,8
7041,"TWIST1,SNAI1,miR-34a,ZEB1,GRHL2,NP63,miR-205,ZEB2,miR-200a,TGF-beta,SNAI2,TWIST2",P,12
7042,"TWIST1,SNAI1,miR-34a,ZEB1,GRHL2,NP63,miR-205,ZEB2,miR-200a,TGF-beta,GSC",P,11
7043,"TWIST1,SNAI1,miR-34a,ZEB1,GRHL2,NP63,miR-205,ZEB2,miR-200c,TGF-beta,SNAI2,TWIST2",P,12
7044,"TWIST1,SNAI1,miR-34a,ZEB1,GRHL2,NP63,miR-205,ZEB2,miR-200c,TGF-beta,GSC",P,11
7045,"TWIST1,SNAI1,miR-34a,ZEB1,GRHL2,NP63,miR-205,ZEB2,miR-200b,TGF-beta,SNAI2,TWIST2",N,12
7046,"TWIST1,SNAI1,miR-34a,ZEB1,GRHL2,NP63,miR-205,ZEB2,miR-200b,TGF-beta,GSC",N,11
7047,"TWIST1,SNAI1,miR-34a,ZEB1,GRHL2,NP63,miR-205,ZEB2,CDH1,SNAI2,miR-200b,TGF-beta,GSC",P,13
7048,"TWIST1,SNAI1,miR-34a,ZEB1,GRHL2,NP63,miR-205,ZEB2,CDH1,SNAI2,TWIST2",N,11
7049,"TWIST1,SNAI1,miR-34a,ZEB1,GRHL2,NP63,SNAI2,miR-200b,TGF-beta,GSC",N,10
7050,"TWIST1,SNAI1,miR-34a,ZEB1,GRHL2,NP63,SNAI2,miR-200b,ZEB2,miR-200a,TGF-beta,GSC",P,12
7051,"TWIST1,SNAI1,miR-34a,ZEB1,GRHL2,NP63,SNAI2,miR-200b,ZEB2,miR-200c,TGF-beta,GSC",P,12
7052,"TWIST1,SNAI1,miR-34a,ZEB1,GRHL2,NP63,SNAI2,miR-101,ZEB2,miR-200a,TGF-beta,GSC",P,12
7053,"TWIST1,SNAI1,miR-34a,ZEB1,GRHL2,NP63,SNAI2,miR-101,ZEB2,miR-200c,TGF-beta,GSC",P,12
7054,"TWIST1,SNAI1,miR-34a,ZEB1,GRHL2,NP63,SNAI2,miR-101,ZEB2,miR-200b,TGF-beta,GSC",N,12
7055,"TWIST1,SNAI1,miR-34a,ZEB1,GRHL2,NP63,SNAI2,TWIST2,ZEB2,miR-200a,TGF-beta,GSC",P,12
7056,"TWIST1,SNAI1,miR-34a,ZEB1,GRHL2,NP63,SNAI2,TWIST2,ZEB2,miR-200c,TGF-beta,GSC",P,12
7057,"TWIST1,SNAI1,miR-34a,ZEB1,GRHL2,NP63,SNAI2,TWIST2,ZEB2,miR-200b,TGF-beta,GSC",N,12
7058,"TWIST1,SNAI1,miR-34a,ZEB1,GRHL2,NP63,SNAI2,TWIST2",P,8
7059,"TWIST1,SNAI1,miR-34a,ZEB1,GRHL2,OVOL2,TGF-beta,SNAI2,TWIST2",P,9
7060,"TWIST1,SNAI1,miR-34a,ZEB1,GRHL2,OVOL2,TGF-beta,GSC,ZEB2,CDH1,SNAI2,TWIST2",N,12
7061,"TWIST1,SNAI1,miR-34a,ZEB1,GRHL2,OVOL2,TGF-beta,GSC",P,8
7062,"TWIST1,SNAI1,miR-34a,ZEB1,GRHL2,OVOL2,NP63,miR-205,ZEB2,miR-200a,TGF-beta,SNAI2,TWIST2",P,13
7063,"TWIST1,SNAI1,miR-34a,ZEB1,GRHL2,OVOL2,NP63,miR-205,ZEB2,miR-200a,TGF-beta,GSC",P,12
7064,"TWIST1,SNAI1,miR-34a,ZEB1,GRHL2,OVOL2,NP63,miR-205,ZEB2,miR-200c,TGF-beta,SNAI2,TWIST2",P,13
7065,"TWIST1,SNAI1,miR-34a,ZEB1,GRHL2,OVOL2,NP63,miR-205,ZEB2,miR-200c,TGF-beta,GSC",P,12
7066,"TWIST1,SNAI1,miR-34a,ZEB1,GRHL2,OVOL2,NP63,miR-205,ZEB2,miR-200b,TGF-beta,SNAI2,TWIST2",N,13
7067,"TWIST1,SNAI1,miR-34a,ZEB1,GRHL2,OVOL2,NP63,miR-205,ZEB2,miR-200b,TGF-beta,GSC",N,12
7068,"TWIST1,SNAI1,miR-34a,ZEB1,GRHL2,OVOL2,NP63,miR-205,ZEB2,CDH1,SNAI2,miR-200b,TGF-beta,GSC",P,14
7069,"TWIST1,SNAI1,miR-34a,ZEB1,GRHL2,OVOL2,NP63,miR-205,ZEB2,CDH1,SNAI2,TWIST2",N,12
7070,"TWIST1,SNAI1,miR-34a,ZEB1,GRHL2,OVOL2,NP63,SNAI2,miR-200b,TGF-beta,GSC",N,11
7071,"TWIST1,SNAI1,miR-34a,ZEB1,GRHL2,OVOL2,NP63,SNAI2,miR-200b,ZEB2,miR-200a,TGF-beta,GSC",P,13
7072,"TWIST1,SNAI1,miR-34a,ZEB1,GRHL2,OVOL2,NP63,SNAI2,miR-200b,ZEB2,miR-200c,TGF-beta,GSC",P,13
7073,"TWIST1,SNAI1,miR-34a,ZEB1,GRHL2,OVOL2,NP63,SNAI2,miR-101,ZEB2,miR-200a,TGF-beta,GSC",P,13
7074,"TWIST1,SNAI1,miR-34a,ZEB1,GRHL2,OVOL2,NP63,SNAI2,miR-101,ZEB2,miR-200c,TGF-beta,GSC",P,13
7075,"TWIST1,SNAI1,miR-34a,ZEB1,GRHL2,OVOL2,NP63,SNAI2,miR-101,ZEB2,miR-200b,TGF-beta,GSC",N,13
7076,"TWIST1,SNAI1,miR-34a,ZEB1,GRHL2,OVOL2,NP63,SNAI2,TWIST2,ZEB2,miR-200a,TGF-beta,GSC",P,13
7077,"TWIST1,SNAI1,miR-34a,ZEB1,GRHL2,OVOL2,NP63,SNAI2,TWIST2,ZEB2,miR-200c,TGF-beta,GSC",P,13
7078,"TWIST1,SNAI1,miR-34a,ZEB1,GRHL2,OVOL2,NP63,SNAI2,TWIST2,ZEB2,miR-200b,TGF-beta,GSC",N,13
7079,"TWIST1,SNAI1,miR-34a,ZEB1,GRHL2,OVOL2,NP63,SNAI2,TWIST2",P,9
7080,"TWIST1,SNAI1,miR-34a,ZEB1,GRHL2,OVOL2,SNAI2,miR-200b,TGF-beta,GSC",N,10
7081,"TWIST1,SNAI1,miR-34a,ZEB1,GRHL2,OVOL2,SNAI2,miR-200b,ZEB2,miR-200a,TGF-beta,GSC",P,12
7082,"TWIST1,SNAI1,miR-34a,ZEB1,GRHL2,OVOL2,SNAI2,miR-200b,ZEB2,miR-200c,TGF-beta,GSC",P,12
7083,"TWIST1,SNAI1,miR-34a,ZEB1,GRHL2,OVOL2,SNAI2,miR-101,ZEB2,miR-200a,TGF-beta,GSC",P,12
7084,"TWIST1,SNAI1,miR-34a,ZEB1,GRHL2,OVOL2,SNAI2,miR-101,ZEB2,miR-200c,TGF-beta,GSC",P,12
7085,"TWIST1,SNAI1,miR-34a,ZEB1,GRHL2,OVOL2,SNAI2,miR-101,ZEB2,miR-200b,TGF-beta,GSC",N,12
7086,"TWIST1,SNAI1,miR-34a,ZEB1,GRHL2,OVOL2,SNAI2,TWIST2,ZEB2,miR-200a,TGF-beta,GSC",P,12
7087,"TWIST1,SNAI1,miR-34a,ZEB1,GRHL2,OVOL2,SNAI2,TWIST2,ZEB2,miR-200c,TGF-beta,GSC",P,12
7088,"TWIST1,SNAI1,miR-34a,ZEB1,GRHL2,OVOL2,SNAI2,TWIST2,ZEB2,miR-200b,TGF-beta,GSC",N,12
7089,"TWIST1,SNAI1,miR-34a,ZEB1,GRHL2,OVOL2,SNAI2,TWIST2",P,8
7090,"TWIST1,SNAI1,miR-34a,ZEB1,GRHL2,OVOL2,CDH1,SNAI2,miR-200b,TGF-beta,GSC",P,11
7091,"TWIST1,SNAI1,miR-34a,ZEB1,GRHL2,OVOL2,CDH1,SNAI2,miR-200b,ZEB2,miR-200a,TGF-beta,GSC",N,13
7092,"TWIST1,SNAI1,miR-34a,ZEB1,GRHL2,OVOL2,CDH1,SNAI2,miR-200b,ZEB2,miR-200c,TGF-beta,GSC",N,13
7093,"TWIST1,SNAI1,miR-34a,ZEB1,GRHL2,OVOL2,CDH1,SNAI2,miR-101,ZEB2,miR-200a,TGF-beta,GSC",N,13
7094,"TWIST1,SNAI1,miR-34a,ZEB1,GRHL2,OVOL2,CDH1,SNAI2,miR-101,ZEB2,miR-200c,TGF-beta,GSC",N,13
7095,"TWIST1,SNAI1,miR-34a,ZEB1,GRHL2,OVOL2,CDH1,SNAI2,miR-101,ZEB2,miR-200b,TGF-beta,GSC",P,13
7096,"TWIST1,SNAI1,miR-34a,ZEB1,GRHL2,OVOL2,CDH1,SNAI2,TWIST2,ZEB2,miR-200a,TGF-beta,GSC",N,13
7097,"TWIST1,SNAI1,miR-34a,ZEB1,GRHL2,OVOL2,CDH1,SNAI2,TWIST2,ZEB2,miR-200c,TGF-beta,GSC",N,13
7098,"TWIST1,SNAI1,miR-34a,ZEB1,GRHL2,OVOL2,CDH1,SNAI2,TWIST2,ZEB2,miR-200b,TGF-beta,GSC",P,13
7099,"TWIST1,SNAI1,miR-34a,ZEB1,GRHL2,OVOL2,CDH1,SNAI2,TWIST2",N,9
7100,"TWIST1,SNAI1,miR-34a,ZEB1,OVOL2,TGF-beta,SNAI2,TWIST2",N,8
7101,"TWIST1,SNAI1,miR-34a,ZEB1,OVOL2,TGF-beta,GSC,ZEB2,CDH1,SNAI2,TWIST2",P,11
7102,"TWIST1,SNAI1,miR-34a,ZEB1,OVOL2,TGF-beta,GSC",N,7
7103,"TWIST1,SNAI1,miR-34a,ZEB1,OVOL2,NP63,miR-205,ZEB2,miR-200a,TGF-beta,SNAI2,TWIST2",N,12
7104,"TWIST1,SNAI1,miR-34a,ZEB1,OVOL2,NP63,miR-205,ZEB2,miR-200a,TGF-beta,GSC",N,11
7105,"TWIST1,SNAI1,miR-34a,ZEB1,OVOL2,NP63,miR-205,ZEB2,miR-200c,TGF-beta,SNAI2,TWIST2",N,12
7106,"TWIST1,SNAI1,miR-34a,ZEB1,OVOL2,NP63,miR-205,ZEB2,miR-200c,TGF-beta,GSC",N,11
7107,"TWIST1,SNAI1,miR-34a,ZEB1,OVOL2,NP63,miR-205,ZEB2,miR-200b,TGF-beta,SNAI2,TWIST2",P,12
7108,"TWIST1,SNAI1,miR-34a,ZEB1,OVOL2,NP63,miR-205,ZEB2,miR-200b,TGF-beta,GSC",P,11
7109,"TWIST1,SNAI1,miR-34a,ZEB1,OVOL2,NP63,miR-205,ZEB2,CDH1,SNAI2,miR-200b,TGF-beta,GSC",N,13
7110,"TWIST1,SNAI1,miR-34a,ZEB1,OVOL2,NP63,miR-205,ZEB2,CDH1,SNAI2,TWIST2",P,11
7111,"TWIST1,SNAI1,miR-34a,ZEB1,OVOL2,NP63,SNAI2,miR-200b,TGF-beta,GSC",P,10
7112,"TWIST1,SNAI1,miR-34a,ZEB1,OVOL2,NP63,SNAI2,miR-200b,ZEB2,miR-200a,TGF-beta,GSC",N,12
7113,"TWIST1,SNAI1,miR-34a,ZEB1,OVOL2,NP63,SNAI2,miR-200b,ZEB2,miR-200c,TGF-beta,GSC",N,12
7114,"TWIST1,SNAI1,miR-34a,ZEB1,OVOL2,NP63,SNAI2,miR-101,ZEB2,miR-200a,TGF-beta,GSC",N,12
7115,"TWIST1,SNAI1,miR-34a,ZEB1,OVOL2,NP63,SNAI2,miR-101,ZEB2,miR-200c,TGF-beta,GSC",N,12
7116,"TWIST1,SNAI1,miR-34a,ZEB1,OVOL2,NP63,SNAI2,miR-101,ZEB2,miR-200b,TGF-beta,GSC",P,12
7117,"TWIST1,SNAI1,miR-34a,ZEB1,OVOL2,NP63,SNAI2,TWIST2,ZEB2,miR-200a,TGF-beta,GSC",N,12
7118,"TWIST1,SNAI1,miR-34a,ZEB1,OVOL2,NP63,SNAI2,TWIST2,ZEB2,miR-200c,TGF-beta,GSC",N,12
7119,"TWIST1,SNAI1,miR-34a,ZEB1,OVOL2,NP63,SNAI2,TWIST2,ZEB2,miR-200b,TGF-beta,GSC",P,12
7120,"TWIST1,SNAI1,miR-34a,ZEB1,OVOL2,NP63,SNAI2,TWIST2",N,8
7121,"TWIST1,SNAI1,miR-34a,ZEB1,OVOL2,SNAI2,miR-200b,TGF-beta,GSC",P,9
7122,"TWIST1,SNAI1,miR-34a,ZEB1,OVOL2,SNAI2,miR-200b,ZEB2,miR-200a,TGF-beta,GSC",N,11
7123,"TWIST1,SNAI1,miR-34a,ZEB1,OVOL2,SNAI2,miR-200b,ZEB2,miR-200c,TGF-beta,GSC",N,11
7124,"TWIST1,SNAI1,miR-34a,ZEB1,OVOL2,SNAI2,miR-101,ZEB2,miR-200a,TGF-beta,GSC",N,11
7125,"TWIST1,SNAI1,miR-34a,ZEB1,OVOL2,SNAI2,miR-101,ZEB2,miR-200c,TGF-beta,GSC",N,11
7126,"TWIST1,SNAI1,miR-34a,ZEB1,OVOL2,SNAI2,miR-101,ZEB2,miR-200b,TGF-beta,GSC",P,11
7127,"TWIST1,SNAI1,miR-34a,ZEB1,OVOL2,SNAI2,TWIST2,ZEB2,miR-200a,TGF-beta,GSC",N,11
7128,"TWIST1,SNAI1,miR-34a,ZEB1,OVOL2,SNAI2,TWIST2,ZEB2,miR-200c,TGF-beta,GSC",N,11
7129,"TWIST1,SNAI1,miR-34a,ZEB1,OVOL2,SNAI2,TWIST2,ZEB2,miR-200b,TGF-beta,GSC",P,11
7130,"TWIST1,SNAI1,miR-34a,ZEB1,OVOL2,SNAI2,TWIST2",N,7
7131,"TWIST1,SNAI1,miR-34a,ZEB1,OVOL2,CDH1,SNAI2,miR-200b,TGF-beta,GSC",N,10
7132,"TWIST1,SNAI1,miR-34a,ZEB1,OVOL2,CDH1,SNAI2,miR-200b,ZEB2,miR-200a,TGF-beta,GSC",P,12
7133,"TWIST1,SNAI1,miR-34a,ZEB1,OVOL2,CDH1,SNAI2,miR-200b,ZEB2,miR-200c,TGF-beta,GSC",P,12
7134,"TWIST1,SNAI1,miR-34a,ZEB1,OVOL2,CDH1,SNAI2,miR-101,ZEB2,miR-200a,TGF-beta,GSC",P,12
7135,"TWIST1,SNAI1,miR-34a,ZEB1,OVOL2,CDH1,SNAI2,miR-101,ZEB2,miR-200c,TGF-beta,GSC",P,12
7136,"TWIST1,SNAI1,miR-34a,ZEB1,OVOL2,CDH1,SNAI2,miR-101,ZEB2,miR-200b,TGF-beta,GSC",N,12
7137,"TWIST1,SNAI1,miR-34a,ZEB1,OVOL2,CDH1,SNAI2,TWIST2,ZEB2,miR-200a,TGF-beta,GSC",P,12
7138,"TWIST1,SNAI1,miR-34a,ZEB1,OVOL2,CDH1,SNAI2,TWIST2,ZEB2,miR-200c,TGF-beta,GSC",P,12
7139,"TWIST1,SNAI1,miR-34a,ZEB1,OVOL2,CDH1,SNAI2,TWIST2,ZEB2,miR-200b,TGF-beta,GSC",N,12
7140,"TWIST1,SNAI1,miR-34a,ZEB1,OVOL2,CDH1,SNAI2,TWIST2",P,8
7141,"TWIST1,SNAI1,miR-34a,ZEB1,miR-200a,TGF-beta,SNAI2,TWIST2",N,8
7142,"TWIST1,SNAI1,miR-34a,ZEB1,miR-200a,TGF-beta,GSC,ZEB2,CDH1,SNAI2,TWIST2",P,11
7143,"TWIST1,SNAI1,miR-34a,ZEB1,miR-200a,TGF-beta,GSC",N,7
7144,"TWIST1,SNAI1,miR-34a,ZEB1,miR-200a,ZEB2,miR-200c,TGF-beta,SNAI2,TWIST2",P,10
7145,"TWIST1,SNAI1,miR-34a,ZEB1,miR-200a,ZEB2,miR-200c,TGF-beta,GSC",P,9
7146,"TWIST1,SNAI1,miR-34a,ZEB1,miR-200a,ZEB2,miR-200b,TGF-beta,SNAI2,TWIST2",N,10
7147,"TWIST1,SNAI1,miR-34a,ZEB1,miR-200a,ZEB2,miR-200b,TGF-beta,GSC",N,9
7148,"TWIST1,SNAI1,miR-34a,ZEB1,miR-200a,ZEB2,CDH1,SNAI2,miR-200b,TGF-beta,GSC",P,11
7149,"TWIST1,SNAI1,miR-34a,ZEB1,miR-200a,ZEB2,CDH1,SNAI2,TWIST2",N,9
7150,"TWIST1,SNAI1,miR-34a,ZEB1,miR-200c,TGF-beta,SNAI2,TWIST2",P,8
7151,"TWIST1,SNAI1,miR-34a,ZEB1,miR-200c,TGF-beta,GSC,ZEB2,CDH1,SNAI2,TWIST2",N,11
7152,"TWIST1,SNAI1,miR-34a,ZEB1,miR-200c,TGF-beta,GSC",P,7
7153,"TWIST1,SNAI1,miR-34a,ZEB1,miR-200c,ZEB2,miR-200a,TGF-beta,SNAI2,TWIST2",P,10
7154,"TWIST1,SNAI1,miR-34a,ZEB1,miR-200c,ZEB2,miR-200a,TGF-beta,GSC",P,9
7155,"TWIST1,SNAI1,miR-34a,ZEB1,miR-200c,ZEB2,miR-200b,TGF-beta,SNAI2,TWIST2",N,10
7156,"TWIST1,SNAI1,miR-34a,ZEB1,miR-200c,ZEB2,miR-200b,TGF-beta,GSC",N,9
7157,"TWIST1,SNAI1,miR-34a,ZEB1,miR-200c,ZEB2,CDH1,SNAI2,miR-200b,TGF-beta,GSC",P,11
7158,"TWIST1,SNAI1,miR-34a,ZEB1,miR-200c,ZEB2,CDH1,SNAI2,TWIST2",N,9
7159,"TWIST1,SNAI1,miR-34a,ZEB1,miR-200b,TGF-beta,SNAI2,TWIST2",N,8
7160,"TWIST1,SNAI1,miR-34a,ZEB1,miR-200b,TGF-beta,GSC,ZEB2,CDH1,SNAI2,TWIST2",P,11
7161,"TWIST1,SNAI1,miR-34a,ZEB1,miR-200b,TGF-beta,GSC",N,7
7162,"TWIST1,SNAI1,miR-34a,ZEB1,miR-200b,ZEB2,miR-200a,TGF-beta,SNAI2,TWIST2",P,10
7163,"TWIST1,SNAI1,miR-34a,ZEB1,miR-200b,ZEB2,miR-200a,TGF-beta,GSC",P,9
7164,"TWIST1,SNAI1,miR-34a,ZEB1,miR-200b,ZEB2,miR-200c,TGF-beta,SNAI2,TWIST2",P,10
7165,"TWIST1,SNAI1,miR-34a,ZEB1,miR-200b,ZEB2,miR-200c,TGF-beta,GSC",P,9
7166,"TWIST1,SNAI1,miR-34a,ZEB1,miR-200b,ZEB2,CDH1,SNAI2,TWIST2",N,9
7167,"TWIST1,SNAI1,miR-34a,ZEB1,miR-141,TGF-beta,SNAI2,TWIST2",N,8
7168,"TWIST1,SNAI1,miR-34a,ZEB1,miR-141,TGF-beta,GSC,ZEB2,CDH1,SNAI2,TWIST2",P,11
7169,"TWIST1,SNAI1,miR-34a,ZEB1,miR-141,TGF-beta,GSC",N,7
7170,"TWIST1,SNAI1,miR-34a,ZEB1,miR-141,ZEB2,miR-200a,TGF-beta,SNAI2,TWIST2",N,10
7171,"TWIST1,SNAI1,miR-34a,ZEB1,miR-141,ZEB2,miR-200a,TGF-beta,GSC",N,9
7172,"TWIST1,SNAI1,miR-34a,ZEB1,miR-141,ZEB2,miR-200c,TGF-beta,SNAI2,TWIST2",N,10
7173,"TWIST1,SNAI1,miR-34a,ZEB1,miR-141,ZEB2,miR-200c,TGF-beta,GSC",N,9
7174,"TWIST1,SNAI1,miR-34a,ZEB1,miR-141,ZEB2,miR-200b,TGF-beta,SNAI2,TWIST2",P,10
7175,"TWIST1,SNAI1,miR-34a,ZEB1,miR-141,ZEB2,miR-200b,TGF-beta,GSC",P,9
7176,"TWIST1,SNAI1,miR-34a,ZEB1,miR-141,ZEB2,CDH1,SNAI2,miR-200b,TGF-beta,GSC",N,11
7177,"TWIST1,SNAI1,miR-34a,ZEB1,miR-141,ZEB2,CDH1,SNAI2,TWIST2",P,9
7178,"TWIST1,SNAI1,miR-34a,ZEB1,CDH1,SNAI2,miR-200b,TGF-beta,GSC",P,9
7179,"TWIST1,SNAI1,miR-34a,ZEB1,CDH1,SNAI2,miR-200b,ZEB2,miR-200a,TGF-beta,GSC",N,11
7180,"TWIST1,SNAI1,miR-34a,ZEB1,CDH1,SNAI2,miR-200b,ZEB2,miR-200c,TGF-beta,GSC",N,11
7181,"TWIST1,SNAI1,miR-34a,ZEB1,CDH1,SNAI2,miR-101,ZEB2,miR-200a,TGF-beta,GSC",N,11
7182,"TWIST1,SNAI1,miR-34a,ZEB1,CDH1,SNAI2,miR-101,ZEB2,miR-200c,TGF-beta,GSC",N,11
7183,"TWIST1,SNAI1,miR-34a,ZEB1,CDH1,SNAI2,miR-101,ZEB2,miR-200b,TGF-beta,GSC",P,11
7184,"TWIST1,SNAI1,miR-34a,ZEB1,CDH1,SNAI2,TWIST2,ZEB2,miR-200a,TGF-beta,GSC",N,11
7185,"TWIST1,SNAI1,miR-34a,ZEB1,CDH1,SNAI2,TWIST2,ZEB2,miR-200c,TGF-beta,GSC",N,11
7186,"TWIST1,SNAI1,miR-34a,ZEB1,CDH1,SNAI2,TWIST2,ZEB2,miR-200b,TGF-beta,GSC",P,11
7187,"TWIST1,SNAI1,miR-34a,ZEB1,CDH1,SNAI2,TWIST2",N,7
7188,"TWIST1,SNAI1,miR-34a,TWIST2,ZEB2,miR-200a,TGF-beta,GSC",N,8
7189,"TWIST1,SNAI1,miR-34a,TWIST2,ZEB2,miR-200a,ZEB1,CLDN7,CDH1,SNAI2,miR-200b,TGF-beta,GSC",P,13
7190,"TWIST1,SNAI1,miR-34a,TWIST2,ZEB2,miR-200a,ZEB1,GRHL2,NP63,SNAI2,miR-200b,TGF-beta,GSC",P,13
7191,"TWIST1,SNAI1,miR-34a,TWIST2,ZEB2,miR-200a,ZEB1,GRHL2,OVOL2,TGF-beta,GSC",N,11
7192,"TWIST1,SNAI1,miR-34a,TWIST2,ZEB2,miR-200a,ZEB1,GRHL2,OVOL2,NP63,SNAI2,miR-200b,TGF-beta,GSC",P,14
7193,"TWIST1,SNAI1,miR-34a,TWIST2,ZEB2,miR-200a,ZEB1,GRHL2,OVOL2,SNAI2,miR-200b,TGF-beta,GSC",P,13
7194,"TWIST1,SNAI1,miR-34a,TWIST2,ZEB2,miR-200a,ZEB1,GRHL2,OVOL2,CDH1,SNAI2,miR-200b,TGF-beta,GSC",N,14
7195,"TWIST1,SNAI1,miR-34a,TWIST2,ZEB2,miR-200a,ZEB1,OVOL2,TGF-beta,GSC",P,10
7196,"TWIST1,SNAI1,miR-34a,TWIST2,ZEB2,miR-200a,ZEB1,OVOL2,NP63,SNAI2,miR-200b,TGF-beta,GSC",N,13
7197,"TWIST1,SNAI1,miR-34a,TWIST2,ZEB2,miR-200a,ZEB1,OVOL2,SNAI2,miR-200b,TGF-beta,GSC",N,12
7198,"TWIST1,SNAI1,miR-34a,TWIST2,ZEB2,miR-200a,ZEB1,OVOL2,CDH1,SNAI2,miR-200b,TGF-beta,GSC",P,13
7199,"TWIST1,SNAI1,miR-34a,TWIST2,ZEB2,miR-200a,ZEB1,miR-200c,TGF-beta,GSC",N,10
7200,"TWIST1,SNAI1,miR-34a,TWIST2,ZEB2,miR-200a,ZEB1,miR-200b,TGF-beta,GSC",P,10
7201,"TWIST1,SNAI1,miR-34a,TWIST2,ZEB2,miR-200a,ZEB1,miR-141,TGF-beta,GSC",P,10
7202,"TWIST1,SNAI1,miR-34a,TWIST2,ZEB2,miR-200a,ZEB1,CDH1,SNAI2,miR-200b,TGF-beta,GSC",N,12
7203,"TWIST1,SNAI1,miR-34a,TWIST2,ZEB2,miR-200c,TGF-beta,GSC",N,8
7204,"TWIST1,SNAI1,miR-34a,TWIST2,ZEB2,miR-200c,ZEB1,CLDN7,CDH1,SNAI2,miR-200b,TGF-beta,GSC",P,13
7205,"TWIST1,SNAI1,miR-34a,TWIST2,ZEB2,miR-200c,ZEB1,GRHL2,NP63,SNAI2,miR-200b,TGF-beta,GSC",P,13
7206,"TWIST1,SNAI1,miR-34a,TWIST2,ZEB2,miR-200c,ZEB1,GRHL2,OVOL2,TGF-beta,GSC",N,11
7207,"TWIST1,SNAI1,miR-34a,TWIST2,ZEB2,miR-200c,ZEB1,GRHL2,OVOL2,NP63,SNAI2,miR-200b,TGF-beta,GSC",P,14
7208,"TWIST1,SNAI1,miR-34a,TWIST2,ZEB2,miR-200c,ZEB1,GRHL2,OVOL2,SNAI2,miR-200b,TGF-beta,GSC",P,13
7209,"TWIST1,SNAI1,miR-34a,TWIST2,ZEB2,miR-200c,ZEB1,GRHL2,OVOL2,CDH1,SNAI2,miR-200b,TGF-beta,GSC",N,14
7210,"TWIST1,SNAI1,miR-34a,TWIST2,ZEB2,miR-200c,ZEB1,OVOL2,TGF-beta,GSC",P,10
7211,"TWIST1,SNAI1,miR-34a,TWIST2,ZEB2,miR-200c,ZEB1,OVOL2,NP63,SNAI2,miR-200b,TGF-beta,GSC",N,13
7212,"TWIST1,SNAI1,miR-34a,TWIST2,ZEB2,miR-200c,ZEB1,OVOL2,SNAI2,miR-200b,TGF-beta,GSC",N,12
7213,"TWIST1,SNAI1,miR-34a,TWIST2,ZEB2,miR-200c,ZEB1,OVOL2,CDH1,SNAI2,miR-200b,TGF-beta,GSC",P,13
7214,"TWIST1,SNAI1,miR-34a,TWIST2,ZEB2,miR-200c,ZEB1,miR-200a,TGF-beta,GSC",P,10
7215,"TWIST1,SNAI1,miR-34a,TWIST2,ZEB2,miR-200c,ZEB1,miR-200b,TGF-beta,GSC",P,10
7216,"TWIST1,SNAI1,miR-34a,TWIST2,ZEB2,miR-200c,ZEB1,miR-141,TGF-beta,GSC",P,10
7217,"TWIST1,SNAI1,miR-34a,TWIST2,ZEB2,miR-200c,ZEB1,CDH1,SNAI2,miR-200b,TGF-beta,GSC",N,12
7218,"TWIST1,SNAI1,miR-34a,TWIST2,ZEB2,miR-200b,TGF-beta,GSC",P,8
7219,"TWIST1,SNAI1,miR-34a,TWIST2,ZEB2,miR-200b,ZEB1,GRHL2,OVOL2,TGF-beta,GSC",N,11
7220,"TWIST1,SNAI1,miR-34a,TWIST2,ZEB2,miR-200b,ZEB1,OVOL2,TGF-beta,GSC",P,10
7221,"TWIST1,SNAI1,miR-34a,TWIST2,ZEB2,miR-200b,ZEB1,miR-200a,TGF-beta,GSC",P,10
7222,"TWIST1,SNAI1,miR-34a,TWIST2,ZEB2,miR-200b,ZEB1,miR-200c,TGF-beta,GSC",N,10
7223,"TWIST1,SNAI1,miR-34a,TWIST2,ZEB2,miR-200b,ZEB1,miR-141,TGF-beta,GSC",P,10
7224,"TWIST1,SNAI1,miR-34a,TWIST2,ZEB2,CDH1,SNAI2,miR-200b,TGF-beta,GSC",N,10
7225,"TWIST1,SNAI1,miR-34a,TWIST2,ZEB2,CDH1,SNAI2,miR-200b,ZEB1,GRHL2,OVOL2,TGF-beta,GSC",P,13
7226,"TWIST1,SNAI1,miR-34a,TWIST2,ZEB2,CDH1,SNAI2,miR-200b,ZEB1,OVOL2,TGF-beta,GSC",N,12
7227,"TWIST1,SNAI1,miR-34a,TWIST2,ZEB2,CDH1,SNAI2,miR-200b,ZEB1,miR-200a,TGF-beta,GSC",N,12
7228,"TWIST1,SNAI1,miR-34a,TWIST2,ZEB2,CDH1,SNAI2,miR-200b,ZEB1,miR-200c,TGF-beta,GSC",P,12
7229,"TWIST1,SNAI1,miR-34a,TWIST2,ZEB2,CDH1,SNAI2,miR-200b,ZEB1,miR-141,TGF-beta,GSC",N,12
7230,"TWIST1,SNAI1,miR-34a,TWIST2,ZEB2,CDH1,SNAI2,miR-101,ZEB1,GRHL2,OVOL2,TGF-beta,GSC",N,13
7231,"TWIST1,SNAI1,miR-34a,TWIST2,ZEB2,CDH1,SNAI2,miR-101,ZEB1,OVOL2,TGF-beta,GSC",P,12
7232,"TWIST1,SNAI1,miR-34a,TWIST2,ZEB2,CDH1,SNAI2,miR-101,ZEB1,miR-200a,TGF-beta,GSC",P,12
7233,"TWIST1,SNAI1,miR-34a,TWIST2,ZEB2,CDH1,SNAI2,miR-101,ZEB1,miR-200c,TGF-beta,GSC",N,12
7234,"TWIST1,SNAI1,miR-34a,TWIST2,ZEB2,CDH1,SNAI2,miR-101,ZEB1,miR-200b,TGF-beta,GSC",P,12
7235,"TWIST1,SNAI1,miR-34a,TWIST2,ZEB2,CDH1,SNAI2,miR-101,ZEB1,miR-141,TGF-beta,GSC",P,12
7236,"TWIST1,SNAI1,miR-34a,TWIST2,ZEB1,CLDN7,CDH1,SNAI2,miR-200b,TGF-beta,GSC",N,11
7237,"TWIST1,SNAI1,miR-34a,TWIST2,ZEB1,CLDN7,CDH1,SNAI2,miR-200b,ZEB2,miR-200a,TGF-beta,GSC",P,13
7238,"TWIST1,SNAI1,miR-34a,TWIST2,ZEB1,CLDN7,CDH1,SNAI2,miR-200b,ZEB2,miR-200c,TGF-beta,GSC",P,13
7239,"TWIST1,SNAI1,miR-34a,TWIST2,ZEB1,CLDN7,CDH1,SNAI2,miR-101,ZEB2,miR-200a,TGF-beta,GSC",P,13
7240,"TWIST1,SNAI1,miR-34a,TWIST2,ZEB1,CLDN7,CDH1,SNAI2,miR-101,ZEB2,miR-200c,TGF-beta,GSC",P,13
7241,"TWIST1,SNAI1,miR-34a,TWIST2,ZEB1,CLDN7,CDH1,SNAI2,miR-101,ZEB2,miR-200b,TGF-beta,GSC",N,13
7242,"TWIST1,SNAI1,miR-34a,TWIST2,ZEB1,GRHL2,NP63,miR-205,ZEB2,miR-200a,TGF-beta,GSC",P,12
7243,"TWIST1,SNAI1,miR-34a,TWIST2,ZEB1,GRHL2,NP63,miR-205,ZEB2,miR-200c,TGF-beta,GSC",P,12
7244,"TWIST1,SNAI1,miR-34a,TWIST2,ZEB1,GRHL2,NP63,miR-205,ZEB2,miR-200b,TGF-beta,GSC",N,12
7245,"TWIST1,SNAI1,miR-34a,TWIST2,ZEB1,GRHL2,NP63,miR-205,ZEB2,CDH1,SNAI2,miR-200b,TGF-beta,GSC",P,14
7246,"TWIST1,SNAI1,miR-34a,TWIST2,ZEB1,GRHL2,NP63,SNAI2,miR-200b,TGF-beta,GSC",N,11
7247,"TWIST1,SNAI1,miR-34a,TWIST2,ZEB1,GRHL2,NP63,SNAI2,miR-200b,ZEB2,miR-200a,TGF-beta,GSC",P,13
7248,"TWIST1,SNAI1,miR-34a,TWIST2,ZEB1,GRHL2,NP63,SNAI2,miR-200b,ZEB2,miR-200c,TGF-beta,GSC",P,13
7249,"TWIST1,SNAI1,miR-34a,TWIST2,ZEB1,GRHL2,NP63,SNAI2,miR-101,ZEB2,miR-200a,TGF-beta,GSC",P,13
7250,"TWIST1,SNAI1,miR-34a,TWIST2,ZEB1,GRHL2,NP63,SNAI2,miR-101,ZEB2,miR-200c,TGF-beta,GSC",P,13
7251,"TWIST1,SNAI1,miR-34a,TWIST2,ZEB1,GRHL2,NP63,SNAI2,miR-101,ZEB2,miR-200b,TGF-beta,GSC",N,13
7252,"TWIST1,SNAI1,miR-34a,TWIST2,ZEB1,GRHL2,OVOL2,TGF-beta,GSC",P,9
7253,"TWIST1,SNAI1,miR-34a,TWIST2,ZEB1,GRHL2,OVOL2,NP63,miR-205,ZEB2,miR-200a,TGF-beta,GSC",P,13
7254,"TWIST1,SNAI1,miR-34a,TWIST2,ZEB1,GRHL2,OVOL2,NP63,miR-205,ZEB2,miR-200c,TGF-beta,GSC",P,13
7255,"TWIST1,SNAI1,miR-34a,TWIST2,ZEB1,GRHL2,OVOL2,NP63,miR-205,ZEB2,miR-200b,TGF-beta,GSC",N,13
7256,"TWIST1,SNAI1,miR-34a,TWIST2,ZEB1,GRHL2,OVOL2,NP63,miR-205,ZEB2,CDH1,SNAI2,miR-200b,TGF-beta,GSC",P,15
7257,"TWIST1,SNAI1,miR-34a,TWIST2,ZEB1,GRHL2,OVOL2,NP63,SNAI2,miR-200b,TGF-beta,GSC",N,12
7258,"TWIST1,SNAI1,miR-34a,TWIST2,ZEB1,GRHL2,OVOL2,NP63,SNAI2,miR-200b,ZEB2,miR-200a,TGF-beta,GSC",P,14
7259,"TWIST1,SNAI1,miR-34a,TWIST2,ZEB1,GRHL2,OVOL2,NP63,SNAI2,miR-200b,ZEB2,miR-200c,TGF-beta,GSC",P,14
7260,"TWIST1,SNAI1,miR-34a,TWIST2,ZEB1,GRHL2,OVOL2,NP63,SNAI2,miR-101,ZEB2,miR-200a,TGF-beta,GSC",P,14
7261,"TWIST1,SNAI1,miR-34a,TWIST2,ZEB1,GRHL2,OVOL2,NP63,SNAI2,miR-101,ZEB2,miR-200c,TGF-beta,GSC",P,14
7262,"TWIST1,SNAI1,miR-34a,TWIST2,ZEB1,GRHL2,OVOL2,NP63,SNAI2,miR-101,ZEB2,miR-200b,TGF-beta,GSC",N,14
7263,"TWIST1,SNAI1,miR-34a,TWIST2,ZEB1,GRHL2,OVOL2,SNAI2,miR-200b,TGF-beta,GSC",N,11
7264,"TWIST1,SNAI1,miR-34a,TWIST2,ZEB1,GRHL2,OVOL2,SNAI2,miR-200b,ZEB2,miR-200a,TGF-beta,GSC",P,13
7265,"TWIST1,SNAI1,miR-34a,TWIST2,ZEB1,GRHL2,OVOL2,SNAI2,miR-200b,ZEB2,miR-200c,TGF-beta,GSC",P,13
7266,"TWIST1,SNAI1,miR-34a,TWIST2,ZEB1,GRHL2,OVOL2,SNAI2,miR-101,ZEB2,miR-200a,TGF-beta,GSC",P,13
7267,"TWIST1,SNAI1,miR-34a,TWIST2,ZEB1,GRHL2,OVOL2,SNAI2,miR-101,ZEB2,miR-200c,TGF-beta,GSC",P,13
7268,"TWIST1,SNAI1,miR-34a,TWIST2,ZEB1,GRHL2,OVOL2,SNAI2,miR-101,ZEB2,miR-200b,TGF-beta,GSC",N,13
7269,"TWIST1,SNAI1,miR-34a,TWIST2,ZEB1,GRHL2,OVOL2,CDH1,SNAI2,miR-200b,TGF-beta,GSC",P,12
7270,"TWIST1,SNAI1,miR-34a,TWIST2,ZEB1,GRHL2,OVOL2,CDH1,SNAI2,miR-200b,ZEB2,miR-200a,TGF-beta,GSC",N,14
7271,"TWIST1,SNAI1,miR-34a,TWIST2,ZEB1,GRHL2,OVOL2,CDH1,SNAI2,miR-200b,ZEB2,miR-200c,TGF-beta,GSC",N,14
7272,"TWIST1,SNAI1,miR-34a,TWIST2,ZEB1,GRHL2,OVOL2,CDH1,SNAI2,miR-101,ZEB2,miR-200a,TGF-beta,GSC",N,14
7273,"TWIST1,SNAI1,miR-34a,TWIST2,ZEB1,GRHL2,OVOL2,CDH1,SNAI2,miR-101,ZEB2,miR-200c,TGF-beta,GSC",N,14
7274,"TWIST1,SNAI1,miR-34a,TWIST2,ZEB1,GRHL2,OVOL2,CDH1,SNAI2,miR-101,ZEB2,miR-200b,TGF-beta,GSC",P,14
7275,"TWIST1,SNAI1,miR-34a,TWIST2,ZEB1,OVOL2,TGF-beta,GSC",N,8
7276,"TWIST1,SNAI1,miR-34a,TWIST2,ZEB1,OVOL2,NP63,miR-205,ZEB2,miR-200a,TGF-beta,GSC",N,12
7277,"TWIST1,SNAI1,miR-34a,TWIST2,ZEB1,OVOL2,NP63,miR-205,ZEB2,miR-200c,TGF-beta,GSC",N,12
7278,"TWIST1,SNAI1,miR-34a,TWIST2,ZEB1,OVOL2,NP63,miR-205,ZEB2,miR-200b,TGF-beta,GSC",P,12
7279,"TWIST1,SNAI1,miR-34a,TWIST2,ZEB1,OVOL2,NP63,miR-205,ZEB2,CDH1,SNAI2,miR-200b,TGF-beta,GSC",N,14
7280,"TWIST1,SNAI1,miR-34a,TWIST2,ZEB1,OVOL2,NP63,SNAI2,miR-200b,TGF-beta,GSC",P,11
7281,"TWIST1,SNAI1,miR-34a,TWIST2,ZEB1,OVOL2,NP63,SNAI2,miR-200b,ZEB2,miR-200a,TGF-beta,GSC",N,13
7282,"TWIST1,SNAI1,miR-34a,TWIST2,ZEB1,OVOL2,NP63,SNAI2,miR-200b,ZEB2,miR-200c,TGF-beta,GSC",N,13
7283,"TWIST1,SNAI1,miR-34a,TWIST2,ZEB1,OVOL2,NP63,SNAI2,miR-101,ZEB2,miR-200a,TGF-beta,GSC",N,13
7284,"TWIST1,SNAI1,miR-34a,TWIST2,ZEB1,OVOL2,NP63,SNAI2,miR-101,ZEB2,miR-200c,TGF-beta,GSC",N,13
7285,"TWIST1,SNAI1,miR-34a,TWIST2,ZEB1,OVOL2,NP63,SNAI2,miR-101,ZEB2,miR-200b,TGF-beta,GSC",P,13
7286,"TWIST1,SNAI1,miR-34a,TWIST2,ZEB1,OVOL2,SNAI2,miR-200b,TGF-beta,GSC",P,10
7287,"TWIST1,SNAI1,miR-34a,TWIST2,ZEB1,OVOL2,SNAI2,miR-200b,ZEB2,miR-200a,TGF-beta,GSC",N,12
7288,"TWIST1,SNAI1,miR-34a,TWIST2,ZEB1,OVOL2,SNAI2,miR-200b,ZEB2,miR-200c,TGF-beta,GSC",N,12
7289,"TWIST1,SNAI1,miR-34a,TWIST2,ZEB1,OVOL2,SNAI2,miR-101,ZEB2,miR-200a,TGF-beta,GSC",N,12
7290,"TWIST1,SNAI1,miR-34a,TWIST2,ZEB1,OVOL2,SNAI2,miR-101,ZEB2,miR-200c,TGF-beta,GSC",N,12
7291,"TWIST1,SNAI1,miR-34a,TWIST2,ZEB1,OVOL2,SNAI2,miR-101,ZEB2,miR-200b,TGF-beta,GSC",P,12
7292,"TWIST1,SNAI1,miR-34a,TWIST2,ZEB1,OVOL2,CDH1,SNAI2,miR-200b,TGF-beta,GSC",N,11
7293,"TWIST1,SNAI1,miR-34a,TWIST2,ZEB1,OVOL2,CDH1,SNAI2,miR-200b,ZEB2,miR-200a,TGF-beta,GSC",P,13
7294,"TWIST1,SNAI1,miR-34a,TWIST2,ZEB1,OVOL2,CDH1,SNAI2,miR-200b,ZEB2,miR-200c,TGF-beta,GSC",P,13
7295,"TWIST1,SNAI1,miR-34a,TWIST2,ZEB1,OVOL2,CDH1,SNAI2,miR-101,ZEB2,miR-200a,TGF-beta,GSC",P,13
7296,"TWIST1,SNAI1,miR-34a,TWIST2,ZEB1,OVOL2,CDH1,SNAI2,miR-101,ZEB2,miR-200c,TGF-beta,GSC",P,13
7297,"TWIST1,SNAI1,miR-34a,TWIST2,ZEB1,OVOL2,CDH1,SNAI2,miR-101,ZEB2,miR-200b,TGF-beta,GSC",N,13
7298,"TWIST1,SNAI1,miR-34a,TWIST2,ZEB1,miR-200a,TGF-beta,GSC",N,8
7299,"TWIST1,SNAI1,miR-34a,TWIST2,ZEB1,miR-200a,ZEB2,miR-200c,TGF-beta,GSC",P,10
7300,"TWIST1,SNAI1,miR-34a,TWIST2,ZEB1,miR-200a,ZEB2,miR-200b,TGF-beta,GSC",N,10
7301,"TWIST1,SNAI1,miR-34a,TWIST2,ZEB1,miR-200a,ZEB2,CDH1,SNAI2,miR-200b,TGF-beta,GSC",P,12
7302,"TWIST1,SNAI1,miR-34a,TWIST2,ZEB1,miR-200c,TGF-beta,GSC",P,8
7303,"TWIST1,SNAI1,miR-34a,TWIST2,ZEB1,miR-200c,ZEB2,miR-200a,TGF-beta,GSC",P,10
7304,"TWIST1,SNAI1,miR-34a,TWIST2,ZEB1,miR-200c,ZEB2,miR-200b,TGF-beta,GSC",N,10
7305,"TWIST1,SNAI1,miR-34a,TWIST2,ZEB1,miR-200c,ZEB2,CDH1,SNAI2,miR-200b,TGF-beta,GSC",P,12
7306,"TWIST1,SNAI1,miR-34a,TWIST2,ZEB1,miR-200b,TGF-beta,GSC",N,8
7307,"TWIST1,SNAI1,miR-34a,TWIST2,ZEB1,miR-200b,ZEB2,miR-200a,TGF-beta,GSC",P,10
7308,"TWIST1,SNAI1,miR-34a,TWIST2,ZEB1,miR-200b,ZEB2,miR-200c,TGF-beta,GSC",P,10
7309,"TWIST1,SNAI1,miR-34a,TWIST2,ZEB1,miR-141,TGF-beta,GSC",N,8
7310,"TWIST1,SNAI1,miR-34a,TWIST2,ZEB1,miR-141,ZEB2,miR-200a,TGF-beta,GSC",N,10
7311,"TWIST1,SNAI1,miR-34a,TWIST2,ZEB1,miR-141,ZEB2,miR-200c,TGF-beta,GSC",N,10
7312,"TWIST1,SNAI1,miR-34a,TWIST2,ZEB1,miR-141,ZEB2,miR-200b,TGF-beta,GSC",P,10
7313,"TWIST1,SNAI1,miR-34a,TWIST2,ZEB1,miR-141,ZEB2,CDH1,SNAI2,miR-200b,TGF-beta,GSC",N,12
7314,"TWIST1,SNAI1,miR-34a,TWIST2,ZEB1,CDH1,SNAI2,miR-200b,TGF-beta,GSC",P,10
7315,"TWIST1,SNAI1,miR-34a,TWIST2,ZEB1,CDH1,SNAI2,miR-200b,ZEB2,miR-200a,TGF-beta,GSC",N,12
7316,"TWIST1,SNAI1,miR-34a,TWIST2,ZEB1,CDH1,SNAI2,miR-200b,ZEB2,miR-200c,TGF-beta,GSC",N,12
7317,"TWIST1,SNAI1,miR-34a,TWIST2,ZEB1,CDH1,SNAI2,miR-101,ZEB2,miR-200a,TGF-beta,GSC",N,12
7318,"TWIST1,SNAI1,miR-34a,TWIST2,ZEB1,CDH1,SNAI2,miR-101,ZEB2,miR-200c,TGF-beta,GSC",N,12
7319,"TWIST1,SNAI1,miR-34a,TWIST2,ZEB1,CDH1,SNAI2,miR-101,ZEB2,miR-200b,TGF-beta,GSC",P,12
7320,"TWIST1,SNAI1,miR-34a,TWIST2",N,4
7321,"TWIST1,SNAI1,miR-34a,TWIST2,SNAI2,miR-200b,TGF-beta,GSC",P,8
7322,"TWIST1,SNAI1,miR-34a,TWIST2,SNAI2,miR-200b,ZEB2,miR-200a,TGF-beta,GSC",N,10
7323,"TWIST1,SNAI1,miR-34a,TWIST2,SNAI2,miR-200b,ZEB2,miR-200a,ZEB1,GRHL2,OVOL2,TGF-beta,GSC",N,13
7324,"TWIST1,SNAI1,miR-34a,TWIST2,SNAI2,miR-200b,ZEB2,miR-200a,ZEB1,OVOL2,TGF-beta,GSC",P,12
7325,"TWIST1,SNAI1,miR-34a,TWIST2,SNAI2,miR-200b,ZEB2,miR-200a,ZEB1,miR-200c,TGF-beta,GSC",N,12
7326,"TWIST1,SNAI1,miR-34a,TWIST2,SNAI2,miR-200b,ZEB2,miR-200a,ZEB1,miR-141,TGF-beta,GSC",P,12
7327,"TWIST1,SNAI1,miR-34a,TWIST2,SNAI2,miR-200b,ZEB2,miR-200c,TGF-beta,GSC",N,10
7328,"TWIST1,SNAI1,miR-34a,TWIST2,SNAI2,miR-200b,ZEB2,miR-200c,ZEB1,GRHL2,OVOL2,TGF-beta,GSC",N,13
7329,"TWIST1,SNAI1,miR-34a,TWIST2,SNAI2,miR-200b,ZEB2,miR-200c,ZEB1,OVOL2,TGF-beta,GSC",P,12
7330,"TWIST1,SNAI1,miR-34a,TWIST2,SNAI2,miR-200b,ZEB2,miR-200c,ZEB1,miR-200a,TGF-beta,GSC",P,12
7331,"TWIST1,SNAI1,miR-34a,TWIST2,SNAI2,miR-200b,ZEB2,miR-200c,ZEB1,miR-141,TGF-beta,GSC",P,12
7332,"TWIST1,SNAI1,miR-34a,TWIST2,SNAI2,miR-200b,ZEB1,GRHL2,NP63,miR-205,ZEB2,miR-200a,TGF-beta,GSC",N,14
7333,"TWIST1,SNAI1,miR-34a,TWIST2,SNAI2,miR-200b,ZEB1,GRHL2,NP63,miR-205,ZEB2,miR-200c,TGF-beta,GSC",N,14
7334,"TWIST1,SNAI1,miR-34a,TWIST2,SNAI2,miR-200b,ZEB1,GRHL2,OVOL2,TGF-beta,GSC",N,11
7335,"TWIST1,SNAI1,miR-34a,TWIST2,SNAI2,miR-200b,ZEB1,GRHL2,OVOL2,NP63,miR-205,ZEB2,miR-200a,TGF-beta,GSC",N,15
7336,"TWIST1,SNAI1,miR-34a,TWIST2,SNAI2,miR-200b,ZEB1,GRHL2,OVOL2,NP63,miR-205,ZEB2,miR-200c,TGF-beta,GSC",N,15
7337,"TWIST1,SNAI1,miR-34a,TWIST2,SNAI2,miR-200b,ZEB1,OVOL2,TGF-beta,GSC",P,10
7338,"TWIST1,SNAI1,miR-34a,TWIST2,SNAI2,miR-200b,ZEB1,OVOL2,NP63,miR-205,ZEB2,miR-200a,TGF-beta,GSC",P,14
7339,"TWIST1,SNAI1,miR-34a,TWIST2,SNAI2,miR-200b,ZEB1,OVOL2,NP63,miR-205,ZEB2,miR-200c,TGF-beta,GSC",P,14
7340,"TWIST1,SNAI1,miR-34a,TWIST2,SNAI2,miR-200b,ZEB1,miR-200a,TGF-beta,GSC",P,10
7341,"TWIST1,SNAI1,miR-34a,TWIST2,SNAI2,miR-200b,ZEB1,miR-200a,ZEB2,miR-200c,TGF-beta,GSC",N,12
7342,"TWIST1,SNAI1,miR-34a,TWIST2,SNAI2,miR-200b,ZEB1,miR-200c,TGF-beta,GSC",N,10
7343,"TWIST1,SNAI1,miR-34a,TWIST2,SNAI2,miR-200b,ZEB1,miR-200c,ZEB2,miR-200a,TGF-beta,GSC",N,12
7344,"TWIST1,SNAI1,miR-34a,TWIST2,SNAI2,miR-200b,ZEB1,miR-141,TGF-beta,GSC",P,10
7345,"TWIST1,SNAI1,miR-34a,TWIST2,SNAI2,miR-200b,ZEB1,miR-141,ZEB2,miR-200a,TGF-beta,GSC",P,12
7346,"TWIST1,SNAI1,miR-34a,TWIST2,SNAI2,miR-200b,ZEB1,miR-141,ZEB2,miR-200c,TGF-beta,GSC",P,12
7347,"TWIST1,SNAI1,miR-34a,TWIST2,SNAI2,miR-101,ZEB2,miR-200a,TGF-beta,GSC",N,10
7348,"TWIST1,SNAI1,miR-34a,TWIST2,SNAI2,miR-101,ZEB2,miR-200a,ZEB1,GRHL2,OVOL2,TGF-beta,GSC",N,13
7349,"TWIST1,SNAI1,miR-34a,TWIST2,SNAI2,miR-101,ZEB2,miR-200a,ZEB1,OVOL2,TGF-beta,GSC",P,12
7350,"TWIST1,SNAI1,miR-34a,TWIST2,SNAI2,miR-101,ZEB2,miR-200a,ZEB1,miR-200c,TGF-beta,GSC",N,12
7351,"TWIST1,SNAI1,miR-34a,TWIST2,SNAI2,miR-101,ZEB2,miR-200a,ZEB1,miR-200b,TGF-beta,GSC",P,12
7352,"TWIST1,SNAI1,miR-34a,TWIST2,SNAI2,miR-101,ZEB2,miR-200a,ZEB1,miR-141,TGF-beta,GSC",P,12
7353,"TWIST1,SNAI1,miR-34a,TWIST2,SNAI2,miR-101,ZEB2,miR-200c,TGF-beta,GSC",N,10
7354,"TWIST1,SNAI1,miR-34a,TWIST2,SNAI2,miR-101,ZEB2,miR-200c,ZEB1,GRHL2,OVOL2,TGF-beta,GSC",N,13
7355,"TWIST1,SNAI1,miR-34a,TWIST2,SNAI2,miR-101,ZEB2,miR-200c,ZEB1,OVOL2,TGF-beta,GSC",P,12
7356,"TWIST1,SNAI1,miR-34a,TWIST2,SNAI2,miR-101,ZEB2,miR-200c,ZEB1,miR-200a,TGF-beta,GSC",P,12
7357,"TWIST1,SNAI1,miR-34a,TWIST2,SNAI2,miR-101,ZEB2,miR-200c,ZEB1,miR-200b,TGF-beta,GSC",P,12
7358,"TWIST1,SNAI1,miR-34a,TWIST2,SNAI2,miR-101,ZEB2,miR-200c,ZEB1,miR-141,TGF-beta,GSC",P,12
7359,"TWIST1,SNAI1,miR-34a,TWIST2,SNAI2,miR-101,ZEB2,miR-200b,TGF-beta,GSC",P,10
7360,"TWIST1,SNAI1,miR-34a,TWIST2,SNAI2,miR-101,ZEB2,miR-200b,ZEB1,GRHL2,OVOL2,TGF-beta,GSC",N,13
7361,"TWIST1,SNAI1,miR-34a,TWIST2,SNAI2,miR-101,ZEB2,miR-200b,ZEB1,OVOL2,TGF-beta,GSC",P,12
7362,"TWIST1,SNAI1,miR-34a,TWIST2,SNAI2,miR-101,ZEB2,miR-200b,ZEB1,miR-200a,TGF-beta,GSC",P,12
7363,"TWIST1,SNAI1,miR-34a,TWIST2,SNAI2,miR-101,ZEB2,miR-200b,ZEB1,miR-200c,TGF-beta,GSC",N,12
7364,"TWIST1,SNAI1,miR-34a,TWIST2,SNAI2,miR-101,ZEB2,miR-200b,ZEB1,miR-141,TGF-beta,GSC",P,12
7365,"TWIST1,SNAI1,miR-34a,TWIST2,SNAI2,miR-101,ZEB1,GRHL2,NP63,miR-205,ZEB2,miR-200a,TGF-beta,GSC",P,14
7366,"TWIST1,SNAI1,miR-34a,TWIST2,SNAI2,miR-101,ZEB1,GRHL2,NP63,miR-205,ZEB2,miR-200c,TGF-beta,GSC",P,14
7367,"TWIST1,SNAI1,miR-34a,TWIST2,SNAI2,miR-101,ZEB1,GRHL2,NP63,miR-205,ZEB2,miR-200b,TGF-beta,GSC",N,14
7368,"TWIST1,SNAI1,miR-34a,TWIST2,SNAI2,miR-101,ZEB1,GRHL2,OVOL2,TGF-beta,GSC",P,11
7369,"TWIST1,SNAI1,miR-34a,TWIST2,SNAI2,miR-101,ZEB1,GRHL2,OVOL2,NP63,miR-205,ZEB2,miR-200a,TGF-beta,GSC",P,15
7370,"TWIST1,SNAI1,miR-34a,TWIST2,SNAI2,miR-101,ZEB1,GRHL2,OVOL2,NP63,miR-205,ZEB2,miR-200c,TGF-beta,GSC",P,15
7371,"TWIST1,SNAI1,miR-34a,TWIST2,SNAI2,miR-101,ZEB1,GRHL2,OVOL2,NP63,miR-205,ZEB2,miR-200b,TGF-beta,GSC",N,15
7372,"TWIST1,SNAI1,miR-34a,TWIST2,SNAI2,miR-101,ZEB1,OVOL2,TGF-beta,GSC",N,10
7373,"TWIST1,SNAI1,miR-34a,TWIST2,SNAI2,miR-101,ZEB1,OVOL2,NP63,miR-205,ZEB2,miR-200a,TGF-beta,GSC",N,14
7374,"TWIST1,SNAI1,miR-34a,TWIST2,SNAI2,miR-101,ZEB1,OVOL2,NP63,miR-205,ZEB2,miR-200c,TGF-beta,GSC",N,14
7375,"TWIST1,SNAI1,miR-34a,TWIST2,SNAI2,miR-101,ZEB1,OVOL2,NP63,miR-205,ZEB2,miR-200b,TGF-beta,GSC",P,14
7376,"TWIST1,SNAI1,miR-34a,TWIST2,SNAI2,miR-101,ZEB1,miR-200a,TGF-beta,GSC",N,10
7377,"TWIST1,SNAI1,miR-34a,TWIST2,SNAI2,miR-101,ZEB1,miR-200a,ZEB2,miR-200c,TGF-beta,GSC",P,12
7378,"TWIST1,SNAI1,miR-34a,TWIST2,SNAI2,miR-101,ZEB1,miR-200a,ZEB2,miR-200b,TGF-beta,GSC",N,12
7379,"TWIST1,SNAI1,miR-34a,TWIST2,SNAI2,miR-101,ZEB1,miR-200c,TGF-beta,GSC",P,10
7380,"TWIST1,SNAI1,miR-34a,TWIST2,SNAI2,miR-101,ZEB1,miR-200c,ZEB2,miR-200a,TGF-beta,GSC",P,12
7381,"TWIST1,SNAI1,miR-34a,TWIST2,SNAI2,miR-101,ZEB1,miR-200c,ZEB2,miR-200b,TGF-beta,GSC",N,12
7382,"TWIST1,SNAI1,miR-34a,TWIST2,SNAI2,miR-101,ZEB1,miR-200b,TGF-beta,GSC",N,10
7383,"TWIST1,SNAI1,miR-34a,TWIST2,SNAI2,miR-101,ZEB1,miR-200b,ZEB2,miR-200a,TGF-beta,GSC",P,12
7384,"TWIST1,SNAI1,miR-34a,TWIST2,SNAI2,miR-101,ZEB1,miR-200b,ZEB2,miR-200c,TGF-beta,GSC",P,12
7385,"TWIST1,SNAI1,miR-34a,TWIST2,SNAI2,miR-101,ZEB1,miR-141,TGF-beta,GSC",N,10
7386,"TWIST1,SNAI1,miR-34a,TWIST2,SNAI2,miR-101,ZEB1,miR-141,ZEB2,miR-200a,TGF-beta,GSC",N,12
7387,"TWIST1,SNAI1,miR-34a,TWIST2,SNAI2,miR-101,ZEB1,miR-141,ZEB2,miR-200c,TGF-beta,GSC",N,12
7388,"TWIST1,SNAI1,miR-34a,TWIST2,SNAI2,miR-101,ZEB1,miR-141,ZEB2,miR-200b,TGF-beta,GSC",P,12
7389,"TWIST1,SNAI1,miR-34a,TWIST2,CDH1,SNAI2,miR-200b,TGF-beta,GSC",P,9
7390,"TWIST1,SNAI1,miR-34a,TWIST2,CDH1,SNAI2,miR-200b,ZEB2,miR-200a,TGF-beta,GSC",N,11
7391,"TWIST1,SNAI1,miR-34a,TWIST2,CDH1,SNAI2,miR-200b,ZEB2,miR-200a,ZEB1,GRHL2,OVOL2,TGF-beta,GSC",N,14
7392,"TWIST1,SNAI1,miR-34a,TWIST2,CDH1,SNAI2,miR-200b,ZEB2,miR-200a,ZEB1,OVOL2,TGF-beta,GSC",P,13
7393,"TWIST1,SNAI1,miR-34a,TWIST2,CDH1,SNAI2,miR-200b,ZEB2,miR-200a,ZEB1,miR-200c,TGF-beta,GSC",N,13
7394,"TWIST1,SNAI1,miR-34a,TWIST2,CDH1,SNAI2,miR-200b,ZEB2,miR-200a,ZEB1,miR-141,TGF-beta,GSC",P,13
7395,"TWIST1,SNAI1,miR-34a,TWIST2,CDH1,SNAI2,miR-200b,ZEB2,miR-200c,TGF-beta,GSC",N,11
7396,"TWIST1,SNAI1,miR-34a,TWIST2,CDH1,SNAI2,miR-200b,ZEB2,miR-200c,ZEB1,GRHL2,OVOL2,TGF-beta,GSC",N,14
7397,"TWIST1,SNAI1,miR-34a,TWIST2,CDH1,SNAI2,miR-200b,ZEB2,miR-200c,ZEB1,OVOL2,TGF-beta,GSC",P,13
7398,"TWIST1,SNAI1,miR-34a,TWIST2,CDH1,SNAI2,miR-200b,ZEB2,miR-200c,ZEB1,miR-200a,TGF-beta,GSC",P,13
7399,"TWIST1,SNAI1,miR-34a,TWIST2,CDH1,SNAI2,miR-200b,ZEB2,miR-200c,ZEB1,miR-141,TGF-beta,GSC",P,13
7400,"TWIST1,SNAI1,miR-34a,TWIST2,CDH1,SNAI2,miR-200b,ZEB1,GRHL2,NP63,miR-205,ZEB2,miR-200a,TGF-beta,GSC",N,15
7401,"TWIST1,SNAI1,miR-34a,TWIST2,CDH1,SNAI2,miR-200b,ZEB1,GRHL2,NP63,miR-205,ZEB2,miR-200c,TGF-beta,GSC",N,15
7402,"TWIST1,SNAI1,miR-34a,TWIST2,CDH1,SNAI2,miR-200b,ZEB1,GRHL2,OVOL2,TGF-beta,GSC",N,12
7403,"TWIST1,SNAI1,miR-34a,TWIST2,CDH1,SNAI2,miR-200b,ZEB1,GRHL2,OVOL2,NP63,miR-205,ZEB2,miR-200a,TGF-beta,GSC",N,16
7404,"TWIST1,SNAI1,miR-34a,TWIST2,CDH1,SNAI2,miR-200b,ZEB1,GRHL2,OVOL2,NP63,miR-205,ZEB2,miR-200c,TGF-beta,GSC",N,16
7405,"TWIST1,SNAI1,miR-34a,TWIST2,CDH1,SNAI2,miR-200b,ZEB1,OVOL2,TGF-beta,GSC",P,11
7406,"TWIST1,SNAI1,miR-34a,TWIST2,CDH1,SNAI2,miR-200b,ZEB1,OVOL2,NP63,miR-205,ZEB2,miR-200a,TGF-beta,GSC",P,15
7407,"TWIST1,SNAI1,miR-34a,TWIST2,CDH1,SNAI2,miR-200b,ZEB1,OVOL2,NP63,miR-205,ZEB2,miR-200c,TGF-beta,GSC",P,15
7408,"TWIST1,SNAI1,miR-34a,TWIST2,CDH1,SNAI2,miR-200b,ZEB1,miR-200a,TGF-beta,GSC",P,11
7409,"TWIST1,SNAI1,miR-34a,TWIST2,CDH1,SNAI2,miR-200b,ZEB1,miR-200a,ZEB2,miR-200c,TGF-beta,GSC",N,13
7410,"TWIST1,SNAI1,miR-34a,TWIST2,CDH1,SNAI2,miR-200b,ZEB1,miR-200c,TGF-beta,GSC",N,11
7411,"TWIST1,SNAI1,miR-34a,TWIST2,CDH1,SNAI2,miR-200b,ZEB1,miR-200c,ZEB2,miR-200a,TGF-beta,GSC",N,13
7412,"TWIST1,SNAI1,miR-34a,TWIST2,CDH1,SNAI2,miR-200b,ZEB1,miR-141,TGF-beta,GSC",P,11
7413,"TWIST1,SNAI1,miR-34a,TWIST2,CDH1,SNAI2,miR-200b,ZEB1,miR-141,ZEB2,miR-200a,TGF-beta,GSC",P,13
7414,"TWIST1,SNAI1,miR-34a,TWIST2,CDH1,SNAI2,miR-200b,ZEB1,miR-141,ZEB2,miR-200c,TGF-beta,GSC",P,13
7415,"TWIST1,SNAI1,miR-34a,TWIST2,CDH1,SNAI2,miR-101,ZEB2,miR-200a,TGF-beta,GSC",N,11
7416,"TWIST1,SNAI1,miR-34a,TWIST2,CDH1,SNAI2,miR-101,ZEB2,miR-200a,ZEB1,GRHL2,OVOL2,TGF-beta,GSC",N,14
7417,"TWIST1,SNAI1,miR-34a,TWIST2,CDH1,SNAI2,miR-101,ZEB2,miR-200a,ZEB1,OVOL2,TGF-beta,GSC",P,13
7418,"TWIST1,SNAI1,miR-34a,TWIST2,CDH1,SNAI2,miR-101,ZEB2,miR-200a,ZEB1,miR-200c,TGF-beta,GSC",N,13
7419,"TWIST1,SNAI1,miR-34a,TWIST2,CDH1,SNAI2,miR-101,ZEB2,miR-200a,ZEB1,miR-200b,TGF-beta,GSC",P,13
7420,"TWIST1,SNAI1,miR-34a,TWIST2,CDH1,SNAI2,miR-101,ZEB2,miR-200a,ZEB1,miR-141,TGF-beta,GSC",P,13
7421,"TWIST1,SNAI1,miR-34a,TWIST2,CDH1,SNAI2,miR-101,ZEB2,miR-200c,TGF-beta,GSC",N,11
7422,"TWIST1,SNAI1,miR-34a,TWIST2,CDH1,SNAI2,miR-101,ZEB2,miR-200c,ZEB1,GRHL2,OVOL2,TGF-beta,GSC",N,14
7423,"TWIST1,SNAI1,miR-34a,TWIST2,CDH1,SNAI2,miR-101,ZEB2,miR-200c,ZEB1,OVOL2,TGF-beta,GSC",P,13
7424,"TWIST1,SNAI1,miR-34a,TWIST2,CDH1,SNAI2,miR-101,ZEB2,miR-200c,ZEB1,miR-200a,TGF-beta,GSC",P,13
7425,"TWIST1,SNAI1,miR-34a,TWIST2,CDH1,SNAI2,miR-101,ZEB2,miR-200c,ZEB1,miR-200b,TGF-beta,GSC",P,13
7426,"TWIST1,SNAI1,miR-34a,TWIST2,CDH1,SNAI2,miR-101,ZEB2,miR-200c,ZEB1,miR-141,TGF-beta,GSC",P,13
7427,"TWIST1,SNAI1,miR-34a,TWIST2,CDH1,SNAI2,miR-101,ZEB2,miR-200b,TGF-beta,GSC",P,11
7428,"TWIST1,SNAI1,miR-34a,TWIST2,CDH1,SNAI2,miR-101,ZEB2,miR-200b,ZEB1,GRHL2,OVOL2,TGF-beta,GSC",N,14
7429,"TWIST1,SNAI1,miR-34a,TWIST2,CDH1,SNAI2,miR-101,ZEB2,miR-200b,ZEB1,OVOL2,TGF-beta,GSC",P,13
7430,"TWIST1,SNAI1,miR-34a,TWIST2,CDH1,SNAI2,miR-101,ZEB2,miR-200b,ZEB1,miR-200a,TGF-beta,GSC",P,13
7431,"TWIST1,SNAI1,miR-34a,TWIST2,CDH1,SNAI2,miR-101,ZEB2,miR-200b,ZEB1,miR-200c,TGF-beta,GSC",N,13
7432,"TWIST1,SNAI1,miR-34a,TWIST2,CDH1,SNAI2,miR-101,ZEB2,miR-200b,ZEB1,miR-141,TGF-beta,GSC",P,13
7433,"TWIST1,SNAI1,miR-34a,TWIST2,CDH1,SNAI2,miR-101,ZEB1,GRHL2,NP63,miR-205,ZEB2,miR-200a,TGF-beta,GSC",P,15
7434,"TWIST1,SNAI1,miR-34a,TWIST2,CDH1,SNAI2,miR-101,ZEB1,GRHL2,NP63,miR-205,ZEB2,miR-200c,TGF-beta,GSC",P,15
7435,"TWIST1,SNAI1,miR-34a,TWIST2,CDH1,SNAI2,miR-101,ZEB1,GRHL2,NP63,miR-205,ZEB2,miR-200b,TGF-beta,GSC",N,15
7436,"TWIST1,SNAI1,miR-34a,TWIST2,CDH1,SNAI2,miR-101,ZEB1,GRHL2,OVOL2,TGF-beta,GSC",P,12
7437,"TWIST1,SNAI1,miR-34a,TWIST2,CDH1,SNAI2,miR-101,ZEB1,GRHL2,OVOL2,NP63,miR-205,ZEB2,miR-200a,TGF-beta,GSC",P,16
7438,"TWIST1,SNAI1,miR-34a,TWIST2,CDH1,SNAI2,miR-101,ZEB1,GRHL2,OVOL2,NP63,miR-205,ZEB2,miR-200c,TGF-beta,GSC",P,16
7439,"TWIST1,SNAI1,miR-34a,TWIST2,CDH1,SNAI2,miR-101,ZEB1,GRHL2,OVOL2,NP63,miR-205,ZEB2,miR-200b,TGF-beta,GSC",N,16
7440,"TWIST1,SNAI1,miR-34a,TWIST2,CDH1,SNAI2,miR-101,ZEB1,OVOL2,TGF-beta,GSC",N,11
7441,"TWIST1,SNAI1,miR-34a,TWIST2,CDH1,SNAI2,miR-101,ZEB1,OVOL2,NP63,miR-205,ZEB2,miR-200a,TGF-beta,GSC",N,15
7442,"TWIST1,SNAI1,miR-34a,TWIST2,CDH1,SNAI2,miR-101,ZEB1,OVOL2,NP63,miR-205,ZEB2,miR-200c,TGF-beta,GSC",N,15
7443,"TWIST1,SNAI1,miR-34a,TWIST2,CDH1,SNAI2,miR-101,ZEB1,OVOL2,NP63,miR-205,ZEB2,miR-200b,TGF-beta,GSC",P,15
7444,"TWIST1,SNAI1,miR-34a,TWIST2,CDH1,SNAI2,miR-101,ZEB1,miR-200a,TGF-beta,GSC",N,11
7445,"TWIST1,SNAI1,miR-34a,TWIST2,CDH1,SNAI2,miR-101,ZEB1,miR-200a,ZEB2,miR-200c,TGF-beta,GSC",P,13
7446,"TWIST1,SNAI1,miR-34a,TWIST2,CDH1,SNAI2,miR-101,ZEB1,miR-200a,ZEB2,miR-200b,TGF-beta,GSC",N,13
7447,"TWIST1,SNAI1,miR-34a,TWIST2,CDH1,SNAI2,miR-101,ZEB1,miR-200c,TGF-beta,GSC",P,11
7448,"TWIST1,SNAI1,miR-34a,TWIST2,CDH1,SNAI2,miR-101,ZEB1,miR-200c,ZEB2,miR-200a,TGF-beta,GSC",P,13
7449,"TWIST1,SNAI1,miR-34a,TWIST2,CDH1,SNAI2,miR-101,ZEB1,miR-200c,ZEB2,miR-200b,TGF-beta,GSC",N,13
7450,"TWIST1,SNAI1,miR-34a,TWIST2,CDH1,SNAI2,miR-101,ZEB1,miR-200b,TGF-beta,GSC",N,11
7451,"TWIST1,SNAI1,miR-34a,TWIST2,CDH1,SNAI2,miR-101,ZEB1,miR-200b,ZEB2,miR-200a,TGF-beta,GSC",P,13
7452,"TWIST1,SNAI1,miR-34a,TWIST2,CDH1,SNAI2,miR-101,ZEB1,miR-200b,ZEB2,miR-200c,TGF-beta,GSC",P,13
7453,"TWIST1,SNAI1,miR-34a,TWIST2,CDH1,SNAI2,miR-101,ZEB1,miR-141,TGF-beta,GSC",N,11
7454,"TWIST1,SNAI1,miR-34a,TWIST2,CDH1,SNAI2,miR-101,ZEB1,miR-141,ZEB2,miR-200a,TGF-beta,GSC",N,13
7455,"TWIST1,SNAI1,miR-34a,TWIST2,CDH1,SNAI2,miR-101,ZEB1,miR-141,ZEB2,miR-200c,TGF-beta,GSC",N,13
7456,"TWIST1,SNAI1,miR-34a,TWIST2,CDH1,SNAI2,miR-101,ZEB1,miR-141,ZEB2,miR-200b,TGF-beta,GSC",P,13
7457,"TWIST1,SNAI1,miR-34a,SNAI2,miR-200b,TGF-beta,GSC",P,7
7458,"TWIST1,SNAI1,miR-34a,SNAI2,miR-200b,ZEB2,miR-200a,TGF-beta,GSC",N,9
7459,"TWIST1,SNAI1,miR-34a,SNAI2,miR-200b,ZEB2,miR-200a,ZEB1,GRHL2,OVOL2,TGF-beta,GSC",N,12
7460,"TWIST1,SNAI1,miR-34a,SNAI2,miR-200b,ZEB2,miR-200a,ZEB1,OVOL2,TGF-beta,GSC",P,11
7461,"TWIST1,SNAI1,miR-34a,SNAI2,miR-200b,ZEB2,miR-200a,ZEB1,miR-200c,TGF-beta,GSC",N,11
7462,"TWIST1,SNAI1,miR-34a,SNAI2,miR-200b,ZEB2,miR-200a,ZEB1,miR-141,TGF-beta,GSC",P,11
7463,"TWIST1,SNAI1,miR-34a,SNAI2,miR-200b,ZEB2,miR-200c,TGF-beta,GSC",N,9
7464,"TWIST1,SNAI1,miR-34a,SNAI2,miR-200b,ZEB2,miR-200c,ZEB1,GRHL2,OVOL2,TGF-beta,GSC",N,12
7465,"TWIST1,SNAI1,miR-34a,SNAI2,miR-200b,ZEB2,miR-200c,ZEB1,OVOL2,TGF-beta,GSC",P,11
7466,"TWIST1,SNAI1,miR-34a,SNAI2,miR-200b,ZEB2,miR-200c,ZEB1,miR-200a,TGF-beta,GSC",P,11
7467,"TWIST1,SNAI1,miR-34a,SNAI2,miR-200b,ZEB2,miR-200c,ZEB1,miR-141,TGF-beta,GSC",P,11
7468,"TWIST1,SNAI1,miR-34a,SNAI2,miR-200b,ZEB1,GRHL2,NP63,miR-205,ZEB2,miR-200a,TGF-beta,GSC",N,13
7469,"TWIST1,SNAI1,miR-34a,SNAI2,miR-200b,ZEB1,GRHL2,NP63,miR-205,ZEB2,miR-200c,TGF-beta,GSC",N,13
7470,"TWIST1,SNAI1,miR-34a,SNAI2,miR-200b,ZEB1,GRHL2,OVOL2,TGF-beta,GSC",N,10
7471,"TWIST1,SNAI1,miR-34a,SNAI2,miR-200b,ZEB1,GRHL2,OVOL2,NP63,miR-205,ZEB2,miR-200a,TGF-beta,GSC",N,14
7472,"TWIST1,SNAI1,miR-34a,SNAI2,miR-200b,ZEB1,GRHL2,OVOL2,NP63,miR-205,ZEB2,miR-200c,TGF-beta,GSC",N,14
7473,"TWIST1,SNAI1,miR-34a,SNAI2,miR-200b,ZEB1,OVOL2,TGF-beta,GSC",P,9
7474,"TWIST1,SNAI1,miR-34a,SNAI2,miR-200b,ZEB1,OVOL2,NP63,miR-205,ZEB2,miR-200a,TGF-beta,GSC",P,13
7475,"TWIST1,SNAI1,miR-34a,SNAI2,miR-200b,ZEB1,OVOL2,NP63,miR-205,ZEB2,miR-200c,TGF-beta,GSC",P,13
7476,"TWIST1,SNAI1,miR-34a,SNAI2,miR-200b,ZEB1,miR-200a,TGF-beta,GSC",P,9
7477,"TWIST1,SNAI1,miR-34a,SNAI2,miR-200b,ZEB1,miR-200a,ZEB2,miR-200c,TGF-beta,GSC",N,11
7478,"TWIST1,SNAI1,miR-34a,SNAI2,miR-200b,ZEB1,miR-200c,TGF-beta,GSC",N,9
7479,"TWIST1,SNAI1,miR-34a,SNAI2,miR-200b,ZEB1,miR-200c,ZEB2,miR-200a,TGF-beta,GSC",N,11
7480,"TWIST1,SNAI1,miR-34a,SNAI2,miR-200b,ZEB1,miR-141,TGF-beta,GSC",P,9
7481,"TWIST1,SNAI1,miR-34a,SNAI2,miR-200b,ZEB1,miR-141,ZEB2,miR-200a,TGF-beta,GSC",P,11
7482,"TWIST1,SNAI1,miR-34a,SNAI2,miR-200b,ZEB1,miR-141,ZEB2,miR-200c,TGF-beta,GSC",P,11
7483,"TWIST1,SNAI1,miR-34a,SNAI2,miR-101,ZEB2,miR-200a,TGF-beta,GSC",N,9
7484,"TWIST1,SNAI1,miR-34a,SNAI2,miR-101,ZEB2,miR-200a,ZEB1,GRHL2,OVOL2,TGF-beta,GSC",N,12
7485,"TWIST1,SNAI1,miR-34a,SNAI2,miR-101,ZEB2,miR-200a,ZEB1,OVOL2,TGF-beta,GSC",P,11
7486,"TWIST1,SNAI1,miR-34a,SNAI2,miR-101,ZEB2,miR-200a,ZEB1,miR-200c,TGF-beta,GSC",N,11
7487,"TWIST1,SNAI1,miR-34a,SNAI2,miR-101,ZEB2,miR-200a,ZEB1,miR-200b,TGF-beta,GSC",P,11
7488,"TWIST1,SNAI1,miR-34a,SNAI2,miR-101,ZEB2,miR-200a,ZEB1,miR-141,TGF-beta,GSC",P,11
7489,"TWIST1,SNAI1,miR-34a,SNAI2,miR-101,ZEB2,miR-200c,TGF-beta,GSC",N,9
7490,"TWIST1,SNAI1,miR-34a,SNAI2,miR-101,ZEB2,miR-200c,ZEB1,GRHL2,OVOL2,TGF-beta,GSC",N,12
7491,"TWIST1,SNAI1,miR-34a,SNAI2,miR-101,ZEB2,miR-200c,ZEB1,OVOL2,TGF-beta,GSC",P,11
7492,"TWIST1,SNAI1,miR-34a,SNAI2,miR-101,ZEB2,miR-200c,ZEB1,miR-200a,TGF-beta,GSC",P,11
7493,"TWIST1,SNAI1,miR-34a,SNAI2,miR-101,ZEB2,miR-200c,ZEB1,miR-200b,TGF-beta,GSC",P,11
7494,"TWIST1,SNAI1,miR-34a,SNAI2,miR-101,ZEB2,miR-200c,ZEB1,miR-141,TGF-beta,GSC",P,11
7495,"TWIST1,SNAI1,miR-34a,SNAI2,miR-101,ZEB2,miR-200b,TGF-beta,GSC",P,9
7496,"TWIST1,SNAI1,miR-34a,SNAI2,miR-101,ZEB2,miR-200b,ZEB1,GRHL2,OVOL2,TGF-beta,GSC",N,12
7497,"TWIST1,SNAI1,miR-34a,SNAI2,miR-101,ZEB2,miR-200b,ZEB1,OVOL2,TGF-beta,GSC",P,11
7498,"TWIST1,SNAI1,miR-34a,SNAI2,miR-101,ZEB2,miR-200b,ZEB1,miR-200a,TGF-beta,GSC",P,11
7499,"TWIST1,SNAI1,miR-34a,SNAI2,miR-101,ZEB2,miR-200b,ZEB1,miR-200c,TGF-beta,GSC",N,11
7500,"TWIST1,SNAI1,miR-34a,SNAI2,miR-101,ZEB2,miR-200b,ZEB1,miR-141,TGF-beta,GSC",P,11
7501,"TWIST1,SNAI1,miR-34a,SNAI2,miR-101,ZEB1,GRHL2,NP63,miR-205,ZEB2,miR-200a,TGF-beta,GSC",P,13
7502,"TWIST1,SNAI1,miR-34a,SNAI2,miR-101,ZEB1,GRHL2,NP63,miR-205,ZEB2,miR-200c,TGF-beta,GSC",P,13
7503,"TWIST1,SNAI1,miR-34a,SNAI2,miR-101,ZEB1,GRHL2,NP63,miR-205,ZEB2,miR-200b,TGF-beta,GSC",N,13
7504,"TWIST1,SNAI1,miR-34a,SNAI2,miR-101,ZEB1,GRHL2,OVOL2,TGF-beta,GSC",P,10
7505,"TWIST1,SNAI1,miR-34a,SNAI2,miR-101,ZEB1,GRHL2,OVOL2,NP63,miR-205,ZEB2,miR-200a,TGF-beta,GSC",P,14
7506,"TWIST1,SNAI1,miR-34a,SNAI2,miR-101,ZEB1,GRHL2,OVOL2,NP63,miR-205,ZEB2,miR-200c,TGF-beta,GSC",P,14
7507,"TWIST1,SNAI1,miR-34a,SNAI2,miR-101,ZEB1,GRHL2,OVOL2,NP63,miR-205,ZEB2,miR-200b,TGF-beta,GSC",N,14
7508,"TWIST1,SNAI1,miR-34a,SNAI2,miR-101,ZEB1,OVOL2,TGF-beta,GSC",N,9
7509,"TWIST1,SNAI1,miR-34a,SNAI2,miR-101,ZEB1,OVOL2,NP63,miR-205,ZEB2,miR-200a,TGF-beta,GSC",N,13
7510,"TWIST1,SNAI1,miR-34a,SNAI2,miR-101,ZEB1,OVOL2,NP63,miR-205,ZEB2,miR-200c,TGF-beta,GSC",N,13
7511,"TWIST1,SNAI1,miR-34a,SNAI2,miR-101,ZEB1,OVOL2,NP63,miR-205,ZEB2,miR-200b,TGF-beta,GSC",P,13
7512,"TWIST1,SNAI1,miR-34a,SNAI2,miR-101,ZEB1,miR-200a,TGF-beta,GSC",N,9
7513,"TWIST1,SNAI1,miR-34a,SNAI2,miR-101,ZEB1,miR-200a,ZEB2,miR-200c,TGF-beta,GSC",P,11
7514,"TWIST1,SNAI1,miR-34a,SNAI2,miR-101,ZEB1,miR-200a,ZEB2,miR-200b,TGF-beta,GSC",N,11
7515,"TWIST1,SNAI1,miR-34a,SNAI2,miR-101,ZEB1,miR-200c,TGF-beta,GSC",P,9
7516,"TWIST1,SNAI1,miR-34a,SNAI2,miR-101,ZEB1,miR-200c,ZEB2,miR-200a,TGF-beta,GSC",P,11
7517,"TWIST1,SNAI1,miR-34a,SNAI2,miR-101,ZEB1,miR-200c,ZEB2,miR-200b,TGF-beta,GSC",N,11
7518,"TWIST1,SNAI1,miR-34a,SNAI2,miR-101,ZEB1,miR-200b,TGF-beta,GSC",N,9
7519,"TWIST1,SNAI1,miR-34a,SNAI2,miR-101,ZEB1,miR-200b,ZEB2,miR-200a,TGF-beta,GSC",P,11
7520,"TWIST1,SNAI1,miR-34a,SNAI2,miR-101,ZEB1,miR-200b,ZEB2,miR-200c,TGF-beta,GSC",P,11
7521,"TWIST1,SNAI1,miR-34a,SNAI2,miR-101,ZEB1,miR-141,TGF-beta,GSC",N,9
7522,"TWIST1,SNAI1,miR-34a,SNAI2,miR-101,ZEB1,miR-141,ZEB2,miR-200a,TGF-beta,GSC",N,11
7523,"TWIST1,SNAI1,miR-34a,SNAI2,miR-101,ZEB1,miR-141,ZEB2,miR-200c,TGF-beta,GSC",N,11
7524,"TWIST1,SNAI1,miR-34a,SNAI2,miR-101,ZEB1,miR-141,ZEB2,miR-200b,TGF-beta,GSC",P,11
7525,"TWIST1,SNAI1,miR-34a,SNAI2,TWIST2,ZEB2,miR-200a,TGF-beta,GSC",N,9
7526,"TWIST1,SNAI1,miR-34a,SNAI2,TWIST2,ZEB2,miR-200a,ZEB1,GRHL2,OVOL2,TGF-beta,GSC",N,12
7527,"TWIST1,SNAI1,miR-34a,SNAI2,TWIST2,ZEB2,miR-200a,ZEB1,OVOL2,TGF-beta,GSC",P,11
7528,"TWIST1,SNAI1,miR-34a,SNAI2,TWIST2,ZEB2,miR-200a,ZEB1,miR-200c,TGF-beta,GSC",N,11
7529,"TWIST1,SNAI1,miR-34a,SNAI2,TWIST2,ZEB2,miR-200a,ZEB1,miR-200b,TGF-beta,GSC",P,11
7530,"TWIST1,SNAI1,miR-34a,SNAI2,TWIST2,ZEB2,miR-200a,ZEB1,miR-141,TGF-beta,GSC",P,11
7531,"TWIST1,SNAI1,miR-34a,SNAI2,TWIST2,ZEB2,miR-200c,TGF-beta,GSC",N,9
7532,"TWIST1,SNAI1,miR-34a,SNAI2,TWIST2,ZEB2,miR-200c,ZEB1,GRHL2,OVOL2,TGF-beta,GSC",N,12
7533,"TWIST1,SNAI1,miR-34a,SNAI2,TWIST2,ZEB2,miR-200c,ZEB1,OVOL2,TGF-beta,GSC",P,11
7534,"TWIST1,SNAI1,miR-34a,SNAI2,TWIST2,ZEB2,miR-200c,ZEB1,miR-200a,TGF-beta,GSC",P,11
7535,"TWIST1,SNAI1,miR-34a,SNAI2,TWIST2,ZEB2,miR-200c,ZEB1,miR-200b,TGF-beta,GSC",P,11
7536,"TWIST1,SNAI1,miR-34a,SNAI2,TWIST2,ZEB2,miR-200c,ZEB1,miR-141,TGF-beta,GSC",P,11
7537,"TWIST1,SNAI1,miR-34a,SNAI2,TWIST2,ZEB2,miR-200b,TGF-beta,GSC",P,9
7538,"TWIST1,SNAI1,miR-34a,SNAI2,TWIST2,ZEB2,miR-200b,ZEB1,GRHL2,OVOL2,TGF-beta,GSC",N,12
7539,"TWIST1,SNAI1,miR-34a,SNAI2,TWIST2,ZEB2,miR-200b,ZEB1,OVOL2,TGF-beta,GSC",P,11
7540,"TWIST1,SNAI1,miR-34a,SNAI2,TWIST2,ZEB2,miR-200b,ZEB1,miR-200a,TGF-beta,GSC",P,11
7541,"TWIST1,SNAI1,miR-34a,SNAI2,TWIST2,ZEB2,miR-200b,ZEB1,miR-200c,TGF-beta,GSC",N,11
7542,"TWIST1,SNAI1,miR-34a,SNAI2,TWIST2,ZEB2,miR-200b,ZEB1,miR-141,TGF-beta,GSC",P,11
7543,"TWIST1,SNAI1,miR-34a,SNAI2,TWIST2,ZEB1,GRHL2,NP63,miR-205,ZEB2,miR-200a,TGF-beta,GSC",P,13
7544,"TWIST1,SNAI1,miR-34a,SNAI2,TWIST2,ZEB1,GRHL2,NP63,miR-205,ZEB2,miR-200c,TGF-beta,GSC",P,13
7545,"TWIST1,SNAI1,miR-34a,SNAI2,TWIST2,ZEB1,GRHL2,NP63,miR-205,ZEB2,miR-200b,TGF-beta,GSC",N,13
7546,"TWIST1,SNAI1,miR-34a,SNAI2,TWIST2,ZEB1,GRHL2,OVOL2,TGF-beta,GSC",P,10
7547,"TWIST1,SNAI1,miR-34a,SNAI2,TWIST2,ZEB1,GRHL2,OVOL2,NP63,miR-205,ZEB2,miR-200a,TGF-beta,GSC",P,14
7548,"TWIST1,SNAI1,miR-34a,SNAI2,TWIST2,ZEB1,GRHL2,OVOL2,NP63,miR-205,ZEB2,miR-200c,TGF-beta,GSC",P,14
7549,"TWIST1,SNAI1,miR-34a,SNAI2,TWIST2,ZEB1,GRHL2,OVOL2,NP63,miR-205,ZEB2,miR-200b,TGF-beta,GSC",N,14
7550,"TWIST1,SNAI1,miR-34a,SNAI2,TWIST2,ZEB1,OVOL2,TGF-beta,GSC",N,9
7551,"TWIST1,SNAI1,miR-34a,SNAI2,TWIST2,ZEB1,OVOL2,NP63,miR-205,ZEB2,miR-200a,TGF-beta,GSC",N,13
7552,"TWIST1,SNAI1,miR-34a,SNAI2,TWIST2,ZEB1,OVOL2,NP63,miR-205,ZEB2,miR-200c,TGF-beta,GSC",N,13
7553,"TWIST1,SNAI1,miR-34a,SNAI2,TWIST2,ZEB1,OVOL2,NP63,miR-205,ZEB2,miR-200b,TGF-beta,GSC",P,13
7554,"TWIST1,SNAI1,miR-34a,SNAI2,TWIST2,ZEB1,miR-200a,TGF-beta,GSC",N,9
7555,"TWIST1,SNAI1,miR-34a,SNAI2,TWIST2,ZEB1,miR-200a,ZEB2,miR-200c,TGF-beta,GSC",P,11
7556,"TWIST1,SNAI1,miR-34a,SNAI2,TWIST2,ZEB1,miR-200a,ZEB2,miR-200b,TGF-beta,GSC",N,11
7557,"TWIST1,SNAI1,miR-34a,SNAI2,TWIST2,ZEB1,miR-200c,TGF-beta,GSC",P,9
7558,"TWIST1,SNAI1,miR-34a,SNAI2,TWIST2,ZEB1,miR-200c,ZEB2,miR-200a,TGF-beta,GSC",P,11
7559,"TWIST1,SNAI1,miR-34a,SNAI2,TWIST2,ZEB1,miR-200c,ZEB2,miR-200b,TGF-beta,GSC",N,11
7560,"TWIST1,SNAI1,miR-34a,SNAI2,TWIST2,ZEB1,miR-200b,TGF-beta,GSC",N,9
7561,"TWIST1,SNAI1,miR-34a,SNAI2,TWIST2,ZEB1,miR-200b,ZEB2,miR-200a,TGF-beta,GSC",P,11
7562,"TWIST1,SNAI1,miR-34a,SNAI2,TWIST2,ZEB1,miR-200b,ZEB2,miR-200c,TGF-beta,GSC",P,11
7563,"TWIST1,SNAI1,miR-34a,SNAI2,TWIST2,ZEB1,miR-141,TGF-beta,GSC",N,9
7564,"TWIST1,SNAI1,miR-34a,SNAI2,TWIST2,ZEB1,miR-141,ZEB2,miR-200a,TGF-beta,GSC",N,11
7565,"TWIST1,SNAI1,miR-34a,SNAI2,TWIST2,ZEB1,miR-141,ZEB2,miR-200c,TGF-beta,GSC",N,11
7566,"TWIST1,SNAI1,miR-34a,SNAI2,TWIST2,ZEB1,miR-141,ZEB2,miR-200b,TGF-beta,GSC",P,11
7567,"TWIST1,SNAI1,miR-34a,SNAI2,TWIST2",N,5
7568,"TWIST1,SNAI1,ZEB2,miR-200a,TGF-beta,SNAI2,miR-200b,ZEB1,miR-34a,TWIST2",P,10
7569,"TWIST1,SNAI1,ZEB2,miR-200a,TGF-beta,SNAI2,miR-101,ZEB1,miR-34a,TWIST2",N,10
7570,"TWIST1,SNAI1,ZEB2,miR-200a,TGF-beta,SNAI2,TWIST2",N,7
7571,"TWIST1,SNAI1,ZEB2,miR-200a,TGF-beta,GSC,ZEB1,CLDN7,CDH1,SNAI2,TWIST2",N,11
7572,"TWIST1,SNAI1,ZEB2,miR-200a,TGF-beta,GSC,ZEB1,GRHL2,NP63,SNAI2,TWIST2",N,11
7573,"TWIST1,SNAI1,ZEB2,miR-200a,TGF-beta,GSC,ZEB1,GRHL2,OVOL2,NP63,SNAI2,TWIST2",N,12
7574,"TWIST1,SNAI1,ZEB2,miR-200a,TGF-beta,GSC,ZEB1,GRHL2,OVOL2,SNAI2,TWIST2",N,11
7575,"TWIST1,SNAI1,ZEB2,miR-200a,TGF-beta,GSC,ZEB1,GRHL2,OVOL2,CDH1,SNAI2,TWIST2",P,12
7576,"TWIST1,SNAI1,ZEB2,miR-200a,TGF-beta,GSC,ZEB1,OVOL2,NP63,SNAI2,TWIST2",P,11
7577,"TWIST1,SNAI1,ZEB2,miR-200a,TGF-beta,GSC,ZEB1,OVOL2,SNAI2,TWIST2",P,10
7578,"TWIST1,SNAI1,ZEB2,miR-200a,TGF-beta,GSC,ZEB1,OVOL2,CDH1,SNAI2,TWIST2",N,11
7579,"TWIST1,SNAI1,ZEB2,miR-200a,TGF-beta,GSC,ZEB1,miR-34a,TWIST2",P,9
7580,"TWIST1,SNAI1,ZEB2,miR-200a,TGF-beta,GSC,ZEB1,miR-34a,SNAI2,TWIST2",P,10
7581,"TWIST1,SNAI1,ZEB2,miR-200a,TGF-beta,GSC,ZEB1,CDH1,SNAI2,TWIST2",P,10
7582,"TWIST1,SNAI1,ZEB2,miR-200a,TGF-beta,GSC",N,6
7583,"TWIST1,SNAI1,ZEB2,miR-200a,ZEB1,CLDN7,CDH1,SNAI2,miR-200b,TGF-beta,GSC",P,11
7584,"TWIST1,SNAI1,ZEB2,miR-200a,ZEB1,CLDN7,CDH1,SNAI2,TWIST2",N,9
7585,"TWIST1,SNAI1,ZEB2,miR-200a,ZEB1,GRHL2,NP63,SNAI2,miR-200b,TGF-beta,GSC",P,11
7586,"TWIST1,SNAI1,ZEB2,miR-200a,ZEB1,GRHL2,NP63,SNAI2,TWIST2",N,9
7587,"TWIST1,SNAI1,ZEB2,miR-200a,ZEB1,GRHL2,OVOL2,TGF-beta,SNAI2,TWIST2",N,10
7588,"TWIST1,SNAI1,ZEB2,miR-200a,ZEB1,GRHL2,OVOL2,TGF-beta,GSC",N,9
7589,"TWIST1,SNAI1,ZEB2,miR-200a,ZEB1,GRHL2,OVOL2,NP63,SNAI2,miR-200b,TGF-beta,GSC",P,12
7590,"TWIST1,SNAI1,ZEB2,miR-200a,ZEB1,GRHL2,OVOL2,NP63,SNAI2,TWIST2",N,10
7591,"TWIST1,SNAI1,ZEB2,miR-200a,ZEB1,GRHL2,OVOL2,SNAI2,miR-200b,TGF-beta,GSC",P,11
7592,"TWIST1,SNAI1,ZEB2,miR-200a,ZEB1,GRHL2,OVOL2,SNAI2,TWIST2",N,9
7593,"TWIST1,SNAI1,ZEB2,miR-200a,ZEB1,GRHL2,OVOL2,CDH1,SNAI2,miR-200b,TGF-beta,GSC",N,12
7594,"TWIST1,SNAI1,ZEB2,miR-200a,ZEB1,GRHL2,OVOL2,CDH1,SNAI2,TWIST2",P,10
7595,"TWIST1,SNAI1,ZEB2,miR-200a,ZEB1,OVOL2,TGF-beta,SNAI2,TWIST2",P,9
7596,"TWIST1,SNAI1,ZEB2,miR-200a,ZEB1,OVOL2,TGF-beta,GSC",P,8
7597,"TWIST1,SNAI1,ZEB2,miR-200a,ZEB1,OVOL2,NP63,SNAI2,miR-200b,TGF-beta,GSC",N,11
7598,"TWIST1,SNAI1,ZEB2,miR-200a,ZEB1,OVOL2,NP63,SNAI2,TWIST2",P,9
7599,"TWIST1,SNAI1,ZEB2,miR-200a,ZEB1,OVOL2,SNAI2,miR-200b,TGF-beta,GSC",N,10
7600,"TWIST1,SNAI1,ZEB2,miR-200a,ZEB1,OVOL2,SNAI2,TWIST2",P,8
7601,"TWIST1,SNAI1,ZEB2,miR-200a,ZEB1,OVOL2,CDH1,SNAI2,miR-200b,TGF-beta,GSC",P,11
7602,"TWIST1,SNAI1,ZEB2,miR-200a,ZEB1,OVOL2,CDH1,SNAI2,TWIST2",N,9
7603,"TWIST1,SNAI1,ZEB2,miR-200a,ZEB1,miR-34a,TWIST2",P,7
7604,"TWIST1,SNAI1,ZEB2,miR-200a,ZEB1,miR-34a,TWIST2,SNAI2,miR-200b,TGF-beta,GSC",N,11
7605,"TWIST1,SNAI1,ZEB2,miR-200a,ZEB1,miR-34a,TWIST2,CDH1,SNAI2,miR-200b,TGF-beta,GSC",N,12
7606,"TWIST1,SNAI1,ZEB2,miR-200a,ZEB1,miR-34a,SNAI2,miR-200b,TGF-beta,GSC",N,10
7607,"TWIST1,SNAI1,ZEB2,miR-200a,ZEB1,miR-34a,SNAI2,TWIST2",P,8
7608,"TWIST1,SNAI1,ZEB2,miR-200a,ZEB1,miR-200c,TGF-beta,SNAI2,TWIST2",N,9
7609,"TWIST1,SNAI1,ZEB2,miR-200a,ZEB1,miR-200c,TGF-beta,GSC",N,8
7610,"TWIST1,SNAI1,ZEB2,miR-200a,ZEB1,miR-200b,TGF-beta,SNAI2,TWIST2",P,9
7611,"TWIST1,SNAI1,ZEB2,miR-200a,ZEB1,miR-200b,TGF-beta,GSC",P,8
7612,"TWIST1,SNAI1,ZEB2,miR-200a,ZEB1,miR-141,TGF-beta,SNAI2,TWIST2",P,9
7613,"TWIST1,SNAI1,ZEB2,miR-200a,ZEB1,miR-141,TGF-beta,GSC",P,8
7614,"TWIST1,SNAI1,ZEB2,miR-200a,ZEB1,CDH1,SNAI2,miR-200b,TGF-beta,GSC",N,10
7615,"TWIST1,SNAI1,ZEB2,miR-200a,ZEB1,CDH1,SNAI2,TWIST2",P,8
7616,"TWIST1,SNAI1,ZEB2,miR-200c,TGF-beta,SNAI2,miR-200b,ZEB1,miR-34a,TWIST2",P,10
7617,"TWIST1,SNAI1,ZEB2,miR-200c,TGF-beta,SNAI2,miR-101,ZEB1,miR-34a,TWIST2",N,10
7618,"TWIST1,SNAI1,ZEB2,miR-200c,TGF-beta,SNAI2,TWIST2",N,7
7619,"TWIST1,SNAI1,ZEB2,miR-200c,TGF-beta,GSC,ZEB1,CLDN7,CDH1,SNAI2,TWIST2",N,11
7620,"TWIST1,SNAI1,ZEB2,miR-200c,TGF-beta,GSC,ZEB1,GRHL2,NP63,SNAI2,TWIST2",N,11
7621,"TWIST1,SNAI1,ZEB2,miR-200c,TGF-beta,GSC,ZEB1,GRHL2,OVOL2,NP63,SNAI2,TWIST2",N,12
7622,"TWIST1,SNAI1,ZEB2,miR-200c,TGF-beta,GSC,ZEB1,GRHL2,OVOL2,SNAI2,TWIST2",N,11
7623,"TWIST1,SNAI1,ZEB2,miR-200c,TGF-beta,GSC,ZEB1,GRHL2,OVOL2,CDH1,SNAI2,TWIST2",P,12
7624,"TWIST1,SNAI1,ZEB2,miR-200c,TGF-beta,GSC,ZEB1,OVOL2,NP63,SNAI2,TWIST2",P,11
7625,"TWIST1,SNAI1,ZEB2,miR-200c,TGF-beta,GSC,ZEB1,OVOL2,SNAI2,TWIST2",P,10
7626,"TWIST1,SNAI1,ZEB2,miR-200c,TGF-beta,GSC,ZEB1,OVOL2,CDH1,SNAI2,TWIST2",N,11
7627,"TWIST1,SNAI1,ZEB2,miR-200c,TGF-beta,GSC,ZEB1,miR-34a,TWIST2",P,9
7628,"TWIST1,SNAI1,ZEB2,miR-200c,TGF-beta,GSC,ZEB1,miR-34a,SNAI2,TWIST2",P,10
7629,"TWIST1,SNAI1,ZEB2,miR-200c,TGF-beta,GSC,ZEB1,CDH1,SNAI2,TWIST2",P,10
7630,"TWIST1,SNAI1,ZEB2,miR-200c,TGF-beta,GSC",N,6
7631,"TWIST1,SNAI1,ZEB2,miR-200c,ZEB1,CLDN7,CDH1,SNAI2,miR-200b,TGF-beta,GSC",P,11
7632,"TWIST1,SNAI1,ZEB2,miR-200c,ZEB1,CLDN7,CDH1,SNAI2,TWIST2",N,9
7633,"TWIST1,SNAI1,ZEB2,miR-200c,ZEB1,GRHL2,NP63,SNAI2,miR-200b,TGF-beta,GSC",P,11
7634,"TWIST1,SNAI1,ZEB2,miR-200c,ZEB1,GRHL2,NP63,SNAI2,TWIST2",N,9
7635,"TWIST1,SNAI1,ZEB2,miR-200c,ZEB1,GRHL2,OVOL2,TGF-beta,SNAI2,TWIST2",N,10
7636,"TWIST1,SNAI1,ZEB2,miR-200c,ZEB1,GRHL2,OVOL2,TGF-beta,GSC",N,9
7637,"TWIST1,SNAI1,ZEB2,miR-200c,ZEB1,GRHL2,OVOL2,NP63,SNAI2,miR-200b,TGF-beta,GSC",P,12
7638,"TWIST1,SNAI1,ZEB2,miR-200c,ZEB1,GRHL2,OVOL2,NP63,SNAI2,TWIST2",N,10
7639,"TWIST1,SNAI1,ZEB2,miR-200c,ZEB1,GRHL2,OVOL2,SNAI2,miR-200b,TGF-beta,GSC",P,11
7640,"TWIST1,SNAI1,ZEB2,miR-200c,ZEB1,GRHL2,OVOL2,SNAI2,TWIST2",N,9
7641,"TWIST1,SNAI1,ZEB2,miR-200c,ZEB1,GRHL2,OVOL2,CDH1,SNAI2,miR-200b,TGF-beta,GSC",N,12
7642,"TWIST1,SNAI1,ZEB2,miR-200c,ZEB1,GRHL2,OVOL2,CDH1,SNAI2,TWIST2",P,10
7643,"TWIST1,SNAI1,ZEB2,miR-200c,ZEB1,OVOL2,TGF-beta,SNAI2,TWIST2",P,9
7644,"TWIST1,SNAI1,ZEB2,miR-200c,ZEB1,OVOL2,TGF-beta,GSC",P,8
7645,"TWIST1,SNAI1,ZEB2,miR-200c,ZEB1,OVOL2,NP63,SNAI2,miR-200b,TGF-beta,GSC",N,11
7646,"TWIST1,SNAI1,ZEB2,miR-200c,ZEB1,OVOL2,NP63,SNAI2,TWIST2",P,9
7647,"TWIST1,SNAI1,ZEB2,miR-200c,ZEB1,OVOL2,SNAI2,miR-200b,TGF-beta,GSC",N,10
7648,"TWIST1,SNAI1,ZEB2,miR-200c,ZEB1,OVOL2,SNAI2,TWIST2",P,8
7649,"TWIST1,SNAI1,ZEB2,miR-200c,ZEB1,OVOL2,CDH1,SNAI2,miR-200b,TGF-beta,GSC",P,11
7650,"TWIST1,SNAI1,ZEB2,miR-200c,ZEB1,OVOL2,CDH1,SNAI2,TWIST2",N,9
7651,"TWIST1,SNAI1,ZEB2,miR-200c,ZEB1,miR-34a,TWIST2",P,7
7652,"TWIST1,SNAI1,ZEB2,miR-200c,ZEB1,miR-34a,TWIST2,SNAI2,miR-200b,TGF-beta,GSC",N,11
7653,"TWIST1,SNAI1,ZEB2,miR-200c,ZEB1,miR-34a,TWIST2,CDH1,SNAI2,miR-200b,TGF-beta,GSC",N,12
7654,"TWIST1,SNAI1,ZEB2,miR-200c,ZEB1,miR-34a,SNAI2,miR-200b,TGF-beta,GSC",N,10
7655,"TWIST1,SNAI1,ZEB2,miR-200c,ZEB1,miR-34a,SNAI2,TWIST2",P,8
7656,"TWIST1,SNAI1,ZEB2,miR-200c,ZEB1,miR-200a,TGF-beta,SNAI2,TWIST2",P,9
7657,"TWIST1,SNAI1,ZEB2,miR-200c,ZEB1,miR-200a,TGF-beta,GSC",P,8
7658,"TWIST1,SNAI1,ZEB2,miR-200c,ZEB1,miR-200b,TGF-beta,SNAI2,TWIST2",P,9
7659,"TWIST1,SNAI1,ZEB2,miR-200c,ZEB1,miR-200b,TGF-beta,GSC",P,8
7660,"TWIST1,SNAI1,ZEB2,miR-200c,ZEB1,miR-141,TGF-beta,SNAI2,TWIST2",P,9
7661,"TWIST1,SNAI1,ZEB2,miR-200c,ZEB1,miR-141,TGF-beta,GSC",P,8
7662,"TWIST1,SNAI1,ZEB2,miR-200c,ZEB1,CDH1,SNAI2,miR-200b,TGF-beta,GSC",N,10
7663,"TWIST1,SNAI1,ZEB2,miR-200c,ZEB1,CDH1,SNAI2,TWIST2",P,8
7664,"TWIST1,SNAI1,ZEB2,miR-200b,TGF-beta,SNAI2,miR-101,ZEB1,miR-34a,TWIST2",P,10
7665,"TWIST1,SNAI1,ZEB2,miR-200b,TGF-beta,SNAI2,TWIST2",P,7
7666,"TWIST1,SNAI1,ZEB2,miR-200b,TGF-beta,GSC,ZEB1,CLDN7,CDH1,SNAI2,TWIST2",P,11
7667,"TWIST1,SNAI1,ZEB2,miR-200b,TGF-beta,GSC,ZEB1,GRHL2,NP63,SNAI2,TWIST2",P,11
7668,"TWIST1,SNAI1,ZEB2,miR-200b,TGF-beta,GSC,ZEB1,GRHL2,OVOL2,NP63,SNAI2,TWIST2",P,12
7669,"TWIST1,SNAI1,ZEB2,miR-200b,TGF-beta,GSC,ZEB1,GRHL2,OVOL2,SNAI2,TWIST2",P,11
7670,"TWIST1,SNAI1,ZEB2,miR-200b,TGF-beta,GSC,ZEB1,GRHL2,OVOL2,CDH1,SNAI2,TWIST2",N,12
7671,"TWIST1,SNAI1,ZEB2,miR-200b,TGF-beta,GSC,ZEB1,OVOL2,NP63,SNAI2,TWIST2",N,11
7672,"TWIST1,SNAI1,ZEB2,miR-200b,TGF-beta,GSC,ZEB1,OVOL2,SNAI2,TWIST2",N,10
7673,"TWIST1,SNAI1,ZEB2,miR-200b,TGF-beta,GSC,ZEB1,OVOL2,CDH1,SNAI2,TWIST2",P,11
7674,"TWIST1,SNAI1,ZEB2,miR-200b,TGF-beta,GSC,ZEB1,miR-34a,TWIST2",N,9
7675,"TWIST1,SNAI1,ZEB2,miR-200b,TGF-beta,GSC,ZEB1,miR-34a,SNAI2,TWIST2",N,10
7676,"TWIST1,SNAI1,ZEB2,miR-200b,TGF-beta,GSC,ZEB1,CDH1,SNAI2,TWIST2",N,10
7677,"TWIST1,SNAI1,ZEB2,miR-200b,TGF-beta,GSC",P,6
7678,"TWIST1,SNAI1,ZEB2,miR-200b,ZEB1,CLDN7,CDH1,SNAI2,TWIST2",N,9
7679,"TWIST1,SNAI1,ZEB2,miR-200b,ZEB1,GRHL2,NP63,SNAI2,TWIST2",N,9
7680,"TWIST1,SNAI1,ZEB2,miR-200b,ZEB1,GRHL2,OVOL2,TGF-beta,SNAI2,TWIST2",N,10
7681,"TWIST1,SNAI1,ZEB2,miR-200b,ZEB1,GRHL2,OVOL2,TGF-beta,GSC",N,9
7682,"TWIST1,SNAI1,ZEB2,miR-200b,ZEB1,GRHL2,OVOL2,NP63,SNAI2,TWIST2",N,10
7683,"TWIST1,SNAI1,ZEB2,miR-200b,ZEB1,GRHL2,OVOL2,SNAI2,TWIST2",N,9
7684,"TWIST1,SNAI1,ZEB2,miR-200b,ZEB1,GRHL2,OVOL2,CDH1,SNAI2,TWIST2",P,10
7685,"TWIST1,SNAI1,ZEB2,miR-200b,ZEB1,OVOL2,TGF-beta,SNAI2,TWIST2",P,9
7686,"TWIST1,SNAI1,ZEB2,miR-200b,ZEB1,OVOL2,TGF-beta,GSC",P,8
7687,"TWIST1,SNAI1,ZEB2,miR-200b,ZEB1,OVOL2,NP63,SNAI2,TWIST2",P,9
7688,"TWIST1,SNAI1,ZEB2,miR-200b,ZEB1,OVOL2,SNAI2,TWIST2",P,8
7689,"TWIST1,SNAI1,ZEB2,miR-200b,ZEB1,OVOL2,CDH1,SNAI2,TWIST2",N,9
7690,"TWIST1,SNAI1,ZEB2,miR-200b,ZEB1,miR-34a,TWIST2",P,7
7691,"TWIST1,SNAI1,ZEB2,miR-200b,ZEB1,miR-34a,SNAI2,TWIST2",P,8
7692,"TWIST1,SNAI1,ZEB2,miR-200b,ZEB1,miR-200a,TGF-beta,SNAI2,TWIST2",P,9
7693,"TWIST1,SNAI1,ZEB2,miR-200b,ZEB1,miR-200a,TGF-beta,GSC",P,8
7694,"TWIST1,SNAI1,ZEB2,miR-200b,ZEB1,miR-200c,TGF-beta,SNAI2,TWIST2",N,9
7695,"TWIST1,SNAI1,ZEB2,miR-200b,ZEB1,miR-200c,TGF-beta,GSC",N,8
7696,"TWIST1,SNAI1,ZEB2,miR-200b,ZEB1,miR-141,TGF-beta,SNAI2,TWIST2",P,9
7697,"TWIST1,SNAI1,ZEB2,miR-200b,ZEB1,miR-141,TGF-beta,GSC",P,8
7698,"TWIST1,SNAI1,ZEB2,miR-200b,ZEB1,CDH1,SNAI2,TWIST2",P,8
7699,"TWIST1,SNAI1,ZEB2,CDH1,SNAI2,miR-200b,TGF-beta,GSC,ZEB1,miR-34a,TWIST2",P,11
7700,"TWIST1,SNAI1,ZEB2,CDH1,SNAI2,miR-200b,TGF-beta,GSC",N,8
7701,"TWIST1,SNAI1,ZEB2,CDH1,SNAI2,miR-200b,ZEB1,GRHL2,OVOL2,TGF-beta,GSC",P,11
7702,"TWIST1,SNAI1,ZEB2,CDH1,SNAI2,miR-200b,ZEB1,OVOL2,TGF-beta,GSC",N,10
7703,"TWIST1,SNAI1,ZEB2,CDH1,SNAI2,miR-200b,ZEB1,miR-34a,TWIST2",N,9
7704,"TWIST1,SNAI1,ZEB2,CDH1,SNAI2,miR-200b,ZEB1,miR-200a,TGF-beta,GSC",N,10
7705,"TWIST1,SNAI1,ZEB2,CDH1,SNAI2,miR-200b,ZEB1,miR-200c,TGF-beta,GSC",P,10
7706,"TWIST1,SNAI1,ZEB2,CDH1,SNAI2,miR-200b,ZEB1,miR-141,TGF-beta,GSC",N,10
7707,"TWIST1,SNAI1,ZEB2,CDH1,SNAI2,miR-101,ZEB1,GRHL2,OVOL2,TGF-beta,GSC",N,11
7708,"TWIST1,SNAI1,ZEB2,CDH1,SNAI2,miR-101,ZEB1,OVOL2,TGF-beta,GSC",P,10
7709,"TWIST1,SNAI1,ZEB2,CDH1,SNAI2,miR-101,ZEB1,miR-34a,TWIST2",P,9
7710,"TWIST1,SNAI1,ZEB2,CDH1,SNAI2,miR-101,ZEB1,miR-200a,TGF-beta,GSC",P,10
7711,"TWIST1,SNAI1,ZEB2,CDH1,SNAI2,miR-101,ZEB1,miR-200c,TGF-beta,GSC",N,10
7712,"TWIST1,SNAI1,ZEB2,CDH1,SNAI2,miR-101,ZEB1,miR-200b,TGF-beta,GSC",P,10
7713,"TWIST1,SNAI1,ZEB2,CDH1,SNAI2,miR-101,ZEB1,miR-141,TGF-beta,GSC",P,10
7714,"TWIST1,SNAI1,ZEB2,CDH1,SNAI2,TWIST2,ZEB1,GRHL2,OVOL2,TGF-beta,GSC",N,11
7715,"TWIST1,SNAI1,ZEB2,CDH1,SNAI2,TWIST2,ZEB1,OVOL2,TGF-beta,GSC",P,10
7716,"TWIST1,SNAI1,ZEB2,CDH1,SNAI2,TWIST2,ZEB1,miR-200a,TGF-beta,GSC",P,10
7717,"TWIST1,SNAI1,ZEB2,CDH1,SNAI2,TWIST2,ZEB1,miR-200c,TGF-beta,GSC",N,10
7718,"TWIST1,SNAI1,ZEB2,CDH1,SNAI2,TWIST2,ZEB1,miR-200b,TGF-beta,GSC",P,10
7719,"TWIST1,SNAI1,ZEB2,CDH1,SNAI2,TWIST2,ZEB1,miR-141,TGF-beta,GSC",P,10
7720,"TWIST1,SNAI1,ZEB2,CDH1,SNAI2,TWIST2",P,6
7721,"TWIST1,SNAI1,ZEB1,CLDN7,CDH1,SNAI2,miR-200b,TGF-beta,GSC",N,9
7722,"TWIST1,SNAI1,ZEB1,CLDN7,CDH1,SNAI2,miR-200b,ZEB2,miR-200a,TGF-beta,GSC",P,11
7723,"TWIST1,SNAI1,ZEB1,CLDN7,CDH1,SNAI2,miR-200b,ZEB2,miR-200c,TGF-beta,GSC",P,11
7724,"TWIST1,SNAI1,ZEB1,CLDN7,CDH1,SNAI2,miR-101,ZEB2,miR-200a,TGF-beta,GSC",P,11
7725,"TWIST1,SNAI1,ZEB1,CLDN7,CDH1,SNAI2,miR-101,ZEB2,miR-200c,TGF-beta,GSC",P,11
7726,"TWIST1,SNAI1,ZEB1,CLDN7,CDH1,SNAI2,miR-101,ZEB2,miR-200b,TGF-beta,GSC",N,11
7727,"TWIST1,SNAI1,ZEB1,CLDN7,CDH1,SNAI2,TWIST2,ZEB2,miR-200a,TGF-beta,GSC",P,11
7728,"TWIST1,SNAI1,ZEB1,CLDN7,CDH1,SNAI2,TWIST2,ZEB2,miR-200c,TGF-beta,GSC",P,11
7729,"TWIST1,SNAI1,ZEB1,CLDN7,CDH1,SNAI2,TWIST2,ZEB2,miR-200b,TGF-beta,GSC",N,11
7730,"TWIST1,SNAI1,ZEB1,CLDN7,CDH1,SNAI2,TWIST2",P,7
7731,"TWIST1,SNAI1,ZEB1,GRHL2,NP63,miR-205,ZEB2,miR-200a,TGF-beta,SNAI2,TWIST2",P,11
7732,"TWIST1,SNAI1,ZEB1,GRHL2,NP63,miR-205,ZEB2,miR-200a,TGF-beta,GSC",P,10
7733,"TWIST1,SNAI1,ZEB1,GRHL2,NP63,miR-205,ZEB2,miR-200c,TGF-beta,SNAI2,TWIST2",P,11
7734,"TWIST1,SNAI1,ZEB1,GRHL2,NP63,miR-205,ZEB2,miR-200c,TGF-beta,GSC",P,10
7735,"TWIST1,SNAI1,ZEB1,GRHL2,NP63,miR-205,ZEB2,miR-200b,TGF-beta,SNAI2,TWIST2",N,11
7736,"TWIST1,SNAI1,ZEB1,GRHL2,NP63,miR-205,ZEB2,miR-200b,TGF-beta,GSC",N,10
7737,"TWIST1,SNAI1,ZEB1,GRHL2,NP63,miR-205,ZEB2,CDH1,SNAI2,miR-200b,TGF-beta,GSC",P,12
7738,"TWIST1,SNAI1,ZEB1,GRHL2,NP63,miR-205,ZEB2,CDH1,SNAI2,TWIST2",N,10
7739,"TWIST1,SNAI1,ZEB1,GRHL2,NP63,SNAI2,miR-200b,TGF-beta,GSC",N,9
7740,"TWIST1,SNAI1,ZEB1,GRHL2,NP63,SNAI2,miR-200b,ZEB2,miR-200a,TGF-beta,GSC",P,11
7741,"TWIST1,SNAI1,ZEB1,GRHL2,NP63,SNAI2,miR-200b,ZEB2,miR-200c,TGF-beta,GSC",P,11
7742,"TWIST1,SNAI1,ZEB1,GRHL2,NP63,SNAI2,miR-101,ZEB2,miR-200a,TGF-beta,GSC",P,11
7743,"TWIST1,SNAI1,ZEB1,GRHL2,NP63,SNAI2,miR-101,ZEB2,miR-200c,TGF-beta,GSC",P,11
7744,"TWIST1,SNAI1,ZEB1,GRHL2,NP63,SNAI2,miR-101,ZEB2,miR-200b,TGF-beta,GSC",N,11
7745,"TWIST1,SNAI1,ZEB1,GRHL2,NP63,SNAI2,TWIST2,ZEB2,miR-200a,TGF-beta,GSC",P,11
7746,"TWIST1,SNAI1,ZEB1,GRHL2,NP63,SNAI2,TWIST2,ZEB2,miR-200c,TGF-beta,GSC",P,11
7747,"TWIST1,SNAI1,ZEB1,GRHL2,NP63,SNAI2,TWIST2,ZEB2,miR-200b,TGF-beta,GSC",N,11
7748,"TWIST1,SNAI1,ZEB1,GRHL2,NP63,SNAI2,TWIST2",P,7
7749,"TWIST1,SNAI1,ZEB1,GRHL2,OVOL2,TGF-beta,SNAI2,TWIST2",P,8
7750,"TWIST1,SNAI1,ZEB1,GRHL2,OVOL2,TGF-beta,GSC,ZEB2,CDH1,SNAI2,TWIST2",N,11
7751,"TWIST1,SNAI1,ZEB1,GRHL2,OVOL2,TGF-beta,GSC",P,7
7752,"TWIST1,SNAI1,ZEB1,GRHL2,OVOL2,NP63,miR-205,ZEB2,miR-200a,TGF-beta,SNAI2,TWIST2",P,12
7753,"TWIST1,SNAI1,ZEB1,GRHL2,OVOL2,NP63,miR-205,ZEB2,miR-200a,TGF-beta,GSC",P,11
7754,"TWIST1,SNAI1,ZEB1,GRHL2,OVOL2,NP63,miR-205,ZEB2,miR-200c,TGF-beta,SNAI2,TWIST2",P,12
7755,"TWIST1,SNAI1,ZEB1,GRHL2,OVOL2,NP63,miR-205,ZEB2,miR-200c,TGF-beta,GSC",P,11
7756,"TWIST1,SNAI1,ZEB1,GRHL2,OVOL2,NP63,miR-205,ZEB2,miR-200b,TGF-beta,SNAI2,TWIST2",N,12
7757,"TWIST1,SNAI1,ZEB1,GRHL2,OVOL2,NP63,miR-205,ZEB2,miR-200b,TGF-beta,GSC",N,11
7758,"TWIST1,SNAI1,ZEB1,GRHL2,OVOL2,NP63,miR-205,ZEB2,CDH1,SNAI2,miR-200b,TGF-beta,GSC",P,13
7759,"TWIST1,SNAI1,ZEB1,GRHL2,OVOL2,NP63,miR-205,ZEB2,CDH1,SNAI2,TWIST2",N,11
7760,"TWIST1,SNAI1,ZEB1,GRHL2,OVOL2,NP63,SNAI2,miR-200b,TGF-beta,GSC",N,10
7761,"TWIST1,SNAI1,ZEB1,GRHL2,OVOL2,NP63,SNAI2,miR-200b,ZEB2,miR-200a,TGF-beta,GSC",P,12
7762,"TWIST1,SNAI1,ZEB1,GRHL2,OVOL2,NP63,SNAI2,miR-200b,ZEB2,miR-200c,TGF-beta,GSC",P,12
7763,"TWIST1,SNAI1,ZEB1,GRHL2,OVOL2,NP63,SNAI2,miR-101,ZEB2,miR-200a,TGF-beta,GSC",P,12
7764,"TWIST1,SNAI1,ZEB1,GRHL2,OVOL2,NP63,SNAI2,miR-101,ZEB2,miR-200c,TGF-beta,GSC",P,12
7765,"TWIST1,SNAI1,ZEB1,GRHL2,OVOL2,NP63,SNAI2,miR-101,ZEB2,miR-200b,TGF-beta,GSC",N,12
7766,"TWIST1,SNAI1,ZEB1,GRHL2,OVOL2,NP63,SNAI2,TWIST2,ZEB2,miR-200a,TGF-beta,GSC",P,12
7767,"TWIST1,SNAI1,ZEB1,GRHL2,OVOL2,NP63,SNAI2,TWIST2,ZEB2,miR-200c,TGF-beta,GSC",P,12
7768,"TWIST1,SNAI1,ZEB1,GRHL2,OVOL2,NP63,SNAI2,TWIST2,ZEB2,miR-200b,TGF-beta,GSC",N,12
7769,"TWIST1,SNAI1,ZEB1,GRHL2,OVOL2,NP63,SNAI2,TWIST2",P,8
7770,"TWIST1,SNAI1,ZEB1,GRHL2,OVOL2,SNAI2,miR-200b,TGF-beta,GSC",N,9
7771,"TWIST1,SNAI1,ZEB1,GRHL2,OVOL2,SNAI2,miR-200b,ZEB2,miR-200a,TGF-beta,GSC",P,11
7772,"TWIST1,SNAI1,ZEB1,GRHL2,OVOL2,SNAI2,miR-200b,ZEB2,miR-200c,TGF-beta,GSC",P,11
7773,"TWIST1,SNAI1,ZEB1,GRHL2,OVOL2,SNAI2,miR-101,ZEB2,miR-200a,TGF-beta,GSC",P,11
7774,"TWIST1,SNAI1,ZEB1,GRHL2,OVOL2,SNAI2,miR-101,ZEB2,miR-200c,TGF-beta,GSC",P,11
7775,"TWIST1,SNAI1,ZEB1,GRHL2,OVOL2,SNAI2,miR-101,ZEB2,miR-200b,TGF-beta,GSC",N,11
7776,"TWIST1,SNAI1,ZEB1,GRHL2,OVOL2,SNAI2,TWIST2,ZEB2,miR-200a,TGF-beta,GSC",P,11
7777,"TWIST1,SNAI1,ZEB1,GRHL2,OVOL2,SNAI2,TWIST2,ZEB2,miR-200c,TGF-beta,GSC",P,11
7778,"TWIST1,SNAI1,ZEB1,GRHL2,OVOL2,SNAI2,TWIST2,ZEB2,miR-200b,TGF-beta,GSC",N,11
7779,"TWIST1,SNAI1,ZEB1,GRHL2,OVOL2,SNAI2,TWIST2",P,7
7780,"TWIST1,SNAI1,ZEB1,GRHL2,OVOL2,CDH1,SNAI2,miR-200b,TGF-beta,GSC",P,10
7781,"TWIST1,SNAI1,ZEB1,GRHL2,OVOL2,CDH1,SNAI2,miR-200b,ZEB2,miR-200a,TGF-beta,GSC",N,12
7782,"TWIST1,SNAI1,ZEB1,GRHL2,OVOL2,CDH1,SNAI2,miR-200b,ZEB2,miR-200c,TGF-beta,GSC",N,12
7783,"TWIST1,SNAI1,ZEB1,GRHL2,OVOL2,CDH1,SNAI2,miR-101,ZEB2,miR-200a,TGF-beta,GSC",N,12
7784,"TWIST1,SNAI1,ZEB1,GRHL2,OVOL2,CDH1,SNAI2,miR-101,ZEB2,miR-200c,TGF-beta,GSC",N,12
7785,"TWIST1,SNAI1,ZEB1,GRHL2,OVOL2,CDH1,SNAI2,miR-101,ZEB2,miR-200b,TGF-beta,GSC",P,12
7786,"TWIST1,SNAI1,ZEB1,GRHL2,OVOL2,CDH1,SNAI2,TWIST2,ZEB2,miR-200a,TGF-beta,GSC",N,12
7787,"TWIST1,SNAI1,ZEB1,GRHL2,OVOL2,CDH1,SNAI2,TWIST2,ZEB2,miR-200c,TGF-beta,GSC",N,12
7788,"TWIST1,SNAI1,ZEB1,GRHL2,OVOL2,CDH1,SNAI2,TWIST2,ZEB2,miR-200b,TGF-beta,GSC",P,12
7789,"TWIST1,SNAI1,ZEB1,GRHL2,OVOL2,CDH1,SNAI2,TWIST2",N,8
7790,"TWIST1,SNAI1,ZEB1,OVOL2,TGF-beta,SNAI2,TWIST2",N,7
7791,"TWIST1,SNAI1,ZEB1,OVOL2,TGF-beta,GSC,ZEB2,CDH1,SNAI2,TWIST2",P,10
7792,"TWIST1,SNAI1,ZEB1,OVOL2,TGF-beta,GSC",N,6
7793,"TWIST1,SNAI1,ZEB1,OVOL2,NP63,miR-205,ZEB2,miR-200a,TGF-beta,SNAI2,TWIST2",N,11
7794,"TWIST1,SNAI1,ZEB1,OVOL2,NP63,miR-205,ZEB2,miR-200a,TGF-beta,GSC",N,10
7795,"TWIST1,SNAI1,ZEB1,OVOL2,NP63,miR-205,ZEB2,miR-200c,TGF-beta,SNAI2,TWIST2",N,11
7796,"TWIST1,SNAI1,ZEB1,OVOL2,NP63,miR-205,ZEB2,miR-200c,TGF-beta,GSC",N,10
7797,"TWIST1,SNAI1,ZEB1,OVOL2,NP63,miR-205,ZEB2,miR-200b,TGF-beta,SNAI2,TWIST2",P,11
7798,"TWIST1,SNAI1,ZEB1,OVOL2,NP63,miR-205,ZEB2,miR-200b,TGF-beta,GSC",P,10
7799,"TWIST1,SNAI1,ZEB1,OVOL2,NP63,miR-205,ZEB2,CDH1,SNAI2,miR-200b,TGF-beta,GSC",N,12
7800,"TWIST1,SNAI1,ZEB1,OVOL2,NP63,miR-205,ZEB2,CDH1,SNAI2,TWIST2",P,10
7801,"TWIST1,SNAI1,ZEB1,OVOL2,NP63,SNAI2,miR-200b,TGF-beta,GSC",P,9
7802,"TWIST1,SNAI1,ZEB1,OVOL2,NP63,SNAI2,miR-200b,ZEB2,miR-200a,TGF-beta,GSC",N,11
7803,"TWIST1,SNAI1,ZEB1,OVOL2,NP63,SNAI2,miR-200b,ZEB2,miR-200c,TGF-beta,GSC",N,11
7804,"TWIST1,SNAI1,ZEB1,OVOL2,NP63,SNAI2,miR-101,ZEB2,miR-200a,TGF-beta,GSC",N,11
7805,"TWIST1,SNAI1,ZEB1,OVOL2,NP63,SNAI2,miR-101,ZEB2,miR-200c,TGF-beta,GSC",N,11
7806,"TWIST1,SNAI1,ZEB1,OVOL2,NP63,SNAI2,miR-101,ZEB2,miR-200b,TGF-beta,GSC",P,11
7807,"TWIST1,SNAI1,ZEB1,OVOL2,NP63,SNAI2,TWIST2,ZEB2,miR-200a,TGF-beta,GSC",N,11
7808,"TWIST1,SNAI1,ZEB1,OVOL2,NP63,SNAI2,TWIST2,ZEB2,miR-200c,TGF-beta,GSC",N,11
7809,"TWIST1,SNAI1,ZEB1,OVOL2,NP63,SNAI2,TWIST2,ZEB2,miR-200b,TGF-beta,GSC",P,11
7810,"TWIST1,SNAI1,ZEB1,OVOL2,NP63,SNAI2,TWIST2",N,7
7811,"TWIST1,SNAI1,ZEB1,OVOL2,SNAI2,miR-200b,TGF-beta,GSC",P,8
7812,"TWIST1,SNAI1,ZEB1,OVOL2,SNAI2,miR-200b,ZEB2,miR-200a,TGF-beta,GSC",N,10
7813,"TWIST1,SNAI1,ZEB1,OVOL2,SNAI2,miR-200b,ZEB2,miR-200c,TGF-beta,GSC",N,10
7814,"TWIST1,SNAI1,ZEB1,OVOL2,SNAI2,miR-101,ZEB2,miR-200a,TGF-beta,GSC",N,10
7815,"TWIST1,SNAI1,ZEB1,OVOL2,SNAI2,miR-101,ZEB2,miR-200c,TGF-beta,GSC",N,10
7816,"TWIST1,SNAI1,ZEB1,OVOL2,SNAI2,miR-101,ZEB2,miR-200b,TGF-beta,GSC",P,10
7817,"TWIST1,SNAI1,ZEB1,OVOL2,SNAI2,TWIST2,ZEB2,miR-200a,TGF-beta,GSC",N,10
7818,"TWIST1,SNAI1,ZEB1,OVOL2,SNAI2,TWIST2,ZEB2,miR-200c,TGF-beta,GSC",N,10
7819,"TWIST1,SNAI1,ZEB1,OVOL2,SNAI2,TWIST2,ZEB2,miR-200b,TGF-beta,GSC",P,10
7820,"TWIST1,SNAI1,ZEB1,OVOL2,SNAI2,TWIST2",N,6
7821,"TWIST1,SNAI1,ZEB1,OVOL2,CDH1,SNAI2,miR-200b,TGF-beta,GSC",N,9
7822,"TWIST1,SNAI1,ZEB1,OVOL2,CDH1,SNAI2,miR-200b,ZEB2,miR-200a,TGF-beta,GSC",P,11
7823,"TWIST1,SNAI1,ZEB1,OVOL2,CDH1,SNAI2,miR-200b,ZEB2,miR-200c,TGF-beta,GSC",P,11
7824,"TWIST1,SNAI1,ZEB1,OVOL2,CDH1,SNAI2,miR-101,ZEB2,miR-200a,TGF-beta,GSC",P,11
7825,"TWIST1,SNAI1,ZEB1,OVOL2,CDH1,SNAI2,miR-101,ZEB2,miR-200c,TGF-beta,GSC",P,11
7826,"TWIST1,SNAI1,ZEB1,OVOL2,CDH1,SNAI2,miR-101,ZEB2,miR-200b,TGF-beta,GSC",N,11
7827,"TWIST1,SNAI1,ZEB1,OVOL2,CDH1,SNAI2,TWIST2,ZEB2,miR-200a,TGF-beta,GSC",P,11
7828,"TWIST1,SNAI1,ZEB1,OVOL2,CDH1,SNAI2,TWIST2,ZEB2,miR-200c,TGF-beta,GSC",P,11
7829,"TWIST1,SNAI1,ZEB1,OVOL2,CDH1,SNAI2,TWIST2,ZEB2,miR-200b,TGF-beta,GSC",N,11
7830,"TWIST1,SNAI1,ZEB1,OVOL2,CDH1,SNAI2,TWIST2",P,7
7831,"TWIST1,SNAI1,ZEB1,miR-34a,TWIST2,ZEB2,miR-200a,TGF-beta,GSC",N,9
7832,"TWIST1,SNAI1,ZEB1,miR-34a,TWIST2,ZEB2,miR-200c,TGF-beta,GSC",N,9
7833,"TWIST1,SNAI1,ZEB1,miR-34a,TWIST2,ZEB2,miR-200b,TGF-beta,GSC",P,9
7834,"TWIST1,SNAI1,ZEB1,miR-34a,TWIST2,ZEB2,CDH1,SNAI2,miR-200b,TGF-beta,GSC",N,11
7835,"TWIST1,SNAI1,ZEB1,miR-34a,TWIST2",N,5
7836,"TWIST1,SNAI1,ZEB1,miR-34a,TWIST2,SNAI2,miR-200b,TGF-beta,GSC",P,9
7837,"TWIST1,SNAI1,ZEB1,miR-34a,TWIST2,SNAI2,miR-200b,ZEB2,miR-200a,TGF-beta,GSC",N,11
7838,"TWIST1,SNAI1,ZEB1,miR-34a,TWIST2,SNAI2,miR-200b,ZEB2,miR-200c,TGF-beta,GSC",N,11
7839,"TWIST1,SNAI1,ZEB1,miR-34a,TWIST2,SNAI2,miR-101,ZEB2,miR-200a,TGF-beta,GSC",N,11
7840,"TWIST1,SNAI1,ZEB1,miR-34a,TWIST2,SNAI2,miR-101,ZEB2,miR-200c,TGF-beta,GSC",N,11
7841,"TWIST1,SNAI1,ZEB1,miR-34a,TWIST2,SNAI2,miR-101,ZEB2,miR-200b,TGF-beta,GSC",P,11
7842,"TWIST1,SNAI1,ZEB1,miR-34a,TWIST2,CDH1,SNAI2,miR-200b,TGF-beta,GSC",P,10
7843,"TWIST1,SNAI1,ZEB1,miR-34a,TWIST2,CDH1,SNAI2,miR-200b,ZEB2,miR-200a,TGF-beta,GSC",N,12
7844,"TWIST1,SNAI1,ZEB1,miR-34a,TWIST2,CDH1,SNAI2,miR-200b,ZEB2,miR-200c,TGF-beta,GSC",N,12
7845,"TWIST1,SNAI1,ZEB1,miR-34a,TWIST2,CDH1,SNAI2,miR-101,ZEB2,miR-200a,TGF-beta,GSC",N,12
7846,"TWIST1,SNAI1,ZEB1,miR-34a,TWIST2,CDH1,SNAI2,miR-101,ZEB2,miR-200c,TGF-beta,GSC",N,12
7847,"TWIST1,SNAI1,ZEB1,miR-34a,TWIST2,CDH1,SNAI2,miR-101,ZEB2,miR-200b,TGF-beta,GSC",P,12
7848,"TWIST1,SNAI1,ZEB1,miR-34a,SNAI2,miR-200b,TGF-beta,GSC",P,8
7849,"TWIST1,SNAI1,ZEB1,miR-34a,SNAI2,miR-200b,ZEB2,miR-200a,TGF-beta,GSC",N,10
7850,"TWIST1,SNAI1,ZEB1,miR-34a,SNAI2,miR-200b,ZEB2,miR-200c,TGF-beta,GSC",N,10
7851,"TWIST1,SNAI1,ZEB1,miR-34a,SNAI2,miR-101,ZEB2,miR-200a,TGF-beta,GSC",N,10
7852,"TWIST1,SNAI1,ZEB1,miR-34a,SNAI2,miR-101,ZEB2,miR-200c,TGF-beta,GSC",N,10
7853,"TWIST1,SNAI1,ZEB1,miR-34a,SNAI2,miR-101,ZEB2,miR-200b,TGF-beta,GSC",P,10
7854,"TWIST1,SNAI1,ZEB1,miR-34a,SNAI2,TWIST2,ZEB2,miR-200a,TGF-beta,GSC",N,10
7855,"TWIST1,SNAI1,ZEB1,miR-34a,SNAI2,TWIST2,ZEB2,miR-200c,TGF-beta,GSC",N,10
7856,"TWIST1,SNAI1,ZEB1,miR-34a,SNAI2,TWIST2,ZEB2,miR-200b,TGF-beta,GSC",P,10
7857,"TWIST1,SNAI1,ZEB1,miR-34a,SNAI2,TWIST2",N,6
7858,"TWIST1,SNAI1,ZEB1,miR-200a,TGF-beta,SNAI2,TWIST2",N,7
7859,"TWIST1,SNAI1,ZEB1,miR-200a,TGF-beta,GSC,ZEB2,CDH1,SNAI2,TWIST2",P,10
7860,"TWIST1,SNAI1,ZEB1,miR-200a,TGF-beta,GSC",N,6
7861,"TWIST1,SNAI1,ZEB1,miR-200a,ZEB2,miR-200c,TGF-beta,SNAI2,TWIST2",P,9
7862,"TWIST1,SNAI1,ZEB1,miR-200a,ZEB2,miR-200c,TGF-beta,GSC",P,8
7863,"TWIST1,SNAI1,ZEB1,miR-200a,ZEB2,miR-200b,TGF-beta,SNAI2,TWIST2",N,9
7864,"TWIST1,SNAI1,ZEB1,miR-200a,ZEB2,miR-200b,TGF-beta,GSC",N,8
7865,"TWIST1,SNAI1,ZEB1,miR-200a,ZEB2,CDH1,SNAI2,miR-200b,TGF-beta,GSC",P,10
7866,"TWIST1,SNAI1,ZEB1,miR-200a,ZEB2,CDH1,SNAI2,TWIST2",N,8
7867,"TWIST1,SNAI1,ZEB1,miR-200c,TGF-beta,SNAI2,TWIST2",P,7
7868,"TWIST1,SNAI1,ZEB1,miR-200c,TGF-beta,GSC,ZEB2,CDH1,SNAI2,TWIST2",N,10
7869,"TWIST1,SNAI1,ZEB1,miR-200c,TGF-beta,GSC",P,6
7870,"TWIST1,SNAI1,ZEB1,miR-200c,ZEB2,miR-200a,TGF-beta,SNAI2,TWIST2",P,9
7871,"TWIST1,SNAI1,ZEB1,miR-200c,ZEB2,miR-200a,TGF-beta,GSC",P,8
7872,"TWIST1,SNAI1,ZEB1,miR-200c,ZEB2,miR-200b,TGF-beta,SNAI2,TWIST2",N,9
7873,"TWIST1,SNAI1,ZEB1,miR-200c,ZEB2,miR-200b,TGF-beta,GSC",N,8
7874,"TWIST1,SNAI1,ZEB1,miR-200c,ZEB2,CDH1,SNAI2,miR-200b,TGF-beta,GSC",P,10
7875,"TWIST1,SNAI1,ZEB1,miR-200c,ZEB2,CDH1,SNAI2,TWIST2",N,8
7876,"TWIST1,SNAI1,ZEB1,miR-200b,TGF-beta,SNAI2,TWIST2",N,7
7877,"TWIST1,SNAI1,ZEB1,miR-200b,TGF-beta,GSC,ZEB2,CDH1,SNAI2,TWIST2",P,10
7878,"TWIST1,SNAI1,ZEB1,miR-200b,TGF-beta,GSC",N,6
7879,"TWIST1,SNAI1,ZEB1,miR-200b,ZEB2,miR-200a,TGF-beta,SNAI2,TWIST2",P,9
7880,"TWIST1,SNAI1,ZEB1,miR-200b,ZEB2,miR-200a,TGF-beta,GSC",P,8
7881,"TWIST1,SNAI1,ZEB1,miR-200b,ZEB2,miR-200c,TGF-beta,SNAI2,TWIST2",P,9
7882,"TWIST1,SNAI1,ZEB1,miR-200b,ZEB2,miR-200c,TGF-beta,GSC",P,8
7883,"TWIST1,SNAI1,ZEB1,miR-200b,ZEB2,CDH1,SNAI2,TWIST2",N,8
7884,"TWIST1,SNAI1,ZEB1,miR-141,TGF-beta,SNAI2,TWIST2",N,7
7885,"TWIST1,SNAI1,ZEB1,miR-141,TGF-beta,GSC,ZEB2,CDH1,SNAI2,TWIST2",P,10
7886,"TWIST1,SNAI1,ZEB1,miR-141,TGF-beta,GSC",N,6
7887,"TWIST1,SNAI1,ZEB1,miR-141,ZEB2,miR-200a,TGF-beta,SNAI2,TWIST2",N,9
7888,"TWIST1,SNAI1,ZEB1,miR-141,ZEB2,miR-200a,TGF-beta,GSC",N,8
7889,"TWIST1,SNAI1,ZEB1,miR-141,ZEB2,miR-200c,TGF-beta,SNAI2,TWIST2",N,9
7890,"TWIST1,SNAI1,ZEB1,miR-141,ZEB2,miR-200c,TGF-beta,GSC",N,8
7891,"TWIST1,SNAI1,ZEB1,miR-141,ZEB2,miR-200b,TGF-beta,SNAI2,TWIST2",P,9
7892,"TWIST1,SNAI1,ZEB1,miR-141,ZEB2,miR-200b,TGF-beta,GSC",P,8
7893,"TWIST1,SNAI1,ZEB1,miR-141,ZEB2,CDH1,SNAI2,miR-200b,TGF-beta,GSC",N,10
7894,"TWIST1,SNAI1,ZEB1,miR-141,ZEB2,CDH1,SNAI2,TWIST2",P,8
7895,"TWIST1,SNAI1,ZEB1,CDH1,SNAI2,miR-200b,TGF-beta,GSC",P,8
7896,"TWIST1,SNAI1,ZEB1,CDH1,SNAI2,miR-200b,ZEB2,miR-200a,TGF-beta,GSC",N,10
7897,"TWIST1,SNAI1,ZEB1,CDH1,SNAI2,miR-200b,ZEB2,miR-200c,TGF-beta,GSC",N,10
7898,"TWIST1,SNAI1,ZEB1,CDH1,SNAI2,miR-101,ZEB2,miR-200a,TGF-beta,GSC",N,10
7899,"TWIST1,SNAI1,ZEB1,CDH1,SNAI2,miR-101,ZEB2,miR-200c,TGF-beta,GSC",N,10
7900,"TWIST1,SNAI1,ZEB1,CDH1,SNAI2,miR-101,ZEB2,miR-200b,TGF-beta,GSC",P,10
7901,"TWIST1,SNAI1,ZEB1,CDH1,SNAI2,TWIST2,ZEB2,miR-200a,TGF-beta,GSC",N,10
7902,"TWIST1,SNAI1,ZEB1,CDH1,SNAI2,TWIST2,ZEB2,miR-200c,TGF-beta,GSC",N,10
7903,"TWIST1,SNAI1,ZEB1,CDH1,SNAI2,TWIST2,ZEB2,miR-200b,TGF-beta,GSC",P,10
7904,"TWIST1,SNAI1,ZEB1,CDH1,SNAI2,TWIST2",N,6
7905,"TWIST1,SNAI1",N,2
7906,"TWIST1,SNAI1,SNAI2,miR-200b,TGF-beta,GSC,ZEB2,miR-200a,ZEB1,miR-34a,TWIST2",P,11
7907,"TWIST1,SNAI1,SNAI2,miR-200b,TGF-beta,GSC,ZEB2,miR-200c,ZEB1,miR-34a,TWIST2",P,11
7908,"TWIST1,SNAI1,SNAI2,miR-200b,TGF-beta,GSC,ZEB1,miR-34a,TWIST2",P,9
7909,"TWIST1,SNAI1,SNAI2,miR-200b,TGF-beta,GSC",N,6
7910,"TWIST1,SNAI1,SNAI2,miR-200b,ZEB2,miR-200a,TGF-beta,GSC,ZEB1,miR-34a,TWIST2",N,11
7911,"TWIST1,SNAI1,SNAI2,miR-200b,ZEB2,miR-200a,TGF-beta,GSC",P,8
7912,"TWIST1,SNAI1,SNAI2,miR-200b,ZEB2,miR-200a,ZEB1,GRHL2,OVOL2,TGF-beta,GSC",P,11
7913,"TWIST1,SNAI1,SNAI2,miR-200b,ZEB2,miR-200a,ZEB1,OVOL2,TGF-beta,GSC",N,10
7914,"TWIST1,SNAI1,SNAI2,miR-200b,ZEB2,miR-200a,ZEB1,miR-34a,TWIST2",N,9
7915,"TWIST1,SNAI1,SNAI2,miR-200b,ZEB2,miR-200a,ZEB1,miR-200c,TGF-beta,GSC",P,10
7916,"TWIST1,SNAI1,SNAI2,miR-200b,ZEB2,miR-200a,ZEB1,miR-141,TGF-beta,GSC",N,10
7917,"TWIST1,SNAI1,SNAI2,miR-200b,ZEB2,miR-200c,TGF-beta,GSC,ZEB1,miR-34a,TWIST2",N,11
7918,"TWIST1,SNAI1,SNAI2,miR-200b,ZEB2,miR-200c,TGF-beta,GSC",P,8
7919,"TWIST1,SNAI1,SNAI2,miR-200b,ZEB2,miR-200c,ZEB1,GRHL2,OVOL2,TGF-beta,GSC",P,11
7920,"TWIST1,SNAI1,SNAI2,miR-200b,ZEB2,miR-200c,ZEB1,OVOL2,TGF-beta,GSC",N,10
7921,"TWIST1,SNAI1,SNAI2,miR-200b,ZEB2,miR-200c,ZEB1,miR-34a,TWIST2",N,9
7922,"TWIST1,SNAI1,SNAI2,miR-200b,ZEB2,miR-200c,ZEB1,miR-200a,TGF-beta,GSC",N,10
7923,"TWIST1,SNAI1,SNAI2,miR-200b,ZEB2,miR-200c,ZEB1,miR-141,TGF-beta,GSC",N,10
7924,"TWIST1,SNAI1,SNAI2,miR-200b,ZEB1,GRHL2,NP63,miR-205,ZEB2,miR-200a,TGF-beta,GSC",P,12
7925,"TWIST1,SNAI1,SNAI2,miR-200b,ZEB1,GRHL2,NP63,miR-205,ZEB2,miR-200c,TGF-beta,GSC",P,12
7926,"TWIST1,SNAI1,SNAI2,miR-200b,ZEB1,GRHL2,OVOL2,TGF-beta,GSC",P,9
7927,"TWIST1,SNAI1,SNAI2,miR-200b,ZEB1,GRHL2,OVOL2,NP63,miR-205,ZEB2,miR-200a,TGF-beta,GSC",P,13
7928,"TWIST1,SNAI1,SNAI2,miR-200b,ZEB1,GRHL2,OVOL2,NP63,miR-205,ZEB2,miR-200c,TGF-beta,GSC",P,13
7929,"TWIST1,SNAI1,SNAI2,miR-200b,ZEB1,OVOL2,TGF-beta,GSC",N,8
7930,"TWIST1,SNAI1,SNAI2,miR-200b,ZEB1,OVOL2,NP63,miR-205,ZEB2,miR-200a,TGF-beta,GSC",N,12
7931,"TWIST1,SNAI1,SNAI2,miR-200b,ZEB1,OVOL2,NP63,miR-205,ZEB2,miR-200c,TGF-beta,GSC",N,12
7932,"TWIST1,SNAI1,SNAI2,miR-200b,ZEB1,miR-34a,TWIST2,ZEB2,miR-200a,TGF-beta,GSC",N,11
7933,"TWIST1,SNAI1,SNAI2,miR-200b,ZEB1,miR-34a,TWIST2,ZEB2,miR-200c,TGF-beta,GSC",N,11
7934,"TWIST1,SNAI1,SNAI2,miR-200b,ZEB1,miR-34a,TWIST2",N,7
7935,"TWIST1,SNAI1,SNAI2,miR-200b,ZEB1,miR-200a,TGF-beta,GSC",N,8
7936,"TWIST1,SNAI1,SNAI2,miR-200b,ZEB1,miR-200a,ZEB2,miR-200c,TGF-beta,GSC",P,10
7937,"TWIST1,SNAI1,SNAI2,miR-200b,ZEB1,miR-200c,TGF-beta,GSC",P,8
7938,"TWIST1,SNAI1,SNAI2,miR-200b,ZEB1,miR-200c,ZEB2,miR-200a,TGF-beta,GSC",P,10
7939,"TWIST1,SNAI1,SNAI2,miR-200b,ZEB1,miR-141,TGF-beta,GSC",N,8
7940,"TWIST1,SNAI1,SNAI2,miR-200b,ZEB1,miR-141,ZEB2,miR-200a,TGF-beta,GSC",N,10
7941,"TWIST1,SNAI1,SNAI2,miR-200b,ZEB1,miR-141,ZEB2,miR-200c,TGF-beta,GSC",N,10
7942,"TWIST1,SNAI1,SNAI2,miR-101,ZEB2,miR-200a,TGF-beta,GSC,ZEB1,miR-34a,TWIST2",N,11
7943,"TWIST1,SNAI1,SNAI2,miR-101,ZEB2,miR-200a,TGF-beta,GSC",P,8
7944,"TWIST1,SNAI1,SNAI2,miR-101,ZEB2,miR-200a,ZEB1,GRHL2,OVOL2,TGF-beta,GSC",P,11
7945,"TWIST1,SNAI1,SNAI2,miR-101,ZEB2,miR-200a,ZEB1,OVOL2,TGF-beta,GSC",N,10
7946,"TWIST1,SNAI1,SNAI2,miR-101,ZEB2,miR-200a,ZEB1,miR-34a,TWIST2",N,9
7947,"TWIST1,SNAI1,SNAI2,miR-101,ZEB2,miR-200a,ZEB1,miR-200c,TGF-beta,GSC",P,10
7948,"TWIST1,SNAI1,SNAI2,miR-101,ZEB2,miR-200a,ZEB1,miR-200b,TGF-beta,GSC",N,10
7949,"TWIST1,SNAI1,SNAI2,miR-101,ZEB2,miR-200a,ZEB1,miR-141,TGF-beta,GSC",N,10
7950,"TWIST1,SNAI1,SNAI2,miR-101,ZEB2,miR-200c,TGF-beta,GSC,ZEB1,miR-34a,TWIST2",N,11
7951,"TWIST1,SNAI1,SNAI2,miR-101,ZEB2,miR-200c,TGF-beta,GSC",P,8
7952,"TWIST1,SNAI1,SNAI2,miR-101,ZEB2,miR-200c,ZEB1,GRHL2,OVOL2,TGF-beta,GSC",P,11
7953,"TWIST1,SNAI1,SNAI2,miR-101,ZEB2,miR-200c,ZEB1,OVOL2,TGF-beta,GSC",N,10
7954,"TWIST1,SNAI1,SNAI2,miR-101,ZEB2,miR-200c,ZEB1,miR-34a,TWIST2",N,9
7955,"TWIST1,SNAI1,SNAI2,miR-101,ZEB2,miR-200c,ZEB1,miR-200a,TGF-beta,GSC",N,10
7956,"TWIST1,SNAI1,SNAI2,miR-101,ZEB2,miR-200c,ZEB1,miR-200b,TGF-beta,GSC",N,10
7957,"TWIST1,SNAI1,SNAI2,miR-101,ZEB2,miR-200c,ZEB1,miR-141,TGF-beta,GSC",N,10
7958,"TWIST1,SNAI1,SNAI2,miR-101,ZEB2,miR-200b,TGF-beta,GSC,ZEB1,miR-34a,TWIST2",P,11
7959,"TWIST1,SNAI1,SNAI2,miR-101,ZEB2,miR-200b,TGF-beta,GSC",N,8
7960,"TWIST1,SNAI1,SNAI2,miR-101,ZEB2,miR-200b,ZEB1,GRHL2,OVOL2,TGF-beta,GSC",P,11
7961,"TWIST1,SNAI1,SNAI2,miR-101,ZEB2,miR-200b,ZEB1,OVOL2,TGF-beta,GSC",N,10
7962,"TWIST1,SNAI1,SNAI2,miR-101,ZEB2,miR-200b,ZEB1,miR-34a,TWIST2",N,9
7963,"TWIST1,SNAI1,SNAI2,miR-101,ZEB2,miR-200b,ZEB1,miR-200a,TGF-beta,GSC",N,10
7964,"TWIST1,SNAI1,SNAI2,miR-101,ZEB2,miR-200b,ZEB1,miR-200c,TGF-beta,GSC",P,10
7965,"TWIST1,SNAI1,SNAI2,miR-101,ZEB2,miR-200b,ZEB1,miR-141,TGF-beta,GSC",N,10
7966,"TWIST1,SNAI1,SNAI2,miR-101,ZEB1,GRHL2,NP63,miR-205,ZEB2,miR-200a,TGF-beta,GSC",N,12
7967,"TWIST1,SNAI1,SNAI2,miR-101,ZEB1,GRHL2,NP63,miR-205,ZEB2,miR-200c,TGF-beta,GSC",N,12
7968,"TWIST1,SNAI1,SNAI2,miR-101,ZEB1,GRHL2,NP63,miR-205,ZEB2,miR-200b,TGF-beta,GSC",P,12
7969,"TWIST1,SNAI1,SNAI2,miR-101,ZEB1,GRHL2,OVOL2,TGF-beta,GSC",N,9
7970,"TWIST1,SNAI1,SNAI2,miR-101,ZEB1,GRHL2,OVOL2,NP63,miR-205,ZEB2,miR-200a,TGF-beta,GSC",N,13
7971,"TWIST1,SNAI1,SNAI2,miR-101,ZEB1,GRHL2,OVOL2,NP63,miR-205,ZEB2,miR-200c,TGF-beta,GSC",N,13
7972,"TWIST1,SNAI1,SNAI2,miR-101,ZEB1,GRHL2,OVOL2,NP63,miR-205,ZEB2,miR-200b,TGF-beta,GSC",P,13
7973,"TWIST1,SNAI1,SNAI2,miR-101,ZEB1,OVOL2,TGF-beta,GSC",P,8
7974,"TWIST1,SNAI1,SNAI2,miR-101,ZEB1,OVOL2,NP63,miR-205,ZEB2,miR-200a,TGF-beta,GSC",P,12
7975,"TWIST1,SNAI1,SNAI2,miR-101,ZEB1,OVOL2,NP63,miR-205,ZEB2,miR-200c,TGF-beta,GSC",P,12
7976,"TWIST1,SNAI1,SNAI2,miR-101,ZEB1,OVOL2,NP63,miR-205,ZEB2,miR-200b,TGF-beta,GSC",N,12
7977,"TWIST1,SNAI1,SNAI2,miR-101,ZEB1,miR-34a,TWIST2,ZEB2,miR-200a,TGF-beta,GSC",P,11
7978,"TWIST1,SNAI1,SNAI2,miR-101,ZEB1,miR-34a,TWIST2,ZEB2,miR-200c,TGF-beta,GSC",P,11
7979,"TWIST1,SNAI1,SNAI2,miR-101,ZEB1,miR-34a,TWIST2,ZEB2,miR-200b,TGF-beta,GSC",N,11
7980,"TWIST1,SNAI1,SNAI2,miR-101,ZEB1,miR-34a,TWIST2",P,7
7981,"TWIST1,SNAI1,SNAI2,miR-101,ZEB1,miR-200a,TGF-beta,GSC",P,8
7982,"TWIST1,SNAI1,SNAI2,miR-101,ZEB1,miR-200a,ZEB2,miR-200c,TGF-beta,GSC",N,10
7983,"TWIST1,SNAI1,SNAI2,miR-101,ZEB1,miR-200a,ZEB2,miR-200b,TGF-beta,GSC",P,10
7984,"TWIST1,SNAI1,SNAI2,miR-101,ZEB1,miR-200c,TGF-beta,GSC",N,8
7985,"TWIST1,SNAI1,SNAI2,miR-101,ZEB1,miR-200c,ZEB2,miR-200a,TGF-beta,GSC",N,10
7986,"TWIST1,SNAI1,SNAI2,miR-101,ZEB1,miR-200c,ZEB2,miR-200b,TGF-beta,GSC",P,10
7987,"TWIST1,SNAI1,SNAI2,miR-101,ZEB1,miR-200b,TGF-beta,GSC",P,8
7988,"TWIST1,SNAI1,SNAI2,miR-101,ZEB1,miR-200b,ZEB2,miR-200a,TGF-beta,GSC",N,10
7989,"TWIST1,SNAI1,SNAI2,miR-101,ZEB1,miR-200b,ZEB2,miR-200c,TGF-beta,GSC",N,10
7990,"TWIST1,SNAI1,SNAI2,miR-101,ZEB1,miR-141,TGF-beta,GSC",P,8
7991,"TWIST1,SNAI1,SNAI2,miR-101,ZEB1,miR-141,ZEB2,miR-200a,TGF-beta,GSC",P,10
7992,"TWIST1,SNAI1,SNAI2,miR-101,ZEB1,miR-141,ZEB2,miR-200c,TGF-beta,GSC",P,10
7993,"TWIST1,SNAI1,SNAI2,miR-101,ZEB1,miR-141,ZEB2,miR-200b,TGF-beta,GSC",N,10
7994,"TWIST1,SNAI1,SNAI2,TWIST2,ZEB2,miR-200a,TGF-beta,GSC",P,8
7995,"TWIST1,SNAI1,SNAI2,TWIST2,ZEB2,miR-200a,ZEB1,GRHL2,OVOL2,TGF-beta,GSC",P,11
7996,"TWIST1,SNAI1,SNAI2,TWIST2,ZEB2,miR-200a,ZEB1,OVOL2,TGF-beta,GSC",N,10
7997,"TWIST1,SNAI1,SNAI2,TWIST2,ZEB2,miR-200a,ZEB1,miR-200c,TGF-beta,GSC",P,10
7998,"TWIST1,SNAI1,SNAI2,TWIST2,ZEB2,miR-200a,ZEB1,miR-200b,TGF-beta,GSC",N,10
7999,"TWIST1,SNAI1,SNAI2,TWIST2,ZEB2,miR-200a,ZEB1,miR-141,TGF-beta,GSC",N,10
8000,"TWIST1,SNAI1,SNAI2,TWIST2,ZEB2,miR-200c,TGF-beta,GSC",P,8
8001,"TWIST1,SNAI1,SNAI2,TWIST2,ZEB2,miR-200c,ZEB1,GRHL2,OVOL2,TGF-beta,GSC",P,11
8002,"TWIST1,SNAI1,SNAI2,TWIST2,ZEB2,miR-200c,ZEB1,OVOL2,TGF-beta,GSC",N,10
8003,"TWIST1,SNAI1,SNAI2,TWIST2,ZEB2,miR-200c,ZEB1,miR-200a,TGF-beta,GSC",N,10
8004,"TWIST1,SNAI1,SNAI2,TWIST2,ZEB2,miR-200c,ZEB1,miR-200b,TGF-beta,GSC",N,10
8005,"TWIST1,SNAI1,SNAI2,TWIST2,ZEB2,miR-200c,ZEB1,miR-141,TGF-beta,GSC",N,10
8006,"TWIST1,SNAI1,SNAI2,TWIST2,ZEB2,miR-200b,TGF-beta,GSC",N,8
8007,"TWIST1,SNAI1,SNAI2,TWIST2,ZEB2,miR-200b,ZEB1,GRHL2,OVOL2,TGF-beta,GSC",P,11
8008,"TWIST1,SNAI1,SNAI2,TWIST2,ZEB2,miR-200b,ZEB1,OVOL2,TGF-beta,GSC",N,10
8009,"TWIST1,SNAI1,SNAI2,TWIST2,ZEB2,miR-200b,ZEB1,miR-200a,TGF-beta,GSC",N,10
8010,"TWIST1,SNAI1,SNAI2,TWIST2,ZEB2,miR-200b,ZEB1,miR-200c,TGF-beta,GSC",P,10
8011,"TWIST1,SNAI1,SNAI2,TWIST2,ZEB2,miR-200b,ZEB1,miR-141,TGF-beta,GSC",N,10
8012,"TWIST1,SNAI1,SNAI2,TWIST2,ZEB1,GRHL2,NP63,miR-205,ZEB2,miR-200a,TGF-beta,GSC",N,12
8013,"TWIST1,SNAI1,SNAI2,TWIST2,ZEB1,GRHL2,NP63,miR-205,ZEB2,miR-200c,TGF-beta,GSC",N,12
8014,"TWIST1,SNAI1,SNAI2,TWIST2,ZEB1,GRHL2,NP63,miR-205,ZEB2,miR-200b,TGF-beta,GSC",P,12
8015,"TWIST1,SNAI1,SNAI2,TWIST2,ZEB1,GRHL2,OVOL2,TGF-beta,GSC",N,9
8016,"TWIST1,SNAI1,SNAI2,TWIST2,ZEB1,GRHL2,OVOL2,NP63,miR-205,ZEB2,miR-200a,TGF-beta,GSC",N,13
8017,"TWIST1,SNAI1,SNAI2,TWIST2,ZEB1,GRHL2,OVOL2,NP63,miR-205,ZEB2,miR-200c,TGF-beta,GSC",N,13
8018,"TWIST1,SNAI1,SNAI2,TWIST2,ZEB1,GRHL2,OVOL2,NP63,miR-205,ZEB2,miR-200b,TGF-beta,GSC",P,13
8019,"TWIST1,SNAI1,SNAI2,TWIST2,ZEB1,OVOL2,TGF-beta,GSC",P,8
8020,"TWIST1,SNAI1,SNAI2,TWIST2,ZEB1,OVOL2,NP63,miR-205,ZEB2,miR-200a,TGF-beta,GSC",P,12
8021,"TWIST1,SNAI1,SNAI2,TWIST2,ZEB1,OVOL2,NP63,miR-205,ZEB2,miR-200c,TGF-beta,GSC",P,12
8022,"TWIST1,SNAI1,SNAI2,TWIST2,ZEB1,OVOL2,NP63,miR-205,ZEB2,miR-200b,TGF-beta,GSC",N,12
8023,"TWIST1,SNAI1,SNAI2,TWIST2,ZEB1,miR-200a,TGF-beta,GSC",P,8
8024,"TWIST1,SNAI1,SNAI2,TWIST2,ZEB1,miR-200a,ZEB2,miR-200c,TGF-beta,GSC",N,10
8025,"TWIST1,SNAI1,SNAI2,TWIST2,ZEB1,miR-200a,ZEB2,miR-200b,TGF-beta,GSC",P,10
8026,"TWIST1,SNAI1,SNAI2,TWIST2,ZEB1,miR-200c,TGF-beta,GSC",N,8
8027,"TWIST1,SNAI1,SNAI2,TWIST2,ZEB1,miR-200c,ZEB2,miR-200a,TGF-beta,GSC",N,10
8028,"TWIST1,SNAI1,SNAI2,TWIST2,ZEB1,miR-200c,ZEB2,miR-200b,TGF-beta,GSC",P,10
8029,"TWIST1,SNAI1,SNAI2,TWIST2,ZEB1,miR-200b,TGF-beta,GSC",P,8
8030,"TWIST1,SNAI1,SNAI2,TWIST2,ZEB1,miR-200b,ZEB2,miR-200a,TGF-beta,GSC",N,10
8031,"TWIST1,SNAI1,SNAI2,TWIST2,ZEB1,miR-200b,ZEB2,miR-200c,TGF-beta,GSC",N,10
8032,"TWIST1,SNAI1,SNAI2,TWIST2,ZEB1,miR-141,TGF-beta,GSC",P,8
8033,"TWIST1,SNAI1,SNAI2,TWIST2,ZEB1,miR-141,ZEB2,miR-200a,TGF-beta,GSC",P,10
8034,"TWIST1,SNAI1,SNAI2,TWIST2,ZEB1,miR-141,ZEB2,miR-200c,TGF-beta,GSC",P,10
8035,"TWIST1,SNAI1,SNAI2,TWIST2,ZEB1,miR-141,ZEB2,miR-200b,TGF-beta,GSC",N,10
8036,"TWIST1,SNAI1,SNAI2,TWIST2",P,4
8037,"TWIST1,SNAI1,CDH1,SNAI2,miR-200b,TGF-beta,GSC,ZEB2,miR-200a,ZEB1,miR-34a,TWIST2",N,12
8038,"TWIST1,SNAI1,CDH1,SNAI2,miR-200b,TGF-beta,GSC,ZEB2,miR-200c,ZEB1,miR-34a,TWIST2",N,12
8039,"TWIST1,SNAI1,CDH1,SNAI2,miR-200b,TGF-beta,GSC,ZEB1,miR-34a,TWIST2",N,10
8040,"TWIST1,SNAI1,CDH1,SNAI2,miR-200b,TGF-beta,GSC",P,7
8041,"TWIST1,SNAI1,CDH1,SNAI2,miR-200b,ZEB2,miR-200a,TGF-beta,GSC,ZEB1,miR-34a,TWIST2",P,12
8042,"TWIST1,SNAI1,CDH1,SNAI2,miR-200b,ZEB2,miR-200a,TGF-beta,GSC",N,9
8043,"TWIST1,SNAI1,CDH1,SNAI2,miR-200b,ZEB2,miR-200a,ZEB1,GRHL2,OVOL2,TGF-beta,GSC",N,12
8044,"TWIST1,SNAI1,CDH1,SNAI2,miR-200b,ZEB2,miR-200a,ZEB1,OVOL2,TGF-beta,GSC",P,11
8045,"TWIST1,SNAI1,CDH1,SNAI2,miR-200b,ZEB2,miR-200a,ZEB1,miR-34a,TWIST2",P,10
8046,"TWIST1,SNAI1,CDH1,SNAI2,miR-200b,ZEB2,miR-200a,ZEB1,miR-200c,TGF-beta,GSC",N,11
8047,"TWIST1,SNAI1,CDH1,SNAI2,miR-200b,ZEB2,miR-200a,ZEB1,miR-141,TGF-beta,GSC",P,11
8048,"TWIST1,SNAI1,CDH1,SNAI2,miR-200b,ZEB2,miR-200c,TGF-beta,GSC,ZEB1,miR-34a,TWIST2",P,12
8049,"TWIST1,SNAI1,CDH1,SNAI2,miR-200b,ZEB2,miR-200c,TGF-beta,GSC",N,9
8050,"TWIST1,SNAI1,CDH1,SNAI2,miR-200b,ZEB2,miR-200c,ZEB1,GRHL2,OVOL2,TGF-beta,GSC",N,12
8051,"TWIST1,SNAI1,CDH1,SNAI2,miR-200b,ZEB2,miR-200c,ZEB1,OVOL2,TGF-beta,GSC",P,11
8052,"TWIST1,SNAI1,CDH1,SNAI2,miR-200b,ZEB2,miR-200c,ZEB1,miR-34a,TWIST2",P,10
8053,"TWIST1,SNAI1,CDH1,SNAI2,miR-200b,ZEB2,miR-200c,ZEB1,miR-200a,TGF-beta,GSC",P,11
8054,"TWIST1,SNAI1,CDH1,SNAI2,miR-200b,ZEB2,miR-200c,ZEB1,miR-141,TGF-beta,GSC",P,11
8055,"TWIST1,SNAI1,CDH1,SNAI2,miR-200b,ZEB1,GRHL2,NP63,miR-205,ZEB2,miR-200a,TGF-beta,GSC",N,13
8056,"TWIST1,SNAI1,CDH1,SNAI2,miR-200b,ZEB1,GRHL2,NP63,miR-205,ZEB2,miR-200c,TGF-beta,GSC",N,13
8057,"TWIST1,SNAI1,CDH1,SNAI2,miR-200b,ZEB1,GRHL2,OVOL2,TGF-beta,GSC",N,10
8058,"TWIST1,SNAI1,CDH1,SNAI2,miR-200b,ZEB1,GRHL2,OVOL2,NP63,miR-205,ZEB2,miR-200a,TGF-beta,GSC",N,14
8059,"TWIST1,SNAI1,CDH1,SNAI2,miR-200b,ZEB1,GRHL2,OVOL2,NP63,miR-205,ZEB2,miR-200c,TGF-beta,GSC",N,14
8060,"TWIST1,SNAI1,CDH1,SNAI2,miR-200b,ZEB1,OVOL2,TGF-beta,GSC",P,9
8061,"TWIST1,SNAI1,CDH1,SNAI2,miR-200b,ZEB1,OVOL2,NP63,miR-205,ZEB2,miR-200a,TGF-beta,GSC",P,13
8062,"TWIST1,SNAI1,CDH1,SNAI2,miR-200b,ZEB1,OVOL2,NP63,miR-205,ZEB2,miR-200c,TGF-beta,GSC",P,13
8063,"TWIST1,SNAI1,CDH1,SNAI2,miR-200b,ZEB1,miR-34a,TWIST2,ZEB2,miR-200a,TGF-beta,GSC",P,12
8064,"TWIST1,SNAI1,CDH1,SNAI2,miR-200b,ZEB1,miR-34a,TWIST2,ZEB2,miR-200c,TGF-beta,GSC",P,12
8065,"TWIST1,SNAI1,CDH1,SNAI2,miR-200b,ZEB1,miR-34a,TWIST2",P,8
8066,"TWIST1,SNAI1,CDH1,SNAI2,miR-200b,ZEB1,miR-200a,TGF-beta,GSC",P,9
8067,"TWIST1,SNAI1,CDH1,SNAI2,miR-200b,ZEB1,miR-200a,ZEB2,miR-200c,TGF-beta,GSC",N,11
8068,"TWIST1,SNAI1,CDH1,SNAI2,miR-200b,ZEB1,miR-200c,TGF-beta,GSC",N,9
8069,"TWIST1,SNAI1,CDH1,SNAI2,miR-200b,ZEB1,miR-200c,ZEB2,miR-200a,TGF-beta,GSC",N,11
8070,"TWIST1,SNAI1,CDH1,SNAI2,miR-200b,ZEB1,miR-141,TGF-beta,GSC",P,9
8071,"TWIST1,SNAI1,CDH1,SNAI2,miR-200b,ZEB1,miR-141,ZEB2,miR-200a,TGF-beta,GSC",P,11
8072,"TWIST1,SNAI1,CDH1,SNAI2,miR-200b,ZEB1,miR-141,ZEB2,miR-200c,TGF-beta,GSC",P,11
8073,"TWIST1,SNAI1,CDH1,SNAI2,miR-101,ZEB2,miR-200a,TGF-beta,GSC,ZEB1,miR-34a,TWIST2",P,12
8074,"TWIST1,SNAI1,CDH1,SNAI2,miR-101,ZEB2,miR-200a,TGF-beta,GSC",N,9
8075,"TWIST1,SNAI1,CDH1,SNAI2,miR-101,ZEB2,miR-200a,ZEB1,GRHL2,OVOL2,TGF-beta,GSC",N,12
8076,"TWIST1,SNAI1,CDH1,SNAI2,miR-101,ZEB2,miR-200a,ZEB1,OVOL2,TGF-beta,GSC",P,11
8077,"TWIST1,SNAI1,CDH1,SNAI2,miR-101,ZEB2,miR-200a,ZEB1,miR-34a,TWIST2",P,10
8078,"TWIST1,SNAI1,CDH1,SNAI2,miR-101,ZEB2,miR-200a,ZEB1,miR-200c,TGF-beta,GSC",N,11
8079,"TWIST1,SNAI1,CDH1,SNAI2,miR-101,ZEB2,miR-200a,ZEB1,miR-200b,TGF-beta,GSC",P,11
8080,"TWIST1,SNAI1,CDH1,SNAI2,miR-101,ZEB2,miR-200a,ZEB1,miR-141,TGF-beta,GSC",P,11
8081,"TWIST1,SNAI1,CDH1,SNAI2,miR-101,ZEB2,miR-200c,TGF-beta,GSC,ZEB1,miR-34a,TWIST2",P,12
8082,"TWIST1,SNAI1,CDH1,SNAI2,miR-101,ZEB2,miR-200c,TGF-beta,GSC",N,9
8083,"TWIST1,SNAI1,CDH1,SNAI2,miR-101,ZEB2,miR-200c,ZEB1,GRHL2,OVOL2,TGF-beta,GSC",N,12
8084,"TWIST1,SNAI1,CDH1,SNAI2,miR-101,ZEB2,miR-200c,ZEB1,OVOL2,TGF-beta,GSC",P,11
8085,"TWIST1,SNAI1,CDH1,SNAI2,miR-101,ZEB2,miR-200c,ZEB1,miR-34a,TWIST2",P,10
8086,"TWIST1,SNAI1,CDH1,SNAI2,miR-101,ZEB2,miR-200c,ZEB1,miR-200a,TGF-beta,GSC",P,11
8087,"TWIST1,SNAI1,CDH1,SNAI2,miR-101,ZEB2,miR-200c,ZEB1,miR-200b,TGF-beta,GSC",P,11
8088,"TWIST1,SNAI1,CDH1,SNAI2,miR-101,ZEB2,miR-200c,ZEB1,miR-141,TGF-beta,GSC",P,11
8089,"TWIST1,SNAI1,CDH1,SNAI2,miR-101,ZEB2,miR-200b,TGF-beta,GSC,ZEB1,miR-34a,TWIST2",N,12
8090,"TWIST1,SNAI1,CDH1,SNAI2,miR-101,ZEB2,miR-200b,TGF-beta,GSC",P,9
8091,"TWIST1,SNAI1,CDH1,SNAI2,miR-101,ZEB2,miR-200b,ZEB1,GRHL2,OVOL2,TGF-beta,GSC",N,12
8092,"TWIST1,SNAI1,CDH1,SNAI2,miR-101,ZEB2,miR-200b,ZEB1,OVOL2,TGF-beta,GSC",P,11
8093,"TWIST1,SNAI1,CDH1,SNAI2,miR-101,ZEB2,miR-200b,ZEB1,miR-34a,TWIST2",P,10
8094,"TWIST1,SNAI1,CDH1,SNAI2,miR-101,ZEB2,miR-200b,ZEB1,miR-200a,TGF-beta,GSC",P,11
8095,"TWIST1,SNAI1,CDH1,SNAI2,miR-101,ZEB2,miR-200b,ZEB1,miR-200c,TGF-beta,GSC",N,11
8096,"TWIST1,SNAI1,CDH1,SNAI2,miR-101,ZEB2,miR-200b,ZEB1,miR-141,TGF-beta,GSC",P,11
8097,"TWIST1,SNAI1,CDH1,SNAI2,miR-101,ZEB1,GRHL2,NP63,miR-205,ZEB2,miR-200a,TGF-beta,GSC",P,13
8098,"TWIST1,SNAI1,CDH1,SNAI2,miR-101,ZEB1,GRHL2,NP63,miR-205,ZEB2,miR-200c,TGF-beta,GSC",P,13
8099,"TWIST1,SNAI1,CDH1,SNAI2,miR-101,ZEB1,GRHL2,NP63,miR-205,ZEB2,miR-200b,TGF-beta,GSC",N,13
8100,"TWIST1,SNAI1,CDH1,SNAI2,miR-101,ZEB1,GRHL2,OVOL2,TGF-beta,GSC",P,10
8101,"TWIST1,SNAI1,CDH1,SNAI2,miR-101,ZEB1,GRHL2,OVOL2,NP63,miR-205,ZEB2,miR-200a,TGF-beta,GSC",P,14
8102,"TWIST1,SNAI1,CDH1,SNAI2,miR-101,ZEB1,GRHL2,OVOL2,NP63,miR-205,ZEB2,miR-200c,TGF-beta,GSC",P,14
8103,"TWIST1,SNAI1,CDH1,SNAI2,miR-101,ZEB1,GRHL2,OVOL2,NP63,miR-205,ZEB2,miR-200b,TGF-beta,GSC",N,14
8104,"TWIST1,SNAI1,CDH1,SNAI2,miR-101,ZEB1,OVOL2,TGF-beta,GSC",N,9
8105,"TWIST1,SNAI1,CDH1,SNAI2,miR-101,ZEB1,OVOL2,NP63,miR-205,ZEB2,miR-200a,TGF-beta,GSC",N,13
8106,"TWIST1,SNAI1,CDH1,SNAI2,miR-101,ZEB1,OVOL2,NP63,miR-205,ZEB2,miR-200c,TGF-beta,GSC",N,13
8107,"TWIST1,SNAI1,CDH1,SNAI2,miR-101,ZEB1,OVOL2,NP63,miR-205,ZEB2,miR-200b,TGF-beta,GSC",P,13
8108,"TWIST1,SNAI1,CDH1,SNAI2,miR-101,ZEB1,miR-34a,TWIST2,ZEB2,miR-200a,TGF-beta,GSC",N,12
8109,"TWIST1,SNAI1,CDH1,SNAI2,miR-101,ZEB1,miR-34a,TWIST2,ZEB2,miR-200c,TGF-beta,GSC",N,12
8110,"TWIST1,SNAI1,CDH1,SNAI2,miR-101,ZEB1,miR-34a,TWIST2,ZEB2,miR-200b,TGF-beta,GSC",P,12
8111,"TWIST1,SNAI1,CDH1,SNAI2,miR-101,ZEB1,miR-34a,TWIST2",N,8
8112,"TWIST1,SNAI1,CDH1,SNAI2,miR-101,ZEB1,miR-200a,TGF-beta,GSC",N,9
8113,"TWIST1,SNAI1,CDH1,SNAI2,miR-101,ZEB1,miR-200a,ZEB2,miR-200c,TGF-beta,GSC",P,11
8114,"TWIST1,SNAI1,CDH1,SNAI2,miR-101,ZEB1,miR-200a,ZEB2,miR-200b,TGF-beta,GSC",N,11
8115,"TWIST1,SNAI1,CDH1,SNAI2,miR-101,ZEB1,miR-200c,TGF-beta,GSC",P,9
8116,"TWIST1,SNAI1,CDH1,SNAI2,miR-101,ZEB1,miR-200c,ZEB2,miR-200a,TGF-beta,GSC",P,11
8117,"TWIST1,SNAI1,CDH1,SNAI2,miR-101,ZEB1,miR-200c,ZEB2,miR-200b,TGF-beta,GSC",N,11
8118,"TWIST1,SNAI1,CDH1,SNAI2,miR-101,ZEB1,miR-200b,TGF-beta,GSC",N,9
8119,"TWIST1,SNAI1,CDH1,SNAI2,miR-101,ZEB1,miR-200b,ZEB2,miR-200a,TGF-beta,GSC",P,11
8120,"TWIST1,SNAI1,CDH1,SNAI2,miR-101,ZEB1,miR-200b,ZEB2,miR-200c,TGF-beta,GSC",P,11
8121,"TWIST1,SNAI1,CDH1,SNAI2,miR-101,ZEB1,miR-141,TGF-beta,GSC",N,9
8122,"TWIST1,SNAI1,CDH1,SNAI2,miR-101,ZEB1,miR-141,ZEB2,miR-200a,TGF-beta,GSC",N,11
8123,"TWIST1,SNAI1,CDH1,SNAI2,miR-101,ZEB1,miR-141,ZEB2,miR-200c,TGF-beta,GSC",N,11
8124,"TWIST1,SNAI1,CDH1,SNAI2,miR-101,ZEB1,miR-141,ZEB2,miR-200b,TGF-beta,GSC",P,11
8125,"TWIST1,SNAI1,CDH1,SNAI2,TWIST2,ZEB2,miR-200a,TGF-beta,GSC",N,9
8126,"TWIST1,SNAI1,CDH1,SNAI2,TWIST2,ZEB2,miR-200a,ZEB1,GRHL2,OVOL2,TGF-beta,GSC",N,12
8127,"TWIST1,SNAI1,CDH1,SNAI2,TWIST2,ZEB2,miR-200a,ZEB1,OVOL2,TGF-beta,GSC",P,11
8128,"TWIST1,SNAI1,CDH1,SNAI2,TWIST2,ZEB2,miR-200a,ZEB1,miR-200c,TGF-beta,GSC",N,11
8129,"TWIST1,SNAI1,CDH1,SNAI2,TWIST2,ZEB2,miR-200a,ZEB1,miR-200b,TGF-beta,GSC",P,11
8130,"TWIST1,SNAI1,CDH1,SNAI2,TWIST2,ZEB2,miR-200a,ZEB1,miR-141,TGF-beta,GSC",P,11
8131,"TWIST1,SNAI1,CDH1,SNAI2,TWIST2,ZEB2,miR-200c,TGF-beta,GSC",N,9
8132,"TWIST1,SNAI1,CDH1,SNAI2,TWIST2,ZEB2,miR-200c,ZEB1,GRHL2,OVOL2,TGF-beta,GSC",N,12
8133,"TWIST1,SNAI1,CDH1,SNAI2,TWIST2,ZEB2,miR-200c,ZEB1,OVOL2,TGF-beta,GSC",P,11
8134,"TWIST1,SNAI1,CDH1,SNAI2,TWIST2,ZEB2,miR-200c,ZEB1,miR-200a,TGF-beta,GSC",P,11
8135,"TWIST1,SNAI1,CDH1,SNAI2,TWIST2,ZEB2,miR-200c,ZEB1,miR-200b,TGF-beta,GSC",P,11
8136,"TWIST1,SNAI1,CDH1,SNAI2,TWIST2,ZEB2,miR-200c,ZEB1,miR-141,TGF-beta,GSC",P,11
8137,"TWIST1,SNAI1,CDH1,SNAI2,TWIST2,ZEB2,miR-200b,TGF-beta,GSC",P,9
8138,"TWIST1,SNAI1,CDH1,SNAI2,TWIST2,ZEB2,miR-200b,ZEB1,GRHL2,OVOL2,TGF-beta,GSC",N,12
8139,"TWIST1,SNAI1,CDH1,SNAI2,TWIST2,ZEB2,miR-200b,ZEB1,OVOL2,TGF-beta,GSC",P,11
8140,"TWIST1,SNAI1,CDH1,SNAI2,TWIST2,ZEB2,miR-200b,ZEB1,miR-200a,TGF-beta,GSC",P,11
8141,"TWIST1,SNAI1,CDH1,SNAI2,TWIST2,ZEB2,miR-200b,ZEB1,miR-200c,TGF-beta,GSC",N,11
8142,"TWIST1,SNAI1,CDH1,SNAI2,TWIST2,ZEB2,miR-200b,ZEB1,miR-141,TGF-beta,GSC",P,11
8143,"TWIST1,SNAI1,CDH1,SNAI2,TWIST2,ZEB1,GRHL2,NP63,miR-205,ZEB2,miR-200a,TGF-beta,GSC",P,13
8144,"TWIST1,SNAI1,CDH1,SNAI2,TWIST2,ZEB1,GRHL2,NP63,miR-205,ZEB2,miR-200c,TGF-beta,GSC",P,13
8145,"TWIST1,SNAI1,CDH1,SNAI2,TWIST2,ZEB1,GRHL2,NP63,miR-205,ZEB2,miR-200b,TGF-beta,GSC",N,13
8146,"TWIST1,SNAI1,CDH1,SNAI2,TWIST2,ZEB1,GRHL2,OVOL2,TGF-beta,GSC",P,10
8147,"TWIST1,SNAI1,CDH1,SNAI2,TWIST2,ZEB1,GRHL2,OVOL2,NP63,miR-205,ZEB2,miR-200a,TGF-beta,GSC",P,14
8148,"TWIST1,SNAI1,CDH1,SNAI2,TWIST2,ZEB1,GRHL2,OVOL2,NP63,miR-205,ZEB2,miR-200c,TGF-beta,GSC",P,14
8149,"TWIST1,SNAI1,CDH1,SNAI2,TWIST2,ZEB1,GRHL2,OVOL2,NP63,miR-205,ZEB2,miR-200b,TGF-beta,GSC",N,14
8150,"TWIST1,SNAI1,CDH1,SNAI2,TWIST2,ZEB1,OVOL2,TGF-beta,GSC",N,9
8151,"TWIST1,SNAI1,CDH1,SNAI2,TWIST2,ZEB1,OVOL2,NP63,miR-205,ZEB2,miR-200a,TGF-beta,GSC",N,13
8152,"TWIST1,SNAI1,CDH1,SNAI2,TWIST2,ZEB1,OVOL2,NP63,miR-205,ZEB2,miR-200c,TGF-beta,GSC",N,13
8153,"TWIST1,SNAI1,CDH1,SNAI2,TWIST2,ZEB1,OVOL2,NP63,miR-205,ZEB2,miR-200b,TGF-beta,GSC",P,13
8154,"TWIST1,SNAI1,CDH1,SNAI2,TWIST2,ZEB1,miR-200a,TGF-beta,GSC",N,9
8155,"TWIST1,SNAI1,CDH1,SNAI2,TWIST2,ZEB1,miR-200a,ZEB2,miR-200c,TGF-beta,GSC",P,11
8156,"TWIST1,SNAI1,CDH1,SNAI2,TWIST2,ZEB1,miR-200a,ZEB2,miR-200b,TGF-beta,GSC",N,11
8157,"TWIST1,SNAI1,CDH1,SNAI2,TWIST2,ZEB1,miR-200c,TGF-beta,GSC",P,9
8158,"TWIST1,SNAI1,CDH1,SNAI2,TWIST2,ZEB1,miR-200c,ZEB2,miR-200a,TGF-beta,GSC",P,11
8159,"TWIST1,SNAI1,CDH1,SNAI2,TWIST2,ZEB1,miR-200c,ZEB2,miR-200b,TGF-beta,GSC",N,11
8160,"TWIST1,SNAI1,CDH1,SNAI2,TWIST2,ZEB1,miR-200b,TGF-beta,GSC",N,9
8161,"TWIST1,SNAI1,CDH1,SNAI2,TWIST2,ZEB1,miR-200b,ZEB2,miR-200a,TGF-beta,GSC",P,11
8162,"TWIST1,SNAI1,CDH1,SNAI2,TWIST2,ZEB1,miR-200b,ZEB2,miR-200c,TGF-beta,GSC",P,11
8163,"TWIST1,SNAI1,CDH1,SNAI2,TWIST2,ZEB1,miR-141,TGF-beta,GSC",N,9
8164,"TWIST1,SNAI1,CDH1,SNAI2,TWIST2,ZEB1,miR-141,ZEB2,miR-200a,TGF-beta,GSC",N,11
8165,"TWIST1,SNAI1,CDH1,SNAI2,TWIST2,ZEB1,miR-141,ZEB2,miR-200c,TGF-beta,GSC",N,11
8166,"TWIST1,SNAI1,CDH1,SNAI2,TWIST2,ZEB1,miR-141,ZEB2,miR-200b,TGF-beta,GSC",P,11
8167,"TWIST1,SNAI1,CDH1,SNAI2,TWIST2",N,5
8168,"TWIST1,CDH1,SNAI2,miR-200b,TGF-beta,SNAI1,miR-101,ZEB2,miR-200a,ZEB1,miR-34a,TWIST2",N,12
8169,"TWIST1,CDH1,SNAI2,miR-200b,TGF-beta,SNAI1,miR-101,ZEB2,miR-200c,ZEB1,miR-34a,TWIST2",N,12
8170,"TWIST1,CDH1,SNAI2,miR-200b,TGF-beta,SNAI1,miR-101,ZEB1,miR-34a,TWIST2",P,10
8171,"TWIST1,CDH1,SNAI2,miR-200b,TGF-beta,SNAI1,miR-34a,TWIST2",N,8
8172,"TWIST1,CDH1,SNAI2,miR-200b,TGF-beta,SNAI1,ZEB2,miR-200a,ZEB1,miR-34a,TWIST2",P,11
8173,"TWIST1,CDH1,SNAI2,miR-200b,TGF-beta,SNAI1,ZEB2,miR-200c,ZEB1,miR-34a,TWIST2",P,11
8174,"TWIST1,CDH1,SNAI2,miR-200b,TGF-beta,SNAI1,ZEB1,miR-34a,TWIST2",N,9
8175,"TWIST1,CDH1,SNAI2,miR-200b,TGF-beta,SNAI1",N,6
8176,"TWIST1,CDH1,SNAI2,miR-200b,TGF-beta,GSC,ZEB2,miR-200a,ZEB1,miR-34a,TWIST2",P,11
8177,"TWIST1,CDH1,SNAI2,miR-200b,TGF-beta,GSC,ZEB2,miR-200a,ZEB1,miR-34a,TWIST2,SNAI1",N,12
8178,"TWIST1,CDH1,SNAI2,miR-200b,TGF-beta,GSC,ZEB2,miR-200a,ZEB1,miR-34a,SNAI1",N,11
8179,"TWIST1,CDH1,SNAI2,miR-200b,TGF-beta,GSC,ZEB2,miR-200c,ZEB1,miR-34a,TWIST2",P,11
8180,"TWIST1,CDH1,SNAI2,miR-200b,TGF-beta,GSC,ZEB2,miR-200c,ZEB1,miR-34a,TWIST2,SNAI1",N,12
8181,"TWIST1,CDH1,SNAI2,miR-200b,TGF-beta,GSC,ZEB2,miR-200c,ZEB1,miR-34a,SNAI1",N,11
8182,"TWIST1,CDH1,SNAI2,miR-200b,TGF-beta,GSC,ZEB1,miR-34a,TWIST2",P,9
8183,"TWIST1,CDH1,SNAI2,miR-200b,TGF-beta,GSC,ZEB1,miR-34a,TWIST2,SNAI1",N,10
8184,"TWIST1,CDH1,SNAI2,miR-200b,TGF-beta,GSC,ZEB1,miR-34a,SNAI1",N,9
8185,"TWIST1,CDH1,SNAI2,miR-200b,TGF-beta,GSC",N,6
8186,"TWIST1,CDH1,SNAI2,miR-200b,TGF-beta,GSC,SNAI1,miR-101,ZEB2,miR-200a,ZEB1,miR-34a,TWIST2",P,13
8187,"TWIST1,CDH1,SNAI2,miR-200b,TGF-beta,GSC,SNAI1,miR-101,ZEB2,miR-200c,ZEB1,miR-34a,TWIST2",P,13
8188,"TWIST1,CDH1,SNAI2,miR-200b,TGF-beta,GSC,SNAI1,miR-101,ZEB1,miR-34a,TWIST2",N,11
8189,"TWIST1,CDH1,SNAI2,miR-200b,TGF-beta,GSC,SNAI1,miR-34a,TWIST2",P,9
8190,"TWIST1,CDH1,SNAI2,miR-200b,TGF-beta,GSC,SNAI1,ZEB2,miR-200a,ZEB1,miR-34a,TWIST2",N,12
8191,"TWIST1,CDH1,SNAI2,miR-200b,TGF-beta,GSC,SNAI1,ZEB2,miR-200c,ZEB1,miR-34a,TWIST2",N,12
8192,"TWIST1,CDH1,SNAI2,miR-200b,TGF-beta,GSC,SNAI1,ZEB1,miR-34a,TWIST2",P,10
8193,"TWIST1,CDH1,SNAI2,miR-200b,TGF-beta,GSC,SNAI1",P,7
8194,"TWIST1,CDH1,SNAI2,miR-200b,ZEB2,miR-200a,TGF-beta,SNAI1,miR-101,ZEB1,miR-34a,TWIST2",N,12
8195,"TWIST1,CDH1,SNAI2,miR-200b,ZEB2,miR-200a,TGF-beta,SNAI1,miR-34a,TWIST2",P,10
8196,"TWIST1,CDH1,SNAI2,miR-200b,ZEB2,miR-200a,TGF-beta,SNAI1,ZEB1,miR-34a,TWIST2",P,11
8197,"TWIST1,CDH1,SNAI2,miR-200b,ZEB2,miR-200a,TGF-beta,SNAI1",P,8
8198,"TWIST1,CDH1,SNAI2,miR-200b,ZEB2,miR-200a,TGF-beta,GSC,ZEB1,miR-34a,TWIST2",N,11
8199,"TWIST1,CDH1,SNAI2,miR-200b,ZEB2,miR-200a,TGF-beta,GSC,ZEB1,miR-34a,TWIST2,SNAI1",P,12
8200,"TWIST1,CDH1,SNAI2,miR-200b,ZEB2,miR-200a,TGF-beta,GSC,ZEB1,miR-34a,SNAI1",P,11
8201,"TWIST1,CDH1,SNAI2,miR-200b,ZEB2,miR-200a,TGF-beta,GSC",P,8
8202,"TWIST1,CDH1,SNAI2,miR-200b,ZEB2,miR-200a,TGF-beta,GSC,SNAI1,miR-101,ZEB1,miR-34a,TWIST2",P,13
8203,"TWIST1,CDH1,SNAI2,miR-200b,ZEB2,miR-200a,TGF-beta,GSC,SNAI1,miR-34a,TWIST2",N,11
8204,"TWIST1,CDH1,SNAI2,miR-200b,ZEB2,miR-200a,TGF-beta,GSC,SNAI1,ZEB1,miR-34a,TWIST2",N,12
8205,"TWIST1,CDH1,SNAI2,miR-200b,ZEB2,miR-200a,TGF-beta,GSC,SNAI1",N,9
8206,"TWIST1,CDH1,SNAI2,miR-200b,ZEB2,miR-200a,ZEB1,GRHL2,OVOL2,TGF-beta,SNAI1,miR-34a,TWIST2",P,13
8207,"TWIST1,CDH1,SNAI2,miR-200b,ZEB2,miR-200a,ZEB1,GRHL2,OVOL2,TGF-beta,SNAI1",P,11
8208,"TWIST1,CDH1,SNAI2,miR-200b,ZEB2,miR-200a,ZEB1,GRHL2,OVOL2,TGF-beta,GSC",P,11
8209,"TWIST1,CDH1,SNAI2,miR-200b,ZEB2,miR-200a,ZEB1,GRHL2,OVOL2,TGF-beta,GSC,SNAI1,miR-34a,TWIST2",N,14
8210,"TWIST1,CDH1,SNAI2,miR-200b,ZEB2,miR-200a,ZEB1,GRHL2,OVOL2,TGF-beta,GSC,SNAI1",N,12
8211,"TWIST1,CDH1,SNAI2,miR-200b,ZEB2,miR-200a,ZEB1,OVOL2,TGF-beta,SNAI1,miR-34a,TWIST2",N,12
8212,"TWIST1,CDH1,SNAI2,miR-200b,ZEB2,miR-200a,ZEB1,OVOL2,TGF-beta,SNAI1",N,10
8213,"TWIST1,CDH1,SNAI2,miR-200b,ZEB2,miR-200a,ZEB1,OVOL2,TGF-beta,GSC",N,10
8214,"TWIST1,CDH1,SNAI2,miR-200b,ZEB2,miR-200a,ZEB1,OVOL2,TGF-beta,GSC,SNAI1,miR-34a,TWIST2",P,13
8215,"TWIST1,CDH1,SNAI2,miR-200b,ZEB2,miR-200a,ZEB1,OVOL2,TGF-beta,GSC,SNAI1",P,11
8216,"TWIST1,CDH1,SNAI2,miR-200b,ZEB2,miR-200a,ZEB1,miR-34a,TWIST2",N,9
8217,"TWIST1,CDH1,SNAI2,miR-200b,ZEB2,miR-200a,ZEB1,miR-34a,TWIST2,SNAI1",P,10
8218,"TWIST1,CDH1,SNAI2,miR-200b,ZEB2,miR-200a,ZEB1,miR-34a,SNAI1",P,9
8219,"TWIST1,CDH1,SNAI2,miR-200b,ZEB2,miR-200a,ZEB1,miR-200c,TGF-beta,SNAI1,miR-34a,TWIST2",P,12
8220,"TWIST1,CDH1,SNAI2,miR-200b,ZEB2,miR-200a,ZEB1,miR-200c,TGF-beta,SNAI1",P,10
8221,"TWIST1,CDH1,SNAI2,miR-200b,ZEB2,miR-200a,ZEB1,miR-200c,TGF-beta,GSC",P,10
8222,"TWIST1,CDH1,SNAI2,miR-200b,ZEB2,miR-200a,ZEB1,miR-200c,TGF-beta,GSC,SNAI1,miR-34a,TWIST2",N,13
8223,"TWIST1,CDH1,SNAI2,miR-200b,ZEB2,miR-200a,ZEB1,miR-200c,TGF-beta,GSC,SNAI1",N,11
8224,"TWIST1,CDH1,SNAI2,miR-200b,ZEB2,miR-200a,ZEB1,miR-141,TGF-beta,SNAI1,miR-34a,TWIST2",N,12
8225,"TWIST1,CDH1,SNAI2,miR-200b,ZEB2,miR-200a,ZEB1,miR-141,TGF-beta,SNAI1",N,10
8226,"TWIST1,CDH1,SNAI2,miR-200b,ZEB2,miR-200a,ZEB1,miR-141,TGF-beta,GSC",N,10
8227,"TWIST1,CDH1,SNAI2,miR-200b,ZEB2,miR-200a,ZEB1,miR-141,TGF-beta,GSC,SNAI1,miR-34a,TWIST2",P,13
8228,"TWIST1,CDH1,SNAI2,miR-200b,ZEB2,miR-200a,ZEB1,miR-141,TGF-beta,GSC,SNAI1",P,11
8229,"TWIST1,CDH1,SNAI2,miR-200b,ZEB2,miR-200c,TGF-beta,SNAI1,miR-101,ZEB1,miR-34a,TWIST2",N,12
8230,"TWIST1,CDH1,SNAI2,miR-200b,ZEB2,miR-200c,TGF-beta,SNAI1,miR-34a,TWIST2",P,10
8231,"TWIST1,CDH1,SNAI2,miR-200b,ZEB2,miR-200c,TGF-beta,SNAI1,ZEB1,miR-34a,TWIST2",P,11
8232,"TWIST1,CDH1,SNAI2,miR-200b,ZEB2,miR-200c,TGF-beta,SNAI1",P,8
8233,"TWIST1,CDH1,SNAI2,miR-200b,ZEB2,miR-200c,TGF-beta,GSC,ZEB1,miR-34a,TWIST2",N,11
8234,"TWIST1,CDH1,SNAI2,miR-200b,ZEB2,miR-200c,TGF-beta,GSC,ZEB1,miR-34a,TWIST2,SNAI1",P,12
8235,"TWIST1,CDH1,SNAI2,miR-200b,ZEB2,miR-200c,TGF-beta,GSC,ZEB1,miR-34a,SNAI1",P,11
8236,"TWIST1,CDH1,SNAI2,miR-200b,ZEB2,miR-200c,TGF-beta,GSC",P,8
8237,"TWIST1,CDH1,SNAI2,miR-200b,ZEB2,miR-200c,TGF-beta,GSC,SNAI1,miR-101,ZEB1,miR-34a,TWIST2",P,13
8238,"TWIST1,CDH1,SNAI2,miR-200b,ZEB2,miR-200c,TGF-beta,GSC,SNAI1,miR-34a,TWIST2",N,11
8239,"TWIST1,CDH1,SNAI2,miR-200b,ZEB2,miR-200c,TGF-beta,GSC,SNAI1,ZEB1,miR-34a,TWIST2",N,12
8240,"TWIST1,CDH1,SNAI2,miR-200b,ZEB2,miR-200c,TGF-beta,GSC,SNAI1",N,9
8241,"TWIST1,CDH1,SNAI2,miR-200b,ZEB2,miR-200c,ZEB1,GRHL2,OVOL2,TGF-beta,SNAI1,miR-34a,TWIST2",P,13
8242,"TWIST1,CDH1,SNAI2,miR-200b,ZEB2,miR-200c,ZEB1,GRHL2,OVOL2,TGF-beta,SNAI1",P,11
8243,"TWIST1,CDH1,SNAI2,miR-200b,ZEB2,miR-200c,ZEB1,GRHL2,OVOL2,TGF-beta,GSC",P,11
8244,"TWIST1,CDH1,SNAI2,miR-200b,ZEB2,miR-200c,ZEB1,GRHL2,OVOL2,TGF-beta,GSC,SNAI1,miR-34a,TWIST2",N,14
8245,"TWIST1,CDH1,SNAI2,miR-200b,ZEB2,miR-200c,ZEB1,GRHL2,OVOL2,TGF-beta,GSC,SNAI1",N,12
8246,"TWIST1,CDH1,SNAI2,miR-200b,ZEB2,miR-200c,ZEB1,OVOL2,TGF-beta,SNAI1,miR-34a,TWIST2",N,12
8247,"TWIST1,CDH1,SNAI2,miR-200b,ZEB2,miR-200c,ZEB1,OVOL2,TGF-beta,SNAI1",N,10
8248,"TWIST1,CDH1,SNAI2,miR-200b,ZEB2,miR-200c,ZEB1,OVOL2,TGF-beta,GSC",N,10
8249,"TWIST1,CDH1,SNAI2,miR-200b,ZEB2,miR-200c,ZEB1,OVOL2,TGF-beta,GSC,SNAI1,miR-34a,TWIST2",P,13
8250,"TWIST1,CDH1,SNAI2,miR-200b,ZEB2,miR-200c,ZEB1,OVOL2,TGF-beta,GSC,SNAI1",P,11
8251,"TWIST1,CDH1,SNAI2,miR-200b,ZEB2,miR-200c,ZEB1,miR-34a,TWIST2",N,9
8252,"TWIST1,CDH1,SNAI2,miR-200b,ZEB2,miR-200c,ZEB1,miR-34a,TWIST2,SNAI1",P,10
8253,"TWIST1,CDH1,SNAI2,miR-200b,ZEB2,miR-200c,ZEB1,miR-34a,SNAI1",P,9
8254,"TWIST1,CDH1,SNAI2,miR-200b,ZEB2,miR-200c,ZEB1,miR-200a,TGF-beta,SNAI1,miR-34a,TWIST2",N,12
8255,"TWIST1,CDH1,SNAI2,miR-200b,ZEB2,miR-200c,ZEB1,miR-200a,TGF-beta,SNAI1",N,10
8256,"TWIST1,CDH1,SNAI2,miR-200b,ZEB2,miR-200c,ZEB1,miR-200a,TGF-beta,GSC",N,10
8257,"TWIST1,CDH1,SNAI2,miR-200b,ZEB2,miR-200c,ZEB1,miR-200a,TGF-beta,GSC,SNAI1,miR-34a,TWIST2",P,13
8258,"TWIST1,CDH1,SNAI2,miR-200b,ZEB2,miR-200c,ZEB1,miR-200a,TGF-beta,GSC,SNAI1",P,11
8259,"TWIST1,CDH1,SNAI2,miR-200b,ZEB2,miR-200c,ZEB1,miR-141,TGF-beta,SNAI1,miR-34a,TWIST2",N,12
8260,"TWIST1,CDH1,SNAI2,miR-200b,ZEB2,miR-200c,ZEB1,miR-141,TGF-beta,SNAI1",N,10
8261,"TWIST1,CDH1,SNAI2,miR-200b,ZEB2,miR-200c,ZEB1,miR-141,TGF-beta,GSC",N,10
8262,"TWIST1,CDH1,SNAI2,miR-200b,ZEB2,miR-200c,ZEB1,miR-141,TGF-beta,GSC,SNAI1,miR-34a,TWIST2",P,13
8263,"TWIST1,CDH1,SNAI2,miR-200b,ZEB2,miR-200c,ZEB1,miR-141,TGF-beta,GSC,SNAI1",P,11
8264,"TWIST1,CDH1,SNAI2,miR-200b,ZEB1,GRHL2,NP63,miR-205,ZEB2,miR-200a,TGF-beta,SNAI1,miR-34a,TWIST2",P,14
8265,"TWIST1,CDH1,SNAI2,miR-200b,ZEB1,GRHL2,NP63,miR-205,ZEB2,miR-200a,TGF-beta,SNAI1",P,12
8266,"TWIST1,CDH1,SNAI2,miR-200b,ZEB1,GRHL2,NP63,miR-205,ZEB2,miR-200a,TGF-beta,GSC",P,12
8267,"TWIST1,CDH1,SNAI2,miR-200b,ZEB1,GRHL2,NP63,miR-205,ZEB2,miR-200a,TGF-beta,GSC,SNAI1,miR-34a,TWIST2",N,15
8268,"TWIST1,CDH1,SNAI2,miR-200b,ZEB1,GRHL2,NP63,miR-205,ZEB2,miR-200a,TGF-beta,GSC,SNAI1",N,13
8269,"TWIST1,CDH1,SNAI2,miR-200b,ZEB1,GRHL2,NP63,miR-205,ZEB2,miR-200c,TGF-beta,SNAI1,miR-34a,TWIST2",P,14
8270,"TWIST1,CDH1,SNAI2,miR-200b,ZEB1,GRHL2,NP63,miR-205,ZEB2,miR-200c,TGF-beta,SNAI1",P,12
8271,"TWIST1,CDH1,SNAI2,miR-200b,ZEB1,GRHL2,NP63,miR-205,ZEB2,miR-200c,TGF-beta,GSC",P,12
8272,"TWIST1,CDH1,SNAI2,miR-200b,ZEB1,GRHL2,NP63,miR-205,ZEB2,miR-200c,TGF-beta,GSC,SNAI1,miR-34a,TWIST2",N,15
8273,"TWIST1,CDH1,SNAI2,miR-200b,ZEB1,GRHL2,NP63,miR-205,ZEB2,miR-200c,TGF-beta,GSC,SNAI1",N,13
8274,"TWIST1,CDH1,SNAI2,miR-200b,ZEB1,GRHL2,OVOL2,TGF-beta,SNAI1,miR-34a,TWIST2",P,11
8275,"TWIST1,CDH1,SNAI2,miR-200b,ZEB1,GRHL2,OVOL2,TGF-beta,SNAI1",P,9
8276,"TWIST1,CDH1,SNAI2,miR-200b,ZEB1,GRHL2,OVOL2,TGF-beta,GSC",P,9
8277,"TWIST1,CDH1,SNAI2,miR-200b,ZEB1,GRHL2,OVOL2,TGF-beta,GSC,SNAI1,miR-34a,TWIST2",N,12
8278,"TWIST1,CDH1,SNAI2,miR-200b,ZEB1,GRHL2,OVOL2,TGF-beta,GSC,SNAI1",N,10
8279,"TWIST1,CDH1,SNAI2,miR-200b,ZEB1,GRHL2,OVOL2,NP63,miR-205,ZEB2,miR-200a,TGF-beta,SNAI1,miR-34a,TWIST2",P,15
8280,"TWIST1,CDH1,SNAI2,miR-200b,ZEB1,GRHL2,OVOL2,NP63,miR-205,ZEB2,miR-200a,TGF-beta,SNAI1",P,13
8281,"TWIST1,CDH1,SNAI2,miR-200b,ZEB1,GRHL2,OVOL2,NP63,miR-205,ZEB2,miR-200a,TGF-beta,GSC",P,13
8282,"TWIST1,CDH1,SNAI2,miR-200b,ZEB1,GRHL2,OVOL2,NP63,miR-205,ZEB2,miR-200a,TGF-beta,GSC,SNAI1,miR-34a,TWIST2",N,16
8283,"TWIST1,CDH1,SNAI2,miR-200b,ZEB1,GRHL2,OVOL2,NP63,miR-205,ZEB2,miR-200a,TGF-beta,GSC,SNAI1",N,14
8284,"TWIST1,CDH1,SNAI2,miR-200b,ZEB1,GRHL2,OVOL2,NP63,miR-205,ZEB2,miR-200c,TGF-beta,SNAI1,miR-34a,TWIST2",P,15
8285,"TWIST1,CDH1,SNAI2,miR-200b,ZEB1,GRHL2,OVOL2,NP63,miR-205,ZEB2,miR-200c,TGF-beta,SNAI1",P,13
8286,"TWIST1,CDH1,SNAI2,miR-200b,ZEB1,GRHL2,OVOL2,NP63,miR-205,ZEB2,miR-200c,TGF-beta,GSC",P,13
8287,"TWIST1,CDH1,SNAI2,miR-200b,ZEB1,GRHL2,OVOL2,NP63,miR-205,ZEB2,miR-200c,TGF-beta,GSC,SNAI1,miR-34a,TWIST2",N,16
8288,"TWIST1,CDH1,SNAI2,miR-200b,ZEB1,GRHL2,OVOL2,NP63,miR-205,ZEB2,miR-200c,TGF-beta,GSC,SNAI1",N,14
8289,"TWIST1,CDH1,SNAI2,miR-200b,ZEB1,OVOL2,TGF-beta,SNAI1,miR-34a,TWIST2",N,10
8290,"TWIST1,CDH1,SNAI2,miR-200b,ZEB1,OVOL2,TGF-beta,SNAI1",N,8
8291,"TWIST1,CDH1,SNAI2,miR-200b,ZEB1,OVOL2,TGF-beta,GSC",N,8
8292,"TWIST1,CDH1,SNAI2,miR-200b,ZEB1,OVOL2,TGF-beta,GSC,SNAI1,miR-34a,TWIST2",P,11
8293,"TWIST1,CDH1,SNAI2,miR-200b,ZEB1,OVOL2,TGF-beta,GSC,SNAI1",P,9
8294,"TWIST1,CDH1,SNAI2,miR-200b,ZEB1,OVOL2,NP63,miR-205,ZEB2,miR-200a,TGF-beta,SNAI1,miR-34a,TWIST2",N,14
8295,"TWIST1,CDH1,SNAI2,miR-200b,ZEB1,OVOL2,NP63,miR-205,ZEB2,miR-200a,TGF-beta,SNAI1",N,12
8296,"TWIST1,CDH1,SNAI2,miR-200b,ZEB1,OVOL2,NP63,miR-205,ZEB2,miR-200a,TGF-beta,GSC",N,12
8297,"TWIST1,CDH1,SNAI2,miR-200b,ZEB1,OVOL2,NP63,miR-205,ZEB2,miR-200a,TGF-beta,GSC,SNAI1,miR-34a,TWIST2",P,15
8298,"TWIST1,CDH1,SNAI2,miR-200b,ZEB1,OVOL2,NP63,miR-205,ZEB2,miR-200a,TGF-beta,GSC,SNAI1",P,13
8299,"TWIST1,CDH1,SNAI2,miR-200b,ZEB1,OVOL2,NP63,miR-205,ZEB2,miR-200c,TGF-beta,SNAI1,miR-34a,TWIST2",N,14
8300,"TWIST1,CDH1,SNAI2,miR-200b,ZEB1,OVOL2,NP63,miR-205,ZEB2,miR-200c,TGF-beta,SNAI1",N,12
8301,"TWIST1,CDH1,SNAI2,miR-200b,ZEB1,OVOL2,NP63,miR-205,ZEB2,miR-200c,TGF-beta,GSC",N,12
8302,"TWIST1,CDH1,SNAI2,miR-200b,ZEB1,OVOL2,NP63,miR-205,ZEB2,miR-200c,TGF-beta,GSC,SNAI1,miR-34a,TWIST2",P,15
8303,"TWIST1,CDH1,SNAI2,miR-200b,ZEB1,OVOL2,NP63,miR-205,ZEB2,miR-200c,TGF-beta,GSC,SNAI1",P,13
8304,"TWIST1,CDH1,SNAI2,miR-200b,ZEB1,miR-34a,TWIST2,ZEB2,miR-200a,TGF-beta,SNAI1",N,11
8305,"TWIST1,CDH1,SNAI2,miR-200b,ZEB1,miR-34a,TWIST2,ZEB2,miR-200a,TGF-beta,GSC",N,11
8306,"TWIST1,CDH1,SNAI2,miR-200b,ZEB1,miR-34a,TWIST2,ZEB2,miR-200a,TGF-beta,GSC,SNAI1",P,12
8307,"TWIST1,CDH1,SNAI2,miR-200b,ZEB1,miR-34a,TWIST2,ZEB2,miR-200c,TGF-beta,SNAI1",N,11
8308,"TWIST1,CDH1,SNAI2,miR-200b,ZEB1,miR-34a,TWIST2,ZEB2,miR-200c,TGF-beta,GSC",N,11
8309,"TWIST1,CDH1,SNAI2,miR-200b,ZEB1,miR-34a,TWIST2,ZEB2,miR-200c,TGF-beta,GSC,SNAI1",P,12
8310,"TWIST1,CDH1,SNAI2,miR-200b,ZEB1,miR-34a,TWIST2",N,7
8311,"TWIST1,CDH1,SNAI2,miR-200b,ZEB1,miR-34a,TWIST2,SNAI1,miR-101,ZEB2,miR-200a,TGF-beta,GSC",N,13
8312,"TWIST1,CDH1,SNAI2,miR-200b,ZEB1,miR-34a,TWIST2,SNAI1,miR-101,ZEB2,miR-200c,TGF-beta,GSC",N,13
8313,"TWIST1,CDH1,SNAI2,miR-200b,ZEB1,miR-34a,TWIST2,SNAI1,ZEB2,miR-200a,TGF-beta,GSC",P,12
8314,"TWIST1,CDH1,SNAI2,miR-200b,ZEB1,miR-34a,TWIST2,SNAI1,ZEB2,miR-200c,TGF-beta,GSC",P,12
8315,"TWIST1,CDH1,SNAI2,miR-200b,ZEB1,miR-34a,TWIST2,SNAI1",P,8
8316,"TWIST1,CDH1,SNAI2,miR-200b,ZEB1,miR-34a,SNAI1,miR-101,ZEB2,miR-200a,TGF-beta,GSC",N,12
8317,"TWIST1,CDH1,SNAI2,miR-200b,ZEB1,miR-34a,SNAI1,miR-101,ZEB2,miR-200c,TGF-beta,GSC",N,12
8318,"TWIST1,CDH1,SNAI2,miR-200b,ZEB1,miR-34a,SNAI1,ZEB2,miR-200a,TGF-beta,GSC",P,11
8319,"TWIST1,CDH1,SNAI2,miR-200b,ZEB1,miR-34a,SNAI1,ZEB2,miR-200c,TGF-beta,GSC",P,11
8320,"TWIST1,CDH1,SNAI2,miR-200b,ZEB1,miR-34a,SNAI1",P,7
8321,"TWIST1,CDH1,SNAI2,miR-200b,ZEB1,miR-200a,TGF-beta,SNAI1,miR-34a,TWIST2",N,10
8322,"TWIST1,CDH1,SNAI2,miR-200b,ZEB1,miR-200a,TGF-beta,SNAI1",N,8
8323,"TWIST1,CDH1,SNAI2,miR-200b,ZEB1,miR-200a,TGF-beta,GSC",N,8
8324,"TWIST1,CDH1,SNAI2,miR-200b,ZEB1,miR-200a,TGF-beta,GSC,SNAI1,miR-34a,TWIST2",P,11
8325,"TWIST1,CDH1,SNAI2,miR-200b,ZEB1,miR-200a,TGF-beta,GSC,SNAI1",P,9
8326,"TWIST1,CDH1,SNAI2,miR-200b,ZEB1,miR-200a,ZEB2,miR-200c,TGF-beta,SNAI1,miR-34a,TWIST2",P,12
8327,"TWIST1,CDH1,SNAI2,miR-200b,ZEB1,miR-200a,ZEB2,miR-200c,TGF-beta,SNAI1",P,10
8328,"TWIST1,CDH1,SNAI2,miR-200b,ZEB1,miR-200a,ZEB2,miR-200c,TGF-beta,GSC",P,10
8329,"TWIST1,CDH1,SNAI2,miR-200b,ZEB1,miR-200a,ZEB2,miR-200c,TGF-beta,GSC,SNAI1,miR-34a,TWIST2",N,13
8330,"TWIST1,CDH1,SNAI2,miR-200b,ZEB1,miR-200a,ZEB2,miR-200c,TGF-beta,GSC,SNAI1",N,11
8331,"TWIST1,CDH1,SNAI2,miR-200b,ZEB1,miR-200c,TGF-beta,SNAI1,miR-34a,TWIST2",P,10
8332,"TWIST1,CDH1,SNAI2,miR-200b,ZEB1,miR-200c,TGF-beta,SNAI1",P,8
8333,"TWIST1,CDH1,SNAI2,miR-200b,ZEB1,miR-200c,TGF-beta,GSC",P,8
8334,"TWIST1,CDH1,SNAI2,miR-200b,ZEB1,miR-200c,TGF-beta,GSC,SNAI1,miR-34a,TWIST2",N,11
8335,"TWIST1,CDH1,SNAI2,miR-200b,ZEB1,miR-200c,TGF-beta,GSC,SNAI1",N,9
8336,"TWIST1,CDH1,SNAI2,miR-200b,ZEB1,miR-200c,ZEB2,miR-200a,TGF-beta,SNAI1,miR-34a,TWIST2",P,12
8337,"TWIST1,CDH1,SNAI2,miR-200b,ZEB1,miR-200c,ZEB2,miR-200a,TGF-beta,SNAI1",P,10
8338,"TWIST1,CDH1,SNAI2,miR-200b,ZEB1,miR-200c,ZEB2,miR-200a,TGF-beta,GSC",P,10
8339,"TWIST1,CDH1,SNAI2,miR-200b,ZEB1,miR-200c,ZEB2,miR-200a,TGF-beta,GSC,SNAI1,miR-34a,TWIST2",N,13
8340,"TWIST1,CDH1,SNAI2,miR-200b,ZEB1,miR-200c,ZEB2,miR-200a,TGF-beta,GSC,SNAI1",N,11
8341,"TWIST1,CDH1,SNAI2,miR-200b,ZEB1,miR-141,TGF-beta,SNAI1,miR-34a,TWIST2",N,10
8342,"TWIST1,CDH1,SNAI2,miR-200b,ZEB1,miR-141,TGF-beta,SNAI1",N,8
8343,"TWIST1,CDH1,SNAI2,miR-200b,ZEB1,miR-141,TGF-beta,GSC",N,8
8344,"TWIST1,CDH1,SNAI2,miR-200b,ZEB1,miR-141,TGF-beta,GSC,SNAI1,miR-34a,TWIST2",P,11
8345,"TWIST1,CDH1,SNAI2,miR-200b,ZEB1,miR-141,TGF-beta,GSC,SNAI1",P,9
8346,"TWIST1,CDH1,SNAI2,miR-200b,ZEB1,miR-141,ZEB2,miR-200a,TGF-beta,SNAI1,miR-34a,TWIST2",N,12
8347,"TWIST1,CDH1,SNAI2,miR-200b,ZEB1,miR-141,ZEB2,miR-200a,TGF-beta,SNAI1",N,10
8348,"TWIST1,CDH1,SNAI2,miR-200b,ZEB1,miR-141,ZEB2,miR-200a,TGF-beta,GSC",N,10
8349,"TWIST1,CDH1,SNAI2,miR-200b,ZEB1,miR-141,ZEB2,miR-200a,TGF-beta,GSC,SNAI1,miR-34a,TWIST2",P,13
8350,"TWIST1,CDH1,SNAI2,miR-200b,ZEB1,miR-141,ZEB2,miR-200a,TGF-beta,GSC,SNAI1",P,11
8351,"TWIST1,CDH1,SNAI2,miR-200b,ZEB1,miR-141,ZEB2,miR-200c,TGF-beta,SNAI1,miR-34a,TWIST2",N,12
8352,"TWIST1,CDH1,SNAI2,miR-200b,ZEB1,miR-141,ZEB2,miR-200c,TGF-beta,SNAI1",N,10
8353,"TWIST1,CDH1,SNAI2,miR-200b,ZEB1,miR-141,ZEB2,miR-200c,TGF-beta,GSC",N,10
8354,"TWIST1,CDH1,SNAI2,miR-200b,ZEB1,miR-141,ZEB2,miR-200c,TGF-beta,GSC,SNAI1,miR-34a,TWIST2",P,13
8355,"TWIST1,CDH1,SNAI2,miR-200b,ZEB1,miR-141,ZEB2,miR-200c,TGF-beta,GSC,SNAI1",P,11
8356,"TWIST1,CDH1,SNAI2,miR-101,SNAI1,miR-34a,ZEB1,GRHL2,NP63,miR-205,ZEB2,miR-200a,TGF-beta,GSC",P,14
8357,"TWIST1,CDH1,SNAI2,miR-101,SNAI1,miR-34a,ZEB1,GRHL2,NP63,miR-205,ZEB2,miR-200c,TGF-beta,GSC",P,14
8358,"TWIST1,CDH1,SNAI2,miR-101,SNAI1,miR-34a,ZEB1,GRHL2,NP63,miR-205,ZEB2,miR-200b,TGF-beta,GSC",N,14
8359,"TWIST1,CDH1,SNAI2,miR-101,SNAI1,miR-34a,ZEB1,GRHL2,OVOL2,TGF-beta,GSC",P,11
8360,"TWIST1,CDH1,SNAI2,miR-101,SNAI1,miR-34a,ZEB1,GRHL2,OVOL2,NP63,miR-205,ZEB2,miR-200a,TGF-beta,GSC",P,15
8361,"TWIST1,CDH1,SNAI2,miR-101,SNAI1,miR-34a,ZEB1,GRHL2,OVOL2,NP63,miR-205,ZEB2,miR-200c,TGF-beta,GSC",P,15
8362,"TWIST1,CDH1,SNAI2,miR-101,SNAI1,miR-34a,ZEB1,GRHL2,OVOL2,NP63,miR-205,ZEB2,miR-200b,TGF-beta,GSC",N,15
8363,"TWIST1,CDH1,SNAI2,miR-101,SNAI1,miR-34a,ZEB1,OVOL2,TGF-beta,GSC",N,10
8364,"TWIST1,CDH1,SNAI2,miR-101,SNAI1,miR-34a,ZEB1,OVOL2,NP63,miR-205,ZEB2,miR-200a,TGF-beta,GSC",N,14
8365,"TWIST1,CDH1,SNAI2,miR-101,SNAI1,miR-34a,ZEB1,OVOL2,NP63,miR-205,ZEB2,miR-200c,TGF-beta,GSC",N,14
8366,"TWIST1,CDH1,SNAI2,miR-101,SNAI1,miR-34a,ZEB1,OVOL2,NP63,miR-205,ZEB2,miR-200b,TGF-beta,GSC",P,14
8367,"TWIST1,CDH1,SNAI2,miR-101,SNAI1,miR-34a,ZEB1,miR-200a,TGF-beta,GSC",N,10
8368,"TWIST1,CDH1,SNAI2,miR-101,SNAI1,miR-34a,ZEB1,miR-200a,ZEB2,miR-200c,TGF-beta,GSC",P,12
8369,"TWIST1,CDH1,SNAI2,miR-101,SNAI1,miR-34a,ZEB1,miR-200a,ZEB2,miR-200b,TGF-beta,GSC",N,12
8370,"TWIST1,CDH1,SNAI2,miR-101,SNAI1,miR-34a,ZEB1,miR-200c,TGF-beta,GSC",P,10
8371,"TWIST1,CDH1,SNAI2,miR-101,SNAI1,miR-34a,ZEB1,miR-200c,ZEB2,miR-200a,TGF-beta,GSC",P,12
8372,"TWIST1,CDH1,SNAI2,miR-101,SNAI1,miR-34a,ZEB1,miR-200c,ZEB2,miR-200b,TGF-beta,GSC",N,12
8373,"TWIST1,CDH1,SNAI2,miR-101,SNAI1,miR-34a,ZEB1,miR-200b,TGF-beta,GSC",N,10
8374,"TWIST1,CDH1,SNAI2,miR-101,SNAI1,miR-34a,ZEB1,miR-200b,ZEB2,miR-200a,TGF-beta,GSC",P,12
8375,"TWIST1,CDH1,SNAI2,miR-101,SNAI1,miR-34a,ZEB1,miR-200b,ZEB2,miR-200c,TGF-beta,GSC",P,12
8376,"TWIST1,CDH1,SNAI2,miR-101,SNAI1,miR-34a,ZEB1,miR-141,TGF-beta,GSC",N,10
8377,"TWIST1,CDH1,SNAI2,miR-101,SNAI1,miR-34a,ZEB1,miR-141,ZEB2,miR-200a,TGF-beta,GSC",N,12
8378,"TWIST1,CDH1,SNAI2,miR-101,SNAI1,miR-34a,ZEB1,miR-141,ZEB2,miR-200c,TGF-beta,GSC",N,12
8379,"TWIST1,CDH1,SNAI2,miR-101,SNAI1,miR-34a,ZEB1,miR-141,ZEB2,miR-200b,TGF-beta,GSC",P,12
8380,"TWIST1,CDH1,SNAI2,miR-101,SNAI1,miR-34a,TWIST2,ZEB2,miR-200a,TGF-beta,GSC",N,11
8381,"TWIST1,CDH1,SNAI2,miR-101,SNAI1,miR-34a,TWIST2,ZEB2,miR-200a,ZEB1,GRHL2,OVOL2,TGF-beta,GSC",N,14
8382,"TWIST1,CDH1,SNAI2,miR-101,SNAI1,miR-34a,TWIST2,ZEB2,miR-200a,ZEB1,OVOL2,TGF-beta,GSC",P,13
8383,"TWIST1,CDH1,SNAI2,miR-101,SNAI1,miR-34a,TWIST2,ZEB2,miR-200a,ZEB1,miR-200c,TGF-beta,GSC",N,13
8384,"TWIST1,CDH1,SNAI2,miR-101,SNAI1,miR-34a,TWIST2,ZEB2,miR-200a,ZEB1,miR-200b,TGF-beta,GSC",P,13
8385,"TWIST1,CDH1,SNAI2,miR-101,SNAI1,miR-34a,TWIST2,ZEB2,miR-200a,ZEB1,miR-141,TGF-beta,GSC",P,13
8386,"TWIST1,CDH1,SNAI2,miR-101,SNAI1,miR-34a,TWIST2,ZEB2,miR-200c,TGF-beta,GSC",N,11
8387,"TWIST1,CDH1,SNAI2,miR-101,SNAI1,miR-34a,TWIST2,ZEB2,miR-200c,ZEB1,GRHL2,OVOL2,TGF-beta,GSC",N,14
8388,"TWIST1,CDH1,SNAI2,miR-101,SNAI1,miR-34a,TWIST2,ZEB2,miR-200c,ZEB1,OVOL2,TGF-beta,GSC",P,13
8389,"TWIST1,CDH1,SNAI2,miR-101,SNAI1,miR-34a,TWIST2,ZEB2,miR-200c,ZEB1,miR-200a,TGF-beta,GSC",P,13
8390,"TWIST1,CDH1,SNAI2,miR-101,SNAI1,miR-34a,TWIST2,ZEB2,miR-200c,ZEB1,miR-200b,TGF-beta,GSC",P,13
8391,"TWIST1,CDH1,SNAI2,miR-101,SNAI1,miR-34a,TWIST2,ZEB2,miR-200c,ZEB1,miR-141,TGF-beta,GSC",P,13
8392,"TWIST1,CDH1,SNAI2,miR-101,SNAI1,miR-34a,TWIST2,ZEB2,miR-200b,TGF-beta,GSC",P,11
8393,"TWIST1,CDH1,SNAI2,miR-101,SNAI1,miR-34a,TWIST2,ZEB2,miR-200b,ZEB1,GRHL2,OVOL2,TGF-beta,GSC",N,14
8394,"TWIST1,CDH1,SNAI2,miR-101,SNAI1,miR-34a,TWIST2,ZEB2,miR-200b,ZEB1,OVOL2,TGF-beta,GSC",P,13
8395,"TWIST1,CDH1,SNAI2,miR-101,SNAI1,miR-34a,TWIST2,ZEB2,miR-200b,ZEB1,miR-200a,TGF-beta,GSC",P,13
8396,"TWIST1,CDH1,SNAI2,miR-101,SNAI1,miR-34a,TWIST2,ZEB2,miR-200b,ZEB1,miR-200c,TGF-beta,GSC",N,13
8397,"TWIST1,CDH1,SNAI2,miR-101,SNAI1,miR-34a,TWIST2,ZEB2,miR-200b,ZEB1,miR-141,TGF-beta,GSC",P,13
8398,"TWIST1,CDH1,SNAI2,miR-101,SNAI1,miR-34a,TWIST2,ZEB1,GRHL2,NP63,miR-205,ZEB2,miR-200a,TGF-beta,GSC",P,15
8399,"TWIST1,CDH1,SNAI2,miR-101,SNAI1,miR-34a,TWIST2,ZEB1,GRHL2,NP63,miR-205,ZEB2,miR-200c,TGF-beta,GSC",P,15
8400,"TWIST1,CDH1,SNAI2,miR-101,SNAI1,miR-34a,TWIST2,ZEB1,GRHL2,NP63,miR-205,ZEB2,miR-200b,TGF-beta,GSC",N,15
8401,"TWIST1,CDH1,SNAI2,miR-101,SNAI1,miR-34a,TWIST2,ZEB1,GRHL2,OVOL2,TGF-beta,GSC",P,12
8402,"TWIST1,CDH1,SNAI2,miR-101,SNAI1,miR-34a,TWIST2,ZEB1,GRHL2,OVOL2,NP63,miR-205,ZEB2,miR-200a,TGF-beta,GSC",P,16
8403,"TWIST1,CDH1,SNAI2,miR-101,SNAI1,miR-34a,TWIST2,ZEB1,GRHL2,OVOL2,NP63,miR-205,ZEB2,miR-200c,TGF-beta,GSC",P,16
8404,"TWIST1,CDH1,SNAI2,miR-101,SNAI1,miR-34a,TWIST2,ZEB1,GRHL2,OVOL2,NP63,miR-205,ZEB2,miR-200b,TGF-beta,GSC",N,16
8405,"TWIST1,CDH1,SNAI2,miR-101,SNAI1,miR-34a,TWIST2,ZEB1,OVOL2,TGF-beta,GSC",N,11
8406,"TWIST1,CDH1,SNAI2,miR-101,SNAI1,miR-34a,TWIST2,ZEB1,OVOL2,NP63,miR-205,ZEB2,miR-200a,TGF-beta,GSC",N,15
8407,"TWIST1,CDH1,SNAI2,miR-101,SNAI1,miR-34a,TWIST2,ZEB1,OVOL2,NP63,miR-205,ZEB2,miR-200c,TGF-beta,GSC",N,15
8408,"TWIST1,CDH1,SNAI2,miR-101,SNAI1,miR-34a,TWIST2,ZEB1,OVOL2,NP63,miR-205,ZEB2,miR-200b,TGF-beta,GSC",P,15
8409,"TWIST1,CDH1,SNAI2,miR-101,SNAI1,miR-34a,TWIST2,ZEB1,miR-200a,TGF-beta,GSC",N,11
8410,"TWIST1,CDH1,SNAI2,miR-101,SNAI1,miR-34a,TWIST2,ZEB1,miR-200a,ZEB2,miR-200c,TGF-beta,GSC",P,13
8411,"TWIST1,CDH1,SNAI2,miR-101,SNAI1,miR-34a,TWIST2,ZEB1,miR-200a,ZEB2,miR-200b,TGF-beta,GSC",N,13
8412,"TWIST1,CDH1,SNAI2,miR-101,SNAI1,miR-34a,TWIST2,ZEB1,miR-200c,TGF-beta,GSC",P,11
8413,"TWIST1,CDH1,SNAI2,miR-101,SNAI1,miR-34a,TWIST2,ZEB1,miR-200c,ZEB2,miR-200a,TGF-beta,GSC",P,13
8414,"TWIST1,CDH1,SNAI2,miR-101,SNAI1,miR-34a,TWIST2,ZEB1,miR-200c,ZEB2,miR-200b,TGF-beta,GSC",N,13
8415,"TWIST1,CDH1,SNAI2,miR-101,SNAI1,miR-34a,TWIST2,ZEB1,miR-200b,TGF-beta,GSC",N,11
8416,"TWIST1,CDH1,SNAI2,miR-101,SNAI1,miR-34a,TWIST2,ZEB1,miR-200b,ZEB2,miR-200a,TGF-beta,GSC",P,13
8417,"TWIST1,CDH1,SNAI2,miR-101,SNAI1,miR-34a,TWIST2,ZEB1,miR-200b,ZEB2,miR-200c,TGF-beta,GSC",P,13
8418,"TWIST1,CDH1,SNAI2,miR-101,SNAI1,miR-34a,TWIST2,ZEB1,miR-141,TGF-beta,GSC",N,11
8419,"TWIST1,CDH1,SNAI2,miR-101,SNAI1,miR-34a,TWIST2,ZEB1,miR-141,ZEB2,miR-200a,TGF-beta,GSC",N,13
8420,"TWIST1,CDH1,SNAI2,miR-101,SNAI1,miR-34a,TWIST2,ZEB1,miR-141,ZEB2,miR-200c,TGF-beta,GSC",N,13
8421,"TWIST1,CDH1,SNAI2,miR-101,SNAI1,miR-34a,TWIST2,ZEB1,miR-141,ZEB2,miR-200b,TGF-beta,GSC",P,13
8422,"TWIST1,CDH1,SNAI2,miR-101,SNAI1,miR-34a,TWIST2",N,7
8423,"TWIST1,CDH1,SNAI2,miR-101,SNAI1,ZEB2,miR-200a,TGF-beta,GSC,ZEB1,miR-34a,TWIST2",P,12
8424,"TWIST1,CDH1,SNAI2,miR-101,SNAI1,ZEB2,miR-200a,TGF-beta,GSC",N,9
8425,"TWIST1,CDH1,SNAI2,miR-101,SNAI1,ZEB2,miR-200a,ZEB1,GRHL2,OVOL2,TGF-beta,GSC",N,12
8426,"TWIST1,CDH1,SNAI2,miR-101,SNAI1,ZEB2,miR-200a,ZEB1,OVOL2,TGF-beta,GSC",P,11
8427,"TWIST1,CDH1,SNAI2,miR-101,SNAI1,ZEB2,miR-200a,ZEB1,miR-34a,TWIST2",P,10
8428,"TWIST1,CDH1,SNAI2,miR-101,SNAI1,ZEB2,miR-200a,ZEB1,miR-200c,TGF-beta,GSC",N,11
8429,"TWIST1,CDH1,SNAI2,miR-101,SNAI1,ZEB2,miR-200a,ZEB1,miR-200b,TGF-beta,GSC",P,11
8430,"TWIST1,CDH1,SNAI2,miR-101,SNAI1,ZEB2,miR-200a,ZEB1,miR-141,TGF-beta,GSC",P,11
8431,"TWIST1,CDH1,SNAI2,miR-101,SNAI1,ZEB2,miR-200c,TGF-beta,GSC,ZEB1,miR-34a,TWIST2",P,12
8432,"TWIST1,CDH1,SNAI2,miR-101,SNAI1,ZEB2,miR-200c,TGF-beta,GSC",N,9
8433,"TWIST1,CDH1,SNAI2,miR-101,SNAI1,ZEB2,miR-200c,ZEB1,GRHL2,OVOL2,TGF-beta,GSC",N,12
8434,"TWIST1,CDH1,SNAI2,miR-101,SNAI1,ZEB2,miR-200c,ZEB1,OVOL2,TGF-beta,GSC",P,11
8435,"TWIST1,CDH1,SNAI2,miR-101,SNAI1,ZEB2,miR-200c,ZEB1,miR-34a,TWIST2",P,10
8436,"TWIST1,CDH1,SNAI2,miR-101,SNAI1,ZEB2,miR-200c,ZEB1,miR-200a,TGF-beta,GSC",P,11
8437,"TWIST1,CDH1,SNAI2,miR-101,SNAI1,ZEB2,miR-200c,ZEB1,miR-200b,TGF-beta,GSC",P,11
8438,"TWIST1,CDH1,SNAI2,miR-101,SNAI1,ZEB2,miR-200c,ZEB1,miR-141,TGF-beta,GSC",P,11
8439,"TWIST1,CDH1,SNAI2,miR-101,SNAI1,ZEB2,miR-200b,TGF-beta,GSC,ZEB1,miR-34a,TWIST2",N,12
8440,"TWIST1,CDH1,SNAI2,miR-101,SNAI1,ZEB2,miR-200b,TGF-beta,GSC",P,9
8441,"TWIST1,CDH1,SNAI2,miR-101,SNAI1,ZEB2,miR-200b,ZEB1,GRHL2,OVOL2,TGF-beta,GSC",N,12
8442,"TWIST1,CDH1,SNAI2,miR-101,SNAI1,ZEB2,miR-200b,ZEB1,OVOL2,TGF-beta,GSC",P,11
8443,"TWIST1,CDH1,SNAI2,miR-101,SNAI1,ZEB2,miR-200b,ZEB1,miR-34a,TWIST2",P,10
8444,"TWIST1,CDH1,SNAI2,miR-101,SNAI1,ZEB2,miR-200b,ZEB1,miR-200a,TGF-beta,GSC",P,11
8445,"TWIST1,CDH1,SNAI2,miR-101,SNAI1,ZEB2,miR-200b,ZEB1,miR-200c,TGF-beta,GSC",N,11
8446,"TWIST1,CDH1,SNAI2,miR-101,SNAI1,ZEB2,miR-200b,ZEB1,miR-141,TGF-beta,GSC",P,11
8447,"TWIST1,CDH1,SNAI2,miR-101,SNAI1,ZEB1,GRHL2,NP63,miR-205,ZEB2,miR-200a,TGF-beta,GSC",P,13
8448,"TWIST1,CDH1,SNAI2,miR-101,SNAI1,ZEB1,GRHL2,NP63,miR-205,ZEB2,miR-200c,TGF-beta,GSC",P,13
8449,"TWIST1,CDH1,SNAI2,miR-101,SNAI1,ZEB1,GRHL2,NP63,miR-205,ZEB2,miR-200b,TGF-beta,GSC",N,13
8450,"TWIST1,CDH1,SNAI2,miR-101,SNAI1,ZEB1,GRHL2,OVOL2,TGF-beta,GSC",P,10
8451,"TWIST1,CDH1,SNAI2,miR-101,SNAI1,ZEB1,GRHL2,OVOL2,NP63,miR-205,ZEB2,miR-200a,TGF-beta,GSC",P,14
8452,"TWIST1,CDH1,SNAI2,miR-101,SNAI1,ZEB1,GRHL2,OVOL2,NP63,miR-205,ZEB2,miR-200c,TGF-beta,GSC",P,14
8453,"TWIST1,CDH1,SNAI2,miR-101,SNAI1,ZEB1,GRHL2,OVOL2,NP63,miR-205,ZEB2,miR-200b,TGF-beta,GSC",N,14
8454,"TWIST1,CDH1,SNAI2,miR-101,SNAI1,ZEB1,OVOL2,TGF-beta,GSC",N,9
8455,"TWIST1,CDH1,SNAI2,miR-101,SNAI1,ZEB1,OVOL2,NP63,miR-205,ZEB2,miR-200a,TGF-beta,GSC",N,13
8456,"TWIST1,CDH1,SNAI2,miR-101,SNAI1,ZEB1,OVOL2,NP63,miR-205,ZEB2,miR-200c,TGF-beta,GSC",N,13
8457,"TWIST1,CDH1,SNAI2,miR-101,SNAI1,ZEB1,OVOL2,NP63,miR-205,ZEB2,miR-200b,TGF-beta,GSC",P,13
8458,"TWIST1,CDH1,SNAI2,miR-101,SNAI1,ZEB1,miR-34a,TWIST2,ZEB2,miR-200a,TGF-beta,GSC",N,12
8459,"TWIST1,CDH1,SNAI2,miR-101,SNAI1,ZEB1,miR-34a,TWIST2,ZEB2,miR-200c,TGF-beta,GSC",N,12
8460,"TWIST1,CDH1,SNAI2,miR-101,SNAI1,ZEB1,miR-34a,TWIST2,ZEB2,miR-200b,TGF-beta,GSC",P,12
8461,"TWIST1,CDH1,SNAI2,miR-101,SNAI1,ZEB1,miR-34a,TWIST2",N,8
8462,"TWIST1,CDH1,SNAI2,miR-101,SNAI1,ZEB1,miR-200a,TGF-beta,GSC",N,9
8463,"TWIST1,CDH1,SNAI2,miR-101,SNAI1,ZEB1,miR-200a,ZEB2,miR-200c,TGF-beta,GSC",P,11
8464,"TWIST1,CDH1,SNAI2,miR-101,SNAI1,ZEB1,miR-200a,ZEB2,miR-200b,TGF-beta,GSC",N,11
8465,"TWIST1,CDH1,SNAI2,miR-101,SNAI1,ZEB1,miR-200c,TGF-beta,GSC",P,9
8466,"TWIST1,CDH1,SNAI2,miR-101,SNAI1,ZEB1,miR-200c,ZEB2,miR-200a,TGF-beta,GSC",P,11
8467,"TWIST1,CDH1,SNAI2,miR-101,SNAI1,ZEB1,miR-200c,ZEB2,miR-200b,TGF-beta,GSC",N,11
8468,"TWIST1,CDH1,SNAI2,miR-101,SNAI1,ZEB1,miR-200b,TGF-beta,GSC",N,9
8469,"TWIST1,CDH1,SNAI2,miR-101,SNAI1,ZEB1,miR-200b,ZEB2,miR-200a,TGF-beta,GSC",P,11
8470,"TWIST1,CDH1,SNAI2,miR-101,SNAI1,ZEB1,miR-200b,ZEB2,miR-200c,TGF-beta,GSC",P,11
8471,"TWIST1,CDH1,SNAI2,miR-101,SNAI1,ZEB1,miR-141,TGF-beta,GSC",N,9
8472,"TWIST1,CDH1,SNAI2,miR-101,SNAI1,ZEB1,miR-141,ZEB2,miR-200a,TGF-beta,GSC",N,11
8473,"TWIST1,CDH1,SNAI2,miR-101,SNAI1,ZEB1,miR-141,ZEB2,miR-200c,TGF-beta,GSC",N,11
8474,"TWIST1,CDH1,SNAI2,miR-101,SNAI1,ZEB1,miR-141,ZEB2,miR-200b,TGF-beta,GSC",P,11
8475,"TWIST1,CDH1,SNAI2,miR-101,SNAI1",N,5
8476,"TWIST1,CDH1,SNAI2,miR-101,ZEB2,miR-200a,TGF-beta,SNAI1,miR-34a,TWIST2",P,10
8477,"TWIST1,CDH1,SNAI2,miR-101,ZEB2,miR-200a,TGF-beta,SNAI1,ZEB1,miR-34a,TWIST2",P,11
8478,"TWIST1,CDH1,SNAI2,miR-101,ZEB2,miR-200a,TGF-beta,SNAI1",P,8
8479,"TWIST1,CDH1,SNAI2,miR-101,ZEB2,miR-200a,TGF-beta,GSC,ZEB1,miR-34a,TWIST2",N,11
8480,"TWIST1,CDH1,SNAI2,miR-101,ZEB2,miR-200a,TGF-beta,GSC,ZEB1,miR-34a,TWIST2,SNAI1",P,12
8481,"TWIST1,CDH1,SNAI2,miR-101,ZEB2,miR-200a,TGF-beta,GSC,ZEB1,miR-34a,SNAI1",P,11
8482,"TWIST1,CDH1,SNAI2,miR-101,ZEB2,miR-200a,TGF-beta,GSC",P,8
8483,"TWIST1,CDH1,SNAI2,miR-101,ZEB2,miR-200a,TGF-beta,GSC,SNAI1,miR-34a,TWIST2",N,11
8484,"TWIST1,CDH1,SNAI2,miR-101,ZEB2,miR-200a,TGF-beta,GSC,SNAI1,ZEB1,miR-34a,TWIST2",N,12
8485,"TWIST1,CDH1,SNAI2,miR-101,ZEB2,miR-200a,TGF-beta,GSC,SNAI1",N,9
8486,"TWIST1,CDH1,SNAI2,miR-101,ZEB2,miR-200a,ZEB1,GRHL2,OVOL2,TGF-beta,SNAI1,miR-34a,TWIST2",P,13
8487,"TWIST1,CDH1,SNAI2,miR-101,ZEB2,miR-200a,ZEB1,GRHL2,OVOL2,TGF-beta,SNAI1",P,11
8488,"TWIST1,CDH1,SNAI2,miR-101,ZEB2,miR-200a,ZEB1,GRHL2,OVOL2,TGF-beta,GSC",P,11
8489,"TWIST1,CDH1,SNAI2,miR-101,ZEB2,miR-200a,ZEB1,GRHL2,OVOL2,TGF-beta,GSC,SNAI1,miR-34a,TWIST2",N,14
8490,"TWIST1,CDH1,SNAI2,miR-101,ZEB2,miR-200a,ZEB1,GRHL2,OVOL2,TGF-beta,GSC,SNAI1",N,12
8491,"TWIST1,CDH1,SNAI2,miR-101,ZEB2,miR-200a,ZEB1,OVOL2,TGF-beta,SNAI1,miR-34a,TWIST2",N,12
8492,"TWIST1,CDH1,SNAI2,miR-101,ZEB2,miR-200a,ZEB1,OVOL2,TGF-beta,SNAI1",N,10
8493,"TWIST1,CDH1,SNAI2,miR-101,ZEB2,miR-200a,ZEB1,OVOL2,TGF-beta,GSC",N,10
8494,"TWIST1,CDH1,SNAI2,miR-101,ZEB2,miR-200a,ZEB1,OVOL2,TGF-beta,GSC,SNAI1,miR-34a,TWIST2",P,13
8495,"TWIST1,CDH1,SNAI2,miR-101,ZEB2,miR-200a,ZEB1,OVOL2,TGF-beta,GSC,SNAI1",P,11
8496,"TWIST1,CDH1,SNAI2,miR-101,ZEB2,miR-200a,ZEB1,miR-34a,TWIST2",N,9
8497,"TWIST1,CDH1,SNAI2,miR-101,ZEB2,miR-200a,ZEB1,miR-34a,TWIST2,SNAI1",P,10
8498,"TWIST1,CDH1,SNAI2,miR-101,ZEB2,miR-200a,ZEB1,miR-34a,SNAI1",P,9
8499,"TWIST1,CDH1,SNAI2,miR-101,ZEB2,miR-200a,ZEB1,miR-200c,TGF-beta,SNAI1,miR-34a,TWIST2",P,12
8500,"TWIST1,CDH1,SNAI2,miR-101,ZEB2,miR-200a,ZEB1,miR-200c,TGF-beta,SNAI1",P,10
8501,"TWIST1,CDH1,SNAI2,miR-101,ZEB2,miR-200a,ZEB1,miR-200c,TGF-beta,GSC",P,10
8502,"TWIST1,CDH1,SNAI2,miR-101,ZEB2,miR-200a,ZEB1,miR-200c,TGF-beta,GSC,SNAI1,miR-34a,TWIST2",N,13
8503,"TWIST1,CDH1,SNAI2,miR-101,ZEB2,miR-200a,ZEB1,miR-200c,TGF-beta,GSC,SNAI1",N,11
8504,"TWIST1,CDH1,SNAI2,miR-101,ZEB2,miR-200a,ZEB1,miR-200b,TGF-beta,SNAI1,miR-34a,TWIST2",N,12
8505,"TWIST1,CDH1,SNAI2,miR-101,ZEB2,miR-200a,ZEB1,miR-200b,TGF-beta,SNAI1",N,10
8506,"TWIST1,CDH1,SNAI2,miR-101,ZEB2,miR-200a,ZEB1,miR-200b,TGF-beta,GSC",N,10
8507,"TWIST1,CDH1,SNAI2,miR-101,ZEB2,miR-200a,ZEB1,miR-200b,TGF-beta,GSC,SNAI1,miR-34a,TWIST2",P,13
8508,"TWIST1,CDH1,SNAI2,miR-101,ZEB2,miR-200a,ZEB1,miR-200b,TGF-beta,GSC,SNAI1",P,11
8509,"TWIST1,CDH1,SNAI2,miR-101,ZEB2,miR-200a,ZEB1,miR-141,TGF-beta,SNAI1,miR-34a,TWIST2",N,12
8510,"TWIST1,CDH1,SNAI2,miR-101,ZEB2,miR-200a,ZEB1,miR-141,TGF-beta,SNAI1",N,10
8511,"TWIST1,CDH1,SNAI2,miR-101,ZEB2,miR-200a,ZEB1,miR-141,TGF-beta,GSC",N,10
8512,"TWIST1,CDH1,SNAI2,miR-101,ZEB2,miR-200a,ZEB1,miR-141,TGF-beta,GSC,SNAI1,miR-34a,TWIST2",P,13
8513,"TWIST1,CDH1,SNAI2,miR-101,ZEB2,miR-200a,ZEB1,miR-141,TGF-beta,GSC,SNAI1",P,11
8514,"TWIST1,CDH1,SNAI2,miR-101,ZEB2,miR-200c,TGF-beta,SNAI1,miR-34a,TWIST2",P,10
8515,"TWIST1,CDH1,SNAI2,miR-101,ZEB2,miR-200c,TGF-beta,SNAI1,ZEB1,miR-34a,TWIST2",P,11
8516,"TWIST1,CDH1,SNAI2,miR-101,ZEB2,miR-200c,TGF-beta,SNAI1",P,8
8517,"TWIST1,CDH1,SNAI2,miR-101,ZEB2,miR-200c,TGF-beta,GSC,ZEB1,miR-34a,TWIST2",N,11
8518,"TWIST1,CDH1,SNAI2,miR-101,ZEB2,miR-200c,TGF-beta,GSC,ZEB1,miR-34a,TWIST2,SNAI1",P,12
8519,"TWIST1,CDH1,SNAI2,miR-101,ZEB2,miR-200c,TGF-beta,GSC,ZEB1,miR-34a,SNAI1",P,11
8520,"TWIST1,CDH1,SNAI2,miR-101,ZEB2,miR-200c,TGF-beta,GSC",P,8
8521,"TWIST1,CDH1,SNAI2,miR-101,ZEB2,miR-200c,TGF-beta,GSC,SNAI1,miR-34a,TWIST2",N,11
8522,"TWIST1,CDH1,SNAI2,miR-101,ZEB2,miR-200c,TGF-beta,GSC,SNAI1,ZEB1,miR-34a,TWIST2",N,12
8523,"TWIST1,CDH1,SNAI2,miR-101,ZEB2,miR-200c,TGF-beta,GSC,SNAI1",N,9
8524,"TWIST1,CDH1,SNAI2,miR-101,ZEB2,miR-200c,ZEB1,GRHL2,OVOL2,TGF-beta,SNAI1,miR-34a,TWIST2",P,13
8525,"TWIST1,CDH1,SNAI2,miR-101,ZEB2,miR-200c,ZEB1,GRHL2,OVOL2,TGF-beta,SNAI1",P,11
8526,"TWIST1,CDH1,SNAI2,miR-101,ZEB2,miR-200c,ZEB1,GRHL2,OVOL2,TGF-beta,GSC",P,11
8527,"TWIST1,CDH1,SNAI2,miR-101,ZEB2,miR-200c,ZEB1,GRHL2,OVOL2,TGF-beta,GSC,SNAI1,miR-34a,TWIST2",N,14
8528,"TWIST1,CDH1,SNAI2,miR-101,ZEB2,miR-200c,ZEB1,GRHL2,OVOL2,TGF-beta,GSC,SNAI1",N,12
8529,"TWIST1,CDH1,SNAI2,miR-101,ZEB2,miR-200c,ZEB1,OVOL2,TGF-beta,SNAI1,miR-34a,TWIST2",N,12
8530,"TWIST1,CDH1,SNAI2,miR-101,ZEB2,miR-200c,ZEB1,OVOL2,TGF-beta,SNAI1",N,10
8531,"TWIST1,CDH1,SNAI2,miR-101,ZEB2,miR-200c,ZEB1,OVOL2,TGF-beta,GSC",N,10
8532,"TWIST1,CDH1,SNAI2,miR-101,ZEB2,miR-200c,ZEB1,OVOL2,TGF-beta,GSC,SNAI1,miR-34a,TWIST2",P,13
8533,"TWIST1,CDH1,SNAI2,miR-101,ZEB2,miR-200c,ZEB1,OVOL2,TGF-beta,GSC,SNAI1",P,11
8534,"TWIST1,CDH1,SNAI2,miR-101,ZEB2,miR-200c,ZEB1,miR-34a,TWIST2",N,9
8535,"TWIST1,CDH1,SNAI2,miR-101,ZEB2,miR-200c,ZEB1,miR-34a,TWIST2,SNAI1",P,10
8536,"TWIST1,CDH1,SNAI2,miR-101,ZEB2,miR-200c,ZEB1,miR-34a,SNAI1",P,9
8537,"TWIST1,CDH1,SNAI2,miR-101,ZEB2,miR-200c,ZEB1,miR-200a,TGF-beta,SNAI1,miR-34a,TWIST2",N,12
8538,"TWIST1,CDH1,SNAI2,miR-101,ZEB2,miR-200c,ZEB1,miR-200a,TGF-beta,SNAI1",N,10
8539,"TWIST1,CDH1,SNAI2,miR-101,ZEB2,miR-200c,ZEB1,miR-200a,TGF-beta,GSC",N,10
8540,"TWIST1,CDH1,SNAI2,miR-101,ZEB2,miR-200c,ZEB1,miR-200a,TGF-beta,GSC,SNAI1,miR-34a,TWIST2",P,13
8541,"TWIST1,CDH1,SNAI2,miR-101,ZEB2,miR-200c,ZEB1,miR-200a,TGF-beta,GSC,SNAI1",P,11
8542,"TWIST1,CDH1,SNAI2,miR-101,ZEB2,miR-200c,ZEB1,miR-200b,TGF-beta,SNAI1,miR-34a,TWIST2",N,12
8543,"TWIST1,CDH1,SNAI2,miR-101,ZEB2,miR-200c,ZEB1,miR-200b,TGF-beta,SNAI1",N,10
8544,"TWIST1,CDH1,SNAI2,miR-101,ZEB2,miR-200c,ZEB1,miR-200b,TGF-beta,GSC",N,10
8545,"TWIST1,CDH1,SNAI2,miR-101,ZEB2,miR-200c,ZEB1,miR-200b,TGF-beta,GSC,SNAI1,miR-34a,TWIST2",P,13
8546,"TWIST1,CDH1,SNAI2,miR-101,ZEB2,miR-200c,ZEB1,miR-200b,TGF-beta,GSC,SNAI1",P,11
8547,"TWIST1,CDH1,SNAI2,miR-101,ZEB2,miR-200c,ZEB1,miR-141,TGF-beta,SNAI1,miR-34a,TWIST2",N,12
8548,"TWIST1,CDH1,SNAI2,miR-101,ZEB2,miR-200c,ZEB1,miR-141,TGF-beta,SNAI1",N,10
8549,"TWIST1,CDH1,SNAI2,miR-101,ZEB2,miR-200c,ZEB1,miR-141,TGF-beta,GSC",N,10
8550,"TWIST1,CDH1,SNAI2,miR-101,ZEB2,miR-200c,ZEB1,miR-141,TGF-beta,GSC,SNAI1,miR-34a,TWIST2",P,13
8551,"TWIST1,CDH1,SNAI2,miR-101,ZEB2,miR-200c,ZEB1,miR-141,TGF-beta,GSC,SNAI1",P,11
8552,"TWIST1,CDH1,SNAI2,miR-101,ZEB2,miR-200b,TGF-beta,SNAI1,miR-34a,TWIST2",N,10
8553,"TWIST1,CDH1,SNAI2,miR-101,ZEB2,miR-200b,TGF-beta,SNAI1,ZEB1,miR-34a,TWIST2",N,11
8554,"TWIST1,CDH1,SNAI2,miR-101,ZEB2,miR-200b,TGF-beta,SNAI1",N,8
8555,"TWIST1,CDH1,SNAI2,miR-101,ZEB2,miR-200b,TGF-beta,GSC,ZEB1,miR-34a,TWIST2",P,11
8556,"TWIST1,CDH1,SNAI2,miR-101,ZEB2,miR-200b,TGF-beta,GSC,ZEB1,miR-34a,TWIST2,SNAI1",N,12
8557,"TWIST1,CDH1,SNAI2,miR-101,ZEB2,miR-200b,TGF-beta,GSC,ZEB1,miR-34a,SNAI1",N,11
8558,"TWIST1,CDH1,SNAI2,miR-101,ZEB2,miR-200b,TGF-beta,GSC",N,8
8559,"TWIST1,CDH1,SNAI2,miR-101,ZEB2,miR-200b,TGF-beta,GSC,SNAI1,miR-34a,TWIST2",P,11
8560,"TWIST1,CDH1,SNAI2,miR-101,ZEB2,miR-200b,TGF-beta,GSC,SNAI1,ZEB1,miR-34a,TWIST2",P,12
8561,"TWIST1,CDH1,SNAI2,miR-101,ZEB2,miR-200b,TGF-beta,GSC,SNAI1",P,9
8562,"TWIST1,CDH1,SNAI2,miR-101,ZEB2,miR-200b,ZEB1,GRHL2,OVOL2,TGF-beta,SNAI1,miR-34a,TWIST2",P,13
8563,"TWIST1,CDH1,SNAI2,miR-101,ZEB2,miR-200b,ZEB1,GRHL2,OVOL2,TGF-beta,SNAI1",P,11
8564,"TWIST1,CDH1,SNAI2,miR-101,ZEB2,miR-200b,ZEB1,GRHL2,OVOL2,TGF-beta,GSC",P,11
8565,"TWIST1,CDH1,SNAI2,miR-101,ZEB2,miR-200b,ZEB1,GRHL2,OVOL2,TGF-beta,GSC,SNAI1,miR-34a,TWIST2",N,14
8566,"TWIST1,CDH1,SNAI2,miR-101,ZEB2,miR-200b,ZEB1,GRHL2,OVOL2,TGF-beta,GSC,SNAI1",N,12
8567,"TWIST1,CDH1,SNAI2,miR-101,ZEB2,miR-200b,ZEB1,OVOL2,TGF-beta,SNAI1,miR-34a,TWIST2",N,12
8568,"TWIST1,CDH1,SNAI2,miR-101,ZEB2,miR-200b,ZEB1,OVOL2,TGF-beta,SNAI1",N,10
8569,"TWIST1,CDH1,SNAI2,miR-101,ZEB2,miR-200b,ZEB1,OVOL2,TGF-beta,GSC",N,10
8570,"TWIST1,CDH1,SNAI2,miR-101,ZEB2,miR-200b,ZEB1,OVOL2,TGF-beta,GSC,SNAI1,miR-34a,TWIST2",P,13
8571,"TWIST1,CDH1,SNAI2,miR-101,ZEB2,miR-200b,ZEB1,OVOL2,TGF-beta,GSC,SNAI1",P,11
8572,"TWIST1,CDH1,SNAI2,miR-101,ZEB2,miR-200b,ZEB1,miR-34a,TWIST2",N,9
8573,"TWIST1,CDH1,SNAI2,miR-101,ZEB2,miR-200b,ZEB1,miR-34a,TWIST2,SNAI1",P,10
8574,"TWIST1,CDH1,SNAI2,miR-101,ZEB2,miR-200b,ZEB1,miR-34a,SNAI1",P,9
8575,"TWIST1,CDH1,SNAI2,miR-101,ZEB2,miR-200b,ZEB1,miR-200a,TGF-beta,SNAI1,miR-34a,TWIST2",N,12
8576,"TWIST1,CDH1,SNAI2,miR-101,ZEB2,miR-200b,ZEB1,miR-200a,TGF-beta,SNAI1",N,10
8577,"TWIST1,CDH1,SNAI2,miR-101,ZEB2,miR-200b,ZEB1,miR-200a,TGF-beta,GSC",N,10
8578,"TWIST1,CDH1,SNAI2,miR-101,ZEB2,miR-200b,ZEB1,miR-200a,TGF-beta,GSC,SNAI1,miR-34a,TWIST2",P,13
8579,"TWIST1,CDH1,SNAI2,miR-101,ZEB2,miR-200b,ZEB1,miR-200a,TGF-beta,GSC,SNAI1",P,11
8580,"TWIST1,CDH1,SNAI2,miR-101,ZEB2,miR-200b,ZEB1,miR-200c,TGF-beta,SNAI1,miR-34a,TWIST2",P,12
8581,"TWIST1,CDH1,SNAI2,miR-101,ZEB2,miR-200b,ZEB1,miR-200c,TGF-beta,SNAI1",P,10
8582,"TWIST1,CDH1,SNAI2,miR-101,ZEB2,miR-200b,ZEB1,miR-200c,TGF-beta,GSC",P,10
8583,"TWIST1,CDH1,SNAI2,miR-101,ZEB2,miR-200b,ZEB1,miR-200c,TGF-beta,GSC,SNAI1,miR-34a,TWIST2",N,13
8584,"TWIST1,CDH1,SNAI2,miR-101,ZEB2,miR-200b,ZEB1,miR-200c,TGF-beta,GSC,SNAI1",N,11
8585,"TWIST1,CDH1,SNAI2,miR-101,ZEB2,miR-200b,ZEB1,miR-141,TGF-beta,SNAI1,miR-34a,TWIST2",N,12
8586,"TWIST1,CDH1,SNAI2,miR-101,ZEB2,miR-200b,ZEB1,miR-141,TGF-beta,SNAI1",N,10
8587,"TWIST1,CDH1,SNAI2,miR-101,ZEB2,miR-200b,ZEB1,miR-141,TGF-beta,GSC",N,10
8588,"TWIST1,CDH1,SNAI2,miR-101,ZEB2,miR-200b,ZEB1,miR-141,TGF-beta,GSC,SNAI1,miR-34a,TWIST2",P,13
8589,"TWIST1,CDH1,SNAI2,miR-101,ZEB2,miR-200b,ZEB1,miR-141,TGF-beta,GSC,SNAI1",P,11
8590,"TWIST1,CDH1,SNAI2,miR-101,ZEB1,GRHL2,NP63,miR-205,ZEB2,miR-200a,TGF-beta,SNAI1,miR-34a,TWIST2",N,14
8591,"TWIST1,CDH1,SNAI2,miR-101,ZEB1,GRHL2,NP63,miR-205,ZEB2,miR-200a,TGF-beta,SNAI1",N,12
8592,"TWIST1,CDH1,SNAI2,miR-101,ZEB1,GRHL2,NP63,miR-205,ZEB2,miR-200a,TGF-beta,GSC",N,12
8593,"TWIST1,CDH1,SNAI2,miR-101,ZEB1,GRHL2,NP63,miR-205,ZEB2,miR-200a,TGF-beta,GSC,SNAI1,miR-34a,TWIST2",P,15
8594,"TWIST1,CDH1,SNAI2,miR-101,ZEB1,GRHL2,NP63,miR-205,ZEB2,miR-200a,TGF-beta,GSC,SNAI1",P,13
8595,"TWIST1,CDH1,SNAI2,miR-101,ZEB1,GRHL2,NP63,miR-205,ZEB2,miR-200c,TGF-beta,SNAI1,miR-34a,TWIST2",N,14
8596,"TWIST1,CDH1,SNAI2,miR-101,ZEB1,GRHL2,NP63,miR-205,ZEB2,miR-200c,TGF-beta,SNAI1",N,12
8597,"TWIST1,CDH1,SNAI2,miR-101,ZEB1,GRHL2,NP63,miR-205,ZEB2,miR-200c,TGF-beta,GSC",N,12
8598,"TWIST1,CDH1,SNAI2,miR-101,ZEB1,GRHL2,NP63,miR-205,ZEB2,miR-200c,TGF-beta,GSC,SNAI1,miR-34a,TWIST2",P,15
8599,"TWIST1,CDH1,SNAI2,miR-101,ZEB1,GRHL2,NP63,miR-205,ZEB2,miR-200c,TGF-beta,GSC,SNAI1",P,13
8600,"TWIST1,CDH1,SNAI2,miR-101,ZEB1,GRHL2,NP63,miR-205,ZEB2,miR-200b,TGF-beta,SNAI1,miR-34a,TWIST2",P,14
8601,"TWIST1,CDH1,SNAI2,miR-101,ZEB1,GRHL2,NP63,miR-205,ZEB2,miR-200b,TGF-beta,SNAI1",P,12
8602,"TWIST1,CDH1,SNAI2,miR-101,ZEB1,GRHL2,NP63,miR-205,ZEB2,miR-200b,TGF-beta,GSC",P,12
8603,"TWIST1,CDH1,SNAI2,miR-101,ZEB1,GRHL2,NP63,miR-205,ZEB2,miR-200b,TGF-beta,GSC,SNAI1,miR-34a,TWIST2",N,15
8604,"TWIST1,CDH1,SNAI2,miR-101,ZEB1,GRHL2,NP63,miR-205,ZEB2,miR-200b,TGF-beta,GSC,SNAI1",N,13
8605,"TWIST1,CDH1,SNAI2,miR-101,ZEB1,GRHL2,OVOL2,TGF-beta,SNAI1,miR-34a,TWIST2",N,11
8606,"TWIST1,CDH1,SNAI2,miR-101,ZEB1,GRHL2,OVOL2,TGF-beta,SNAI1",N,9
8607,"TWIST1,CDH1,SNAI2,miR-101,ZEB1,GRHL2,OVOL2,TGF-beta,GSC",N,9
8608,"TWIST1,CDH1,SNAI2,miR-101,ZEB1,GRHL2,OVOL2,TGF-beta,GSC,SNAI1,miR-34a,TWIST2",P,12
8609,"TWIST1,CDH1,SNAI2,miR-101,ZEB1,GRHL2,OVOL2,TGF-beta,GSC,SNAI1",P,10
8610,"TWIST1,CDH1,SNAI2,miR-101,ZEB1,GRHL2,OVOL2,NP63,miR-205,ZEB2,miR-200a,TGF-beta,SNAI1,miR-34a,TWIST2",N,15
8611,"TWIST1,CDH1,SNAI2,miR-101,ZEB1,GRHL2,OVOL2,NP63,miR-205,ZEB2,miR-200a,TGF-beta,SNAI1",N,13
8612,"TWIST1,CDH1,SNAI2,miR-101,ZEB1,GRHL2,OVOL2,NP63,miR-205,ZEB2,miR-200a,TGF-beta,GSC",N,13
8613,"TWIST1,CDH1,SNAI2,miR-101,ZEB1,GRHL2,OVOL2,NP63,miR-205,ZEB2,miR-200a,TGF-beta,GSC,SNAI1,miR-34a,TWIST2",P,16
8614,"TWIST1,CDH1,SNAI2,miR-101,ZEB1,GRHL2,OVOL2,NP63,miR-205,ZEB2,miR-200a,TGF-beta,GSC,SNAI1",P,14
8615,"TWIST1,CDH1,SNAI2,miR-101,ZEB1,GRHL2,OVOL2,NP63,miR-205,ZEB2,miR-200c,TGF-beta,SNAI1,miR-34a,TWIST2",N,15
8616,"TWIST1,CDH1,SNAI2,miR-101,ZEB1,GRHL2,OVOL2,NP63,miR-205,ZEB2,miR-200c,TGF-beta,SNAI1",N,13
8617,"TWIST1,CDH1,SNAI2,miR-101,ZEB1,GRHL2,OVOL2,NP63,miR-205,ZEB2,miR-200c,TGF-beta,GSC",N,13
8618,"TWIST1,CDH1,SNAI2,miR-101,ZEB1,GRHL2,OVOL2,NP63,miR-205,ZEB2,miR-200c,TGF-beta,GSC,SNAI1,miR-34a,TWIST2",P,16
8619,"TWIST1,CDH1,SNAI2,miR-101,ZEB1,GRHL2,OVOL2,NP63,miR-205,ZEB2,miR-200c,TGF-beta,GSC,SNAI1",P,14
8620,"TWIST1,CDH1,SNAI2,miR-101,ZEB1,GRHL2,OVOL2,NP63,miR-205,ZEB2,miR-200b,TGF-beta,SNAI1,miR-34a,TWIST2",P,15
8621,"TWIST1,CDH1,SNAI2,miR-101,ZEB1,GRHL2,OVOL2,NP63,miR-205,ZEB2,miR-200b,TGF-beta,SNAI1",P,13
8622,"TWIST1,CDH1,SNAI2,miR-101,ZEB1,GRHL2,OVOL2,NP63,miR-205,ZEB2,miR-200b,TGF-beta,GSC",P,13
8623,"TWIST1,CDH1,SNAI2,miR-101,ZEB1,GRHL2,OVOL2,NP63,miR-205,ZEB2,miR-200b,TGF-beta,GSC,SNAI1,miR-34a,TWIST2",N,16
8624,"TWIST1,CDH1,SNAI2,miR-101,ZEB1,GRHL2,OVOL2,NP63,miR-205,ZEB2,miR-200b,TGF-beta,GSC,SNAI1",N,14
8625,"TWIST1,CDH1,SNAI2,miR-101,ZEB1,OVOL2,TGF-beta,SNAI1,miR-34a,TWIST2",P,10
8626,"TWIST1,CDH1,SNAI2,miR-101,ZEB1,OVOL2,TGF-beta,SNAI1",P,8
8627,"TWIST1,CDH1,SNAI2,miR-101,ZEB1,OVOL2,TGF-beta,GSC",P,8
8628,"TWIST1,CDH1,SNAI2,miR-101,ZEB1,OVOL2,TGF-beta,GSC,SNAI1,miR-34a,TWIST2",N,11
8629,"TWIST1,CDH1,SNAI2,miR-101,ZEB1,OVOL2,TGF-beta,GSC,SNAI1",N,9
8630,"TWIST1,CDH1,SNAI2,miR-101,ZEB1,OVOL2,NP63,miR-205,ZEB2,miR-200a,TGF-beta,SNAI1,miR-34a,TWIST2",P,14
8631,"TWIST1,CDH1,SNAI2,miR-101,ZEB1,OVOL2,NP63,miR-205,ZEB2,miR-200a,TGF-beta,SNAI1",P,12
8632,"TWIST1,CDH1,SNAI2,miR-101,ZEB1,OVOL2,NP63,miR-205,ZEB2,miR-200a,TGF-beta,GSC",P,12
8633,"TWIST1,CDH1,SNAI2,miR-101,ZEB1,OVOL2,NP63,miR-205,ZEB2,miR-200a,TGF-beta,GSC,SNAI1,miR-34a,TWIST2",N,15
8634,"TWIST1,CDH1,SNAI2,miR-101,ZEB1,OVOL2,NP63,miR-205,ZEB2,miR-200a,TGF-beta,GSC,SNAI1",N,13
8635,"TWIST1,CDH1,SNAI2,miR-101,ZEB1,OVOL2,NP63,miR-205,ZEB2,miR-200c,TGF-beta,SNAI1,miR-34a,TWIST2",P,14
8636,"TWIST1,CDH1,SNAI2,miR-101,ZEB1,OVOL2,NP63,miR-205,ZEB2,miR-200c,TGF-beta,SNAI1",P,12
8637,"TWIST1,CDH1,SNAI2,miR-101,ZEB1,OVOL2,NP63,miR-205,ZEB2,miR-200c,TGF-beta,GSC",P,12
8638,"TWIST1,CDH1,SNAI2,miR-101,ZEB1,OVOL2,NP63,miR-205,ZEB2,miR-200c,TGF-beta,GSC,SNAI1,miR-34a,TWIST2",N,15
8639,"TWIST1,CDH1,SNAI2,miR-101,ZEB1,OVOL2,NP63,miR-205,ZEB2,miR-200c,TGF-beta,GSC,SNAI1",N,13
8640,"TWIST1,CDH1,SNAI2,miR-101,ZEB1,OVOL2,NP63,miR-205,ZEB2,miR-200b,TGF-beta,SNAI1,miR-34a,TWIST2",N,14
8641,"TWIST1,CDH1,SNAI2,miR-101,ZEB1,OVOL2,NP63,miR-205,ZEB2,miR-200b,TGF-beta,SNAI1",N,12
8642,"TWIST1,CDH1,SNAI2,miR-101,ZEB1,OVOL2,NP63,miR-205,ZEB2,miR-200b,TGF-beta,GSC",N,12
8643,"TWIST1,CDH1,SNAI2,miR-101,ZEB1,OVOL2,NP63,miR-205,ZEB2,miR-200b,TGF-beta,GSC,SNAI1,miR-34a,TWIST2",P,15
8644,"TWIST1,CDH1,SNAI2,miR-101,ZEB1,OVOL2,NP63,miR-205,ZEB2,miR-200b,TGF-beta,GSC,SNAI1",P,13
8645,"TWIST1,CDH1,SNAI2,miR-101,ZEB1,miR-34a,TWIST2,ZEB2,miR-200a,TGF-beta,SNAI1",P,11
8646,"TWIST1,CDH1,SNAI2,miR-101,ZEB1,miR-34a,TWIST2,ZEB2,miR-200a,TGF-beta,GSC",P,11
8647,"TWIST1,CDH1,SNAI2,miR-101,ZEB1,miR-34a,TWIST2,ZEB2,miR-200a,TGF-beta,GSC,SNAI1",N,12
8648,"TWIST1,CDH1,SNAI2,miR-101,ZEB1,miR-34a,TWIST2,ZEB2,miR-200c,TGF-beta,SNAI1",P,11
8649,"TWIST1,CDH1,SNAI2,miR-101,ZEB1,miR-34a,TWIST2,ZEB2,miR-200c,TGF-beta,GSC",P,11
8650,"TWIST1,CDH1,SNAI2,miR-101,ZEB1,miR-34a,TWIST2,ZEB2,miR-200c,TGF-beta,GSC,SNAI1",N,12
8651,"TWIST1,CDH1,SNAI2,miR-101,ZEB1,miR-34a,TWIST2,ZEB2,miR-200b,TGF-beta,SNAI1",N,11
8652,"TWIST1,CDH1,SNAI2,miR-101,ZEB1,miR-34a,TWIST2,ZEB2,miR-200b,TGF-beta,GSC",N,11
8653,"TWIST1,CDH1,SNAI2,miR-101,ZEB1,miR-34a,TWIST2,ZEB2,miR-200b,TGF-beta,GSC,SNAI1",P,12
8654,"TWIST1,CDH1,SNAI2,miR-101,ZEB1,miR-34a,TWIST2",P,7
8655,"TWIST1,CDH1,SNAI2,miR-101,ZEB1,miR-34a,TWIST2,SNAI1,ZEB2,miR-200a,TGF-beta,GSC",N,12
8656,"TWIST1,CDH1,SNAI2,miR-101,ZEB1,miR-34a,TWIST2,SNAI1,ZEB2,miR-200c,TGF-beta,GSC",N,12
8657,"TWIST1,CDH1,SNAI2,miR-101,ZEB1,miR-34a,TWIST2,SNAI1,ZEB2,miR-200b,TGF-beta,GSC",P,12
8658,"TWIST1,CDH1,SNAI2,miR-101,ZEB1,miR-34a,TWIST2,SNAI1",N,8
8659,"TWIST1,CDH1,SNAI2,miR-101,ZEB1,miR-34a,SNAI1,ZEB2,miR-200a,TGF-beta,GSC",N,11
8660,"TWIST1,CDH1,SNAI2,miR-101,ZEB1,miR-34a,SNAI1,ZEB2,miR-200c,TGF-beta,GSC",N,11
8661,"TWIST1,CDH1,SNAI2,miR-101,ZEB1,miR-34a,SNAI1,ZEB2,miR-200b,TGF-beta,GSC",P,11
8662,"TWIST1,CDH1,SNAI2,miR-101,ZEB1,miR-34a,SNAI1",N,7
8663,"TWIST1,CDH1,SNAI2,miR-101,ZEB1,miR-200a,TGF-beta,SNAI1,miR-34a,TWIST2",P,10
8664,"TWIST1,CDH1,SNAI2,miR-101,ZEB1,miR-200a,TGF-beta,SNAI1",P,8
8665,"TWIST1,CDH1,SNAI2,miR-101,ZEB1,miR-200a,TGF-beta,GSC",P,8
8666,"TWIST1,CDH1,SNAI2,miR-101,ZEB1,miR-200a,TGF-beta,GSC,SNAI1,miR-34a,TWIST2",N,11
8667,"TWIST1,CDH1,SNAI2,miR-101,ZEB1,miR-200a,TGF-beta,GSC,SNAI1",N,9
8668,"TWIST1,CDH1,SNAI2,miR-101,ZEB1,miR-200a,ZEB2,miR-200c,TGF-beta,SNAI1,miR-34a,TWIST2",N,12
8669,"TWIST1,CDH1,SNAI2,miR-101,ZEB1,miR-200a,ZEB2,miR-200c,TGF-beta,SNAI1",N,10
8670,"TWIST1,CDH1,SNAI2,miR-101,ZEB1,miR-200a,ZEB2,miR-200c,TGF-beta,GSC",N,10
8671,"TWIST1,CDH1,SNAI2,miR-101,ZEB1,miR-200a,ZEB2,miR-200c,TGF-beta,GSC,SNAI1,miR-34a,TWIST2",P,13
8672,"TWIST1,CDH1,SNAI2,miR-101,ZEB1,miR-200a,ZEB2,miR-200c,TGF-beta,GSC,SNAI1",P,11
8673,"TWIST1,CDH1,SNAI2,miR-101,ZEB1,miR-200a,ZEB2,miR-200b,TGF-beta,SNAI1,miR-34a,TWIST2",P,12
8674,"TWIST1,CDH1,SNAI2,miR-101,ZEB1,miR-200a,ZEB2,miR-200b,TGF-beta,SNAI1",P,10
8675,"TWIST1,CDH1,SNAI2,miR-101,ZEB1,miR-200a,ZEB2,miR-200b,TGF-beta,GSC",P,10
8676,"TWIST1,CDH1,SNAI2,miR-101,ZEB1,miR-200a,ZEB2,miR-200b,TGF-beta,GSC,SNAI1,miR-34a,TWIST2",N,13
8677,"TWIST1,CDH1,SNAI2,miR-101,ZEB1,miR-200a,ZEB2,miR-200b,TGF-beta,GSC,SNAI1",N,11
8678,"TWIST1,CDH1,SNAI2,miR-101,ZEB1,miR-200c,TGF-beta,SNAI1,miR-34a,TWIST2",N,10
8679,"TWIST1,CDH1,SNAI2,miR-101,ZEB1,miR-200c,TGF-beta,SNAI1",N,8
8680,"TWIST1,CDH1,SNAI2,miR-101,ZEB1,miR-200c,TGF-beta,GSC",N,8
8681,"TWIST1,CDH1,SNAI2,miR-101,ZEB1,miR-200c,TGF-beta,GSC,SNAI1,miR-34a,TWIST2",P,11
8682,"TWIST1,CDH1,SNAI2,miR-101,ZEB1,miR-200c,TGF-beta,GSC,SNAI1",P,9
8683,"TWIST1,CDH1,SNAI2,miR-101,ZEB1,miR-200c,ZEB2,miR-200a,TGF-beta,SNAI1,miR-34a,TWIST2",N,12
8684,"TWIST1,CDH1,SNAI2,miR-101,ZEB1,miR-200c,ZEB2,miR-200a,TGF-beta,SNAI1",N,10
8685,"TWIST1,CDH1,SNAI2,miR-101,ZEB1,miR-200c,ZEB2,miR-200a,TGF-beta,GSC",N,10
8686,"TWIST1,CDH1,SNAI2,miR-101,ZEB1,miR-200c,ZEB2,miR-200a,TGF-beta,GSC,SNAI1,miR-34a,TWIST2",P,13
8687,"TWIST1,CDH1,SNAI2,miR-101,ZEB1,miR-200c,ZEB2,miR-200a,TGF-beta,GSC,SNAI1",P,11
8688,"TWIST1,CDH1,SNAI2,miR-101,ZEB1,miR-200c,ZEB2,miR-200b,TGF-beta,SNAI1,miR-34a,TWIST2",P,12
8689,"TWIST1,CDH1,SNAI2,miR-101,ZEB1,miR-200c,ZEB2,miR-200b,TGF-beta,SNAI1",P,10
8690,"TWIST1,CDH1,SNAI2,miR-101,ZEB1,miR-200c,ZEB2,miR-200b,TGF-beta,GSC",P,10
8691,"TWIST1,CDH1,SNAI2,miR-101,ZEB1,miR-200c,ZEB2,miR-200b,TGF-beta,GSC,SNAI1,miR-34a,TWIST2",N,13
8692,"TWIST1,CDH1,SNAI2,miR-101,ZEB1,miR-200c,ZEB2,miR-200b,TGF-beta,GSC,SNAI1",N,11
8693,"TWIST1,CDH1,SNAI2,miR-101,ZEB1,miR-200b,TGF-beta,SNAI1,miR-34a,TWIST2",P,10
8694,"TWIST1,CDH1,SNAI2,miR-101,ZEB1,miR-200b,TGF-beta,SNAI1",P,8
8695,"TWIST1,CDH1,SNAI2,miR-101,ZEB1,miR-200b,TGF-beta,GSC",P,8
8696,"TWIST1,CDH1,SNAI2,miR-101,ZEB1,miR-200b,TGF-beta,GSC,SNAI1,miR-34a,TWIST2",N,11
8697,"TWIST1,CDH1,SNAI2,miR-101,ZEB1,miR-200b,TGF-beta,GSC,SNAI1",N,9
8698,"TWIST1,CDH1,SNAI2,miR-101,ZEB1,miR-200b,ZEB2,miR-200a,TGF-beta,SNAI1,miR-34a,TWIST2",N,12
8699,"TWIST1,CDH1,SNAI2,miR-101,ZEB1,miR-200b,ZEB2,miR-200a,TGF-beta,SNAI1",N,10
8700,"TWIST1,CDH1,SNAI2,miR-101,ZEB1,miR-200b,ZEB2,miR-200a,TGF-beta,GSC",N,10
8701,"TWIST1,CDH1,SNAI2,miR-101,ZEB1,miR-200b,ZEB2,miR-200a,TGF-beta,GSC,SNAI1,miR-34a,TWIST2",P,13
8702,"TWIST1,CDH1,SNAI2,miR-101,ZEB1,miR-200b,ZEB2,miR-200a,TGF-beta,GSC,SNAI1",P,11
8703,"TWIST1,CDH1,SNAI2,miR-101,ZEB1,miR-200b,ZEB2,miR-200c,TGF-beta,SNAI1,miR-34a,TWIST2",N,12
8704,"TWIST1,CDH1,SNAI2,miR-101,ZEB1,miR-200b,ZEB2,miR-200c,TGF-beta,SNAI1",N,10
8705,"TWIST1,CDH1,SNAI2,miR-101,ZEB1,miR-200b,ZEB2,miR-200c,TGF-beta,GSC",N,10
8706,"TWIST1,CDH1,SNAI2,miR-101,ZEB1,miR-200b,ZEB2,miR-200c,TGF-beta,GSC,SNAI1,miR-34a,TWIST2",P,13
8707,"TWIST1,CDH1,SNAI2,miR-101,ZEB1,miR-200b,ZEB2,miR-200c,TGF-beta,GSC,SNAI1",P,11
8708,"TWIST1,CDH1,SNAI2,miR-101,ZEB1,miR-141,TGF-beta,SNAI1,miR-34a,TWIST2",P,10
8709,"TWIST1,CDH1,SNAI2,miR-101,ZEB1,miR-141,TGF-beta,SNAI1",P,8
8710,"TWIST1,CDH1,SNAI2,miR-101,ZEB1,miR-141,TGF-beta,GSC",P,8
8711,"TWIST1,CDH1,SNAI2,miR-101,ZEB1,miR-141,TGF-beta,GSC,SNAI1,miR-34a,TWIST2",N,11
8712,"TWIST1,CDH1,SNAI2,miR-101,ZEB1,miR-141,TGF-beta,GSC,SNAI1",N,9
8713,"TWIST1,CDH1,SNAI2,miR-101,ZEB1,miR-141,ZEB2,miR-200a,TGF-beta,SNAI1,miR-34a,TWIST2",P,12
8714,"TWIST1,CDH1,SNAI2,miR-101,ZEB1,miR-141,ZEB2,miR-200a,TGF-beta,SNAI1",P,10
8715,"TWIST1,CDH1,SNAI2,miR-101,ZEB1,miR-141,ZEB2,miR-200a,TGF-beta,GSC",P,10
8716,"TWIST1,CDH1,SNAI2,miR-101,ZEB1,miR-141,ZEB2,miR-200a,TGF-beta,GSC,SNAI1,miR-34a,TWIST2",N,13
8717,"TWIST1,CDH1,SNAI2,miR-101,ZEB1,miR-141,ZEB2,miR-200a,TGF-beta,GSC,SNAI1",N,11
8718,"TWIST1,CDH1,SNAI2,miR-101,ZEB1,miR-141,ZEB2,miR-200c,TGF-beta,SNAI1,miR-34a,TWIST2",P,12
8719,"TWIST1,CDH1,SNAI2,miR-101,ZEB1,miR-141,ZEB2,miR-200c,TGF-beta,SNAI1",P,10
8720,"TWIST1,CDH1,SNAI2,miR-101,ZEB1,miR-141,ZEB2,miR-200c,TGF-beta,GSC",P,10
8721,"TWIST1,CDH1,SNAI2,miR-101,ZEB1,miR-141,ZEB2,miR-200c,TGF-beta,GSC,SNAI1,miR-34a,TWIST2",N,13
8722,"TWIST1,CDH1,SNAI2,miR-101,ZEB1,miR-141,ZEB2,miR-200c,TGF-beta,GSC,SNAI1",N,11
8723,"TWIST1,CDH1,SNAI2,miR-101,ZEB1,miR-141,ZEB2,miR-200b,TGF-beta,SNAI1,miR-34a,TWIST2",N,12
8724,"TWIST1,CDH1,SNAI2,miR-101,ZEB1,miR-141,ZEB2,miR-200b,TGF-beta,SNAI1",N,10
8725,"TWIST1,CDH1,SNAI2,miR-101,ZEB1,miR-141,ZEB2,miR-200b,TGF-beta,GSC",N,10
8726,"TWIST1,CDH1,SNAI2,miR-101,ZEB1,miR-141,ZEB2,miR-200b,TGF-beta,GSC,SNAI1,miR-34a,TWIST2",P,13
8727,"TWIST1,CDH1,SNAI2,miR-101,ZEB1,miR-141,ZEB2,miR-200b,TGF-beta,GSC,SNAI1",P,11
8728,"TWIST1,CDH1,SNAI2,TWIST2,ZEB2,miR-200a,TGF-beta,SNAI1",P,8
8729,"TWIST1,CDH1,SNAI2,TWIST2,ZEB2,miR-200a,TGF-beta,GSC,ZEB1,miR-34a,SNAI1",P,11
8730,"TWIST1,CDH1,SNAI2,TWIST2,ZEB2,miR-200a,TGF-beta,GSC",P,8
8731,"TWIST1,CDH1,SNAI2,TWIST2,ZEB2,miR-200a,TGF-beta,GSC,SNAI1",N,9
8732,"TWIST1,CDH1,SNAI2,TWIST2,ZEB2,miR-200a,ZEB1,GRHL2,OVOL2,TGF-beta,SNAI1",P,11
8733,"TWIST1,CDH1,SNAI2,TWIST2,ZEB2,miR-200a,ZEB1,GRHL2,OVOL2,TGF-beta,GSC",P,11
8734,"TWIST1,CDH1,SNAI2,TWIST2,ZEB2,miR-200a,ZEB1,GRHL2,OVOL2,TGF-beta,GSC,SNAI1",N,12
8735,"TWIST1,CDH1,SNAI2,TWIST2,ZEB2,miR-200a,ZEB1,OVOL2,TGF-beta,SNAI1",N,10
8736,"TWIST1,CDH1,SNAI2,TWIST2,ZEB2,miR-200a,ZEB1,OVOL2,TGF-beta,GSC",N,10
8737,"TWIST1,CDH1,SNAI2,TWIST2,ZEB2,miR-200a,ZEB1,OVOL2,TGF-beta,GSC,SNAI1",P,11
8738,"TWIST1,CDH1,SNAI2,TWIST2,ZEB2,miR-200a,ZEB1,miR-34a,SNAI1",P,9
8739,"TWIST1,CDH1,SNAI2,TWIST2,ZEB2,miR-200a,ZEB1,miR-200c,TGF-beta,SNAI1",P,10
8740,"TWIST1,CDH1,SNAI2,TWIST2,ZEB2,miR-200a,ZEB1,miR-200c,TGF-beta,GSC",P,10
8741,"TWIST1,CDH1,SNAI2,TWIST2,ZEB2,miR-200a,ZEB1,miR-200c,TGF-beta,GSC,SNAI1",N,11
8742,"TWIST1,CDH1,SNAI2,TWIST2,ZEB2,miR-200a,ZEB1,miR-200b,TGF-beta,SNAI1",N,10
8743,"TWIST1,CDH1,SNAI2,TWIST2,ZEB2,miR-200a,ZEB1,miR-200b,TGF-beta,GSC",N,10
8744,"TWIST1,CDH1,SNAI2,TWIST2,ZEB2,miR-200a,ZEB1,miR-200b,TGF-beta,GSC,SNAI1",P,11
8745,"TWIST1,CDH1,SNAI2,TWIST2,ZEB2,miR-200a,ZEB1,miR-141,TGF-beta,SNAI1",N,10
8746,"TWIST1,CDH1,SNAI2,TWIST2,ZEB2,miR-200a,ZEB1,miR-141,TGF-beta,GSC",N,10
8747,"TWIST1,CDH1,SNAI2,TWIST2,ZEB2,miR-200a,ZEB1,miR-141,TGF-beta,GSC,SNAI1",P,11
8748,"TWIST1,CDH1,SNAI2,TWIST2,ZEB2,miR-200c,TGF-beta,SNAI1",P,8
8749,"TWIST1,CDH1,SNAI2,TWIST2,ZEB2,miR-200c,TGF-beta,GSC,ZEB1,miR-34a,SNAI1",P,11
8750,"TWIST1,CDH1,SNAI2,TWIST2,ZEB2,miR-200c,TGF-beta,GSC",P,8
8751,"TWIST1,CDH1,SNAI2,TWIST2,ZEB2,miR-200c,TGF-beta,GSC,SNAI1",N,9
8752,"TWIST1,CDH1,SNAI2,TWIST2,ZEB2,miR-200c,ZEB1,GRHL2,OVOL2,TGF-beta,SNAI1",P,11
8753,"TWIST1,CDH1,SNAI2,TWIST2,ZEB2,miR-200c,ZEB1,GRHL2,OVOL2,TGF-beta,GSC",P,11
8754,"TWIST1,CDH1,SNAI2,TWIST2,ZEB2,miR-200c,ZEB1,GRHL2,OVOL2,TGF-beta,GSC,SNAI1",N,12
8755,"TWIST1,CDH1,SNAI2,TWIST2,ZEB2,miR-200c,ZEB1,OVOL2,TGF-beta,SNAI1",N,10
8756,"TWIST1,CDH1,SNAI2,TWIST2,ZEB2,miR-200c,ZEB1,OVOL2,TGF-beta,GSC",N,10
8757,"TWIST1,CDH1,SNAI2,TWIST2,ZEB2,miR-200c,ZEB1,OVOL2,TGF-beta,GSC,SNAI1",P,11
8758,"TWIST1,CDH1,SNAI2,TWIST2,ZEB2,miR-200c,ZEB1,miR-34a,SNAI1",P,9
8759,"TWIST1,CDH1,SNAI2,TWIST2,ZEB2,miR-200c,ZEB1,miR-200a,TGF-beta,SNAI1",N,10
8760,"TWIST1,CDH1,SNAI2,TWIST2,ZEB2,miR-200c,ZEB1,miR-200a,TGF-beta,GSC",N,10
8761,"TWIST1,CDH1,SNAI2,TWIST2,ZEB2,miR-200c,ZEB1,miR-200a,TGF-beta,GSC,SNAI1",P,11
8762,"TWIST1,CDH1,SNAI2,TWIST2,ZEB2,miR-200c,ZEB1,miR-200b,TGF-beta,SNAI1",N,10
8763,"TWIST1,CDH1,SNAI2,TWIST2,ZEB2,miR-200c,ZEB1,miR-200b,TGF-beta,GSC",N,10
8764,"TWIST1,CDH1,SNAI2,TWIST2,ZEB2,miR-200c,ZEB1,miR-200b,TGF-beta,GSC,SNAI1",P,11
8765,"TWIST1,CDH1,SNAI2,TWIST2,ZEB2,miR-200c,ZEB1,miR-141,TGF-beta,SNAI1",N,10
8766,"TWIST1,CDH1,SNAI2,TWIST2,ZEB2,miR-200c,ZEB1,miR-141,TGF-beta,GSC",N,10
8767,"TWIST1,CDH1,SNAI2,TWIST2,ZEB2,miR-200c,ZEB1,miR-141,TGF-beta,GSC,SNAI1",P,11
8768,"TWIST1,CDH1,SNAI2,TWIST2,ZEB2,miR-200b,TGF-beta,SNAI1",N,8
8769,"TWIST1,CDH1,SNAI2,TWIST2,ZEB2,miR-200b,TGF-beta,GSC,ZEB1,miR-34a,SNAI1",N,11
8770,"TWIST1,CDH1,SNAI2,TWIST2,ZEB2,miR-200b,TGF-beta,GSC",N,8
8771,"TWIST1,CDH1,SNAI2,TWIST2,ZEB2,miR-200b,TGF-beta,GSC,SNAI1",P,9
8772,"TWIST1,CDH1,SNAI2,TWIST2,ZEB2,miR-200b,ZEB1,GRHL2,OVOL2,TGF-beta,SNAI1",P,11
8773,"TWIST1,CDH1,SNAI2,TWIST2,ZEB2,miR-200b,ZEB1,GRHL2,OVOL2,TGF-beta,GSC",P,11
8774,"TWIST1,CDH1,SNAI2,TWIST2,ZEB2,miR-200b,ZEB1,GRHL2,OVOL2,TGF-beta,GSC,SNAI1",N,12
8775,"TWIST1,CDH1,SNAI2,TWIST2,ZEB2,miR-200b,ZEB1,OVOL2,TGF-beta,SNAI1",N,10
8776,"TWIST1,CDH1,SNAI2,TWIST2,ZEB2,miR-200b,ZEB1,OVOL2,TGF-beta,GSC",N,10
8777,"TWIST1,CDH1,SNAI2,TWIST2,ZEB2,miR-200b,ZEB1,OVOL2,TGF-beta,GSC,SNAI1",P,11
8778,"TWIST1,CDH1,SNAI2,TWIST2,ZEB2,miR-200b,ZEB1,miR-34a,SNAI1",P,9
8779,"TWIST1,CDH1,SNAI2,TWIST2,ZEB2,miR-200b,ZEB1,miR-200a,TGF-beta,SNAI1",N,10
8780,"TWIST1,CDH1,SNAI2,TWIST2,ZEB2,miR-200b,ZEB1,miR-200a,TGF-beta,GSC",N,10
8781,"TWIST1,CDH1,SNAI2,TWIST2,ZEB2,miR-200b,ZEB1,miR-200a,TGF-beta,GSC,SNAI1",P,11
8782,"TWIST1,CDH1,SNAI2,TWIST2,ZEB2,miR-200b,ZEB1,miR-200c,TGF-beta,SNAI1",P,10
8783,"TWIST1,CDH1,SNAI2,TWIST2,ZEB2,miR-200b,ZEB1,miR-200c,TGF-beta,GSC",P,10
8784,"TWIST1,CDH1,SNAI2,TWIST2,ZEB2,miR-200b,ZEB1,miR-200c,TGF-beta,GSC,SNAI1",N,11
8785,"TWIST1,CDH1,SNAI2,TWIST2,ZEB2,miR-200b,ZEB1,miR-141,TGF-beta,SNAI1",N,10
8786,"TWIST1,CDH1,SNAI2,TWIST2,ZEB2,miR-200b,ZEB1,miR-141,TGF-beta,GSC",N,10
8787,"TWIST1,CDH1,SNAI2,TWIST2,ZEB2,miR-200b,ZEB1,miR-141,TGF-beta,GSC,SNAI1",P,11
8788,"TWIST1,CDH1,SNAI2,TWIST2,ZEB1,GRHL2,NP63,miR-205,ZEB2,miR-200a,TGF-beta,SNAI1",N,12
8789,"TWIST1,CDH1,SNAI2,TWIST2,ZEB1,GRHL2,NP63,miR-205,ZEB2,miR-200a,TGF-beta,GSC",N,12
8790,"TWIST1,CDH1,SNAI2,TWIST2,ZEB1,GRHL2,NP63,miR-205,ZEB2,miR-200a,TGF-beta,GSC,SNAI1",P,13
8791,"TWIST1,CDH1,SNAI2,TWIST2,ZEB1,GRHL2,NP63,miR-205,ZEB2,miR-200c,TGF-beta,SNAI1",N,12
8792,"TWIST1,CDH1,SNAI2,TWIST2,ZEB1,GRHL2,NP63,miR-205,ZEB2,miR-200c,TGF-beta,GSC",N,12
8793,"TWIST1,CDH1,SNAI2,TWIST2,ZEB1,GRHL2,NP63,miR-205,ZEB2,miR-200c,TGF-beta,GSC,SNAI1",P,13
8794,"TWIST1,CDH1,SNAI2,TWIST2,ZEB1,GRHL2,NP63,miR-205,ZEB2,miR-200b,TGF-beta,SNAI1",P,12
8795,"TWIST1,CDH1,SNAI2,TWIST2,ZEB1,GRHL2,NP63,miR-205,ZEB2,miR-200b,TGF-beta,GSC",P,12
8796,"TWIST1,CDH1,SNAI2,TWIST2,ZEB1,GRHL2,NP63,miR-205,ZEB2,miR-200b,TGF-beta,GSC,SNAI1",N,13
8797,"TWIST1,CDH1,SNAI2,TWIST2,ZEB1,GRHL2,OVOL2,TGF-beta,SNAI1",N,9
8798,"TWIST1,CDH1,SNAI2,TWIST2,ZEB1,GRHL2,OVOL2,TGF-beta,GSC",N,9
8799,"TWIST1,CDH1,SNAI2,TWIST2,ZEB1,GRHL2,OVOL2,TGF-beta,GSC,SNAI1",P,10
8800,"TWIST1,CDH1,SNAI2,TWIST2,ZEB1,GRHL2,OVOL2,NP63,miR-205,ZEB2,miR-200a,TGF-beta,SNAI1",N,13
8801,"TWIST1,CDH1,SNAI2,TWIST2,ZEB1,GRHL2,OVOL2,NP63,miR-205,ZEB2,miR-200a,TGF-beta,GSC",N,13
8802,"TWIST1,CDH1,SNAI2,TWIST2,ZEB1,GRHL2,OVOL2,NP63,miR-205,ZEB2,miR-200a,TGF-beta,GSC,SNAI1",P,14
8803,"TWIST1,CDH1,SNAI2,TWIST2,ZEB1,GRHL2,OVOL2,NP63,miR-205,ZEB2,miR-200c,TGF-beta,SNAI1",N,13
8804,"TWIST1,CDH1,SNAI2,TWIST2,ZEB1,GRHL2,OVOL2,NP63,miR-205,ZEB2,miR-200c,TGF-beta,GSC",N,13
8805,"TWIST1,CDH1,SNAI2,TWIST2,ZEB1,GRHL2,OVOL2,NP63,miR-205,ZEB2,miR-200c,TGF-beta,GSC,SNAI1",P,14
8806,"TWIST1,CDH1,SNAI2,TWIST2,ZEB1,GRHL2,OVOL2,NP63,miR-205,ZEB2,miR-200b,TGF-beta,SNAI1",P,13
8807,"TWIST1,CDH1,SNAI2,TWIST2,ZEB1,GRHL2,OVOL2,NP63,miR-205,ZEB2,miR-200b,TGF-beta,GSC",P,13
8808,"TWIST1,CDH1,SNAI2,TWIST2,ZEB1,GRHL2,OVOL2,NP63,miR-205,ZEB2,miR-200b,TGF-beta,GSC,SNAI1",N,14
8809,"TWIST1,CDH1,SNAI2,TWIST2,ZEB1,OVOL2,TGF-beta,SNAI1",P,8
8810,"TWIST1,CDH1,SNAI2,TWIST2,ZEB1,OVOL2,TGF-beta,GSC",P,8
8811,"TWIST1,CDH1,SNAI2,TWIST2,ZEB1,OVOL2,TGF-beta,GSC,SNAI1",N,9
8812,"TWIST1,CDH1,SNAI2,TWIST2,ZEB1,OVOL2,NP63,miR-205,ZEB2,miR-200a,TGF-beta,SNAI1",P,12
8813,"TWIST1,CDH1,SNAI2,TWIST2,ZEB1,OVOL2,NP63,miR-205,ZEB2,miR-200a,TGF-beta,GSC",P,12
8814,"TWIST1,CDH1,SNAI2,TWIST2,ZEB1,OVOL2,NP63,miR-205,ZEB2,miR-200a,TGF-beta,GSC,SNAI1",N,13
8815,"TWIST1,CDH1,SNAI2,TWIST2,ZEB1,OVOL2,NP63,miR-205,ZEB2,miR-200c,TGF-beta,SNAI1",P,12
8816,"TWIST1,CDH1,SNAI2,TWIST2,ZEB1,OVOL2,NP63,miR-205,ZEB2,miR-200c,TGF-beta,GSC",P,12
8817,"TWIST1,CDH1,SNAI2,TWIST2,ZEB1,OVOL2,NP63,miR-205,ZEB2,miR-200c,TGF-beta,GSC,SNAI1",N,13
8818,"TWIST1,CDH1,SNAI2,TWIST2,ZEB1,OVOL2,NP63,miR-205,ZEB2,miR-200b,TGF-beta,SNAI1",N,12
8819,"TWIST1,CDH1,SNAI2,TWIST2,ZEB1,OVOL2,NP63,miR-205,ZEB2,miR-200b,TGF-beta,GSC",N,12
8820,"TWIST1,CDH1,SNAI2,TWIST2,ZEB1,OVOL2,NP63,miR-205,ZEB2,miR-200b,TGF-beta,GSC,SNAI1",P,13
8821,"TWIST1,CDH1,SNAI2,TWIST2,ZEB1,miR-34a,SNAI1,miR-101,ZEB2,miR-200a,TGF-beta,GSC",P,12
8822,"TWIST1,CDH1,SNAI2,TWIST2,ZEB1,miR-34a,SNAI1,miR-101,ZEB2,miR-200c,TGF-beta,GSC",P,12
8823,"TWIST1,CDH1,SNAI2,TWIST2,ZEB1,miR-34a,SNAI1,miR-101,ZEB2,miR-200b,TGF-beta,GSC",N,12
8824,"TWIST1,CDH1,SNAI2,TWIST2,ZEB1,miR-34a,SNAI1,ZEB2,miR-200a,TGF-beta,GSC",N,11
8825,"TWIST1,CDH1,SNAI2,TWIST2,ZEB1,miR-34a,SNAI1,ZEB2,miR-200c,TGF-beta,GSC",N,11
8826,"TWIST1,CDH1,SNAI2,TWIST2,ZEB1,miR-34a,SNAI1,ZEB2,miR-200b,TGF-beta,GSC",P,11
8827,"TWIST1,CDH1,SNAI2,TWIST2,ZEB1,miR-34a,SNAI1",N,7
8828,"TWIST1,CDH1,SNAI2,TWIST2,ZEB1,miR-200a,TGF-beta,SNAI1",P,8
8829,"TWIST1,CDH1,SNAI2,TWIST2,ZEB1,miR-200a,TGF-beta,GSC",P,8
8830,"TWIST1,CDH1,SNAI2,TWIST2,ZEB1,miR-200a,TGF-beta,GSC,SNAI1",N,9
8831,"TWIST1,CDH1,SNAI2,TWIST2,ZEB1,miR-200a,ZEB2,miR-200c,TGF-beta,SNAI1",N,10
8832,"TWIST1,CDH1,SNAI2,TWIST2,ZEB1,miR-200a,ZEB2,miR-200c,TGF-beta,GSC",N,10
8833,"TWIST1,CDH1,SNAI2,TWIST2,ZEB1,miR-200a,ZEB2,miR-200c,TGF-beta,GSC,SNAI1",P,11
8834,"TWIST1,CDH1,SNAI2,TWIST2,ZEB1,miR-200a,ZEB2,miR-200b,TGF-beta,SNAI1",P,10
8835,"TWIST1,CDH1,SNAI2,TWIST2,ZEB1,miR-200a,ZEB2,miR-200b,TGF-beta,GSC",P,10
8836,"TWIST1,CDH1,SNAI2,TWIST2,ZEB1,miR-200a,ZEB2,miR-200b,TGF-beta,GSC,SNAI1",N,11
8837,"TWIST1,CDH1,SNAI2,TWIST2,ZEB1,miR-200c,TGF-beta,SNAI1",N,8
8838,"TWIST1,CDH1,SNAI2,TWIST2,ZEB1,miR-200c,TGF-beta,GSC",N,8
8839,"TWIST1,CDH1,SNAI2,TWIST2,ZEB1,miR-200c,TGF-beta,GSC,SNAI1",P,9
8840,"TWIST1,CDH1,SNAI2,TWIST2,ZEB1,miR-200c,ZEB2,miR-200a,TGF-beta,SNAI1",N,10
8841,"TWIST1,CDH1,SNAI2,TWIST2,ZEB1,miR-200c,ZEB2,miR-200a,TGF-beta,GSC",N,10
8842,"TWIST1,CDH1,SNAI2,TWIST2,ZEB1,miR-200c,ZEB2,miR-200a,TGF-beta,GSC,SNAI1",P,11
8843,"TWIST1,CDH1,SNAI2,TWIST2,ZEB1,miR-200c,ZEB2,miR-200b,TGF-beta,SNAI1",P,10
8844,"TWIST1,CDH1,SNAI2,TWIST2,ZEB1,miR-200c,ZEB2,miR-200b,TGF-beta,GSC",P,10
8845,"TWIST1,CDH1,SNAI2,TWIST2,ZEB1,miR-200c,ZEB2,miR-200b,TGF-beta,GSC,SNAI1",N,11
8846,"TWIST1,CDH1,SNAI2,TWIST2,ZEB1,miR-200b,TGF-beta,SNAI1",P,8
8847,"TWIST1,CDH1,SNAI2,TWIST2,ZEB1,miR-200b,TGF-beta,GSC",P,8
8848,"TWIST1,CDH1,SNAI2,TWIST2,ZEB1,miR-200b,TGF-beta,GSC,SNAI1",N,9
8849,"TWIST1,CDH1,SNAI2,TWIST2,ZEB1,miR-200b,ZEB2,miR-200a,TGF-beta,SNAI1",N,10
8850,"TWIST1,CDH1,SNAI2,TWIST2,ZEB1,miR-200b,ZEB2,miR-200a,TGF-beta,GSC",N,10
8851,"TWIST1,CDH1,SNAI2,TWIST2,ZEB1,miR-200b,ZEB2,miR-200a,TGF-beta,GSC,SNAI1",P,11
8852,"TWIST1,CDH1,SNAI2,TWIST2,ZEB1,miR-200b,ZEB2,miR-200c,TGF-beta,SNAI1",N,10
8853,"TWIST1,CDH1,SNAI2,TWIST2,ZEB1,miR-200b,ZEB2,miR-200c,TGF-beta,GSC",N,10
8854,"TWIST1,CDH1,SNAI2,TWIST2,ZEB1,miR-200b,ZEB2,miR-200c,TGF-beta,GSC,SNAI1",P,11
8855,"TWIST1,CDH1,SNAI2,TWIST2,ZEB1,miR-141,TGF-beta,SNAI1",P,8
8856,"TWIST1,CDH1,SNAI2,TWIST2,ZEB1,miR-141,TGF-beta,GSC",P,8
8857,"TWIST1,CDH1,SNAI2,TWIST2,ZEB1,miR-141,TGF-beta,GSC,SNAI1",N,9
8858,"TWIST1,CDH1,SNAI2,TWIST2,ZEB1,miR-141,ZEB2,miR-200a,TGF-beta,SNAI1",P,10
8859,"TWIST1,CDH1,SNAI2,TWIST2,ZEB1,miR-141,ZEB2,miR-200a,TGF-beta,GSC",P,10
8860,"TWIST1,CDH1,SNAI2,TWIST2,ZEB1,miR-141,ZEB2,miR-200a,TGF-beta,GSC,SNAI1",N,11
8861,"TWIST1,CDH1,SNAI2,TWIST2,ZEB1,miR-141,ZEB2,miR-200c,TGF-beta,SNAI1",P,10
8862,"TWIST1,CDH1,SNAI2,TWIST2,ZEB1,miR-141,ZEB2,miR-200c,TGF-beta,GSC",P,10
8863,"TWIST1,CDH1,SNAI2,TWIST2,ZEB1,miR-141,ZEB2,miR-200c,TGF-beta,GSC,SNAI1",N,11
8864,"TWIST1,CDH1,SNAI2,TWIST2,ZEB1,miR-141,ZEB2,miR-200b,TGF-beta,SNAI1",N,10
8865,"TWIST1,CDH1,SNAI2,TWIST2,ZEB1,miR-141,ZEB2,miR-200b,TGF-beta,GSC",N,10
8866,"TWIST1,CDH1,SNAI2,TWIST2,ZEB1,miR-141,ZEB2,miR-200b,TGF-beta,GSC,SNAI1",P,11
8867,"TWIST1,CDH1,SNAI2,TWIST2",P,4
8868,"TWIST1,CDH1,SNAI2,TWIST2,SNAI1,miR-101,ZEB2,miR-200a,TGF-beta,GSC",P,10
8869,"TWIST1,CDH1,SNAI2,TWIST2,SNAI1,miR-101,ZEB2,miR-200a,ZEB1,GRHL2,OVOL2,TGF-beta,GSC",P,13
8870,"TWIST1,CDH1,SNAI2,TWIST2,SNAI1,miR-101,ZEB2,miR-200a,ZEB1,OVOL2,TGF-beta,GSC",N,12
8871,"TWIST1,CDH1,SNAI2,TWIST2,SNAI1,miR-101,ZEB2,miR-200a,ZEB1,miR-200c,TGF-beta,GSC",P,12
8872,"TWIST1,CDH1,SNAI2,TWIST2,SNAI1,miR-101,ZEB2,miR-200a,ZEB1,miR-200b,TGF-beta,GSC",N,12
8873,"TWIST1,CDH1,SNAI2,TWIST2,SNAI1,miR-101,ZEB2,miR-200a,ZEB1,miR-141,TGF-beta,GSC",N,12
8874,"TWIST1,CDH1,SNAI2,TWIST2,SNAI1,miR-101,ZEB2,miR-200c,TGF-beta,GSC",P,10
8875,"TWIST1,CDH1,SNAI2,TWIST2,SNAI1,miR-101,ZEB2,miR-200c,ZEB1,GRHL2,OVOL2,TGF-beta,GSC",P,13
8876,"TWIST1,CDH1,SNAI2,TWIST2,SNAI1,miR-101,ZEB2,miR-200c,ZEB1,OVOL2,TGF-beta,GSC",N,12
8877,"TWIST1,CDH1,SNAI2,TWIST2,SNAI1,miR-101,ZEB2,miR-200c,ZEB1,miR-200a,TGF-beta,GSC",N,12
8878,"TWIST1,CDH1,SNAI2,TWIST2,SNAI1,miR-101,ZEB2,miR-200c,ZEB1,miR-200b,TGF-beta,GSC",N,12
8879,"TWIST1,CDH1,SNAI2,TWIST2,SNAI1,miR-101,ZEB2,miR-200c,ZEB1,miR-141,TGF-beta,GSC",N,12
8880,"TWIST1,CDH1,SNAI2,TWIST2,SNAI1,miR-101,ZEB2,miR-200b,TGF-beta,GSC",N,10
8881,"TWIST1,CDH1,SNAI2,TWIST2,SNAI1,miR-101,ZEB2,miR-200b,ZEB1,GRHL2,OVOL2,TGF-beta,GSC",P,13
8882,"TWIST1,CDH1,SNAI2,TWIST2,SNAI1,miR-101,ZEB2,miR-200b,ZEB1,OVOL2,TGF-beta,GSC",N,12
8883,"TWIST1,CDH1,SNAI2,TWIST2,SNAI1,miR-101,ZEB2,miR-200b,ZEB1,miR-200a,TGF-beta,GSC",N,12
8884,"TWIST1,CDH1,SNAI2,TWIST2,SNAI1,miR-101,ZEB2,miR-200b,ZEB1,miR-200c,TGF-beta,GSC",P,12
8885,"TWIST1,CDH1,SNAI2,TWIST2,SNAI1,miR-101,ZEB2,miR-200b,ZEB1,miR-141,TGF-beta,GSC",N,12
8886,"TWIST1,CDH1,SNAI2,TWIST2,SNAI1,miR-101,ZEB1,GRHL2,NP63,miR-205,ZEB2,miR-200a,TGF-beta,GSC",N,14
8887,"TWIST1,CDH1,SNAI2,TWIST2,SNAI1,miR-101,ZEB1,GRHL2,NP63,miR-205,ZEB2,miR-200c,TGF-beta,GSC",N,14
8888,"TWIST1,CDH1,SNAI2,TWIST2,SNAI1,miR-101,ZEB1,GRHL2,NP63,miR-205,ZEB2,miR-200b,TGF-beta,GSC",P,14
8889,"TWIST1,CDH1,SNAI2,TWIST2,SNAI1,miR-101,ZEB1,GRHL2,OVOL2,TGF-beta,GSC",N,11
8890,"TWIST1,CDH1,SNAI2,TWIST2,SNAI1,miR-101,ZEB1,GRHL2,OVOL2,NP63,miR-205,ZEB2,miR-200a,TGF-beta,GSC",N,15
8891,"TWIST1,CDH1,SNAI2,TWIST2,SNAI1,miR-101,ZEB1,GRHL2,OVOL2,NP63,miR-205,ZEB2,miR-200c,TGF-beta,GSC",N,15
8892,"TWIST1,CDH1,SNAI2,TWIST2,SNAI1,miR-101,ZEB1,GRHL2,OVOL2,NP63,miR-205,ZEB2,miR-200b,TGF-beta,GSC",P,15
8893,"TWIST1,CDH1,SNAI2,TWIST2,SNAI1,miR-101,ZEB1,OVOL2,TGF-beta,GSC",P,10
8894,"TWIST1,CDH1,SNAI2,TWIST2,SNAI1,miR-101,ZEB1,OVOL2,NP63,miR-205,ZEB2,miR-200a,TGF-beta,GSC",P,14
8895,"TWIST1,CDH1,SNAI2,TWIST2,SNAI1,miR-101,ZEB1,OVOL2,NP63,miR-205,ZEB2,miR-200c,TGF-beta,GSC",P,14
8896,"TWIST1,CDH1,SNAI2,TWIST2,SNAI1,miR-101,ZEB1,OVOL2,NP63,miR-205,ZEB2,miR-200b,TGF-beta,GSC",N,14
8897,"TWIST1,CDH1,SNAI2,TWIST2,SNAI1,miR-101,ZEB1,miR-200a,TGF-beta,GSC",P,10
8898,"TWIST1,CDH1,SNAI2,TWIST2,SNAI1,miR-101,ZEB1,miR-200a,ZEB2,miR-200c,TGF-beta,GSC",N,12
8899,"TWIST1,CDH1,SNAI2,TWIST2,SNAI1,miR-101,ZEB1,miR-200a,ZEB2,miR-200b,TGF-beta,GSC",P,12
8900,"TWIST1,CDH1,SNAI2,TWIST2,SNAI1,miR-101,ZEB1,miR-200c,TGF-beta,GSC",N,10
8901,"TWIST1,CDH1,SNAI2,TWIST2,SNAI1,miR-101,ZEB1,miR-200c,ZEB2,miR-200a,TGF-beta,GSC",N,12
8902,"TWIST1,CDH1,SNAI2,TWIST2,SNAI1,miR-101,ZEB1,miR-200c,ZEB2,miR-200b,TGF-beta,GSC",P,12
8903,"TWIST1,CDH1,SNAI2,TWIST2,SNAI1,miR-101,ZEB1,miR-200b,TGF-beta,GSC",P,10
8904,"TWIST1,CDH1,SNAI2,TWIST2,SNAI1,miR-101,ZEB1,miR-200b,ZEB2,miR-200a,TGF-beta,GSC",N,12
8905,"TWIST1,CDH1,SNAI2,TWIST2,SNAI1,miR-101,ZEB1,miR-200b,ZEB2,miR-200c,TGF-beta,GSC",N,12
8906,"TWIST1,CDH1,SNAI2,TWIST2,SNAI1,miR-101,ZEB1,miR-141,TGF-beta,GSC",P,10
8907,"TWIST1,CDH1,SNAI2,TWIST2,SNAI1,miR-101,ZEB1,miR-141,ZEB2,miR-200a,TGF-beta,GSC",P,12
8908,"TWIST1,CDH1,SNAI2,TWIST2,SNAI1,miR-101,ZEB1,miR-141,ZEB2,miR-200c,TGF-beta,GSC",P,12
8909,"TWIST1,CDH1,SNAI2,TWIST2,SNAI1,miR-101,ZEB1,miR-141,ZEB2,miR-200b,TGF-beta,GSC",N,12
8910,"TWIST1,CDH1,SNAI2,TWIST2,SNAI1,miR-34a,ZEB1,GRHL2,NP63,miR-205,ZEB2,miR-200a,TGF-beta,GSC",P,14
8911,"TWIST1,CDH1,SNAI2,TWIST2,SNAI1,miR-34a,ZEB1,GRHL2,NP63,miR-205,ZEB2,miR-200c,TGF-beta,GSC",P,14
8912,"TWIST1,CDH1,SNAI2,TWIST2,SNAI1,miR-34a,ZEB1,GRHL2,NP63,miR-205,ZEB2,miR-200b,TGF-beta,GSC",N,14
8913,"TWIST1,CDH1,SNAI2,TWIST2,SNAI1,miR-34a,ZEB1,GRHL2,OVOL2,TGF-beta,GSC",P,11
8914,"TWIST1,CDH1,SNAI2,TWIST2,SNAI1,miR-34a,ZEB1,GRHL2,OVOL2,NP63,miR-205,ZEB2,miR-200a,TGF-beta,GSC",P,15
8915,"TWIST1,CDH1,SNAI2,TWIST2,SNAI1,miR-34a,ZEB1,GRHL2,OVOL2,NP63,miR-205,ZEB2,miR-200c,TGF-beta,GSC",P,15
8916,"TWIST1,CDH1,SNAI2,TWIST2,SNAI1,miR-34a,ZEB1,GRHL2,OVOL2,NP63,miR-205,ZEB2,miR-200b,TGF-beta,GSC",N,15
8917,"TWIST1,CDH1,SNAI2,TWIST2,SNAI1,miR-34a,ZEB1,OVOL2,TGF-beta,GSC",N,10
8918,"TWIST1,CDH1,SNAI2,TWIST2,SNAI1,miR-34a,ZEB1,OVOL2,NP63,miR-205,ZEB2,miR-200a,TGF-beta,GSC",N,14
8919,"TWIST1,CDH1,SNAI2,TWIST2,SNAI1,miR-34a,ZEB1,OVOL2,NP63,miR-205,ZEB2,miR-200c,TGF-beta,GSC",N,14
8920,"TWIST1,CDH1,SNAI2,TWIST2,SNAI1,miR-34a,ZEB1,OVOL2,NP63,miR-205,ZEB2,miR-200b,TGF-beta,GSC",P,14
8921,"TWIST1,CDH1,SNAI2,TWIST2,SNAI1,miR-34a,ZEB1,miR-200a,TGF-beta,GSC",N,10
8922,"TWIST1,CDH1,SNAI2,TWIST2,SNAI1,miR-34a,ZEB1,miR-200a,ZEB2,miR-200c,TGF-beta,GSC",P,12
8923,"TWIST1,CDH1,SNAI2,TWIST2,SNAI1,miR-34a,ZEB1,miR-200a,ZEB2,miR-200b,TGF-beta,GSC",N,12
8924,"TWIST1,CDH1,SNAI2,TWIST2,SNAI1,miR-34a,ZEB1,miR-200c,TGF-beta,GSC",P,10
8925,"TWIST1,CDH1,SNAI2,TWIST2,SNAI1,miR-34a,ZEB1,miR-200c,ZEB2,miR-200a,TGF-beta,GSC",P,12
8926,"TWIST1,CDH1,SNAI2,TWIST2,SNAI1,miR-34a,ZEB1,miR-200c,ZEB2,miR-200b,TGF-beta,GSC",N,12
8927,"TWIST1,CDH1,SNAI2,TWIST2,SNAI1,miR-34a,ZEB1,miR-200b,TGF-beta,GSC",N,10
8928,"TWIST1,CDH1,SNAI2,TWIST2,SNAI1,miR-34a,ZEB1,miR-200b,ZEB2,miR-200a,TGF-beta,GSC",P,12
8929,"TWIST1,CDH1,SNAI2,TWIST2,SNAI1,miR-34a,ZEB1,miR-200b,ZEB2,miR-200c,TGF-beta,GSC",P,12
8930,"TWIST1,CDH1,SNAI2,TWIST2,SNAI1,miR-34a,ZEB1,miR-141,TGF-beta,GSC",N,10
8931,"TWIST1,CDH1,SNAI2,TWIST2,SNAI1,miR-34a,ZEB1,miR-141,ZEB2,miR-200a,TGF-beta,GSC",N,12
8932,"TWIST1,CDH1,SNAI2,TWIST2,SNAI1,miR-34a,ZEB1,miR-141,ZEB2,miR-200c,TGF-beta,GSC",N,12
8933,"TWIST1,CDH1,SNAI2,TWIST2,SNAI1,miR-34a,ZEB1,miR-141,ZEB2,miR-200b,TGF-beta,GSC",P,12
8934,"TWIST1,CDH1,SNAI2,TWIST2,SNAI1,ZEB2,miR-200a,TGF-beta,GSC",N,9
8935,"TWIST1,CDH1,SNAI2,TWIST2,SNAI1,ZEB2,miR-200a,ZEB1,GRHL2,OVOL2,TGF-beta,GSC",N,12
8936,"TWIST1,CDH1,SNAI2,TWIST2,SNAI1,ZEB2,miR-200a,ZEB1,OVOL2,TGF-beta,GSC",P,11
8937,"TWIST1,CDH1,SNAI2,TWIST2,SNAI1,ZEB2,miR-200a,ZEB1,miR-200c,TGF-beta,GSC",N,11
8938,"TWIST1,CDH1,SNAI2,TWIST2,SNAI1,ZEB2,miR-200a,ZEB1,miR-200b,TGF-beta,GSC",P,11
8939,"TWIST1,CDH1,SNAI2,TWIST2,SNAI1,ZEB2,miR-200a,ZEB1,miR-141,TGF-beta,GSC",P,11
8940,"TWIST1,CDH1,SNAI2,TWIST2,SNAI1,ZEB2,miR-200c,TGF-beta,GSC",N,9
8941,"TWIST1,CDH1,SNAI2,TWIST2,SNAI1,ZEB2,miR-200c,ZEB1,GRHL2,OVOL2,TGF-beta,GSC",N,12
8942,"TWIST1,CDH1,SNAI2,TWIST2,SNAI1,ZEB2,miR-200c,ZEB1,OVOL2,TGF-beta,GSC",P,11
8943,"TWIST1,CDH1,SNAI2,TWIST2,SNAI1,ZEB2,miR-200c,ZEB1,miR-200a,TGF-beta,GSC",P,11
8944,"TWIST1,CDH1,SNAI2,TWIST2,SNAI1,ZEB2,miR-200c,ZEB1,miR-200b,TGF-beta,GSC",P,11
8945,"TWIST1,CDH1,SNAI2,TWIST2,SNAI1,ZEB2,miR-200c,ZEB1,miR-141,TGF-beta,GSC",P,11
8946,"TWIST1,CDH1,SNAI2,TWIST2,SNAI1,ZEB2,miR-200b,TGF-beta,GSC",P,9
8947,"TWIST1,CDH1,SNAI2,TWIST2,SNAI1,ZEB2,miR-200b,ZEB1,GRHL2,OVOL2,TGF-beta,GSC",N,12
8948,"TWIST1,CDH1,SNAI2,TWIST2,SNAI1,ZEB2,miR-200b,ZEB1,OVOL2,TGF-beta,GSC",P,11
8949,"TWIST1,CDH1,SNAI2,TWIST2,SNAI1,ZEB2,miR-200b,ZEB1,miR-200a,TGF-beta,GSC",P,11
8950,"TWIST1,CDH1,SNAI2,TWIST2,SNAI1,ZEB2,miR-200b,ZEB1,miR-200c,TGF-beta,GSC",N,11
8951,"TWIST1,CDH1,SNAI2,TWIST2,SNAI1,ZEB2,miR-200b,ZEB1,miR-141,TGF-beta,GSC",P,11
8952,"TWIST1,CDH1,SNAI2,TWIST2,SNAI1,ZEB1,GRHL2,NP63,miR-205,ZEB2,miR-200a,TGF-beta,GSC",P,13
8953,"TWIST1,CDH1,SNAI2,TWIST2,SNAI1,ZEB1,GRHL2,NP63,miR-205,ZEB2,miR-200c,TGF-beta,GSC",P,13
8954,"TWIST1,CDH1,SNAI2,TWIST2,SNAI1,ZEB1,GRHL2,NP63,miR-205,ZEB2,miR-200b,TGF-beta,GSC",N,13
8955,"TWIST1,CDH1,SNAI2,TWIST2,SNAI1,ZEB1,GRHL2,OVOL2,TGF-beta,GSC",P,10
8956,"TWIST1,CDH1,SNAI2,TWIST2,SNAI1,ZEB1,GRHL2,OVOL2,NP63,miR-205,ZEB2,miR-200a,TGF-beta,GSC",P,14
8957,"TWIST1,CDH1,SNAI2,TWIST2,SNAI1,ZEB1,GRHL2,OVOL2,NP63,miR-205,ZEB2,miR-200c,TGF-beta,GSC",P,14
8958,"TWIST1,CDH1,SNAI2,TWIST2,SNAI1,ZEB1,GRHL2,OVOL2,NP63,miR-205,ZEB2,miR-200b,TGF-beta,GSC",N,14
8959,"TWIST1,CDH1,SNAI2,TWIST2,SNAI1,ZEB1,OVOL2,TGF-beta,GSC",N,9
8960,"TWIST1,CDH1,SNAI2,TWIST2,SNAI1,ZEB1,OVOL2,NP63,miR-205,ZEB2,miR-200a,TGF-beta,GSC",N,13
8961,"TWIST1,CDH1,SNAI2,TWIST2,SNAI1,ZEB1,OVOL2,NP63,miR-205,ZEB2,miR-200c,TGF-beta,GSC",N,13
8962,"TWIST1,CDH1,SNAI2,TWIST2,SNAI1,ZEB1,OVOL2,NP63,miR-205,ZEB2,miR-200b,TGF-beta,GSC",P,13
8963,"TWIST1,CDH1,SNAI2,TWIST2,SNAI1,ZEB1,miR-200a,TGF-beta,GSC",N,9
8964,"TWIST1,CDH1,SNAI2,TWIST2,SNAI1,ZEB1,miR-200a,ZEB2,miR-200c,TGF-beta,GSC",P,11
8965,"TWIST1,CDH1,SNAI2,TWIST2,SNAI1,ZEB1,miR-200a,ZEB2,miR-200b,TGF-beta,GSC",N,11
8966,"TWIST1,CDH1,SNAI2,TWIST2,SNAI1,ZEB1,miR-200c,TGF-beta,GSC",P,9
8967,"TWIST1,CDH1,SNAI2,TWIST2,SNAI1,ZEB1,miR-200c,ZEB2,miR-200a,TGF-beta,GSC",P,11
8968,"TWIST1,CDH1,SNAI2,TWIST2,SNAI1,ZEB1,miR-200c,ZEB2,miR-200b,TGF-beta,GSC",N,11
8969,"TWIST1,CDH1,SNAI2,TWIST2,SNAI1,ZEB1,miR-200b,TGF-beta,GSC",N,9
8970,"TWIST1,CDH1,SNAI2,TWIST2,SNAI1,ZEB1,miR-200b,ZEB2,miR-200a,TGF-beta,GSC",P,11
8971,"TWIST1,CDH1,SNAI2,TWIST2,SNAI1,ZEB1,miR-200b,ZEB2,miR-200c,TGF-beta,GSC",P,11
8972,"TWIST1,CDH1,SNAI2,TWIST2,SNAI1,ZEB1,miR-141,TGF-beta,GSC",N,9
8973,"TWIST1,CDH1,SNAI2,TWIST2,SNAI1,ZEB1,miR-141,ZEB2,miR-200a,TGF-beta,GSC",N,11
8974,"TWIST1,CDH1,SNAI2,TWIST2,SNAI1,ZEB1,miR-141,ZEB2,miR-200c,TGF-beta,GSC",N,11
8975,"TWIST1,CDH1,SNAI2,TWIST2,SNAI1,ZEB1,miR-141,ZEB2,miR-200b,TGF-beta,GSC",P,11
8976,"TWIST1,CDH1,SNAI2,TWIST2,SNAI1",N,5
8977,"CDH1,SNAI2,miR-200b,TGF-beta,SNAI1,miR-101,ZEB2,miR-200a,ZEB1,CLDN7",P,10
8978,"CDH1,SNAI2,miR-200b,TGF-beta,SNAI1,miR-101,ZEB2,miR-200a,ZEB1,GRHL2,OVOL2",N,11
8979,"CDH1,SNAI2,miR-200b,TGF-beta,SNAI1,miR-101,ZEB2,miR-200a,ZEB1,OVOL2",P,10
8980,"CDH1,SNAI2,miR-200b,TGF-beta,SNAI1,miR-101,ZEB2,miR-200a,ZEB1,miR-34a,TWIST2",N,11
8981,"CDH1,SNAI2,miR-200b,TGF-beta,SNAI1,miR-101,ZEB2,miR-200a,ZEB1",N,9
8982,"CDH1,SNAI2,miR-200b,TGF-beta,SNAI1,miR-101,ZEB2,miR-200c,ZEB1,CLDN7",P,10
8983,"CDH1,SNAI2,miR-200b,TGF-beta,SNAI1,miR-101,ZEB2,miR-200c,ZEB1,GRHL2,OVOL2",N,11
8984,"CDH1,SNAI2,miR-200b,TGF-beta,SNAI1,miR-101,ZEB2,miR-200c,ZEB1,OVOL2",P,10
8985,"CDH1,SNAI2,miR-200b,TGF-beta,SNAI1,miR-101,ZEB2,miR-200c,ZEB1,miR-34a,TWIST2",N,11
8986,"CDH1,SNAI2,miR-200b,TGF-beta,SNAI1,miR-101,ZEB2,miR-200c,ZEB1",N,9
8987,"CDH1,SNAI2,miR-200b,TGF-beta,SNAI1,miR-101,ZEB2",N,7
8988,"CDH1,SNAI2,miR-200b,TGF-beta,SNAI1,miR-101,ZEB1,CLDN7",N,8
8989,"CDH1,SNAI2,miR-200b,TGF-beta,SNAI1,miR-101,ZEB1,GRHL2,NP63,miR-205,ZEB2",P,11
8990,"CDH1,SNAI2,miR-200b,TGF-beta,SNAI1,miR-101,ZEB1,GRHL2,OVOL2,NP63,miR-205,ZEB2",P,12
8991,"CDH1,SNAI2,miR-200b,TGF-beta,SNAI1,miR-101,ZEB1,GRHL2,OVOL2",P,9
8992,"CDH1,SNAI2,miR-200b,TGF-beta,SNAI1,miR-101,ZEB1,OVOL2,NP63,miR-205,ZEB2",N,11
8993,"CDH1,SNAI2,miR-200b,TGF-beta,SNAI1,miR-101,ZEB1,OVOL2",N,8
8994,"CDH1,SNAI2,miR-200b,TGF-beta,SNAI1,miR-101,ZEB1,miR-34a,TWIST2,ZEB2",N,10
8995,"CDH1,SNAI2,miR-200b,TGF-beta,SNAI1,miR-101,ZEB1,miR-34a,TWIST2",P,9
8996,"CDH1,SNAI2,miR-200b,TGF-beta,SNAI1,miR-101,ZEB1,miR-200a,ZEB2",P,9
8997,"CDH1,SNAI2,miR-200b,TGF-beta,SNAI1,miR-101,ZEB1,miR-200c,ZEB2",P,9
8998,"CDH1,SNAI2,miR-200b,TGF-beta,SNAI1,miR-101,ZEB1,miR-141,ZEB2",N,9
8999,"CDH1,SNAI2,miR-200b,TGF-beta,SNAI1,miR-101,ZEB1",P,7
9000,"CDH1,SNAI2,miR-200b,TGF-beta,SNAI1,miR-34a,ZEB1,CLDN7",P,8
9001,"CDH1,SNAI2,miR-200b,TGF-beta,SNAI1,miR-34a,ZEB1,GRHL2,NP63,miR-205,ZEB2",N,11
9002,"CDH1,SNAI2,miR-200b,TGF-beta,SNAI1,miR-34a,ZEB1,GRHL2,OVOL2,NP63,miR-205,ZEB2",N,12
9003,"CDH1,SNAI2,miR-200b,TGF-beta,SNAI1,miR-34a,ZEB1,GRHL2,OVOL2",N,9
9004,"CDH1,SNAI2,miR-200b,TGF-beta,SNAI1,miR-34a,ZEB1,OVOL2,NP63,miR-205,ZEB2",P,11
9005,"CDH1,SNAI2,miR-200b,TGF-beta,SNAI1,miR-34a,ZEB1,OVOL2",P,8
9006,"CDH1,SNAI2,miR-200b,TGF-beta,SNAI1,miR-34a,ZEB1,miR-200a,ZEB2",N,9
9007,"CDH1,SNAI2,miR-200b,TGF-beta,SNAI1,miR-34a,ZEB1,miR-200c,ZEB2",N,9
9008,"CDH1,SNAI2,miR-200b,TGF-beta,SNAI1,miR-34a,ZEB1,miR-141,ZEB2",P,9
9009,"CDH1,SNAI2,miR-200b,TGF-beta,SNAI1,miR-34a,ZEB1",N,7
9010,"CDH1,SNAI2,miR-200b,TGF-beta,SNAI1,miR-34a,TWIST2,ZEB2,miR-200a,ZEB1,CLDN7",N,11
9011,"CDH1,SNAI2,miR-200b,TGF-beta,SNAI1,miR-34a,TWIST2,ZEB2,miR-200a,ZEB1,GRHL2,OVOL2",P,12
9012,"CDH1,SNAI2,miR-200b,TGF-beta,SNAI1,miR-34a,TWIST2,ZEB2,miR-200a,ZEB1,OVOL2",N,11
9013,"CDH1,SNAI2,miR-200b,TGF-beta,SNAI1,miR-34a,TWIST2,ZEB2,miR-200a,ZEB1",P,10
9014,"CDH1,SNAI2,miR-200b,TGF-beta,SNAI1,miR-34a,TWIST2,ZEB2,miR-200c,ZEB1,CLDN7",N,11
9015,"CDH1,SNAI2,miR-200b,TGF-beta,SNAI1,miR-34a,TWIST2,ZEB2,miR-200c,ZEB1,GRHL2,OVOL2",P,12
9016,"CDH1,SNAI2,miR-200b,TGF-beta,SNAI1,miR-34a,TWIST2,ZEB2,miR-200c,ZEB1,OVOL2",N,11
9017,"CDH1,SNAI2,miR-200b,TGF-beta,SNAI1,miR-34a,TWIST2,ZEB2,miR-200c,ZEB1",P,10
9018,"CDH1,SNAI2,miR-200b,TGF-beta,SNAI1,miR-34a,TWIST2,ZEB2",P,8
9019,"CDH1,SNAI2,miR-200b,TGF-beta,SNAI1,miR-34a,TWIST2,ZEB1,CLDN7",P,9
9020,"CDH1,SNAI2,miR-200b,TGF-beta,SNAI1,miR-34a,TWIST2,ZEB1,GRHL2,NP63,miR-205,ZEB2",N,12
9021,"CDH1,SNAI2,miR-200b,TGF-beta,SNAI1,miR-34a,TWIST2,ZEB1,GRHL2,OVOL2,NP63,miR-205,ZEB2",N,13
9022,"CDH1,SNAI2,miR-200b,TGF-beta,SNAI1,miR-34a,TWIST2,ZEB1,GRHL2,OVOL2",N,10
9023,"CDH1,SNAI2,miR-200b,TGF-beta,SNAI1,miR-34a,TWIST2,ZEB1,OVOL2,NP63,miR-205,ZEB2",P,12
9024,"CDH1,SNAI2,miR-200b,TGF-beta,SNAI1,miR-34a,TWIST2,ZEB1,OVOL2",P,9
9025,"CDH1,SNAI2,miR-200b,TGF-beta,SNAI1,miR-34a,TWIST2,ZEB1,miR-200a,ZEB2",N,10
9026,"CDH1,SNAI2,miR-200b,TGF-beta,SNAI1,miR-34a,TWIST2,ZEB1,miR-200c,ZEB2",N,10
9027,"CDH1,SNAI2,miR-200b,TGF-beta,SNAI1,miR-34a,TWIST2,ZEB1,miR-141,ZEB2",P,10
9028,"CDH1,SNAI2,miR-200b,TGF-beta,SNAI1,miR-34a,TWIST2,ZEB1",N,8
9029,"CDH1,SNAI2,miR-200b,TGF-beta,SNAI1,miR-34a,TWIST2",N,7
9030,"CDH1,SNAI2,miR-200b,TGF-beta,SNAI1,ZEB2,miR-200a,ZEB1,CLDN7",N,9
9031,"CDH1,SNAI2,miR-200b,TGF-beta,SNAI1,ZEB2,miR-200a,ZEB1,GRHL2,OVOL2",P,10
9032,"CDH1,SNAI2,miR-200b,TGF-beta,SNAI1,ZEB2,miR-200a,ZEB1,OVOL2",N,9
9033,"CDH1,SNAI2,miR-200b,TGF-beta,SNAI1,ZEB2,miR-200a,ZEB1,miR-34a,TWIST2",P,10
9034,"CDH1,SNAI2,miR-200b,TGF-beta,SNAI1,ZEB2,miR-200a,ZEB1",P,8
9035,"CDH1,SNAI2,miR-200b,TGF-beta,SNAI1,ZEB2,miR-200c,ZEB1,CLDN7",N,9
9036,"CDH1,SNAI2,miR-200b,TGF-beta,SNAI1,ZEB2,miR-200c,ZEB1,GRHL2,OVOL2",P,10
9037,"CDH1,SNAI2,miR-200b,TGF-beta,SNAI1,ZEB2,miR-200c,ZEB1,OVOL2",N,9
9038,"CDH1,SNAI2,miR-200b,TGF-beta,SNAI1,ZEB2,miR-200c,ZEB1,miR-34a,TWIST2",P,10
9039,"CDH1,SNAI2,miR-200b,TGF-beta,SNAI1,ZEB2,miR-200c,ZEB1",P,8
9040,"CDH1,SNAI2,miR-200b,TGF-beta,SNAI1,ZEB2",P,6
9041,"CDH1,SNAI2,miR-200b,TGF-beta,SNAI1,ZEB1,CLDN7",P,7
9042,"CDH1,SNAI2,miR-200b,TGF-beta,SNAI1,ZEB1,GRHL2,NP63,miR-205,ZEB2",N,10
9043,"CDH1,SNAI2,miR-200b,TGF-beta,SNAI1,ZEB1,GRHL2,OVOL2,NP63,miR-205,ZEB2",N,11
9044,"CDH1,SNAI2,miR-200b,TGF-beta,SNAI1,ZEB1,GRHL2,OVOL2",N,8
9045,"CDH1,SNAI2,miR-200b,TGF-beta,SNAI1,ZEB1,OVOL2,NP63,miR-205,ZEB2",P,10
9046,"CDH1,SNAI2,miR-200b,TGF-beta,SNAI1,ZEB1,OVOL2",P,7
9047,"CDH1,SNAI2,miR-200b,TGF-beta,SNAI1,ZEB1,miR-34a,TWIST2,ZEB2",P,9
9048,"CDH1,SNAI2,miR-200b,TGF-beta,SNAI1,ZEB1,miR-34a,TWIST2",N,8
9049,"CDH1,SNAI2,miR-200b,TGF-beta,SNAI1,ZEB1,miR-200a,ZEB2",N,8
9050,"CDH1,SNAI2,miR-200b,TGF-beta,SNAI1,ZEB1,miR-200c,ZEB2",N,8
9051,"CDH1,SNAI2,miR-200b,TGF-beta,SNAI1,ZEB1,miR-141,ZEB2",P,8
9052,"CDH1,SNAI2,miR-200b,TGF-beta,SNAI1,ZEB1",N,6
9053,"CDH1,SNAI2,miR-200b,TGF-beta,SNAI1",N,5
9054,"CDH1,SNAI2,miR-200b,TGF-beta,GSC,ZEB2,miR-200a,ZEB1,CLDN7",N,9
9055,"CDH1,SNAI2,miR-200b,TGF-beta,GSC,ZEB2,miR-200a,ZEB1,GRHL2,OVOL2",P,10
9056,"CDH1,SNAI2,miR-200b,TGF-beta,GSC,ZEB2,miR-200a,ZEB1,OVOL2",N,9
9057,"CDH1,SNAI2,miR-200b,TGF-beta,GSC,ZEB2,miR-200a,ZEB1,miR-34a,TWIST2,SNAI1",N,11
9058,"CDH1,SNAI2,miR-200b,TGF-beta,GSC,ZEB2,miR-200a,ZEB1,miR-34a,TWIST2",P,10
9059,"CDH1,SNAI2,miR-200b,TGF-beta,GSC,ZEB2,miR-200a,ZEB1,miR-34a,SNAI1",N,10
9060,"CDH1,SNAI2,miR-200b,TGF-beta,GSC,ZEB2,miR-200a,ZEB1",P,8
9061,"CDH1,SNAI2,miR-200b,TGF-beta,GSC,ZEB2,miR-200c,ZEB1,CLDN7",N,9
9062,"CDH1,SNAI2,miR-200b,TGF-beta,GSC,ZEB2,miR-200c,ZEB1,GRHL2,OVOL2",P,10
9063,"CDH1,SNAI2,miR-200b,TGF-beta,GSC,ZEB2,miR-200c,ZEB1,OVOL2",N,9
9064,"CDH1,SNAI2,miR-200b,TGF-beta,GSC,ZEB2,miR-200c,ZEB1,miR-34a,TWIST2,SNAI1",N,11
9065,"CDH1,SNAI2,miR-200b,TGF-beta,GSC,ZEB2,miR-200c,ZEB1,miR-34a,TWIST2",P,10
9066,"CDH1,SNAI2,miR-200b,TGF-beta,GSC,ZEB2,miR-200c,ZEB1,miR-34a,SNAI1",N,10
9067,"CDH1,SNAI2,miR-200b,TGF-beta,GSC,ZEB2,miR-200c,ZEB1",P,8
9068,"CDH1,SNAI2,miR-200b,TGF-beta,GSC,ZEB2",P,6
9069,"CDH1,SNAI2,miR-200b,TGF-beta,GSC,ZEB1,CLDN7",N,7
9070,"CDH1,SNAI2,miR-200b,TGF-beta,GSC,ZEB1,GRHL2,NP63,miR-205,ZEB2",P,10
9071,"CDH1,SNAI2,miR-200b,TGF-beta,GSC,ZEB1,GRHL2,OVOL2,NP63,miR-205,ZEB2",P,11
9072,"CDH1,SNAI2,miR-200b,TGF-beta,GSC,ZEB1,GRHL2,OVOL2",P,8
9073,"CDH1,SNAI2,miR-200b,TGF-beta,GSC,ZEB1,OVOL2,NP63,miR-205,ZEB2",N,10
9074,"CDH1,SNAI2,miR-200b,TGF-beta,GSC,ZEB1,OVOL2",N,7
9075,"CDH1,SNAI2,miR-200b,TGF-beta,GSC,ZEB1,miR-34a,TWIST2,ZEB2",N,9
9076,"CDH1,SNAI2,miR-200b,TGF-beta,GSC,ZEB1,miR-34a,TWIST2,SNAI1,miR-101,ZEB2",N,11
9077,"CDH1,SNAI2,miR-200b,TGF-beta,GSC,ZEB1,miR-34a,TWIST2,SNAI1,ZEB2",P,10
9078,"CDH1,SNAI2,miR-200b,TGF-beta,GSC,ZEB1,miR-34a,TWIST2,SNAI1",N,9
9079,"CDH1,SNAI2,miR-200b,TGF-beta,GSC,ZEB1,miR-34a,TWIST2",P,8
9080,"CDH1,SNAI2,miR-200b,TGF-beta,GSC,ZEB1,miR-34a,SNAI1,miR-101,ZEB2",N,10
9081,"CDH1,SNAI2,miR-200b,TGF-beta,GSC,ZEB1,miR-34a,SNAI1,ZEB2",P,9
9082,"CDH1,SNAI2,miR-200b,TGF-beta,GSC,ZEB1,miR-34a,SNAI1",N,8
9083,"CDH1,SNAI2,miR-200b,TGF-beta,GSC,ZEB1,miR-200a,ZEB2",P,8
9084,"CDH1,SNAI2,miR-200b,TGF-beta,GSC,ZEB1,miR-200c,ZEB2",P,8
9085,"CDH1,SNAI2,miR-200b,TGF-beta,GSC,ZEB1,miR-141,ZEB2",N,8
9086,"CDH1,SNAI2,miR-200b,TGF-beta,GSC,ZEB1",P,6
9087,"CDH1,SNAI2,miR-200b,TGF-beta,GSC,SNAI1,miR-101,ZEB2,miR-200a,ZEB1,CLDN7",N,11
9088,"CDH1,SNAI2,miR-200b,TGF-beta,GSC,SNAI1,miR-101,ZEB2,miR-200a,ZEB1,GRHL2,OVOL2",P,12
9089,"CDH1,SNAI2,miR-200b,TGF-beta,GSC,SNAI1,miR-101,ZEB2,miR-200a,ZEB1,OVOL2",N,11
9090,"CDH1,SNAI2,miR-200b,TGF-beta,GSC,SNAI1,miR-101,ZEB2,miR-200a,ZEB1,miR-34a,TWIST2",P,12
9091,"CDH1,SNAI2,miR-200b,TGF-beta,GSC,SNAI1,miR-101,ZEB2,miR-200a,ZEB1",P,10
9092,"CDH1,SNAI2,miR-200b,TGF-beta,GSC,SNAI1,miR-101,ZEB2,miR-200c,ZEB1,CLDN7",N,11
9093,"CDH1,SNAI2,miR-200b,TGF-beta,GSC,SNAI1,miR-101,ZEB2,miR-200c,ZEB1,GRHL2,OVOL2",P,12
9094,"CDH1,SNAI2,miR-200b,TGF-beta,GSC,SNAI1,miR-101,ZEB2,miR-200c,ZEB1,OVOL2",N,11
9095,"CDH1,SNAI2,miR-200b,TGF-beta,GSC,SNAI1,miR-101,ZEB2,miR-200c,ZEB1,miR-34a,TWIST2",P,12
9096,"CDH1,SNAI2,miR-200b,TGF-beta,GSC,SNAI1,miR-101,ZEB2,miR-200c,ZEB1",P,10
9097,"CDH1,SNAI2,miR-200b,TGF-beta,GSC,SNAI1,miR-101,ZEB2",P,8
9098,"CDH1,SNAI2,miR-200b,TGF-beta,GSC,SNAI1,miR-101,ZEB1,CLDN7",P,9
9099,"CDH1,SNAI2,miR-200b,TGF-beta,GSC,SNAI1,miR-101,ZEB1,GRHL2,NP63,miR-205,ZEB2",N,12
9100,"CDH1,SNAI2,miR-200b,TGF-beta,GSC,SNAI1,miR-101,ZEB1,GRHL2,OVOL2,NP63,miR-205,ZEB2",N,13
9101,"CDH1,SNAI2,miR-200b,TGF-beta,GSC,SNAI1,miR-101,ZEB1,GRHL2,OVOL2",N,10
9102,"CDH1,SNAI2,miR-200b,TGF-beta,GSC,SNAI1,miR-101,ZEB1,OVOL2,NP63,miR-205,ZEB2",P,12
9103,"CDH1,SNAI2,miR-200b,TGF-beta,GSC,SNAI1,miR-101,ZEB1,OVOL2",P,9
9104,"CDH1,SNAI2,miR-200b,TGF-beta,GSC,SNAI1,miR-101,ZEB1,miR-34a,TWIST2,ZEB2",P,11
9105,"CDH1,SNAI2,miR-200b,TGF-beta,GSC,SNAI1,miR-101,ZEB1,miR-34a,TWIST2",N,10
9106,"CDH1,SNAI2,miR-200b,TGF-beta,GSC,SNAI1,miR-101,ZEB1,miR-200a,ZEB2",N,10
9107,"CDH1,SNAI2,miR-200b,TGF-beta,GSC,SNAI1,miR-101,ZEB1,miR-200c,ZEB2",N,10
9108,"CDH1,SNAI2,miR-200b,TGF-beta,GSC,SNAI1,miR-101,ZEB1,miR-141,ZEB2",P,10
9109,"CDH1,SNAI2,miR-200b,TGF-beta,GSC,SNAI1,miR-101,ZEB1",N,8
9110,"CDH1,SNAI2,miR-200b,TGF-beta,GSC,SNAI1,miR-34a,ZEB1,CLDN7",N,9
9111,"CDH1,SNAI2,miR-200b,TGF-beta,GSC,SNAI1,miR-34a,ZEB1,GRHL2,NP63,miR-205,ZEB2",P,12
9112,"CDH1,SNAI2,miR-200b,TGF-beta,GSC,SNAI1,miR-34a,ZEB1,GRHL2,OVOL2,NP63,miR-205,ZEB2",P,13
9113,"CDH1,SNAI2,miR-200b,TGF-beta,GSC,SNAI1,miR-34a,ZEB1,GRHL2,OVOL2",P,10
9114,"CDH1,SNAI2,miR-200b,TGF-beta,GSC,SNAI1,miR-34a,ZEB1,OVOL2,NP63,miR-205,ZEB2",N,12
9115,"CDH1,SNAI2,miR-200b,TGF-beta,GSC,SNAI1,miR-34a,ZEB1,OVOL2",N,9
9116,"CDH1,SNAI2,miR-200b,TGF-beta,GSC,SNAI1,miR-34a,ZEB1,miR-200a,ZEB2",P,10
9117,"CDH1,SNAI2,miR-200b,TGF-beta,GSC,SNAI1,miR-34a,ZEB1,miR-200c,ZEB2",P,10
9118,"CDH1,SNAI2,miR-200b,TGF-beta,GSC,SNAI1,miR-34a,ZEB1,miR-141,ZEB2",N,10
9119,"CDH1,SNAI2,miR-200b,TGF-beta,GSC,SNAI1,miR-34a,ZEB1",P,8
9120,"CDH1,SNAI2,miR-200b,TGF-beta,GSC,SNAI1,miR-34a,TWIST2,ZEB2,miR-200a,ZEB1,CLDN7",P,12
9121,"CDH1,SNAI2,miR-200b,TGF-beta,GSC,SNAI1,miR-34a,TWIST2,ZEB2,miR-200a,ZEB1,GRHL2,OVOL2",N,13
9122,"CDH1,SNAI2,miR-200b,TGF-beta,GSC,SNAI1,miR-34a,TWIST2,ZEB2,miR-200a,ZEB1,OVOL2",P,12
9123,"CDH1,SNAI2,miR-200b,TGF-beta,GSC,SNAI1,miR-34a,TWIST2,ZEB2,miR-200a,ZEB1",N,11
9124,"CDH1,SNAI2,miR-200b,TGF-beta,GSC,SNAI1,miR-34a,TWIST2,ZEB2,miR-200c,ZEB1,CLDN7",P,12
9125,"CDH1,SNAI2,miR-200b,TGF-beta,GSC,SNAI1,miR-34a,TWIST2,ZEB2,miR-200c,ZEB1,GRHL2,OVOL2",N,13
9126,"CDH1,SNAI2,miR-200b,TGF-beta,GSC,SNAI1,miR-34a,TWIST2,ZEB2,miR-200c,ZEB1,OVOL2",P,12
9127,"CDH1,SNAI2,miR-200b,TGF-beta,GSC,SNAI1,miR-34a,TWIST2,ZEB2,miR-200c,ZEB1",N,11
9128,"CDH1,SNAI2,miR-200b,TGF-beta,GSC,SNAI1,miR-34a,TWIST2,ZEB2",N,9
9129,"CDH1,SNAI2,miR-200b,TGF-beta,GSC,SNAI1,miR-34a,TWIST2,ZEB1,CLDN7",N,10
9130,"CDH1,SNAI2,miR-200b,TGF-beta,GSC,SNAI1,miR-34a,TWIST2,ZEB1,GRHL2,NP63,miR-205,ZEB2",P,13
9131,"CDH1,SNAI2,miR-200b,TGF-beta,GSC,SNAI1,miR-34a,TWIST2,ZEB1,GRHL2,OVOL2,NP63,miR-205,ZEB2",P,14
9132,"CDH1,SNAI2,miR-200b,TGF-beta,GSC,SNAI1,miR-34a,TWIST2,ZEB1,GRHL2,OVOL2",P,11
9133,"CDH1,SNAI2,miR-200b,TGF-beta,GSC,SNAI1,miR-34a,TWIST2,ZEB1,OVOL2,NP63,miR-205,ZEB2",N,13
9134,"CDH1,SNAI2,miR-200b,TGF-beta,GSC,SNAI1,miR-34a,TWIST2,ZEB1,OVOL2",N,10
9135,"CDH1,SNAI2,miR-200b,TGF-beta,GSC,SNAI1,miR-34a,TWIST2,ZEB1,miR-200a,ZEB2",P,11
9136,"CDH1,SNAI2,miR-200b,TGF-beta,GSC,SNAI1,miR-34a,TWIST2,ZEB1,miR-200c,ZEB2",P,11
9137,"CDH1,SNAI2,miR-200b,TGF-beta,GSC,SNAI1,miR-34a,TWIST2,ZEB1,miR-141,ZEB2",N,11
9138,"CDH1,SNAI2,miR-200b,TGF-beta,GSC,SNAI1,miR-34a,TWIST2,ZEB1",P,9
9139,"CDH1,SNAI2,miR-200b,TGF-beta,GSC,SNAI1,miR-34a,TWIST2",P,8
9140,"CDH1,SNAI2,miR-200b,TGF-beta,GSC,SNAI1,ZEB2,miR-200a,ZEB1,CLDN7",P,10
9141,"CDH1,SNAI2,miR-200b,TGF-beta,GSC,SNAI1,ZEB2,miR-200a,ZEB1,GRHL2,OVOL2",N,11
9142,"CDH1,SNAI2,miR-200b,TGF-beta,GSC,SNAI1,ZEB2,miR-200a,ZEB1,OVOL2",P,10
9143,"CDH1,SNAI2,miR-200b,TGF-beta,GSC,SNAI1,ZEB2,miR-200a,ZEB1,miR-34a,TWIST2",N,11
9144,"CDH1,SNAI2,miR-200b,TGF-beta,GSC,SNAI1,ZEB2,miR-200a,ZEB1",N,9
9145,"CDH1,SNAI2,miR-200b,TGF-beta,GSC,SNAI1,ZEB2,miR-200c,ZEB1,CLDN7",P,10
9146,"CDH1,SNAI2,miR-200b,TGF-beta,GSC,SNAI1,ZEB2,miR-200c,ZEB1,GRHL2,OVOL2",N,11
9147,"CDH1,SNAI2,miR-200b,TGF-beta,GSC,SNAI1,ZEB2,miR-200c,ZEB1,OVOL2",P,10
9148,"CDH1,SNAI2,miR-200b,TGF-beta,GSC,SNAI1,ZEB2,miR-200c,ZEB1,miR-34a,TWIST2",N,11
9149,"CDH1,SNAI2,miR-200b,TGF-beta,GSC,SNAI1,ZEB2,miR-200c,ZEB1",N,9
9150,"CDH1,SNAI2,miR-200b,TGF-beta,GSC,SNAI1,ZEB2",N,7
9151,"CDH1,SNAI2,miR-200b,TGF-beta,GSC,SNAI1,ZEB1,CLDN7",N,8
9152,"CDH1,SNAI2,miR-200b,TGF-beta,GSC,SNAI1,ZEB1,GRHL2,NP63,miR-205,ZEB2",P,11
9153,"CDH1,SNAI2,miR-200b,TGF-beta,GSC,SNAI1,ZEB1,GRHL2,OVOL2,NP63,miR-205,ZEB2",P,12
9154,"CDH1,SNAI2,miR-200b,TGF-beta,GSC,SNAI1,ZEB1,GRHL2,OVOL2",P,9
9155,"CDH1,SNAI2,miR-200b,TGF-beta,GSC,SNAI1,ZEB1,OVOL2,NP63,miR-205,ZEB2",N,11
9156,"CDH1,SNAI2,miR-200b,TGF-beta,GSC,SNAI1,ZEB1,OVOL2",N,8
9157,"CDH1,SNAI2,miR-200b,TGF-beta,GSC,SNAI1,ZEB1,miR-34a,TWIST2,ZEB2",N,10
9158,"CDH1,SNAI2,miR-200b,TGF-beta,GSC,SNAI1,ZEB1,miR-34a,TWIST2",P,9
9159,"CDH1,SNAI2,miR-200b,TGF-beta,GSC,SNAI1,ZEB1,miR-200a,ZEB2",P,9
9160,"CDH1,SNAI2,miR-200b,TGF-beta,GSC,SNAI1,ZEB1,miR-200c,ZEB2",P,9
9161,"CDH1,SNAI2,miR-200b,TGF-beta,GSC,SNAI1,ZEB1,miR-141,ZEB2",N,9
9162,"CDH1,SNAI2,miR-200b,TGF-beta,GSC,SNAI1,ZEB1",P,7
9163,"CDH1,SNAI2,miR-200b,TGF-beta,GSC,SNAI1",P,6
9164,"CDH1,SNAI2,miR-200b,ZEB2,miR-200a,TGF-beta,SNAI1,miR-101,ZEB1,CLDN7",P,10
9165,"CDH1,SNAI2,miR-200b,ZEB2,miR-200a,TGF-beta,SNAI1,miR-101,ZEB1,GRHL2,OVOL2",N,11
9166,"CDH1,SNAI2,miR-200b,ZEB2,miR-200a,TGF-beta,SNAI1,miR-101,ZEB1,OVOL2",P,10
9167,"CDH1,SNAI2,miR-200b,ZEB2,miR-200a,TGF-beta,SNAI1,miR-101,ZEB1,miR-34a,TWIST2",N,11
9168,"CDH1,SNAI2,miR-200b,ZEB2,miR-200a,TGF-beta,SNAI1,miR-101,ZEB1",N,9
9169,"CDH1,SNAI2,miR-200b,ZEB2,miR-200a,TGF-beta,SNAI1,miR-34a,ZEB1,CLDN7",N,10
9170,"CDH1,SNAI2,miR-200b,ZEB2,miR-200a,TGF-beta,SNAI1,miR-34a,ZEB1,GRHL2,OVOL2",P,11
9171,"CDH1,SNAI2,miR-200b,ZEB2,miR-200a,TGF-beta,SNAI1,miR-34a,ZEB1,OVOL2",N,10
9172,"CDH1,SNAI2,miR-200b,ZEB2,miR-200a,TGF-beta,SNAI1,miR-34a,ZEB1",P,9
9173,"CDH1,SNAI2,miR-200b,ZEB2,miR-200a,TGF-beta,SNAI1,miR-34a,TWIST2,ZEB1,CLDN7",N,11
9174,"CDH1,SNAI2,miR-200b,ZEB2,miR-200a,TGF-beta,SNAI1,miR-34a,TWIST2,ZEB1,GRHL2,OVOL2",P,12
9175,"CDH1,SNAI2,miR-200b,ZEB2,miR-200a,TGF-beta,SNAI1,miR-34a,TWIST2,ZEB1,OVOL2",N,11
9176,"CDH1,SNAI2,miR-200b,ZEB2,miR-200a,TGF-beta,SNAI1,miR-34a,TWIST2,ZEB1",P,10
9177,"CDH1,SNAI2,miR-200b,ZEB2,miR-200a,TGF-beta,SNAI1,miR-34a,TWIST2",P,9
9178,"CDH1,SNAI2,miR-200b,ZEB2,miR-200a,TGF-beta,SNAI1,ZEB1,CLDN7",N,9
9179,"CDH1,SNAI2,miR-200b,ZEB2,miR-200a,TGF-beta,SNAI1,ZEB1,GRHL2,OVOL2",P,10
9180,"CDH1,SNAI2,miR-200b,ZEB2,miR-200a,TGF-beta,SNAI1,ZEB1,OVOL2",N,9
9181,"CDH1,SNAI2,miR-200b,ZEB2,miR-200a,TGF-beta,SNAI1,ZEB1,miR-34a,TWIST2",P,10
9182,"CDH1,SNAI2,miR-200b,ZEB2,miR-200a,TGF-beta,SNAI1,ZEB1",P,8
9183,"CDH1,SNAI2,miR-200b,ZEB2,miR-200a,TGF-beta,SNAI1",P,7
9184,"CDH1,SNAI2,miR-200b,ZEB2,miR-200a,TGF-beta,GSC,ZEB1,CLDN7",P,9
9185,"CDH1,SNAI2,miR-200b,ZEB2,miR-200a,TGF-beta,GSC,ZEB1,GRHL2,OVOL2",N,10
9186,"CDH1,SNAI2,miR-200b,ZEB2,miR-200a,TGF-beta,GSC,ZEB1,OVOL2",P,9
9187,"CDH1,SNAI2,miR-200b,ZEB2,miR-200a,TGF-beta,GSC,ZEB1,miR-34a,TWIST2,SNAI1",P,11
9188,"CDH1,SNAI2,miR-200b,ZEB2,miR-200a,TGF-beta,GSC,ZEB1,miR-34a,TWIST2",N,10
9189,"CDH1,SNAI2,miR-200b,ZEB2,miR-200a,TGF-beta,GSC,ZEB1,miR-34a,SNAI1",P,10
9190,"CDH1,SNAI2,miR-200b,ZEB2,miR-200a,TGF-beta,GSC,ZEB1",N,8
9191,"CDH1,SNAI2,miR-200b,ZEB2,miR-200a,TGF-beta,GSC,SNAI1,miR-101,ZEB1,CLDN7",N,11
9192,"CDH1,SNAI2,miR-200b,ZEB2,miR-200a,TGF-beta,GSC,SNAI1,miR-101,ZEB1,GRHL2,OVOL2",P,12
9193,"CDH1,SNAI2,miR-200b,ZEB2,miR-200a,TGF-beta,GSC,SNAI1,miR-101,ZEB1,OVOL2",N,11
9194,"CDH1,SNAI2,miR-200b,ZEB2,miR-200a,TGF-beta,GSC,SNAI1,miR-101,ZEB1,miR-34a,TWIST2",P,12
9195,"CDH1,SNAI2,miR-200b,ZEB2,miR-200a,TGF-beta,GSC,SNAI1,miR-101,ZEB1",P,10
9196,"CDH1,SNAI2,miR-200b,ZEB2,miR-200a,TGF-beta,GSC,SNAI1,miR-34a,ZEB1,CLDN7",P,11
9197,"CDH1,SNAI2,miR-200b,ZEB2,miR-200a,TGF-beta,GSC,SNAI1,miR-34a,ZEB1,GRHL2,OVOL2",N,12
9198,"CDH1,SNAI2,miR-200b,ZEB2,miR-200a,TGF-beta,GSC,SNAI1,miR-34a,ZEB1,OVOL2",P,11
9199,"CDH1,SNAI2,miR-200b,ZEB2,miR-200a,TGF-beta,GSC,SNAI1,miR-34a,ZEB1",N,10
9200,"CDH1,SNAI2,miR-200b,ZEB2,miR-200a,TGF-beta,GSC,SNAI1,miR-34a,TWIST2,ZEB1,CLDN7",P,12
9201,"CDH1,SNAI2,miR-200b,ZEB2,miR-200a,TGF-beta,GSC,SNAI1,miR-34a,TWIST2,ZEB1,GRHL2,OVOL2",N,13
9202,"CDH1,SNAI2,miR-200b,ZEB2,miR-200a,TGF-beta,GSC,SNAI1,miR-34a,TWIST2,ZEB1,OVOL2",P,12
9203,"CDH1,SNAI2,miR-200b,ZEB2,miR-200a,TGF-beta,GSC,SNAI1,miR-34a,TWIST2,ZEB1",N,11
9204,"CDH1,SNAI2,miR-200b,ZEB2,miR-200a,TGF-beta,GSC,SNAI1,miR-34a,TWIST2",N,10
9205,"CDH1,SNAI2,miR-200b,ZEB2,miR-200a,TGF-beta,GSC,SNAI1,ZEB1,CLDN7",P,10
9206,"CDH1,SNAI2,miR-200b,ZEB2,miR-200a,TGF-beta,GSC,SNAI1,ZEB1,GRHL2,OVOL2",N,11
9207,"CDH1,SNAI2,miR-200b,ZEB2,miR-200a,TGF-beta,GSC,SNAI1,ZEB1,OVOL2",P,10
9208,"CDH1,SNAI2,miR-200b,ZEB2,miR-200a,TGF-beta,GSC,SNAI1,ZEB1,miR-34a,TWIST2",N,11
9209,"CDH1,SNAI2,miR-200b,ZEB2,miR-200a,TGF-beta,GSC,SNAI1,ZEB1",N,9
9210,"CDH1,SNAI2,miR-200b,ZEB2,miR-200a,TGF-beta,GSC,SNAI1",N,8
9211,"CDH1,SNAI2,miR-200b,ZEB2,miR-200a,ZEB1,CLDN7",P,7
9212,"CDH1,SNAI2,miR-200b,ZEB2,miR-200a,ZEB1,GRHL2,OVOL2,TGF-beta,SNAI1,miR-34a,TWIST2",P,12
9213,"CDH1,SNAI2,miR-200b,ZEB2,miR-200a,ZEB1,GRHL2,OVOL2,TGF-beta,SNAI1",P,10
9214,"CDH1,SNAI2,miR-200b,ZEB2,miR-200a,ZEB1,GRHL2,OVOL2,TGF-beta,GSC,SNAI1,miR-34a,TWIST2",N,13
9215,"CDH1,SNAI2,miR-200b,ZEB2,miR-200a,ZEB1,GRHL2,OVOL2,TGF-beta,GSC,SNAI1",N,11
9216,"CDH1,SNAI2,miR-200b,ZEB2,miR-200a,ZEB1,GRHL2,OVOL2",N,8
9217,"CDH1,SNAI2,miR-200b,ZEB2,miR-200a,ZEB1,OVOL2,TGF-beta,SNAI1,miR-34a,TWIST2",N,11
9218,"CDH1,SNAI2,miR-200b,ZEB2,miR-200a,ZEB1,OVOL2,TGF-beta,SNAI1",N,9
9219,"CDH1,SNAI2,miR-200b,ZEB2,miR-200a,ZEB1,OVOL2,TGF-beta,GSC,SNAI1,miR-34a,TWIST2",P,12
9220,"CDH1,SNAI2,miR-200b,ZEB2,miR-200a,ZEB1,OVOL2,TGF-beta,GSC,SNAI1",P,10
9221,"CDH1,SNAI2,miR-200b,ZEB2,miR-200a,ZEB1,OVOL2",P,7
9222,"CDH1,SNAI2,miR-200b,ZEB2,miR-200a,ZEB1,miR-34a,TWIST2,SNAI1",P,9
9223,"CDH1,SNAI2,miR-200b,ZEB2,miR-200a,ZEB1,miR-34a,TWIST2",N,8
9224,"CDH1,SNAI2,miR-200b,ZEB2,miR-200a,ZEB1,miR-34a,SNAI1",P,8
9225,"CDH1,SNAI2,miR-200b,ZEB2,miR-200a,ZEB1,miR-200c,TGF-beta,SNAI1,miR-34a,TWIST2",P,11
9226,"CDH1,SNAI2,miR-200b,ZEB2,miR-200a,ZEB1,miR-200c,TGF-beta,SNAI1",P,9
9227,"CDH1,SNAI2,miR-200b,ZEB2,miR-200a,ZEB1,miR-200c,TGF-beta,GSC,SNAI1,miR-34a,TWIST2",N,12
9228,"CDH1,SNAI2,miR-200b,ZEB2,miR-200a,ZEB1,miR-200c,TGF-beta,GSC,SNAI1",N,10
9229,"CDH1,SNAI2,miR-200b,ZEB2,miR-200a,ZEB1,miR-141,TGF-beta,SNAI1,miR-34a,TWIST2",N,11
9230,"CDH1,SNAI2,miR-200b,ZEB2,miR-200a,ZEB1,miR-141,TGF-beta,SNAI1",N,9
9231,"CDH1,SNAI2,miR-200b,ZEB2,miR-200a,ZEB1,miR-141,TGF-beta,GSC,SNAI1,miR-34a,TWIST2",P,12
9232,"CDH1,SNAI2,miR-200b,ZEB2,miR-200a,ZEB1,miR-141,TGF-beta,GSC,SNAI1",P,10
9233,"CDH1,SNAI2,miR-200b,ZEB2,miR-200a,ZEB1",N,6
9234,"CDH1,SNAI2,miR-200b,ZEB2,miR-200c,TGF-beta,SNAI1,miR-101,ZEB1,CLDN7",P,10
9235,"CDH1,SNAI2,miR-200b,ZEB2,miR-200c,TGF-beta,SNAI1,miR-101,ZEB1,GRHL2,OVOL2",N,11
9236,"CDH1,SNAI2,miR-200b,ZEB2,miR-200c,TGF-beta,SNAI1,miR-101,ZEB1,OVOL2",P,10
9237,"CDH1,SNAI2,miR-200b,ZEB2,miR-200c,TGF-beta,SNAI1,miR-101,ZEB1,miR-34a,TWIST2",N,11
9238,"CDH1,SNAI2,miR-200b,ZEB2,miR-200c,TGF-beta,SNAI1,miR-101,ZEB1",N,9
9239,"CDH1,SNAI2,miR-200b,ZEB2,miR-200c,TGF-beta,SNAI1,miR-34a,ZEB1,CLDN7",N,10
9240,"CDH1,SNAI2,miR-200b,ZEB2,miR-200c,TGF-beta,SNAI1,miR-34a,ZEB1,GRHL2,OVOL2",P,11
9241,"CDH1,SNAI2,miR-200b,ZEB2,miR-200c,TGF-beta,SNAI1,miR-34a,ZEB1,OVOL2",N,10
9242,"CDH1,SNAI2,miR-200b,ZEB2,miR-200c,TGF-beta,SNAI1,miR-34a,ZEB1",P,9
9243,"CDH1,SNAI2,miR-200b,ZEB2,miR-200c,TGF-beta,SNAI1,miR-34a,TWIST2,ZEB1,CLDN7",N,11
9244,"CDH1,SNAI2,miR-200b,ZEB2,miR-200c,TGF-beta,SNAI1,miR-34a,TWIST2,ZEB1,GRHL2,OVOL2",P,12
9245,"CDH1,SNAI2,miR-200b,ZEB2,miR-200c,TGF-beta,SNAI1,miR-34a,TWIST2,ZEB1,OVOL2",N,11
9246,"CDH1,SNAI2,miR-200b,ZEB2,miR-200c,TGF-beta,SNAI1,miR-34a,TWIST2,ZEB1",P,10
9247,"CDH1,SNAI2,miR-200b,ZEB2,miR-200c,TGF-beta,SNAI1,miR-34a,TWIST2",P,9
9248,"CDH1,SNAI2,miR-200b,ZEB2,miR-200c,TGF-beta,SNAI1,ZEB1,CLDN7",N,9
9249,"CDH1,SNAI2,miR-200b,ZEB2,miR-200c,TGF-beta,SNAI1,ZEB1,GRHL2,OVOL2",P,10
9250,"CDH1,SNAI2,miR-200b,ZEB2,miR-200c,TGF-beta,SNAI1,ZEB1,OVOL2",N,9
9251,"CDH1,SNAI2,miR-200b,ZEB2,miR-200c,TGF-beta,SNAI1,ZEB1,miR-34a,TWIST2",P,10
9252,"CDH1,SNAI2,miR-200b,ZEB2,miR-200c,TGF-beta,SNAI1,ZEB1",P,8
9253,"CDH1,SNAI2,miR-200b,ZEB2,miR-200c,TGF-beta,SNAI1",P,7
9254,"CDH1,SNAI2,miR-200b,ZEB2,miR-200c,TGF-beta,GSC,ZEB1,CLDN7",P,9
9255,"CDH1,SNAI2,miR-200b,ZEB2,miR-200c,TGF-beta,GSC,ZEB1,GRHL2,OVOL2",N,10
9256,"CDH1,SNAI2,miR-200b,ZEB2,miR-200c,TGF-beta,GSC,ZEB1,OVOL2",P,9
9257,"CDH1,SNAI2,miR-200b,ZEB2,miR-200c,TGF-beta,GSC,ZEB1,miR-34a,TWIST2,SNAI1",P,11
9258,"CDH1,SNAI2,miR-200b,ZEB2,miR-200c,TGF-beta,GSC,ZEB1,miR-34a,TWIST2",N,10
9259,"CDH1,SNAI2,miR-200b,ZEB2,miR-200c,TGF-beta,GSC,ZEB1,miR-34a,SNAI1",P,10
9260,"CDH1,SNAI2,miR-200b,ZEB2,miR-200c,TGF-beta,GSC,ZEB1",N,8
9261,"CDH1,SNAI2,miR-200b,ZEB2,miR-200c,TGF-beta,GSC,SNAI1,miR-101,ZEB1,CLDN7",N,11
9262,"CDH1,SNAI2,miR-200b,ZEB2,miR-200c,TGF-beta,GSC,SNAI1,miR-101,ZEB1,GRHL2,OVOL2",P,12
9263,"CDH1,SNAI2,miR-200b,ZEB2,miR-200c,TGF-beta,GSC,SNAI1,miR-101,ZEB1,OVOL2",N,11
9264,"CDH1,SNAI2,miR-200b,ZEB2,miR-200c,TGF-beta,GSC,SNAI1,miR-101,ZEB1,miR-34a,TWIST2",P,12
9265,"CDH1,SNAI2,miR-200b,ZEB2,miR-200c,TGF-beta,GSC,SNAI1,miR-101,ZEB1",P,10
9266,"CDH1,SNAI2,miR-200b,ZEB2,miR-200c,TGF-beta,GSC,SNAI1,miR-34a,ZEB1,CLDN7",P,11
9267,"CDH1,SNAI2,miR-200b,ZEB2,miR-200c,TGF-beta,GSC,SNAI1,miR-34a,ZEB1,GRHL2,OVOL2",N,12
9268,"CDH1,SNAI2,miR-200b,ZEB2,miR-200c,TGF-beta,GSC,SNAI1,miR-34a,ZEB1,OVOL2",P,11
9269,"CDH1,SNAI2,miR-200b,ZEB2,miR-200c,TGF-beta,GSC,SNAI1,miR-34a,ZEB1",N,10
9270,"CDH1,SNAI2,miR-200b,ZEB2,miR-200c,TGF-beta,GSC,SNAI1,miR-34a,TWIST2,ZEB1,CLDN7",P,12
9271,"CDH1,SNAI2,miR-200b,ZEB2,miR-200c,TGF-beta,GSC,SNAI1,miR-34a,TWIST2,ZEB1,GRHL2,OVOL2",N,13
9272,"CDH1,SNAI2,miR-200b,ZEB2,miR-200c,TGF-beta,GSC,SNAI1,miR-34a,TWIST2,ZEB1,OVOL2",P,12
9273,"CDH1,SNAI2,miR-200b,ZEB2,miR-200c,TGF-beta,GSC,SNAI1,miR-34a,TWIST2,ZEB1",N,11
9274,"CDH1,SNAI2,miR-200b,ZEB2,miR-200c,TGF-beta,GSC,SNAI1,miR-34a,TWIST2",N,10
9275,"CDH1,SNAI2,miR-200b,ZEB2,miR-200c,TGF-beta,GSC,SNAI1,ZEB1,CLDN7",P,10
9276,"CDH1,SNAI2,miR-200b,ZEB2,miR-200c,TGF-beta,GSC,SNAI1,ZEB1,GRHL2,OVOL2",N,11
9277,"CDH1,SNAI2,miR-200b,ZEB2,miR-200c,TGF-beta,GSC,SNAI1,ZEB1,OVOL2",P,10
9278,"CDH1,SNAI2,miR-200b,ZEB2,miR-200c,TGF-beta,GSC,SNAI1,ZEB1,miR-34a,TWIST2",N,11
9279,"CDH1,SNAI2,miR-200b,ZEB2,miR-200c,TGF-beta,GSC,SNAI1,ZEB1",N,9
9280,"CDH1,SNAI2,miR-200b,ZEB2,miR-200c,TGF-beta,GSC,SNAI1",N,8
9281,"CDH1,SNAI2,miR-200b,ZEB2,miR-200c,ZEB1,CLDN7",P,7
9282,"CDH1,SNAI2,miR-200b,ZEB2,miR-200c,ZEB1,GRHL2,OVOL2,TGF-beta,SNAI1,miR-34a,TWIST2",P,12
9283,"CDH1,SNAI2,miR-200b,ZEB2,miR-200c,ZEB1,GRHL2,OVOL2,TGF-beta,SNAI1",P,10
9284,"CDH1,SNAI2,miR-200b,ZEB2,miR-200c,ZEB1,GRHL2,OVOL2,TGF-beta,GSC,SNAI1,miR-34a,TWIST2",N,13
9285,"CDH1,SNAI2,miR-200b,ZEB2,miR-200c,ZEB1,GRHL2,OVOL2,TGF-beta,GSC,SNAI1",N,11
9286,"CDH1,SNAI2,miR-200b,ZEB2,miR-200c,ZEB1,GRHL2,OVOL2",N,8
9287,"CDH1,SNAI2,miR-200b,ZEB2,miR-200c,ZEB1,OVOL2,TGF-beta,SNAI1,miR-34a,TWIST2",N,11
9288,"CDH1,SNAI2,miR-200b,ZEB2,miR-200c,ZEB1,OVOL2,TGF-beta,SNAI1",N,9
9289,"CDH1,SNAI2,miR-200b,ZEB2,miR-200c,ZEB1,OVOL2,TGF-beta,GSC,SNAI1,miR-34a,TWIST2",P,12
9290,"CDH1,SNAI2,miR-200b,ZEB2,miR-200c,ZEB1,OVOL2,TGF-beta,GSC,SNAI1",P,10
9291,"CDH1,SNAI2,miR-200b,ZEB2,miR-200c,ZEB1,OVOL2",P,7
9292,"CDH1,SNAI2,miR-200b,ZEB2,miR-200c,ZEB1,miR-34a,TWIST2,SNAI1",P,9
9293,"CDH1,SNAI2,miR-200b,ZEB2,miR-200c,ZEB1,miR-34a,TWIST2",N,8
9294,"CDH1,SNAI2,miR-200b,ZEB2,miR-200c,ZEB1,miR-34a,SNAI1",P,8
9295,"CDH1,SNAI2,miR-200b,ZEB2,miR-200c,ZEB1,miR-200a,TGF-beta,SNAI1,miR-34a,TWIST2",N,11
9296,"CDH1,SNAI2,miR-200b,ZEB2,miR-200c,ZEB1,miR-200a,TGF-beta,SNAI1",N,9
9297,"CDH1,SNAI2,miR-200b,ZEB2,miR-200c,ZEB1,miR-200a,TGF-beta,GSC,SNAI1,miR-34a,TWIST2",P,12
9298,"CDH1,SNAI2,miR-200b,ZEB2,miR-200c,ZEB1,miR-200a,TGF-beta,GSC,SNAI1",P,10
9299,"CDH1,SNAI2,miR-200b,ZEB2,miR-200c,ZEB1,miR-141,TGF-beta,SNAI1,miR-34a,TWIST2",N,11
9300,"CDH1,SNAI2,miR-200b,ZEB2,miR-200c,ZEB1,miR-141,TGF-beta,SNAI1",N,9
9301,"CDH1,SNAI2,miR-200b,ZEB2,miR-200c,ZEB1,miR-141,TGF-beta,GSC,SNAI1,miR-34a,TWIST2",P,12
9302,"CDH1,SNAI2,miR-200b,ZEB2,miR-200c,ZEB1,miR-141,TGF-beta,GSC,SNAI1",P,10
9303,"CDH1,SNAI2,miR-200b,ZEB2,miR-200c,ZEB1",N,6
9304,"CDH1,SNAI2,miR-200b,ZEB2",N,4
9305,"CDH1,SNAI2,miR-200b,ZEB1,CLDN7",P,5
9306,"CDH1,SNAI2,miR-200b,ZEB1,GRHL2,NP63,miR-205,ZEB2,miR-200a,TGF-beta,SNAI1,miR-34a,TWIST2",P,13
9307,"CDH1,SNAI2,miR-200b,ZEB1,GRHL2,NP63,miR-205,ZEB2,miR-200a,TGF-beta,SNAI1",P,11
9308,"CDH1,SNAI2,miR-200b,ZEB1,GRHL2,NP63,miR-205,ZEB2,miR-200a,TGF-beta,GSC,SNAI1,miR-34a,TWIST2",N,14
9309,"CDH1,SNAI2,miR-200b,ZEB1,GRHL2,NP63,miR-205,ZEB2,miR-200a,TGF-beta,GSC,SNAI1",N,12
9310,"CDH1,SNAI2,miR-200b,ZEB1,GRHL2,NP63,miR-205,ZEB2,miR-200c,TGF-beta,SNAI1,miR-34a,TWIST2",P,13
9311,"CDH1,SNAI2,miR-200b,ZEB1,GRHL2,NP63,miR-205,ZEB2,miR-200c,TGF-beta,SNAI1",P,11
9312,"CDH1,SNAI2,miR-200b,ZEB1,GRHL2,NP63,miR-205,ZEB2,miR-200c,TGF-beta,GSC,SNAI1,miR-34a,TWIST2",N,14
9313,"CDH1,SNAI2,miR-200b,ZEB1,GRHL2,NP63,miR-205,ZEB2,miR-200c,TGF-beta,GSC,SNAI1",N,12
9314,"CDH1,SNAI2,miR-200b,ZEB1,GRHL2,NP63,miR-205,ZEB2",N,8
9315,"CDH1,SNAI2,miR-200b,ZEB1,GRHL2,OVOL2,TGF-beta,SNAI1,miR-101,ZEB2",P,10
9316,"CDH1,SNAI2,miR-200b,ZEB1,GRHL2,OVOL2,TGF-beta,SNAI1,miR-34a,TWIST2,ZEB2",N,11
9317,"CDH1,SNAI2,miR-200b,ZEB1,GRHL2,OVOL2,TGF-beta,SNAI1,miR-34a,TWIST2",P,10
9318,"CDH1,SNAI2,miR-200b,ZEB1,GRHL2,OVOL2,TGF-beta,SNAI1,ZEB2",N,9
9319,"CDH1,SNAI2,miR-200b,ZEB1,GRHL2,OVOL2,TGF-beta,SNAI1",P,8
9320,"CDH1,SNAI2,miR-200b,ZEB1,GRHL2,OVOL2,TGF-beta,GSC,ZEB2",N,9
9321,"CDH1,SNAI2,miR-200b,ZEB1,GRHL2,OVOL2,TGF-beta,GSC,SNAI1,miR-101,ZEB2",N,11
9322,"CDH1,SNAI2,miR-200b,ZEB1,GRHL2,OVOL2,TGF-beta,GSC,SNAI1,miR-34a,TWIST2,ZEB2",P,12
9323,"CDH1,SNAI2,miR-200b,ZEB1,GRHL2,OVOL2,TGF-beta,GSC,SNAI1,miR-34a,TWIST2",N,11
9324,"CDH1,SNAI2,miR-200b,ZEB1,GRHL2,OVOL2,TGF-beta,GSC,SNAI1,ZEB2",P,10
9325,"CDH1,SNAI2,miR-200b,ZEB1,GRHL2,OVOL2,TGF-beta,GSC,SNAI1",N,9
9326,"CDH1,SNAI2,miR-200b,ZEB1,GRHL2,OVOL2,NP63,miR-205,ZEB2,miR-200a,TGF-beta,SNAI1,miR-34a,TWIST2",P,14
9327,"CDH1,SNAI2,miR-200b,ZEB1,GRHL2,OVOL2,NP63,miR-205,ZEB2,miR-200a,TGF-beta,SNAI1",P,12
9328,"CDH1,SNAI2,miR-200b,ZEB1,GRHL2,OVOL2,NP63,miR-205,ZEB2,miR-200a,TGF-beta,GSC,SNAI1,miR-34a,TWIST2",N,15
9329,"CDH1,SNAI2,miR-200b,ZEB1,GRHL2,OVOL2,NP63,miR-205,ZEB2,miR-200a,TGF-beta,GSC,SNAI1",N,13
9330,"CDH1,SNAI2,miR-200b,ZEB1,GRHL2,OVOL2,NP63,miR-205,ZEB2,miR-200c,TGF-beta,SNAI1,miR-34a,TWIST2",P,14
9331,"CDH1,SNAI2,miR-200b,ZEB1,GRHL2,OVOL2,NP63,miR-205,ZEB2,miR-200c,TGF-beta,SNAI1",P,12
9332,"CDH1,SNAI2,miR-200b,ZEB1,GRHL2,OVOL2,NP63,miR-205,ZEB2,miR-200c,TGF-beta,GSC,SNAI1,miR-34a,TWIST2",N,15
9333,"CDH1,SNAI2,miR-200b,ZEB1,GRHL2,OVOL2,NP63,miR-205,ZEB2,miR-200c,TGF-beta,GSC,SNAI1",N,13
9334,"CDH1,SNAI2,miR-200b,ZEB1,GRHL2,OVOL2,NP63,miR-205,ZEB2",N,9
9335,"CDH1,SNAI2,miR-200b,ZEB1,GRHL2,OVOL2",N,6
9336,"CDH1,SNAI2,miR-200b,ZEB1,OVOL2,TGF-beta,SNAI1,miR-101,ZEB2",N,9
9337,"CDH1,SNAI2,miR-200b,ZEB1,OVOL2,TGF-beta,SNAI1,miR-34a,TWIST2,ZEB2",P,10
9338,"CDH1,SNAI2,miR-200b,ZEB1,OVOL2,TGF-beta,SNAI1,miR-34a,TWIST2",N,9
9339,"CDH1,SNAI2,miR-200b,ZEB1,OVOL2,TGF-beta,SNAI1,ZEB2",P,8
9340,"CDH1,SNAI2,miR-200b,ZEB1,OVOL2,TGF-beta,SNAI1",N,7
9341,"CDH1,SNAI2,miR-200b,ZEB1,OVOL2,TGF-beta,GSC,ZEB2",P,8
9342,"CDH1,SNAI2,miR-200b,ZEB1,OVOL2,TGF-beta,GSC,SNAI1,miR-101,ZEB2",P,10
9343,"CDH1,SNAI2,miR-200b,ZEB1,OVOL2,TGF-beta,GSC,SNAI1,miR-34a,TWIST2,ZEB2",N,11
9344,"CDH1,SNAI2,miR-200b,ZEB1,OVOL2,TGF-beta,GSC,SNAI1,miR-34a,TWIST2",P,10
9345,"CDH1,SNAI2,miR-200b,ZEB1,OVOL2,TGF-beta,GSC,SNAI1,ZEB2",N,9
9346,"CDH1,SNAI2,miR-200b,ZEB1,OVOL2,TGF-beta,GSC,SNAI1",P,8
9347,"CDH1,SNAI2,miR-200b,ZEB1,OVOL2,NP63,miR-205,ZEB2,miR-200a,TGF-beta,SNAI1,miR-34a,TWIST2",N,13
9348,"CDH1,SNAI2,miR-200b,ZEB1,OVOL2,NP63,miR-205,ZEB2,miR-200a,TGF-beta,SNAI1",N,11
9349,"CDH1,SNAI2,miR-200b,ZEB1,OVOL2,NP63,miR-205,ZEB2,miR-200a,TGF-beta,GSC,SNAI1,miR-34a,TWIST2",P,14
9350,"CDH1,SNAI2,miR-200b,ZEB1,OVOL2,NP63,miR-205,ZEB2,miR-200a,TGF-beta,GSC,SNAI1",P,12
9351,"CDH1,SNAI2,miR-200b,ZEB1,OVOL2,NP63,miR-205,ZEB2,miR-200c,TGF-beta,SNAI1,miR-34a,TWIST2",N,13
9352,"CDH1,SNAI2,miR-200b,ZEB1,OVOL2,NP63,miR-205,ZEB2,miR-200c,TGF-beta,SNAI1",N,11
9353,"CDH1,SNAI2,miR-200b,ZEB1,OVOL2,NP63,miR-205,ZEB2,miR-200c,TGF-beta,GSC,SNAI1,miR-34a,TWIST2",P,14
9354,"CDH1,SNAI2,miR-200b,ZEB1,OVOL2,NP63,miR-205,ZEB2,miR-200c,TGF-beta,GSC,SNAI1",P,12
9355,"CDH1,SNAI2,miR-200b,ZEB1,OVOL2,NP63,miR-205,ZEB2",P,8
9356,"CDH1,SNAI2,miR-200b,ZEB1,OVOL2",P,5
9357,"CDH1,SNAI2,miR-200b,ZEB1,miR-34a,TWIST2,ZEB2,miR-200a,TGF-beta,SNAI1",N,10
9358,"CDH1,SNAI2,miR-200b,ZEB1,miR-34a,TWIST2,ZEB2,miR-200a,TGF-beta,GSC,SNAI1",P,11
9359,"CDH1,SNAI2,miR-200b,ZEB1,miR-34a,TWIST2,ZEB2,miR-200c,TGF-beta,SNAI1",N,10
9360,"CDH1,SNAI2,miR-200b,ZEB1,miR-34a,TWIST2,ZEB2,miR-200c,TGF-beta,GSC,SNAI1",P,11
9361,"CDH1,SNAI2,miR-200b,ZEB1,miR-34a,TWIST2,ZEB2",P,7
9362,"CDH1,SNAI2,miR-200b,ZEB1,miR-34a,TWIST2,SNAI1,miR-101,ZEB2",P,9
9363,"CDH1,SNAI2,miR-200b,ZEB1,miR-34a,TWIST2,SNAI1,ZEB2",N,8
9364,"CDH1,SNAI2,miR-200b,ZEB1,miR-34a,TWIST2,SNAI1",P,7
9365,"CDH1,SNAI2,miR-200b,ZEB1,miR-34a,TWIST2",N,6
9366,"CDH1,SNAI2,miR-200b,ZEB1,miR-34a,SNAI1,miR-101,ZEB2",P,8
9367,"CDH1,SNAI2,miR-200b,ZEB1,miR-34a,SNAI1,ZEB2",N,7
9368,"CDH1,SNAI2,miR-200b,ZEB1,miR-34a,SNAI1",P,6
9369,"CDH1,SNAI2,miR-200b,ZEB1,miR-200a,TGF-beta,SNAI1,miR-101,ZEB2",N,9
9370,"CDH1,SNAI2,miR-200b,ZEB1,miR-200a,TGF-beta,SNAI1,miR-34a,TWIST2,ZEB2",P,10
9371,"CDH1,SNAI2,miR-200b,ZEB1,miR-200a,TGF-beta,SNAI1,miR-34a,TWIST2",N,9
9372,"CDH1,SNAI2,miR-200b,ZEB1,miR-200a,TGF-beta,SNAI1,ZEB2",P,8
9373,"CDH1,SNAI2,miR-200b,ZEB1,miR-200a,TGF-beta,SNAI1",N,7
9374,"CDH1,SNAI2,miR-200b,ZEB1,miR-200a,TGF-beta,GSC,ZEB2",P,8
9375,"CDH1,SNAI2,miR-200b,ZEB1,miR-200a,TGF-beta,GSC,SNAI1,miR-101,ZEB2",P,10
9376,"CDH1,SNAI2,miR-200b,ZEB1,miR-200a,TGF-beta,GSC,SNAI1,miR-34a,TWIST2,ZEB2",N,11
9377,"CDH1,SNAI2,miR-200b,ZEB1,miR-200a,TGF-beta,GSC,SNAI1,miR-34a,TWIST2",P,10
9378,"CDH1,SNAI2,miR-200b,ZEB1,miR-200a,TGF-beta,GSC,SNAI1,ZEB2",N,9
9379,"CDH1,SNAI2,miR-200b,ZEB1,miR-200a,TGF-beta,GSC,SNAI1",P,8
9380,"CDH1,SNAI2,miR-200b,ZEB1,miR-200a,ZEB2,miR-200c,TGF-beta,SNAI1,miR-34a,TWIST2",P,11
9381,"CDH1,SNAI2,miR-200b,ZEB1,miR-200a,ZEB2,miR-200c,TGF-beta,SNAI1",P,9
9382,"CDH1,SNAI2,miR-200b,ZEB1,miR-200a,ZEB2,miR-200c,TGF-beta,GSC,SNAI1,miR-34a,TWIST2",N,12
9383,"CDH1,SNAI2,miR-200b,ZEB1,miR-200a,ZEB2,miR-200c,TGF-beta,GSC,SNAI1",N,10
9384,"CDH1,SNAI2,miR-200b,ZEB1,miR-200a,ZEB2",N,6
9385,"CDH1,SNAI2,miR-200b,ZEB1,miR-200c,TGF-beta,SNAI1,miR-101,ZEB2",P,9
9386,"CDH1,SNAI2,miR-200b,ZEB1,miR-200c,TGF-beta,SNAI1,miR-34a,TWIST2,ZEB2",N,10
9387,"CDH1,SNAI2,miR-200b,ZEB1,miR-200c,TGF-beta,SNAI1,miR-34a,TWIST2",P,9
9388,"CDH1,SNAI2,miR-200b,ZEB1,miR-200c,TGF-beta,SNAI1,ZEB2",N,8
9389,"CDH1,SNAI2,miR-200b,ZEB1,miR-200c,TGF-beta,SNAI1",P,7
9390,"CDH1,SNAI2,miR-200b,ZEB1,miR-200c,TGF-beta,GSC,ZEB2",N,8
9391,"CDH1,SNAI2,miR-200b,ZEB1,miR-200c,TGF-beta,GSC,SNAI1,miR-101,ZEB2",N,10
9392,"CDH1,SNAI2,miR-200b,ZEB1,miR-200c,TGF-beta,GSC,SNAI1,miR-34a,TWIST2,ZEB2",P,11
9393,"CDH1,SNAI2,miR-200b,ZEB1,miR-200c,TGF-beta,GSC,SNAI1,miR-34a,TWIST2",N,10
9394,"CDH1,SNAI2,miR-200b,ZEB1,miR-200c,TGF-beta,GSC,SNAI1,ZEB2",P,9
9395,"CDH1,SNAI2,miR-200b,ZEB1,miR-200c,TGF-beta,GSC,SNAI1",N,8
9396,"CDH1,SNAI2,miR-200b,ZEB1,miR-200c,ZEB2,miR-200a,TGF-beta,SNAI1,miR-34a,TWIST2",P,11
9397,"CDH1,SNAI2,miR-200b,ZEB1,miR-200c,ZEB2,miR-200a,TGF-beta,SNAI1",P,9
9398,"CDH1,SNAI2,miR-200b,ZEB1,miR-200c,ZEB2,miR-200a,TGF-beta,GSC,SNAI1,miR-34a,TWIST2",N,12
9399,"CDH1,SNAI2,miR-200b,ZEB1,miR-200c,ZEB2,miR-200a,TGF-beta,GSC,SNAI1",N,10
9400,"CDH1,SNAI2,miR-200b,ZEB1,miR-200c,ZEB2",N,6
9401,"CDH1,SNAI2,miR-200b,ZEB1,miR-141,TGF-beta,SNAI1,miR-101,ZEB2",N,9
9402,"CDH1,SNAI2,miR-200b,ZEB1,miR-141,TGF-beta,SNAI1,miR-34a,TWIST2,ZEB2",P,10
9403,"CDH1,SNAI2,miR-200b,ZEB1,miR-141,TGF-beta,SNAI1,miR-34a,TWIST2",N,9
9404,"CDH1,SNAI2,miR-200b,ZEB1,miR-141,TGF-beta,SNAI1,ZEB2",P,8
9405,"CDH1,SNAI2,miR-200b,ZEB1,miR-141,TGF-beta,SNAI1",N,7
9406,"CDH1,SNAI2,miR-200b,ZEB1,miR-141,TGF-beta,GSC,ZEB2",P,8
9407,"CDH1,SNAI2,miR-200b,ZEB1,miR-141,TGF-beta,GSC,SNAI1,miR-101,ZEB2",P,10
9408,"CDH1,SNAI2,miR-200b,ZEB1,miR-141,TGF-beta,GSC,SNAI1,miR-34a,TWIST2,ZEB2",N,11
9409,"CDH1,SNAI2,miR-200b,ZEB1,miR-141,TGF-beta,GSC,SNAI1,miR-34a,TWIST2",P,10
9410,"CDH1,SNAI2,miR-200b,ZEB1,miR-141,TGF-beta,GSC,SNAI1,ZEB2",N,9
9411,"CDH1,SNAI2,miR-200b,ZEB1,miR-141,TGF-beta,GSC,SNAI1",P,8
9412,"CDH1,SNAI2,miR-200b,ZEB1,miR-141,ZEB2,miR-200a,TGF-beta,SNAI1,miR-34a,TWIST2",N,11
9413,"CDH1,SNAI2,miR-200b,ZEB1,miR-141,ZEB2,miR-200a,TGF-beta,SNAI1",N,9
9414,"CDH1,SNAI2,miR-200b,ZEB1,miR-141,ZEB2,miR-200a,TGF-beta,GSC,SNAI1,miR-34a,TWIST2",P,12
9415,"CDH1,SNAI2,miR-200b,ZEB1,miR-141,ZEB2,miR-200a,TGF-beta,GSC,SNAI1",P,10
9416,"CDH1,SNAI2,miR-200b,ZEB1,miR-141,ZEB2,miR-200c,TGF-beta,SNAI1,miR-34a,TWIST2",N,11
9417,"CDH1,SNAI2,miR-200b,ZEB1,miR-141,ZEB2,miR-200c,TGF-beta,SNAI1",N,9
9418,"CDH1,SNAI2,miR-200b,ZEB1,miR-141,ZEB2,miR-200c,TGF-beta,GSC,SNAI1,miR-34a,TWIST2",P,12
9419,"CDH1,SNAI2,miR-200b,ZEB1,miR-141,ZEB2,miR-200c,TGF-beta,GSC,SNAI1",P,10
9420,"CDH1,SNAI2,miR-200b,ZEB1,miR-141,ZEB2",P,6
9421,"CDH1,SNAI2,miR-200b,ZEB1",N,4
9422,"CDH1,SNAI2,miR-101,SNAI1,miR-34a,ZEB1,CLDN7",P,7
9423,"CDH1,SNAI2,miR-101,SNAI1,miR-34a,ZEB1,GRHL2,NP63,miR-205,ZEB2",N,10
9424,"CDH1,SNAI2,miR-101,SNAI1,miR-34a,ZEB1,GRHL2,OVOL2,TGF-beta,GSC,ZEB2",N,11
9425,"CDH1,SNAI2,miR-101,SNAI1,miR-34a,ZEB1,GRHL2,OVOL2,NP63,miR-205,ZEB2",N,11
9426,"CDH1,SNAI2,miR-101,SNAI1,miR-34a,ZEB1,GRHL2,OVOL2",N,8
9427,"CDH1,SNAI2,miR-101,SNAI1,miR-34a,ZEB1,OVOL2,TGF-beta,GSC,ZEB2",P,10
9428,"CDH1,SNAI2,miR-101,SNAI1,miR-34a,ZEB1,OVOL2,NP63,miR-205,ZEB2",P,10
9429,"CDH1,SNAI2,miR-101,SNAI1,miR-34a,ZEB1,OVOL2",P,7
9430,"CDH1,SNAI2,miR-101,SNAI1,miR-34a,ZEB1,miR-200a,TGF-beta,GSC,ZEB2",P,10
9431,"CDH1,SNAI2,miR-101,SNAI1,miR-34a,ZEB1,miR-200a,ZEB2",N,8
9432,"CDH1,SNAI2,miR-101,SNAI1,miR-34a,ZEB1,miR-200c,TGF-beta,GSC,ZEB2",N,10
9433,"CDH1,SNAI2,miR-101,SNAI1,miR-34a,ZEB1,miR-200c,ZEB2",N,8
9434,"CDH1,SNAI2,miR-101,SNAI1,miR-34a,ZEB1,miR-200b,TGF-beta,GSC,ZEB2",P,10
9435,"CDH1,SNAI2,miR-101,SNAI1,miR-34a,ZEB1,miR-200b,ZEB2",N,8
9436,"CDH1,SNAI2,miR-101,SNAI1,miR-34a,ZEB1,miR-141,TGF-beta,GSC,ZEB2",P,10
9437,"CDH1,SNAI2,miR-101,SNAI1,miR-34a,ZEB1,miR-141,ZEB2",P,8
9438,"CDH1,SNAI2,miR-101,SNAI1,miR-34a,ZEB1",N,6
9439,"CDH1,SNAI2,miR-101,SNAI1,miR-34a,TWIST2,ZEB2,miR-200a,TGF-beta,GSC,ZEB1,CLDN7",N,12
9440,"CDH1,SNAI2,miR-101,SNAI1,miR-34a,TWIST2,ZEB2,miR-200a,TGF-beta,GSC,ZEB1,GRHL2,OVOL2",P,13
9441,"CDH1,SNAI2,miR-101,SNAI1,miR-34a,TWIST2,ZEB2,miR-200a,TGF-beta,GSC,ZEB1,OVOL2",N,12
9442,"CDH1,SNAI2,miR-101,SNAI1,miR-34a,TWIST2,ZEB2,miR-200a,TGF-beta,GSC,ZEB1",P,11
9443,"CDH1,SNAI2,miR-101,SNAI1,miR-34a,TWIST2,ZEB2,miR-200a,ZEB1,CLDN7",N,10
9444,"CDH1,SNAI2,miR-101,SNAI1,miR-34a,TWIST2,ZEB2,miR-200a,ZEB1,GRHL2,OVOL2",P,11
9445,"CDH1,SNAI2,miR-101,SNAI1,miR-34a,TWIST2,ZEB2,miR-200a,ZEB1,OVOL2",N,10
9446,"CDH1,SNAI2,miR-101,SNAI1,miR-34a,TWIST2,ZEB2,miR-200a,ZEB1",P,9
9447,"CDH1,SNAI2,miR-101,SNAI1,miR-34a,TWIST2,ZEB2,miR-200c,TGF-beta,GSC,ZEB1,CLDN7",N,12
9448,"CDH1,SNAI2,miR-101,SNAI1,miR-34a,TWIST2,ZEB2,miR-200c,TGF-beta,GSC,ZEB1,GRHL2,OVOL2",P,13
9449,"CDH1,SNAI2,miR-101,SNAI1,miR-34a,TWIST2,ZEB2,miR-200c,TGF-beta,GSC,ZEB1,OVOL2",N,12
9450,"CDH1,SNAI2,miR-101,SNAI1,miR-34a,TWIST2,ZEB2,miR-200c,TGF-beta,GSC,ZEB1",P,11
9451,"CDH1,SNAI2,miR-101,SNAI1,miR-34a,TWIST2,ZEB2,miR-200c,ZEB1,CLDN7",N,10
9452,"CDH1,SNAI2,miR-101,SNAI1,miR-34a,TWIST2,ZEB2,miR-200c,ZEB1,GRHL2,OVOL2",P,11
9453,"CDH1,SNAI2,miR-101,SNAI1,miR-34a,TWIST2,ZEB2,miR-200c,ZEB1,OVOL2",N,10
9454,"CDH1,SNAI2,miR-101,SNAI1,miR-34a,TWIST2,ZEB2,miR-200c,ZEB1",P,9
9455,"CDH1,SNAI2,miR-101,SNAI1,miR-34a,TWIST2,ZEB2,miR-200b,TGF-beta,GSC,ZEB1,CLDN7",P,12
9456,"CDH1,SNAI2,miR-101,SNAI1,miR-34a,TWIST2,ZEB2,miR-200b,TGF-beta,GSC,ZEB1,GRHL2,OVOL2",N,13
9457,"CDH1,SNAI2,miR-101,SNAI1,miR-34a,TWIST2,ZEB2,miR-200b,TGF-beta,GSC,ZEB1,OVOL2",P,12
9458,"CDH1,SNAI2,miR-101,SNAI1,miR-34a,TWIST2,ZEB2,miR-200b,TGF-beta,GSC,ZEB1",N,11
9459,"CDH1,SNAI2,miR-101,SNAI1,miR-34a,TWIST2,ZEB2,miR-200b,ZEB1,CLDN7",N,10
9460,"CDH1,SNAI2,miR-101,SNAI1,miR-34a,TWIST2,ZEB2,miR-200b,ZEB1,GRHL2,OVOL2",P,11
9461,"CDH1,SNAI2,miR-101,SNAI1,miR-34a,TWIST2,ZEB2,miR-200b,ZEB1,OVOL2",N,10
9462,"CDH1,SNAI2,miR-101,SNAI1,miR-34a,TWIST2,ZEB2,miR-200b,ZEB1",P,9
9463,"CDH1,SNAI2,miR-101,SNAI1,miR-34a,TWIST2,ZEB2",P,7
9464,"CDH1,SNAI2,miR-101,SNAI1,miR-34a,TWIST2,ZEB1,CLDN7",P,8
9465,"CDH1,SNAI2,miR-101,SNAI1,miR-34a,TWIST2,ZEB1,GRHL2,NP63,miR-205,ZEB2",N,11
9466,"CDH1,SNAI2,miR-101,SNAI1,miR-34a,TWIST2,ZEB1,GRHL2,OVOL2,TGF-beta,GSC,ZEB2",N,12
9467,"CDH1,SNAI2,miR-101,SNAI1,miR-34a,TWIST2,ZEB1,GRHL2,OVOL2,NP63,miR-205,ZEB2",N,12
9468,"CDH1,SNAI2,miR-101,SNAI1,miR-34a,TWIST2,ZEB1,GRHL2,OVOL2",N,9
9469,"CDH1,SNAI2,miR-101,SNAI1,miR-34a,TWIST2,ZEB1,OVOL2,TGF-beta,GSC,ZEB2",P,11
9470,"CDH1,SNAI2,miR-101,SNAI1,miR-34a,TWIST2,ZEB1,OVOL2,NP63,miR-205,ZEB2",P,11
9471,"CDH1,SNAI2,miR-101,SNAI1,miR-34a,TWIST2,ZEB1,OVOL2",P,8
9472,"CDH1,SNAI2,miR-101,SNAI1,miR-34a,TWIST2,ZEB1,miR-200a,TGF-beta,GSC,ZEB2",P,11
9473,"CDH1,SNAI2,miR-101,SNAI1,miR-34a,TWIST2,ZEB1,miR-200a,ZEB2",N,9
9474,"CDH1,SNAI2,miR-101,SNAI1,miR-34a,TWIST2,ZEB1,miR-200c,TGF-beta,GSC,ZEB2",N,11
9475,"CDH1,SNAI2,miR-101,SNAI1,miR-34a,TWIST2,ZEB1,miR-200c,ZEB2",N,9
9476,"CDH1,SNAI2,miR-101,SNAI1,miR-34a,TWIST2,ZEB1,miR-200b,TGF-beta,GSC,ZEB2",P,11
9477,"CDH1,SNAI2,miR-101,SNAI1,miR-34a,TWIST2,ZEB1,miR-200b,ZEB2",N,9
9478,"CDH1,SNAI2,miR-101,SNAI1,miR-34a,TWIST2,ZEB1,miR-141,TGF-beta,GSC,ZEB2",P,11
9479,"CDH1,SNAI2,miR-101,SNAI1,miR-34a,TWIST2,ZEB1,miR-141,ZEB2",P,9
9480,"CDH1,SNAI2,miR-101,SNAI1,miR-34a,TWIST2,ZEB1",N,7
9481,"CDH1,SNAI2,miR-101,SNAI1,miR-34a,TWIST2",N,6
9482,"CDH1,SNAI2,miR-101,SNAI1,ZEB2,miR-200a,TGF-beta,GSC,ZEB1,CLDN7",N,10
9483,"CDH1,SNAI2,miR-101,SNAI1,ZEB2,miR-200a,TGF-beta,GSC,ZEB1,GRHL2,OVOL2",P,11
9484,"CDH1,SNAI2,miR-101,SNAI1,ZEB2,miR-200a,TGF-beta,GSC,ZEB1,OVOL2",N,10
9485,"CDH1,SNAI2,miR-101,SNAI1,ZEB2,miR-200a,TGF-beta,GSC,ZEB1,miR-34a,TWIST2",P,11
9486,"CDH1,SNAI2,miR-101,SNAI1,ZEB2,miR-200a,TGF-beta,GSC,ZEB1",P,9
9487,"CDH1,SNAI2,miR-101,SNAI1,ZEB2,miR-200a,ZEB1,CLDN7",N,8
9488,"CDH1,SNAI2,miR-101,SNAI1,ZEB2,miR-200a,ZEB1,GRHL2,OVOL2",P,9
9489,"CDH1,SNAI2,miR-101,SNAI1,ZEB2,miR-200a,ZEB1,OVOL2",N,8
9490,"CDH1,SNAI2,miR-101,SNAI1,ZEB2,miR-200a,ZEB1,miR-34a,TWIST2",P,9
9491,"CDH1,SNAI2,miR-101,SNAI1,ZEB2,miR-200a,ZEB1",P,7
9492,"CDH1,SNAI2,miR-101,SNAI1,ZEB2,miR-200c,TGF-beta,GSC,ZEB1,CLDN7",N,10
9493,"CDH1,SNAI2,miR-101,SNAI1,ZEB2,miR-200c,TGF-beta,GSC,ZEB1,GRHL2,OVOL2",P,11
9494,"CDH1,SNAI2,miR-101,SNAI1,ZEB2,miR-200c,TGF-beta,GSC,ZEB1,OVOL2",N,10
9495,"CDH1,SNAI2,miR-101,SNAI1,ZEB2,miR-200c,TGF-beta,GSC,ZEB1,miR-34a,TWIST2",P,11
9496,"CDH1,SNAI2,miR-101,SNAI1,ZEB2,miR-200c,TGF-beta,GSC,ZEB1",P,9
9497,"CDH1,SNAI2,miR-101,SNAI1,ZEB2,miR-200c,ZEB1,CLDN7",N,8
9498,"CDH1,SNAI2,miR-101,SNAI1,ZEB2,miR-200c,ZEB1,GRHL2,OVOL2",P,9
9499,"CDH1,SNAI2,miR-101,SNAI1,ZEB2,miR-200c,ZEB1,OVOL2",N,8
9500,"CDH1,SNAI2,miR-101,SNAI1,ZEB2,miR-200c,ZEB1,miR-34a,TWIST2",P,9
9501,"CDH1,SNAI2,miR-101,SNAI1,ZEB2,miR-200c,ZEB1",P,7
9502,"CDH1,SNAI2,miR-101,SNAI1,ZEB2,miR-200b,TGF-beta,GSC,ZEB1,CLDN7",P,10
9503,"CDH1,SNAI2,miR-101,SNAI1,ZEB2,miR-200b,TGF-beta,GSC,ZEB1,GRHL2,OVOL2",N,11
9504,"CDH1,SNAI2,miR-101,SNAI1,ZEB2,miR-200b,TGF-beta,GSC,ZEB1,OVOL2",P,10
9505,"CDH1,SNAI2,miR-101,SNAI1,ZEB2,miR-200b,TGF-beta,GSC,ZEB1,miR-34a,TWIST2",N,11
9506,"CDH1,SNAI2,miR-101,SNAI1,ZEB2,miR-200b,TGF-beta,GSC,ZEB1",N,9
9507,"CDH1,SNAI2,miR-101,SNAI1,ZEB2,miR-200b,ZEB1,CLDN7",N,8
9508,"CDH1,SNAI2,miR-101,SNAI1,ZEB2,miR-200b,ZEB1,GRHL2,OVOL2",P,9
9509,"CDH1,SNAI2,miR-101,SNAI1,ZEB2,miR-200b,ZEB1,OVOL2",N,8
9510,"CDH1,SNAI2,miR-101,SNAI1,ZEB2,miR-200b,ZEB1,miR-34a,TWIST2",P,9
9511,"CDH1,SNAI2,miR-101,SNAI1,ZEB2,miR-200b,ZEB1",P,7
9512,"CDH1,SNAI2,miR-101,SNAI1,ZEB2",P,5
9513,"CDH1,SNAI2,miR-101,SNAI1,ZEB1,CLDN7",P,6
9514,"CDH1,SNAI2,miR-101,SNAI1,ZEB1,GRHL2,NP63,miR-205,ZEB2",N,9
9515,"CDH1,SNAI2,miR-101,SNAI1,ZEB1,GRHL2,OVOL2,TGF-beta,GSC,ZEB2",N,10
9516,"CDH1,SNAI2,miR-101,SNAI1,ZEB1,GRHL2,OVOL2,NP63,miR-205,ZEB2",N,10
9517,"CDH1,SNAI2,miR-101,SNAI1,ZEB1,GRHL2,OVOL2",N,7
9518,"CDH1,SNAI2,miR-101,SNAI1,ZEB1,OVOL2,TGF-beta,GSC,ZEB2",P,9
9519,"CDH1,SNAI2,miR-101,SNAI1,ZEB1,OVOL2,NP63,miR-205,ZEB2",P,9
9520,"CDH1,SNAI2,miR-101,SNAI1,ZEB1,OVOL2",P,6
9521,"CDH1,SNAI2,miR-101,SNAI1,ZEB1,miR-34a,TWIST2,ZEB2",P,8
9522,"CDH1,SNAI2,miR-101,SNAI1,ZEB1,miR-34a,TWIST2",N,7
9523,"CDH1,SNAI2,miR-101,SNAI1,ZEB1,miR-200a,TGF-beta,GSC,ZEB2",P,9
9524,"CDH1,SNAI2,miR-101,SNAI1,ZEB1,miR-200a,ZEB2",N,7
9525,"CDH1,SNAI2,miR-101,SNAI1,ZEB1,miR-200c,TGF-beta,GSC,ZEB2",N,9
9526,"CDH1,SNAI2,miR-101,SNAI1,ZEB1,miR-200c,ZEB2",N,7
9527,"CDH1,SNAI2,miR-101,SNAI1,ZEB1,miR-200b,TGF-beta,GSC,ZEB2",P,9
9528,"CDH1,SNAI2,miR-101,SNAI1,ZEB1,miR-200b,ZEB2",N,7
9529,"CDH1,SNAI2,miR-101,SNAI1,ZEB1,miR-141,TGF-beta,GSC,ZEB2",P,9
9530,"CDH1,SNAI2,miR-101,SNAI1,ZEB1,miR-141,ZEB2",P,7
9531,"CDH1,SNAI2,miR-101,SNAI1,ZEB1",N,5
9532,"CDH1,SNAI2,miR-101,SNAI1",N,4
9533,"CDH1,SNAI2,miR-101,ZEB2,miR-200a,TGF-beta,SNAI1,miR-34a,ZEB1,CLDN7",N,10
9534,"CDH1,SNAI2,miR-101,ZEB2,miR-200a,TGF-beta,SNAI1,miR-34a,ZEB1,GRHL2,OVOL2",P,11
9535,"CDH1,SNAI2,miR-101,ZEB2,miR-200a,TGF-beta,SNAI1,miR-34a,ZEB1,OVOL2",N,10
9536,"CDH1,SNAI2,miR-101,ZEB2,miR-200a,TGF-beta,SNAI1,miR-34a,ZEB1",P,9
9537,"CDH1,SNAI2,miR-101,ZEB2,miR-200a,TGF-beta,SNAI1,miR-34a,TWIST2,ZEB1,CLDN7",N,11
9538,"CDH1,SNAI2,miR-101,ZEB2,miR-200a,TGF-beta,SNAI1,miR-34a,TWIST2,ZEB1,GRHL2,OVOL2",P,12
9539,"CDH1,SNAI2,miR-101,ZEB2,miR-200a,TGF-beta,SNAI1,miR-34a,TWIST2,ZEB1,OVOL2",N,11
9540,"CDH1,SNAI2,miR-101,ZEB2,miR-200a,TGF-beta,SNAI1,miR-34a,TWIST2,ZEB1",P,10
9541,"CDH1,SNAI2,miR-101,ZEB2,miR-200a,TGF-beta,SNAI1,miR-34a,TWIST2",P,9
9542,"CDH1,SNAI2,miR-101,ZEB2,miR-200a,TGF-beta,SNAI1,ZEB1,CLDN7",N,9
9543,"CDH1,SNAI2,miR-101,ZEB2,miR-200a,TGF-beta,SNAI1,ZEB1,GRHL2,OVOL2",P,10
9544,"CDH1,SNAI2,miR-101,ZEB2,miR-200a,TGF-beta,SNAI1,ZEB1,OVOL2",N,9
9545,"CDH1,SNAI2,miR-101,ZEB2,miR-200a,TGF-beta,SNAI1,ZEB1,miR-34a,TWIST2",P,10
9546,"CDH1,SNAI2,miR-101,ZEB2,miR-200a,TGF-beta,SNAI1,ZEB1",P,8
9547,"CDH1,SNAI2,miR-101,ZEB2,miR-200a,TGF-beta,SNAI1",P,7
9548,"CDH1,SNAI2,miR-101,ZEB2,miR-200a,TGF-beta,GSC,ZEB1,CLDN7",P,9
9549,"CDH1,SNAI2,miR-101,ZEB2,miR-200a,TGF-beta,GSC,ZEB1,GRHL2,OVOL2",N,10
9550,"CDH1,SNAI2,miR-101,ZEB2,miR-200a,TGF-beta,GSC,ZEB1,OVOL2",P,9
9551,"CDH1,SNAI2,miR-101,ZEB2,miR-200a,TGF-beta,GSC,ZEB1,miR-34a,TWIST2,SNAI1",P,11
9552,"CDH1,SNAI2,miR-101,ZEB2,miR-200a,TGF-beta,GSC,ZEB1,miR-34a,TWIST2",N,10
9553,"CDH1,SNAI2,miR-101,ZEB2,miR-200a,TGF-beta,GSC,ZEB1,miR-34a,SNAI1",P,10
9554,"CDH1,SNAI2,miR-101,ZEB2,miR-200a,TGF-beta,GSC,ZEB1",N,8
9555,"CDH1,SNAI2,miR-101,ZEB2,miR-200a,TGF-beta,GSC,SNAI1,miR-34a,ZEB1,CLDN7",P,11
9556,"CDH1,SNAI2,miR-101,ZEB2,miR-200a,TGF-beta,GSC,SNAI1,miR-34a,ZEB1,GRHL2,OVOL2",N,12
9557,"CDH1,SNAI2,miR-101,ZEB2,miR-200a,TGF-beta,GSC,SNAI1,miR-34a,ZEB1,OVOL2",P,11
9558,"CDH1,SNAI2,miR-101,ZEB2,miR-200a,TGF-beta,GSC,SNAI1,miR-34a,ZEB1",N,10
9559,"CDH1,SNAI2,miR-101,ZEB2,miR-200a,TGF-beta,GSC,SNAI1,miR-34a,TWIST2,ZEB1,CLDN7",P,12
9560,"CDH1,SNAI2,miR-101,ZEB2,miR-200a,TGF-beta,GSC,SNAI1,miR-34a,TWIST2,ZEB1,GRHL2,OVOL2",N,13
9561,"CDH1,SNAI2,miR-101,ZEB2,miR-200a,TGF-beta,GSC,SNAI1,miR-34a,TWIST2,ZEB1,OVOL2",P,12
9562,"CDH1,SNAI2,miR-101,ZEB2,miR-200a,TGF-beta,GSC,SNAI1,miR-34a,TWIST2,ZEB1",N,11
9563,"CDH1,SNAI2,miR-101,ZEB2,miR-200a,TGF-beta,GSC,SNAI1,miR-34a,TWIST2",N,10
9564,"CDH1,SNAI2,miR-101,ZEB2,miR-200a,TGF-beta,GSC,SNAI1,ZEB1,CLDN7",P,10
9565,"CDH1,SNAI2,miR-101,ZEB2,miR-200a,TGF-beta,GSC,SNAI1,ZEB1,GRHL2,OVOL2",N,11
9566,"CDH1,SNAI2,miR-101,ZEB2,miR-200a,TGF-beta,GSC,SNAI1,ZEB1,OVOL2",P,10
9567,"CDH1,SNAI2,miR-101,ZEB2,miR-200a,TGF-beta,GSC,SNAI1,ZEB1,miR-34a,TWIST2",N,11
9568,"CDH1,SNAI2,miR-101,ZEB2,miR-200a,TGF-beta,GSC,SNAI1,ZEB1",N,9
9569,"CDH1,SNAI2,miR-101,ZEB2,miR-200a,TGF-beta,GSC,SNAI1",N,8
9570,"CDH1,SNAI2,miR-101,ZEB2,miR-200a,ZEB1,CLDN7",P,7
9571,"CDH1,SNAI2,miR-101,ZEB2,miR-200a,ZEB1,GRHL2,OVOL2,TGF-beta,SNAI1,miR-34a,TWIST2",P,12
9572,"CDH1,SNAI2,miR-101,ZEB2,miR-200a,ZEB1,GRHL2,OVOL2,TGF-beta,SNAI1",P,10
9573,"CDH1,SNAI2,miR-101,ZEB2,miR-200a,ZEB1,GRHL2,OVOL2,TGF-beta,GSC,SNAI1,miR-34a,TWIST2",N,13
9574,"CDH1,SNAI2,miR-101,ZEB2,miR-200a,ZEB1,GRHL2,OVOL2,TGF-beta,GSC,SNAI1",N,11
9575,"CDH1,SNAI2,miR-101,ZEB2,miR-200a,ZEB1,GRHL2,OVOL2",N,8
9576,"CDH1,SNAI2,miR-101,ZEB2,miR-200a,ZEB1,OVOL2,TGF-beta,SNAI1,miR-34a,TWIST2",N,11
9577,"CDH1,SNAI2,miR-101,ZEB2,miR-200a,ZEB1,OVOL2,TGF-beta,SNAI1",N,9
9578,"CDH1,SNAI2,miR-101,ZEB2,miR-200a,ZEB1,OVOL2,TGF-beta,GSC,SNAI1,miR-34a,TWIST2",P,12
9579,"CDH1,SNAI2,miR-101,ZEB2,miR-200a,ZEB1,OVOL2,TGF-beta,GSC,SNAI1",P,10
9580,"CDH1,SNAI2,miR-101,ZEB2,miR-200a,ZEB1,OVOL2",P,7
9581,"CDH1,SNAI2,miR-101,ZEB2,miR-200a,ZEB1,miR-34a,TWIST2,SNAI1",P,9
9582,"CDH1,SNAI2,miR-101,ZEB2,miR-200a,ZEB1,miR-34a,TWIST2",N,8
9583,"CDH1,SNAI2,miR-101,ZEB2,miR-200a,ZEB1,miR-34a,SNAI1",P,8
9584,"CDH1,SNAI2,miR-101,ZEB2,miR-200a,ZEB1,miR-200c,TGF-beta,SNAI1,miR-34a,TWIST2",P,11
9585,"CDH1,SNAI2,miR-101,ZEB2,miR-200a,ZEB1,miR-200c,TGF-beta,SNAI1",P,9
9586,"CDH1,SNAI2,miR-101,ZEB2,miR-200a,ZEB1,miR-200c,TGF-beta,GSC,SNAI1,miR-34a,TWIST2",N,12
9587,"CDH1,SNAI2,miR-101,ZEB2,miR-200a,ZEB1,miR-200c,TGF-beta,GSC,SNAI1",N,10
9588,"CDH1,SNAI2,miR-101,ZEB2,miR-200a,ZEB1,miR-200b,TGF-beta,SNAI1,miR-34a,TWIST2",N,11
9589,"CDH1,SNAI2,miR-101,ZEB2,miR-200a,ZEB1,miR-200b,TGF-beta,SNAI1",N,9
9590,"CDH1,SNAI2,miR-101,ZEB2,miR-200a,ZEB1,miR-200b,TGF-beta,GSC,SNAI1,miR-34a,TWIST2",P,12
9591,"CDH1,SNAI2,miR-101,ZEB2,miR-200a,ZEB1,miR-200b,TGF-beta,GSC,SNAI1",P,10
9592,"CDH1,SNAI2,miR-101,ZEB2,miR-200a,ZEB1,miR-141,TGF-beta,SNAI1,miR-34a,TWIST2",N,11
9593,"CDH1,SNAI2,miR-101,ZEB2,miR-200a,ZEB1,miR-141,TGF-beta,SNAI1",N,9
9594,"CDH1,SNAI2,miR-101,ZEB2,miR-200a,ZEB1,miR-141,TGF-beta,GSC,SNAI1,miR-34a,TWIST2",P,12
9595,"CDH1,SNAI2,miR-101,ZEB2,miR-200a,ZEB1,miR-141,TGF-beta,GSC,SNAI1",P,10
9596,"CDH1,SNAI2,miR-101,ZEB2,miR-200a,ZEB1",N,6
9597,"CDH1,SNAI2,miR-101,ZEB2,miR-200c,TGF-beta,SNAI1,miR-34a,ZEB1,CLDN7",N,10
9598,"CDH1,SNAI2,miR-101,ZEB2,miR-200c,TGF-beta,SNAI1,miR-34a,ZEB1,GRHL2,OVOL2",P,11
9599,"CDH1,SNAI2,miR-101,ZEB2,miR-200c,TGF-beta,SNAI1,miR-34a,ZEB1,OVOL2",N,10
9600,"CDH1,SNAI2,miR-101,ZEB2,miR-200c,TGF-beta,SNAI1,miR-34a,ZEB1",P,9
9601,"CDH1,SNAI2,miR-101,ZEB2,miR-200c,TGF-beta,SNAI1,miR-34a,TWIST2,ZEB1,CLDN7",N,11
9602,"CDH1,SNAI2,miR-101,ZEB2,miR-200c,TGF-beta,SNAI1,miR-34a,TWIST2,ZEB1,GRHL2,OVOL2",P,12
9603,"CDH1,SNAI2,miR-101,ZEB2,miR-200c,TGF-beta,SNAI1,miR-34a,TWIST2,ZEB1,OVOL2",N,11
9604,"CDH1,SNAI2,miR-101,ZEB2,miR-200c,TGF-beta,SNAI1,miR-34a,TWIST2,ZEB1",P,10
9605,"CDH1,SNAI2,miR-101,ZEB2,miR-200c,TGF-beta,SNAI1,miR-34a,TWIST2",P,9
9606,"CDH1,SNAI2,miR-101,ZEB2,miR-200c,TGF-beta,SNAI1,ZEB1,CLDN7",N,9
9607,"CDH1,SNAI2,miR-101,ZEB2,miR-200c,TGF-beta,SNAI1,ZEB1,GRHL2,OVOL2",P,10
9608,"CDH1,SNAI2,miR-101,ZEB2,miR-200c,TGF-beta,SNAI1,ZEB1,OVOL2",N,9
9609,"CDH1,SNAI2,miR-101,ZEB2,miR-200c,TGF-beta,SNAI1,ZEB1,miR-34a,TWIST2",P,10
9610,"CDH1,SNAI2,miR-101,ZEB2,miR-200c,TGF-beta,SNAI1,ZEB1",P,8
9611,"CDH1,SNAI2,miR-101,ZEB2,miR-200c,TGF-beta,SNAI1",P,7
9612,"CDH1,SNAI2,miR-101,ZEB2,miR-200c,TGF-beta,GSC,ZEB1,CLDN7",P,9
9613,"CDH1,SNAI2,miR-101,ZEB2,miR-200c,TGF-beta,GSC,ZEB1,GRHL2,OVOL2",N,10
9614,"CDH1,SNAI2,miR-101,ZEB2,miR-200c,TGF-beta,GSC,ZEB1,OVOL2",P,9
9615,"CDH1,SNAI2,miR-101,ZEB2,miR-200c,TGF-beta,GSC,ZEB1,miR-34a,TWIST2,SNAI1",P,11
9616,"CDH1,SNAI2,miR-101,ZEB2,miR-200c,TGF-beta,GSC,ZEB1,miR-34a,TWIST2",N,10
9617,"CDH1,SNAI2,miR-101,ZEB2,miR-200c,TGF-beta,GSC,ZEB1,miR-34a,SNAI1",P,10
9618,"CDH1,SNAI2,miR-101,ZEB2,miR-200c,TGF-beta,GSC,ZEB1",N,8
9619,"CDH1,SNAI2,miR-101,ZEB2,miR-200c,TGF-beta,GSC,SNAI1,miR-34a,ZEB1,CLDN7",P,11
9620,"CDH1,SNAI2,miR-101,ZEB2,miR-200c,TGF-beta,GSC,SNAI1,miR-34a,ZEB1,GRHL2,OVOL2",N,12
9621,"CDH1,SNAI2,miR-101,ZEB2,miR-200c,TGF-beta,GSC,SNAI1,miR-34a,ZEB1,OVOL2",P,11
9622,"CDH1,SNAI2,miR-101,ZEB2,miR-200c,TGF-beta,GSC,SNAI1,miR-34a,ZEB1",N,10
9623,"CDH1,SNAI2,miR-101,ZEB2,miR-200c,TGF-beta,GSC,SNAI1,miR-34a,TWIST2,ZEB1,CLDN7",P,12
9624,"CDH1,SNAI2,miR-101,ZEB2,miR-200c,TGF-beta,GSC,SNAI1,miR-34a,TWIST2,ZEB1,GRHL2,OVOL2",N,13
9625,"CDH1,SNAI2,miR-101,ZEB2,miR-200c,TGF-beta,GSC,SNAI1,miR-34a,TWIST2,ZEB1,OVOL2",P,12
9626,"CDH1,SNAI2,miR-101,ZEB2,miR-200c,TGF-beta,GSC,SNAI1,miR-34a,TWIST2,ZEB1",N,11
9627,"CDH1,SNAI2,miR-101,ZEB2,miR-200c,TGF-beta,GSC,SNAI1,miR-34a,TWIST2",N,10
9628,"CDH1,SNAI2,miR-101,ZEB2,miR-200c,TGF-beta,GSC,SNAI1,ZEB1,CLDN7",P,10
9629,"CDH1,SNAI2,miR-101,ZEB2,miR-200c,TGF-beta,GSC,SNAI1,ZEB1,GRHL2,OVOL2",N,11
9630,"CDH1,SNAI2,miR-101,ZEB2,miR-200c,TGF-beta,GSC,SNAI1,ZEB1,OVOL2",P,10
9631,"CDH1,SNAI2,miR-101,ZEB2,miR-200c,TGF-beta,GSC,SNAI1,ZEB1,miR-34a,TWIST2",N,11
9632,"CDH1,SNAI2,miR-101,ZEB2,miR-200c,TGF-beta,GSC,SNAI1,ZEB1",N,9
9633,"CDH1,SNAI2,miR-101,ZEB2,miR-200c,TGF-beta,GSC,SNAI1",N,8
9634,"CDH1,SNAI2,miR-101,ZEB2,miR-200c,ZEB1,CLDN7",P,7
9635,"CDH1,SNAI2,miR-101,ZEB2,miR-200c,ZEB1,GRHL2,OVOL2,TGF-beta,SNAI1,miR-34a,TWIST2",P,12
9636,"CDH1,SNAI2,miR-101,ZEB2,miR-200c,ZEB1,GRHL2,OVOL2,TGF-beta,SNAI1",P,10
9637,"CDH1,SNAI2,miR-101,ZEB2,miR-200c,ZEB1,GRHL2,OVOL2,TGF-beta,GSC,SNAI1,miR-34a,TWIST2",N,13
9638,"CDH1,SNAI2,miR-101,ZEB2,miR-200c,ZEB1,GRHL2,OVOL2,TGF-beta,GSC,SNAI1",N,11
9639,"CDH1,SNAI2,miR-101,ZEB2,miR-200c,ZEB1,GRHL2,OVOL2",N,8
9640,"CDH1,SNAI2,miR-101,ZEB2,miR-200c,ZEB1,OVOL2,TGF-beta,SNAI1,miR-34a,TWIST2",N,11
9641,"CDH1,SNAI2,miR-101,ZEB2,miR-200c,ZEB1,OVOL2,TGF-beta,SNAI1",N,9
9642,"CDH1,SNAI2,miR-101,ZEB2,miR-200c,ZEB1,OVOL2,TGF-beta,GSC,SNAI1,miR-34a,TWIST2",P,12
9643,"CDH1,SNAI2,miR-101,ZEB2,miR-200c,ZEB1,OVOL2,TGF-beta,GSC,SNAI1",P,10
9644,"CDH1,SNAI2,miR-101,ZEB2,miR-200c,ZEB1,OVOL2",P,7
9645,"CDH1,SNAI2,miR-101,ZEB2,miR-200c,ZEB1,miR-34a,TWIST2,SNAI1",P,9
9646,"CDH1,SNAI2,miR-101,ZEB2,miR-200c,ZEB1,miR-34a,TWIST2",N,8
9647,"CDH1,SNAI2,miR-101,ZEB2,miR-200c,ZEB1,miR-34a,SNAI1",P,8
9648,"CDH1,SNAI2,miR-101,ZEB2,miR-200c,ZEB1,miR-200a,TGF-beta,SNAI1,miR-34a,TWIST2",N,11
9649,"CDH1,SNAI2,miR-101,ZEB2,miR-200c,ZEB1,miR-200a,TGF-beta,SNAI1",N,9
9650,"CDH1,SNAI2,miR-101,ZEB2,miR-200c,ZEB1,miR-200a,TGF-beta,GSC,SNAI1,miR-34a,TWIST2",P,12
9651,"CDH1,SNAI2,miR-101,ZEB2,miR-200c,ZEB1,miR-200a,TGF-beta,GSC,SNAI1",P,10
9652,"CDH1,SNAI2,miR-101,ZEB2,miR-200c,ZEB1,miR-200b,TGF-beta,SNAI1,miR-34a,TWIST2",N,11
9653,"CDH1,SNAI2,miR-101,ZEB2,miR-200c,ZEB1,miR-200b,TGF-beta,SNAI1",N,9
9654,"CDH1,SNAI2,miR-101,ZEB2,miR-200c,ZEB1,miR-200b,TGF-beta,GSC,SNAI1,miR-34a,TWIST2",P,12
9655,"CDH1,SNAI2,miR-101,ZEB2,miR-200c,ZEB1,miR-200b,TGF-beta,GSC,SNAI1",P,10
9656,"CDH1,SNAI2,miR-101,ZEB2,miR-200c,ZEB1,miR-141,TGF-beta,SNAI1,miR-34a,TWIST2",N,11
9657,"CDH1,SNAI2,miR-101,ZEB2,miR-200c,ZEB1,miR-141,TGF-beta,SNAI1",N,9
9658,"CDH1,SNAI2,miR-101,ZEB2,miR-200c,ZEB1,miR-141,TGF-beta,GSC,SNAI1,miR-34a,TWIST2",P,12
9659,"CDH1,SNAI2,miR-101,ZEB2,miR-200c,ZEB1,miR-141,TGF-beta,GSC,SNAI1",P,10
9660,"CDH1,SNAI2,miR-101,ZEB2,miR-200c,ZEB1",N,6
9661,"CDH1,SNAI2,miR-101,ZEB2,miR-200b,TGF-beta,SNAI1,miR-34a,ZEB1,CLDN7",P,10
9662,"CDH1,SNAI2,miR-101,ZEB2,miR-200b,TGF-beta,SNAI1,miR-34a,ZEB1,GRHL2,OVOL2",N,11
9663,"CDH1,SNAI2,miR-101,ZEB2,miR-200b,TGF-beta,SNAI1,miR-34a,ZEB1,OVOL2",P,10
9664,"CDH1,SNAI2,miR-101,ZEB2,miR-200b,TGF-beta,SNAI1,miR-34a,ZEB1",N,9
9665,"CDH1,SNAI2,miR-101,ZEB2,miR-200b,TGF-beta,SNAI1,miR-34a,TWIST2,ZEB1,CLDN7",P,11
9666,"CDH1,SNAI2,miR-101,ZEB2,miR-200b,TGF-beta,SNAI1,miR-34a,TWIST2,ZEB1,GRHL2,OVOL2",N,12
9667,"CDH1,SNAI2,miR-101,ZEB2,miR-200b,TGF-beta,SNAI1,miR-34a,TWIST2,ZEB1,OVOL2",P,11
9668,"CDH1,SNAI2,miR-101,ZEB2,miR-200b,TGF-beta,SNAI1,miR-34a,TWIST2,ZEB1",N,10
9669,"CDH1,SNAI2,miR-101,ZEB2,miR-200b,TGF-beta,SNAI1,miR-34a,TWIST2",N,9
9670,"CDH1,SNAI2,miR-101,ZEB2,miR-200b,TGF-beta,SNAI1,ZEB1,CLDN7",P,9
9671,"CDH1,SNAI2,miR-101,ZEB2,miR-200b,TGF-beta,SNAI1,ZEB1,GRHL2,OVOL2",N,10
9672,"CDH1,SNAI2,miR-101,ZEB2,miR-200b,TGF-beta,SNAI1,ZEB1,OVOL2",P,9
9673,"CDH1,SNAI2,miR-101,ZEB2,miR-200b,TGF-beta,SNAI1,ZEB1,miR-34a,TWIST2",N,10
9674,"CDH1,SNAI2,miR-101,ZEB2,miR-200b,TGF-beta,SNAI1,ZEB1",N,8
9675,"CDH1,SNAI2,miR-101,ZEB2,miR-200b,TGF-beta,SNAI1",N,7
9676,"CDH1,SNAI2,miR-101,ZEB2,miR-200b,TGF-beta,GSC,ZEB1,CLDN7",N,9
9677,"CDH1,SNAI2,miR-101,ZEB2,miR-200b,TGF-beta,GSC,ZEB1,GRHL2,OVOL2",P,10
9678,"CDH1,SNAI2,miR-101,ZEB2,miR-200b,TGF-beta,GSC,ZEB1,OVOL2",N,9
9679,"CDH1,SNAI2,miR-101,ZEB2,miR-200b,TGF-beta,GSC,ZEB1,miR-34a,TWIST2,SNAI1",N,11
9680,"CDH1,SNAI2,miR-101,ZEB2,miR-200b,TGF-beta,GSC,ZEB1,miR-34a,TWIST2",P,10
9681,"CDH1,SNAI2,miR-101,ZEB2,miR-200b,TGF-beta,GSC,ZEB1,miR-34a,SNAI1",N,10
9682,"CDH1,SNAI2,miR-101,ZEB2,miR-200b,TGF-beta,GSC,ZEB1",P,8
9683,"CDH1,SNAI2,miR-101,ZEB2,miR-200b,TGF-beta,GSC,SNAI1,miR-34a,ZEB1,CLDN7",N,11
9684,"CDH1,SNAI2,miR-101,ZEB2,miR-200b,TGF-beta,GSC,SNAI1,miR-34a,ZEB1,GRHL2,OVOL2",P,12
9685,"CDH1,SNAI2,miR-101,ZEB2,miR-200b,TGF-beta,GSC,SNAI1,miR-34a,ZEB1,OVOL2",N,11
9686,"CDH1,SNAI2,miR-101,ZEB2,miR-200b,TGF-beta,GSC,SNAI1,miR-34a,ZEB1",P,10
9687,"CDH1,SNAI2,miR-101,ZEB2,miR-200b,TGF-beta,GSC,SNAI1,miR-34a,TWIST2,ZEB1,CLDN7",N,12
9688,"CDH1,SNAI2,miR-101,ZEB2,miR-200b,TGF-beta,GSC,SNAI1,miR-34a,TWIST2,ZEB1,GRHL2,OVOL2",P,13
9689,"CDH1,SNAI2,miR-101,ZEB2,miR-200b,TGF-beta,GSC,SNAI1,miR-34a,TWIST2,ZEB1,OVOL2",N,12
9690,"CDH1,SNAI2,miR-101,ZEB2,miR-200b,TGF-beta,GSC,SNAI1,miR-34a,TWIST2,ZEB1",P,11
9691,"CDH1,SNAI2,miR-101,ZEB2,miR-200b,TGF-beta,GSC,SNAI1,miR-34a,TWIST2",P,10
9692,"CDH1,SNAI2,miR-101,ZEB2,miR-200b,TGF-beta,GSC,SNAI1,ZEB1,CLDN7",N,10
9693,"CDH1,SNAI2,miR-101,ZEB2,miR-200b,TGF-beta,GSC,SNAI1,ZEB1,GRHL2,OVOL2",P,11
9694,"CDH1,SNAI2,miR-101,ZEB2,miR-200b,TGF-beta,GSC,SNAI1,ZEB1,OVOL2",N,10
9695,"CDH1,SNAI2,miR-101,ZEB2,miR-200b,TGF-beta,GSC,SNAI1,ZEB1,miR-34a,TWIST2",P,11
9696,"CDH1,SNAI2,miR-101,ZEB2,miR-200b,TGF-beta,GSC,SNAI1,ZEB1",P,9
9697,"CDH1,SNAI2,miR-101,ZEB2,miR-200b,TGF-beta,GSC,SNAI1",P,8
9698,"CDH1,SNAI2,miR-101,ZEB2,miR-200b,ZEB1,CLDN7",P,7
9699,"CDH1,SNAI2,miR-101,ZEB2,miR-200b,ZEB1,GRHL2,OVOL2,TGF-beta,SNAI1,miR-34a,TWIST2",P,12
9700,"CDH1,SNAI2,miR-101,ZEB2,miR-200b,ZEB1,GRHL2,OVOL2,TGF-beta,SNAI1",P,10
9701,"CDH1,SNAI2,miR-101,ZEB2,miR-200b,ZEB1,GRHL2,OVOL2,TGF-beta,GSC,SNAI1,miR-34a,TWIST2",N,13
9702,"CDH1,SNAI2,miR-101,ZEB2,miR-200b,ZEB1,GRHL2,OVOL2,TGF-beta,GSC,SNAI1",N,11
9703,"CDH1,SNAI2,miR-101,ZEB2,miR-200b,ZEB1,GRHL2,OVOL2",N,8
9704,"CDH1,SNAI2,miR-101,ZEB2,miR-200b,ZEB1,OVOL2,TGF-beta,SNAI1,miR-34a,TWIST2",N,11
9705,"CDH1,SNAI2,miR-101,ZEB2,miR-200b,ZEB1,OVOL2,TGF-beta,SNAI1",N,9
9706,"CDH1,SNAI2,miR-101,ZEB2,miR-200b,ZEB1,OVOL2,TGF-beta,GSC,SNAI1,miR-34a,TWIST2",P,12
9707,"CDH1,SNAI2,miR-101,ZEB2,miR-200b,ZEB1,OVOL2,TGF-beta,GSC,SNAI1",P,10
9708,"CDH1,SNAI2,miR-101,ZEB2,miR-200b,ZEB1,OVOL2",P,7
9709,"CDH1,SNAI2,miR-101,ZEB2,miR-200b,ZEB1,miR-34a,TWIST2,SNAI1",P,9
9710,"CDH1,SNAI2,miR-101,ZEB2,miR-200b,ZEB1,miR-34a,TWIST2",N,8
9711,"CDH1,SNAI2,miR-101,ZEB2,miR-200b,ZEB1,miR-34a,SNAI1",P,8
9712,"CDH1,SNAI2,miR-101,ZEB2,miR-200b,ZEB1,miR-200a,TGF-beta,SNAI1,miR-34a,TWIST2",N,11
9713,"CDH1,SNAI2,miR-101,ZEB2,miR-200b,ZEB1,miR-200a,TGF-beta,SNAI1",N,9
9714,"CDH1,SNAI2,miR-101,ZEB2,miR-200b,ZEB1,miR-200a,TGF-beta,GSC,SNAI1,miR-34a,TWIST2",P,12
9715,"CDH1,SNAI2,miR-101,ZEB2,miR-200b,ZEB1,miR-200a,TGF-beta,GSC,SNAI1",P,10
9716,"CDH1,SNAI2,miR-101,ZEB2,miR-200b,ZEB1,miR-200c,TGF-beta,SNAI1,miR-34a,TWIST2",P,11
9717,"CDH1,SNAI2,miR-101,ZEB2,miR-200b,ZEB1,miR-200c,TGF-beta,SNAI1",P,9
9718,"CDH1,SNAI2,miR-101,ZEB2,miR-200b,ZEB1,miR-200c,TGF-beta,GSC,SNAI1,miR-34a,TWIST2",N,12
9719,"CDH1,SNAI2,miR-101,ZEB2,miR-200b,ZEB1,miR-200c,TGF-beta,GSC,SNAI1",N,10
9720,"CDH1,SNAI2,miR-101,ZEB2,miR-200b,ZEB1,miR-141,TGF-beta,SNAI1,miR-34a,TWIST2",N,11
9721,"CDH1,SNAI2,miR-101,ZEB2,miR-200b,ZEB1,miR-141,TGF-beta,SNAI1",N,9
9722,"CDH1,SNAI2,miR-101,ZEB2,miR-200b,ZEB1,miR-141,TGF-beta,GSC,SNAI1,miR-34a,TWIST2",P,12
9723,"CDH1,SNAI2,miR-101,ZEB2,miR-200b,ZEB1,miR-141,TGF-beta,GSC,SNAI1",P,10
9724,"CDH1,SNAI2,miR-101,ZEB2,miR-200b,ZEB1",N,6
9725,"CDH1,SNAI2,miR-101,ZEB2",N,4
9726,"CDH1,SNAI2,miR-101,ZEB1,CLDN7",N,5
9727,"CDH1,SNAI2,miR-101,ZEB1,GRHL2,NP63,miR-205,ZEB2,miR-200a,TGF-beta,SNAI1,miR-34a,TWIST2",N,13
9728,"CDH1,SNAI2,miR-101,ZEB1,GRHL2,NP63,miR-205,ZEB2,miR-200a,TGF-beta,SNAI1",N,11
9729,"CDH1,SNAI2,miR-101,ZEB1,GRHL2,NP63,miR-205,ZEB2,miR-200a,TGF-beta,GSC,SNAI1,miR-34a,TWIST2",P,14
9730,"CDH1,SNAI2,miR-101,ZEB1,GRHL2,NP63,miR-205,ZEB2,miR-200a,TGF-beta,GSC,SNAI1",P,12
9731,"CDH1,SNAI2,miR-101,ZEB1,GRHL2,NP63,miR-205,ZEB2,miR-200c,TGF-beta,SNAI1,miR-34a,TWIST2",N,13
9732,"CDH1,SNAI2,miR-101,ZEB1,GRHL2,NP63,miR-205,ZEB2,miR-200c,TGF-beta,SNAI1",N,11
9733,"CDH1,SNAI2,miR-101,ZEB1,GRHL2,NP63,miR-205,ZEB2,miR-200c,TGF-beta,GSC,SNAI1,miR-34a,TWIST2",P,14
9734,"CDH1,SNAI2,miR-101,ZEB1,GRHL2,NP63,miR-205,ZEB2,miR-200c,TGF-beta,GSC,SNAI1",P,12
9735,"CDH1,SNAI2,miR-101,ZEB1,GRHL2,NP63,miR-205,ZEB2,miR-200b,TGF-beta,SNAI1,miR-34a,TWIST2",P,13
9736,"CDH1,SNAI2,miR-101,ZEB1,GRHL2,NP63,miR-205,ZEB2,miR-200b,TGF-beta,SNAI1",P,11
9737,"CDH1,SNAI2,miR-101,ZEB1,GRHL2,NP63,miR-205,ZEB2,miR-200b,TGF-beta,GSC,SNAI1,miR-34a,TWIST2",N,14
9738,"CDH1,SNAI2,miR-101,ZEB1,GRHL2,NP63,miR-205,ZEB2,miR-200b,TGF-beta,GSC,SNAI1",N,12
9739,"CDH1,SNAI2,miR-101,ZEB1,GRHL2,NP63,miR-205,ZEB2",P,8
9740,"CDH1,SNAI2,miR-101,ZEB1,GRHL2,OVOL2,TGF-beta,SNAI1,miR-34a,TWIST2,ZEB2",P,11
9741,"CDH1,SNAI2,miR-101,ZEB1,GRHL2,OVOL2,TGF-beta,SNAI1,miR-34a,TWIST2",N,10
9742,"CDH1,SNAI2,miR-101,ZEB1,GRHL2,OVOL2,TGF-beta,SNAI1,ZEB2",P,9
9743,"CDH1,SNAI2,miR-101,ZEB1,GRHL2,OVOL2,TGF-beta,SNAI1",N,8
9744,"CDH1,SNAI2,miR-101,ZEB1,GRHL2,OVOL2,TGF-beta,GSC,ZEB2",P,9
9745,"CDH1,SNAI2,miR-101,ZEB1,GRHL2,OVOL2,TGF-beta,GSC,SNAI1,miR-34a,TWIST2,ZEB2",N,12
9746,"CDH1,SNAI2,miR-101,ZEB1,GRHL2,OVOL2,TGF-beta,GSC,SNAI1,miR-34a,TWIST2",P,11
9747,"CDH1,SNAI2,miR-101,ZEB1,GRHL2,OVOL2,TGF-beta,GSC,SNAI1,ZEB2",N,10
9748,"CDH1,SNAI2,miR-101,ZEB1,GRHL2,OVOL2,TGF-beta,GSC,SNAI1",P,9
9749,"CDH1,SNAI2,miR-101,ZEB1,GRHL2,OVOL2,NP63,miR-205,ZEB2,miR-200a,TGF-beta,SNAI1,miR-34a,TWIST2",N,14
9750,"CDH1,SNAI2,miR-101,ZEB1,GRHL2,OVOL2,NP63,miR-205,ZEB2,miR-200a,TGF-beta,SNAI1",N,12
9751,"CDH1,SNAI2,miR-101,ZEB1,GRHL2,OVOL2,NP63,miR-205,ZEB2,miR-200a,TGF-beta,GSC,SNAI1,miR-34a,TWIST2",P,15
9752,"CDH1,SNAI2,miR-101,ZEB1,GRHL2,OVOL2,NP63,miR-205,ZEB2,miR-200a,TGF-beta,GSC,SNAI1",P,13
9753,"CDH1,SNAI2,miR-101,ZEB1,GRHL2,OVOL2,NP63,miR-205,ZEB2,miR-200c,TGF-beta,SNAI1,miR-34a,TWIST2",N,14
9754,"CDH1,SNAI2,miR-101,ZEB1,GRHL2,OVOL2,NP63,miR-205,ZEB2,miR-200c,TGF-beta,SNAI1",N,12
9755,"CDH1,SNAI2,miR-101,ZEB1,GRHL2,OVOL2,NP63,miR-205,ZEB2,miR-200c,TGF-beta,GSC,SNAI1,miR-34a,TWIST2",P,15
9756,"CDH1,SNAI2,miR-101,ZEB1,GRHL2,OVOL2,NP63,miR-205,ZEB2,miR-200c,TGF-beta,GSC,SNAI1",P,13
9757,"CDH1,SNAI2,miR-101,ZEB1,GRHL2,OVOL2,NP63,miR-205,ZEB2,miR-200b,TGF-beta,SNAI1,miR-34a,TWIST2",P,14
9758,"CDH1,SNAI2,miR-101,ZEB1,GRHL2,OVOL2,NP63,miR-205,ZEB2,miR-200b,TGF-beta,SNAI1",P,12
9759,"CDH1,SNAI2,miR-101,ZEB1,GRHL2,OVOL2,NP63,miR-205,ZEB2,miR-200b,TGF-beta,GSC,SNAI1,miR-34a,TWIST2",N,15
9760,"CDH1,SNAI2,miR-101,ZEB1,GRHL2,OVOL2,NP63,miR-205,ZEB2,miR-200b,TGF-beta,GSC,SNAI1",N,13
9761,"CDH1,SNAI2,miR-101,ZEB1,GRHL2,OVOL2,NP63,miR-205,ZEB2",P,9
9762,"CDH1,SNAI2,miR-101,ZEB1,GRHL2,OVOL2",P,6
9763,"CDH1,SNAI2,miR-101,ZEB1,OVOL2,TGF-beta,SNAI1,miR-34a,TWIST2,ZEB2",N,10
9764,"CDH1,SNAI2,miR-101,ZEB1,OVOL2,TGF-beta,SNAI1,miR-34a,TWIST2",P,9
9765,"CDH1,SNAI2,miR-101,ZEB1,OVOL2,TGF-beta,SNAI1,ZEB2",N,8
9766,"CDH1,SNAI2,miR-101,ZEB1,OVOL2,TGF-beta,SNAI1",P,7
9767,"CDH1,SNAI2,miR-101,ZEB1,OVOL2,TGF-beta,GSC,ZEB2",N,8
9768,"CDH1,SNAI2,miR-101,ZEB1,OVOL2,TGF-beta,GSC,SNAI1,miR-34a,TWIST2,ZEB2",P,11
9769,"CDH1,SNAI2,miR-101,ZEB1,OVOL2,TGF-beta,GSC,SNAI1,miR-34a,TWIST2",N,10
9770,"CDH1,SNAI2,miR-101,ZEB1,OVOL2,TGF-beta,GSC,SNAI1,ZEB2",P,9
9771,"CDH1,SNAI2,miR-101,ZEB1,OVOL2,TGF-beta,GSC,SNAI1",N,8
9772,"CDH1,SNAI2,miR-101,ZEB1,OVOL2,NP63,miR-205,ZEB2,miR-200a,TGF-beta,SNAI1,miR-34a,TWIST2",P,13
9773,"CDH1,SNAI2,miR-101,ZEB1,OVOL2,NP63,miR-205,ZEB2,miR-200a,TGF-beta,SNAI1",P,11
9774,"CDH1,SNAI2,miR-101,ZEB1,OVOL2,NP63,miR-205,ZEB2,miR-200a,TGF-beta,GSC,SNAI1,miR-34a,TWIST2",N,14
9775,"CDH1,SNAI2,miR-101,ZEB1,OVOL2,NP63,miR-205,ZEB2,miR-200a,TGF-beta,GSC,SNAI1",N,12
9776,"CDH1,SNAI2,miR-101,ZEB1,OVOL2,NP63,miR-205,ZEB2,miR-200c,TGF-beta,SNAI1,miR-34a,TWIST2",P,13
9777,"CDH1,SNAI2,miR-101,ZEB1,OVOL2,NP63,miR-205,ZEB2,miR-200c,TGF-beta,SNAI1",P,11
9778,"CDH1,SNAI2,miR-101,ZEB1,OVOL2,NP63,miR-205,ZEB2,miR-200c,TGF-beta,GSC,SNAI1,miR-34a,TWIST2",N,14
9779,"CDH1,SNAI2,miR-101,ZEB1,OVOL2,NP63,miR-205,ZEB2,miR-200c,TGF-beta,GSC,SNAI1",N,12
9780,"CDH1,SNAI2,miR-101,ZEB1,OVOL2,NP63,miR-205,ZEB2,miR-200b,TGF-beta,SNAI1,miR-34a,TWIST2",N,13
9781,"CDH1,SNAI2,miR-101,ZEB1,OVOL2,NP63,miR-205,ZEB2,miR-200b,TGF-beta,SNAI1",N,11
9782,"CDH1,SNAI2,miR-101,ZEB1,OVOL2,NP63,miR-205,ZEB2,miR-200b,TGF-beta,GSC,SNAI1,miR-34a,TWIST2",P,14
9783,"CDH1,SNAI2,miR-101,ZEB1,OVOL2,NP63,miR-205,ZEB2,miR-200b,TGF-beta,GSC,SNAI1",P,12
9784,"CDH1,SNAI2,miR-101,ZEB1,OVOL2,NP63,miR-205,ZEB2",N,8
9785,"CDH1,SNAI2,miR-101,ZEB1,OVOL2",N,5
9786,"CDH1,SNAI2,miR-101,ZEB1,miR-34a,TWIST2,ZEB2,miR-200a,TGF-beta,SNAI1",P,10
9787,"CDH1,SNAI2,miR-101,ZEB1,miR-34a,TWIST2,ZEB2,miR-200a,TGF-beta,GSC,SNAI1",N,11
9788,"CDH1,SNAI2,miR-101,ZEB1,miR-34a,TWIST2,ZEB2,miR-200c,TGF-beta,SNAI1",P,10
9789,"CDH1,SNAI2,miR-101,ZEB1,miR-34a,TWIST2,ZEB2,miR-200c,TGF-beta,GSC,SNAI1",N,11
9790,"CDH1,SNAI2,miR-101,ZEB1,miR-34a,TWIST2,ZEB2,miR-200b,TGF-beta,SNAI1",N,10
9791,"CDH1,SNAI2,miR-101,ZEB1,miR-34a,TWIST2,ZEB2,miR-200b,TGF-beta,GSC,SNAI1",P,11
9792,"CDH1,SNAI2,miR-101,ZEB1,miR-34a,TWIST2,ZEB2",N,7
9793,"CDH1,SNAI2,miR-101,ZEB1,miR-34a,TWIST2,SNAI1,ZEB2",P,8
9794,"CDH1,SNAI2,miR-101,ZEB1,miR-34a,TWIST2,SNAI1",N,7
9795,"CDH1,SNAI2,miR-101,ZEB1,miR-34a,TWIST2",P,6
9796,"CDH1,SNAI2,miR-101,ZEB1,miR-34a,SNAI1,ZEB2",P,7
9797,"CDH1,SNAI2,miR-101,ZEB1,miR-34a,SNAI1",N,6
9798,"CDH1,SNAI2,miR-101,ZEB1,miR-200a,TGF-beta,SNAI1,miR-34a,TWIST2,ZEB2",N,10
9799,"CDH1,SNAI2,miR-101,ZEB1,miR-200a,TGF-beta,SNAI1,miR-34a,TWIST2",P,9
9800,"CDH1,SNAI2,miR-101,ZEB1,miR-200a,TGF-beta,SNAI1,ZEB2",N,8
9801,"CDH1,SNAI2,miR-101,ZEB1,miR-200a,TGF-beta,SNAI1",P,7
9802,"CDH1,SNAI2,miR-101,ZEB1,miR-200a,TGF-beta,GSC,ZEB2",N,8
9803,"CDH1,SNAI2,miR-101,ZEB1,miR-200a,TGF-beta,GSC,SNAI1,miR-34a,TWIST2,ZEB2",P,11
9804,"CDH1,SNAI2,miR-101,ZEB1,miR-200a,TGF-beta,GSC,SNAI1,miR-34a,TWIST2",N,10
9805,"CDH1,SNAI2,miR-101,ZEB1,miR-200a,TGF-beta,GSC,SNAI1,ZEB2",P,9
9806,"CDH1,SNAI2,miR-101,ZEB1,miR-200a,TGF-beta,GSC,SNAI1",N,8
9807,"CDH1,SNAI2,miR-101,ZEB1,miR-200a,ZEB2,miR-200c,TGF-beta,SNAI1,miR-34a,TWIST2",N,11
9808,"CDH1,SNAI2,miR-101,ZEB1,miR-200a,ZEB2,miR-200c,TGF-beta,SNAI1",N,9
9809,"CDH1,SNAI2,miR-101,ZEB1,miR-200a,ZEB2,miR-200c,TGF-beta,GSC,SNAI1,miR-34a,TWIST2",P,12
9810,"CDH1,SNAI2,miR-101,ZEB1,miR-200a,ZEB2,miR-200c,TGF-beta,GSC,SNAI1",P,10
9811,"CDH1,SNAI2,miR-101,ZEB1,miR-200a,ZEB2,miR-200b,TGF-beta,SNAI1,miR-34a,TWIST2",P,11
9812,"CDH1,SNAI2,miR-101,ZEB1,miR-200a,ZEB2,miR-200b,TGF-beta,SNAI1",P,9
9813,"CDH1,SNAI2,miR-101,ZEB1,miR-200a,ZEB2,miR-200b,TGF-beta,GSC,SNAI1,miR-34a,TWIST2",N,12
9814,"CDH1,SNAI2,miR-101,ZEB1,miR-200a,ZEB2,miR-200b,TGF-beta,GSC,SNAI1",N,10
9815,"CDH1,SNAI2,miR-101,ZEB1,miR-200a,ZEB2",P,6
9816,"CDH1,SNAI2,miR-101,ZEB1,miR-200c,TGF-beta,SNAI1,miR-34a,TWIST2,ZEB2",P,10
9817,"CDH1,SNAI2,miR-101,ZEB1,miR-200c,TGF-beta,SNAI1,miR-34a,TWIST2",N,9
9818,"CDH1,SNAI2,miR-101,ZEB1,miR-200c,TGF-beta,SNAI1,ZEB2",P,8
9819,"CDH1,SNAI2,miR-101,ZEB1,miR-200c,TGF-beta,SNAI1",N,7
9820,"CDH1,SNAI2,miR-101,ZEB1,miR-200c,TGF-beta,GSC,ZEB2",P,8
9821,"CDH1,SNAI2,miR-101,ZEB1,miR-200c,TGF-beta,GSC,SNAI1,miR-34a,TWIST2,ZEB2",N,11
9822,"CDH1,SNAI2,miR-101,ZEB1,miR-200c,TGF-beta,GSC,SNAI1,miR-34a,TWIST2",P,10
9823,"CDH1,SNAI2,miR-101,ZEB1,miR-200c,TGF-beta,GSC,SNAI1,ZEB2",N,9
9824,"CDH1,SNAI2,miR-101,ZEB1,miR-200c,TGF-beta,GSC,SNAI1",P,8
9825,"CDH1,SNAI2,miR-101,ZEB1,miR-200c,ZEB2,miR-200a,TGF-beta,SNAI1,miR-34a,TWIST2",N,11
9826,"CDH1,SNAI2,miR-101,ZEB1,miR-200c,ZEB2,miR-200a,TGF-beta,SNAI1",N,9
9827,"CDH1,SNAI2,miR-101,ZEB1,miR-200c,ZEB2,miR-200a,TGF-beta,GSC,SNAI1,miR-34a,TWIST2",P,12
9828,"CDH1,SNAI2,miR-101,ZEB1,miR-200c,ZEB2,miR-200a,TGF-beta,GSC,SNAI1",P,10
9829,"CDH1,SNAI2,miR-101,ZEB1,miR-200c,ZEB2,miR-200b,TGF-beta,SNAI1,miR-34a,TWIST2",P,11
9830,"CDH1,SNAI2,miR-101,ZEB1,miR-200c,ZEB2,miR-200b,TGF-beta,SNAI1",P,9
9831,"CDH1,SNAI2,miR-101,ZEB1,miR-200c,ZEB2,miR-200b,TGF-beta,GSC,SNAI1,miR-34a,TWIST2",N,12
9832,"CDH1,SNAI2,miR-101,ZEB1,miR-200c,ZEB2,miR-200b,TGF-beta,GSC,SNAI1",N,10
9833,"CDH1,SNAI2,miR-101,ZEB1,miR-200c,ZEB2",P,6
9834,"CDH1,SNAI2,miR-101,ZEB1,miR-200b,TGF-beta,SNAI1,miR-34a,TWIST2,ZEB2",N,10
9835,"CDH1,SNAI2,miR-101,ZEB1,miR-200b,TGF-beta,SNAI1,miR-34a,TWIST2",P,9
9836,"CDH1,SNAI2,miR-101,ZEB1,miR-200b,TGF-beta,SNAI1,ZEB2",N,8
9837,"CDH1,SNAI2,miR-101,ZEB1,miR-200b,TGF-beta,SNAI1",P,7
9838,"CDH1,SNAI2,miR-101,ZEB1,miR-200b,TGF-beta,GSC,ZEB2",N,8
9839,"CDH1,SNAI2,miR-101,ZEB1,miR-200b,TGF-beta,GSC,SNAI1,miR-34a,TWIST2,ZEB2",P,11
9840,"CDH1,SNAI2,miR-101,ZEB1,miR-200b,TGF-beta,GSC,SNAI1,miR-34a,TWIST2",N,10
9841,"CDH1,SNAI2,miR-101,ZEB1,miR-200b,TGF-beta,GSC,SNAI1,ZEB2",P,9
9842,"CDH1,SNAI2,miR-101,ZEB1,miR-200b,TGF-beta,GSC,SNAI1",N,8
9843,"CDH1,SNAI2,miR-101,ZEB1,miR-200b,ZEB2,miR-200a,TGF-beta,SNAI1,miR-34a,TWIST2",N,11
9844,"CDH1,SNAI2,miR-101,ZEB1,miR-200b,ZEB2,miR-200a,TGF-beta,SNAI1",N,9
9845,"CDH1,SNAI2,miR-101,ZEB1,miR-200b,ZEB2,miR-200a,TGF-beta,GSC,SNAI1,miR-34a,TWIST2",P,12
9846,"CDH1,SNAI2,miR-101,ZEB1,miR-200b,ZEB2,miR-200a,TGF-beta,GSC,SNAI1",P,10
9847,"CDH1,SNAI2,miR-101,ZEB1,miR-200b,ZEB2,miR-200c,TGF-beta,SNAI1,miR-34a,TWIST2",N,11
9848,"CDH1,SNAI2,miR-101,ZEB1,miR-200b,ZEB2,miR-200c,TGF-beta,SNAI1",N,9
9849,"CDH1,SNAI2,miR-101,ZEB1,miR-200b,ZEB2,miR-200c,TGF-beta,GSC,SNAI1,miR-34a,TWIST2",P,12
9850,"CDH1,SNAI2,miR-101,ZEB1,miR-200b,ZEB2,miR-200c,TGF-beta,GSC,SNAI1",P,10
9851,"CDH1,SNAI2,miR-101,ZEB1,miR-200b,ZEB2",P,6
9852,"CDH1,SNAI2,miR-101,ZEB1,miR-141,TGF-beta,SNAI1,miR-34a,TWIST2,ZEB2",N,10
9853,"CDH1,SNAI2,miR-101,ZEB1,miR-141,TGF-beta,SNAI1,miR-34a,TWIST2",P,9
9854,"CDH1,SNAI2,miR-101,ZEB1,miR-141,TGF-beta,SNAI1,ZEB2",N,8
9855,"CDH1,SNAI2,miR-101,ZEB1,miR-141,TGF-beta,SNAI1",P,7
9856,"CDH1,SNAI2,miR-101,ZEB1,miR-141,TGF-beta,GSC,ZEB2",N,8
9857,"CDH1,SNAI2,miR-101,ZEB1,miR-141,TGF-beta,GSC,SNAI1,miR-34a,TWIST2,ZEB2",P,11
9858,"CDH1,SNAI2,miR-101,ZEB1,miR-141,TGF-beta,GSC,SNAI1,miR-34a,TWIST2",N,10
9859,"CDH1,SNAI2,miR-101,ZEB1,miR-141,TGF-beta,GSC,SNAI1,ZEB2",P,9
9860,"CDH1,SNAI2,miR-101,ZEB1,miR-141,TGF-beta,GSC,SNAI1",N,8
9861,"CDH1,SNAI2,miR-101,ZEB1,miR-141,ZEB2,miR-200a,TGF-beta,SNAI1,miR-34a,TWIST2",P,11
9862,"CDH1,SNAI2,miR-101,ZEB1,miR-141,ZEB2,miR-200a,TGF-beta,SNAI1",P,9
9863,"CDH1,SNAI2,miR-101,ZEB1,miR-141,ZEB2,miR-200a,TGF-beta,GSC,SNAI1,miR-34a,TWIST2",N,12
9864,"CDH1,SNAI2,miR-101,ZEB1,miR-141,ZEB2,miR-200a,TGF-beta,GSC,SNAI1",N,10
9865,"CDH1,SNAI2,miR-101,ZEB1,miR-141,ZEB2,miR-200c,TGF-beta,SNAI1,miR-34a,TWIST2",P,11
9866,"CDH1,SNAI2,miR-101,ZEB1,miR-141,ZEB2,miR-200c,TGF-beta,SNAI1",P,9
9867,"CDH1,SNAI2,miR-101,ZEB1,miR-141,ZEB2,miR-200c,TGF-beta,GSC,SNAI1,miR-34a,TWIST2",N,12
9868,"CDH1,SNAI2,miR-101,ZEB1,miR-141,ZEB2,miR-200c,TGF-beta,GSC,SNAI1",N,10
9869,"CDH1,SNAI2,miR-101,ZEB1,miR-141,ZEB2,miR-200b,TGF-beta,SNAI1,miR-34a,TWIST2",N,11
9870,"CDH1,SNAI2,miR-101,ZEB1,miR-141,ZEB2,miR-200b,TGF-beta,SNAI1",N,9
9871,"CDH1,SNAI2,miR-101,ZEB1,miR-141,ZEB2,miR-200b,TGF-beta,GSC,SNAI1,miR-34a,TWIST2",P,12
9872,"CDH1,SNAI2,miR-101,ZEB1,miR-141,ZEB2,miR-200b,TGF-beta,GSC,SNAI1",P,10
9873,"CDH1,SNAI2,miR-101,ZEB1,miR-141,ZEB2",N,6
9874,"CDH1,SNAI2,miR-101,ZEB1",P,4
9875,"CDH1,SNAI2,TWIST2,ZEB2,miR-200a,TGF-beta,SNAI1,miR-101,ZEB1,CLDN7",P,10
9876,"CDH1,SNAI2,TWIST2,ZEB2,miR-200a,TGF-beta,SNAI1,miR-101,ZEB1,GRHL2,OVOL2",N,11
9877,"CDH1,SNAI2,TWIST2,ZEB2,miR-200a,TGF-beta,SNAI1,miR-101,ZEB1,OVOL2",P,10
9878,"CDH1,SNAI2,TWIST2,ZEB2,miR-200a,TGF-beta,SNAI1,miR-101,ZEB1",N,9
9879,"CDH1,SNAI2,TWIST2,ZEB2,miR-200a,TGF-beta,SNAI1,miR-34a,ZEB1,CLDN7",N,10
9880,"CDH1,SNAI2,TWIST2,ZEB2,miR-200a,TGF-beta,SNAI1,miR-34a,ZEB1,GRHL2,OVOL2",P,11
9881,"CDH1,SNAI2,TWIST2,ZEB2,miR-200a,TGF-beta,SNAI1,miR-34a,ZEB1,OVOL2",N,10
9882,"CDH1,SNAI2,TWIST2,ZEB2,miR-200a,TGF-beta,SNAI1,miR-34a,ZEB1",P,9
9883,"CDH1,SNAI2,TWIST2,ZEB2,miR-200a,TGF-beta,SNAI1,ZEB1,CLDN7",N,9
9884,"CDH1,SNAI2,TWIST2,ZEB2,miR-200a,TGF-beta,SNAI1,ZEB1,GRHL2,OVOL2",P,10
9885,"CDH1,SNAI2,TWIST2,ZEB2,miR-200a,TGF-beta,SNAI1,ZEB1,OVOL2",N,9
9886,"CDH1,SNAI2,TWIST2,ZEB2,miR-200a,TGF-beta,SNAI1,ZEB1",P,8
9887,"CDH1,SNAI2,TWIST2,ZEB2,miR-200a,TGF-beta,SNAI1",P,7
9888,"CDH1,SNAI2,TWIST2,ZEB2,miR-200a,TGF-beta,GSC,ZEB1,CLDN7",P,9
9889,"CDH1,SNAI2,TWIST2,ZEB2,miR-200a,TGF-beta,GSC,ZEB1,GRHL2,OVOL2",N,10
9890,"CDH1,SNAI2,TWIST2,ZEB2,miR-200a,TGF-beta,GSC,ZEB1,OVOL2",P,9
9891,"CDH1,SNAI2,TWIST2,ZEB2,miR-200a,TGF-beta,GSC,ZEB1,miR-34a,SNAI1",P,10
9892,"CDH1,SNAI2,TWIST2,ZEB2,miR-200a,TGF-beta,GSC,ZEB1",N,8
9893,"CDH1,SNAI2,TWIST2,ZEB2,miR-200a,TGF-beta,GSC,SNAI1,miR-101,ZEB1,CLDN7",N,11
9894,"CDH1,SNAI2,TWIST2,ZEB2,miR-200a,TGF-beta,GSC,SNAI1,miR-101,ZEB1,GRHL2,OVOL2",P,12
9895,"CDH1,SNAI2,TWIST2,ZEB2,miR-200a,TGF-beta,GSC,SNAI1,miR-101,ZEB1,OVOL2",N,11
9896,"CDH1,SNAI2,TWIST2,ZEB2,miR-200a,TGF-beta,GSC,SNAI1,miR-101,ZEB1",P,10
9897,"CDH1,SNAI2,TWIST2,ZEB2,miR-200a,TGF-beta,GSC,SNAI1,miR-34a,ZEB1,CLDN7",P,11
9898,"CDH1,SNAI2,TWIST2,ZEB2,miR-200a,TGF-beta,GSC,SNAI1,miR-34a,ZEB1,GRHL2,OVOL2",N,12
9899,"CDH1,SNAI2,TWIST2,ZEB2,miR-200a,TGF-beta,GSC,SNAI1,miR-34a,ZEB1,OVOL2",P,11
9900,"CDH1,SNAI2,TWIST2,ZEB2,miR-200a,TGF-beta,GSC,SNAI1,miR-34a,ZEB1",N,10
9901,"CDH1,SNAI2,TWIST2,ZEB2,miR-200a,TGF-beta,GSC,SNAI1,ZEB1,CLDN7",P,10
9902,"CDH1,SNAI2,TWIST2,ZEB2,miR-200a,TGF-beta,GSC,SNAI1,ZEB1,GRHL2,OVOL2",N,11
9903,"CDH1,SNAI2,TWIST2,ZEB2,miR-200a,TGF-beta,GSC,SNAI1,ZEB1,OVOL2",P,10
9904,"CDH1,SNAI2,TWIST2,ZEB2,miR-200a,TGF-beta,GSC,SNAI1,ZEB1",N,9
9905,"CDH1,SNAI2,TWIST2,ZEB2,miR-200a,TGF-beta,GSC,SNAI1",N,8
9906,"CDH1,SNAI2,TWIST2,ZEB2,miR-200a,ZEB1,CLDN7",P,7
9907,"CDH1,SNAI2,TWIST2,ZEB2,miR-200a,ZEB1,GRHL2,OVOL2,TGF-beta,SNAI1",P,10
9908,"CDH1,SNAI2,TWIST2,ZEB2,miR-200a,ZEB1,GRHL2,OVOL2,TGF-beta,GSC,SNAI1",N,11
9909,"CDH1,SNAI2,TWIST2,ZEB2,miR-200a,ZEB1,GRHL2,OVOL2",N,8
9910,"CDH1,SNAI2,TWIST2,ZEB2,miR-200a,ZEB1,OVOL2,TGF-beta,SNAI1",N,9
9911,"CDH1,SNAI2,TWIST2,ZEB2,miR-200a,ZEB1,OVOL2,TGF-beta,GSC,SNAI1",P,10
9912,"CDH1,SNAI2,TWIST2,ZEB2,miR-200a,ZEB1,OVOL2",P,7
9913,"CDH1,SNAI2,TWIST2,ZEB2,miR-200a,ZEB1,miR-34a,SNAI1",P,8
9914,"CDH1,SNAI2,TWIST2,ZEB2,miR-200a,ZEB1,miR-200c,TGF-beta,SNAI1",P,9
9915,"CDH1,SNAI2,TWIST2,ZEB2,miR-200a,ZEB1,miR-200c,TGF-beta,GSC,SNAI1",N,10
9916,"CDH1,SNAI2,TWIST2,ZEB2,miR-200a,ZEB1,miR-200b,TGF-beta,SNAI1",N,9
9917,"CDH1,SNAI2,TWIST2,ZEB2,miR-200a,ZEB1,miR-200b,TGF-beta,GSC,SNAI1",P,10
9918,"CDH1,SNAI2,TWIST2,ZEB2,miR-200a,ZEB1,miR-141,TGF-beta,SNAI1",N,9
9919,"CDH1,SNAI2,TWIST2,ZEB2,miR-200a,ZEB1,miR-141,TGF-beta,GSC,SNAI1",P,10
9920,"CDH1,SNAI2,TWIST2,ZEB2,miR-200a,ZEB1",N,6
9921,"CDH1,SNAI2,TWIST2,ZEB2,miR-200c,TGF-beta,SNAI1,miR-101,ZEB1,CLDN7",P,10
9922,"CDH1,SNAI2,TWIST2,ZEB2,miR-200c,TGF-beta,SNAI1,miR-101,ZEB1,GRHL2,OVOL2",N,11
9923,"CDH1,SNAI2,TWIST2,ZEB2,miR-200c,TGF-beta,SNAI1,miR-101,ZEB1,OVOL2",P,10
9924,"CDH1,SNAI2,TWIST2,ZEB2,miR-200c,TGF-beta,SNAI1,miR-101,ZEB1",N,9
9925,"CDH1,SNAI2,TWIST2,ZEB2,miR-200c,TGF-beta,SNAI1,miR-34a,ZEB1,CLDN7",N,10
9926,"CDH1,SNAI2,TWIST2,ZEB2,miR-200c,TGF-beta,SNAI1,miR-34a,ZEB1,GRHL2,OVOL2",P,11
9927,"CDH1,SNAI2,TWIST2,ZEB2,miR-200c,TGF-beta,SNAI1,miR-34a,ZEB1,OVOL2",N,10
9928,"CDH1,SNAI2,TWIST2,ZEB2,miR-200c,TGF-beta,SNAI1,miR-34a,ZEB1",P,9
9929,"CDH1,SNAI2,TWIST2,ZEB2,miR-200c,TGF-beta,SNAI1,ZEB1,CLDN7",N,9
9930,"CDH1,SNAI2,TWIST2,ZEB2,miR-200c,TGF-beta,SNAI1,ZEB1,GRHL2,OVOL2",P,10
9931,"CDH1,SNAI2,TWIST2,ZEB2,miR-200c,TGF-beta,SNAI1,ZEB1,OVOL2",N,9
9932,"CDH1,SNAI2,TWIST2,ZEB2,miR-200c,TGF-beta,SNAI1,ZEB1",P,8
9933,"CDH1,SNAI2,TWIST2,ZEB2,miR-200c,TGF-beta,SNAI1",P,7
9934,"CDH1,SNAI2,TWIST2,ZEB2,miR-200c,TGF-beta,GSC,ZEB1,CLDN7",P,9
9935,"CDH1,SNAI2,TWIST2,ZEB2,miR-200c,TGF-beta,GSC,ZEB1,GRHL2,OVOL2",N,10
9936,"CDH1,SNAI2,TWIST2,ZEB2,miR-200c,TGF-beta,GSC,ZEB1,OVOL2",P,9
9937,"CDH1,SNAI2,TWIST2,ZEB2,miR-200c,TGF-beta,GSC,ZEB1,miR-34a,SNAI1",P,10
9938,"CDH1,SNAI2,TWIST2,ZEB2,miR-200c,TGF-beta,GSC,ZEB1",N,8
9939,"CDH1,SNAI2,TWIST2,ZEB2,miR-200c,TGF-beta,GSC,SNAI1,miR-101,ZEB1,CLDN7",N,11
9940,"CDH1,SNAI2,TWIST2,ZEB2,miR-200c,TGF-beta,GSC,SNAI1,miR-101,ZEB1,GRHL2,OVOL2",P,12
9941,"CDH1,SNAI2,TWIST2,ZEB2,miR-200c,TGF-beta,GSC,SNAI1,miR-101,ZEB1,OVOL2",N,11
9942,"CDH1,SNAI2,TWIST2,ZEB2,miR-200c,TGF-beta,GSC,SNAI1,miR-101,ZEB1",P,10
9943,"CDH1,SNAI2,TWIST2,ZEB2,miR-200c,TGF-beta,GSC,SNAI1,miR-34a,ZEB1,CLDN7",P,11
9944,"CDH1,SNAI2,TWIST2,ZEB2,miR-200c,TGF-beta,GSC,SNAI1,miR-34a,ZEB1,GRHL2,OVOL2",N,12
9945,"CDH1,SNAI2,TWIST2,ZEB2,miR-200c,TGF-beta,GSC,SNAI1,miR-34a,ZEB1,OVOL2",P,11
9946,"CDH1,SNAI2,TWIST2,ZEB2,miR-200c,TGF-beta,GSC,SNAI1,miR-34a,ZEB1",N,10
9947,"CDH1,SNAI2,TWIST2,ZEB2,miR-200c,TGF-beta,GSC,SNAI1,ZEB1,CLDN7",P,10
9948,"CDH1,SNAI2,TWIST2,ZEB2,miR-200c,TGF-beta,GSC,SNAI1,ZEB1,GRHL2,OVOL2",N,11
9949,"CDH1,SNAI2,TWIST2,ZEB2,miR-200c,TGF-beta,GSC,SNAI1,ZEB1,OVOL2",P,10
9950,"CDH1,SNAI2,TWIST2,ZEB2,miR-200c,TGF-beta,GSC,SNAI1,ZEB1",N,9
9951,"CDH1,SNAI2,TWIST2,ZEB2,miR-200c,TGF-beta,GSC,SNAI1",N,8
9952,"CDH1,SNAI2,TWIST2,ZEB2,miR-200c,ZEB1,CLDN7",P,7
9953,"CDH1,SNAI2,TWIST2,ZEB2,miR-200c,ZEB1,GRHL2,OVOL2,TGF-beta,SNAI1",P,10
9954,"CDH1,SNAI2,TWIST2,ZEB2,miR-200c,ZEB1,GRHL2,OVOL2,TGF-beta,GSC,SNAI1",N,11
9955,"CDH1,SNAI2,TWIST2,ZEB2,miR-200c,ZEB1,GRHL2,OVOL2",N,8
9956,"CDH1,SNAI2,TWIST2,ZEB2,miR-200c,ZEB1,OVOL2,TGF-beta,SNAI1",N,9
9957,"CDH1,SNAI2,TWIST2,ZEB2,miR-200c,ZEB1,OVOL2,TGF-beta,GSC,SNAI1",P,10
9958,"CDH1,SNAI2,TWIST2,ZEB2,miR-200c,ZEB1,OVOL2",P,7
9959,"CDH1,SNAI2,TWIST2,ZEB2,miR-200c,ZEB1,miR-34a,SNAI1",P,8
9960,"CDH1,SNAI2,TWIST2,ZEB2,miR-200c,ZEB1,miR-200a,TGF-beta,SNAI1",N,9
9961,"CDH1,SNAI2,TWIST2,ZEB2,miR-200c,ZEB1,miR-200a,TGF-beta,GSC,SNAI1",P,10
9962,"CDH1,SNAI2,TWIST2,ZEB2,miR-200c,ZEB1,miR-200b,TGF-beta,SNAI1",N,9
9963,"CDH1,SNAI2,TWIST2,ZEB2,miR-200c,ZEB1,miR-200b,TGF-beta,GSC,SNAI1",P,10
9964,"CDH1,SNAI2,TWIST2,ZEB2,miR-200c,ZEB1,miR-141,TGF-beta,SNAI1",N,9
9965,"CDH1,SNAI2,TWIST2,ZEB2,miR-200c,ZEB1,miR-141,TGF-beta,GSC,SNAI1",P,10
9966,"CDH1,SNAI2,TWIST2,ZEB2,miR-200c,ZEB1",N,6
9967,"CDH1,SNAI2,TWIST2,ZEB2,miR-200b,TGF-beta,SNAI1,miR-101,ZEB1,CLDN7",N,10
9968,"CDH1,SNAI2,TWIST2,ZEB2,miR-200b,TGF-beta,SNAI1,miR-101,ZEB1,GRHL2,OVOL2",P,11
9969,"CDH1,SNAI2,TWIST2,ZEB2,miR-200b,TGF-beta,SNAI1,miR-101,ZEB1,OVOL2",N,10
9970,"CDH1,SNAI2,TWIST2,ZEB2,miR-200b,TGF-beta,SNAI1,miR-101,ZEB1",P,9
9971,"CDH1,SNAI2,TWIST2,ZEB2,miR-200b,TGF-beta,SNAI1,miR-34a,ZEB1,CLDN7",P,10
9972,"CDH1,SNAI2,TWIST2,ZEB2,miR-200b,TGF-beta,SNAI1,miR-34a,ZEB1,GRHL2,OVOL2",N,11
9973,"CDH1,SNAI2,TWIST2,ZEB2,miR-200b,TGF-beta,SNAI1,miR-34a,ZEB1,OVOL2",P,10
9974,"CDH1,SNAI2,TWIST2,ZEB2,miR-200b,TGF-beta,SNAI1,miR-34a,ZEB1",N,9
9975,"CDH1,SNAI2,TWIST2,ZEB2,miR-200b,TGF-beta,SNAI1,ZEB1,CLDN7",P,9
9976,"CDH1,SNAI2,TWIST2,ZEB2,miR-200b,TGF-beta,SNAI1,ZEB1,GRHL2,OVOL2",N,10
9977,"CDH1,SNAI2,TWIST2,ZEB2,miR-200b,TGF-beta,SNAI1,ZEB1,OVOL2",P,9
9978,"CDH1,SNAI2,TWIST2,ZEB2,miR-200b,TGF-beta,SNAI1,ZEB1",N,8
9979,"CDH1,SNAI2,TWIST2,ZEB2,miR-200b,TGF-beta,SNAI1",N,7
9980,"CDH1,SNAI2,TWIST2,ZEB2,miR-200b,TGF-beta,GSC,ZEB1,CLDN7",N,9
9981,"CDH1,SNAI2,TWIST2,ZEB2,miR-200b,TGF-beta,GSC,ZEB1,GRHL2,OVOL2",P,10
9982,"CDH1,SNAI2,TWIST2,ZEB2,miR-200b,TGF-beta,GSC,ZEB1,OVOL2",N,9
9983,"CDH1,SNAI2,TWIST2,ZEB2,miR-200b,TGF-beta,GSC,ZEB1,miR-34a,SNAI1",N,10
9984,"CDH1,SNAI2,TWIST2,ZEB2,miR-200b,TGF-beta,GSC,ZEB1",P,8
9985,"CDH1,SNAI2,TWIST2,ZEB2,miR-200b,TGF-beta,GSC,SNAI1,miR-101,ZEB1,CLDN7",P,11
9986,"CDH1,SNAI2,TWIST2,ZEB2,miR-200b,TGF-beta,GSC,SNAI1,miR-101,ZEB1,GRHL2,OVOL2",N,12
9987,"CDH1,SNAI2,TWIST2,ZEB2,miR-200b,TGF-beta,GSC,SNAI1,miR-101,ZEB1,OVOL2",P,11
9988,"CDH1,SNAI2,TWIST2,ZEB2,miR-200b,TGF-beta,GSC,SNAI1,miR-101,ZEB1",N,10
9989,"CDH1,SNAI2,TWIST2,ZEB2,miR-200b,TGF-beta,GSC,SNAI1,miR-34a,ZEB1,CLDN7",N,11
9990,"CDH1,SNAI2,TWIST2,ZEB2,miR-200b,TGF-beta,GSC,SNAI1,miR-34a,ZEB1,GRHL2,OVOL2",P,12
9991,"CDH1,SNAI2,TWIST2,ZEB2,miR-200b,TGF-beta,GSC,SNAI1,miR-34a,ZEB1,OVOL2",N,11
9992,"CDH1,SNAI2,TWIST2,ZEB2,miR-200b,TGF-beta,GSC,SNAI1,miR-34a,ZEB1",P,10
9993,"CDH1,SNAI2,TWIST2,ZEB2,miR-200b,TGF-beta,GSC,SNAI1,ZEB1,CLDN7",N,10
9994,"CDH1,SNAI2,TWIST2,ZEB2,miR-200b,TGF-beta,GSC,SNAI1,ZEB1,GRHL2,OVOL2",P,11
9995,"CDH1,SNAI2,TWIST2,ZEB2,miR-200b,TGF-beta,GSC,SNAI1,ZEB1,OVOL2",N,10
9996,"CDH1,SNAI2,TWIST2,ZEB2,miR-200b,TGF-beta,GSC,SNAI1,ZEB1",P,9
9997,"CDH1,SNAI2,TWIST2,ZEB2,miR-200b,TGF-beta,GSC,SNAI1",P,8
9998,"CDH1,SNAI2,TWIST2,ZEB2,miR-200b,ZEB1,CLDN7",P,7
9999,"CDH1,SNAI2,TWIST2,ZEB2,miR-200b,ZEB1,GRHL2,OVOL2,TGF-beta,SNAI1",P,10
10000,"CDH1,SNAI2,TWIST2,ZEB2,miR-200b,ZEB1,GRHL2,OVOL2,TGF-beta,GSC,SNAI1",N,11
10001,"CDH1,SNAI2,TWIST2,ZEB2,miR-200b,ZEB1,GRHL2,OVOL2",N,8
10002,"CDH1,SNAI2,TWIST2,ZEB2,miR-200b,ZEB1,OVOL2,TGF-beta,SNAI1",N,9
10003,"CDH1,SNAI2,TWIST2,ZEB2,miR-200b,ZEB1,OVOL2,TGF-beta,GSC,SNAI1",P,10
10004,"CDH1,SNAI2,TWIST2,ZEB2,miR-200b,ZEB1,OVOL2",P,7
10005,"CDH1,SNAI2,TWIST2,ZEB2,miR-200b,ZEB1,miR-34a,SNAI1",P,8
10006,"CDH1,SNAI2,TWIST2,ZEB2,miR-200b,ZEB1,miR-200a,TGF-beta,SNAI1",N,9
10007,"CDH1,SNAI2,TWIST2,ZEB2,miR-200b,ZEB1,miR-200a,TGF-beta,GSC,SNAI1",P,10
10008,"CDH1,SNAI2,TWIST2,ZEB2,miR-200b,ZEB1,miR-200c,TGF-beta,SNAI1",P,9
10009,"CDH1,SNAI2,TWIST2,ZEB2,miR-200b,ZEB1,miR-200c,TGF-beta,GSC,SNAI1",N,10
10010,"CDH1,SNAI2,TWIST2,ZEB2,miR-200b,ZEB1,miR-141,TGF-beta,SNAI1",N,9
10011,"CDH1,SNAI2,TWIST2,ZEB2,miR-200b,ZEB1,miR-141,TGF-beta,GSC,SNAI1",P,10
10012,"CDH1,SNAI2,TWIST2,ZEB2,miR-200b,ZEB1",N,6
10013,"CDH1,SNAI2,TWIST2,ZEB2",N,4
10014,"CDH1,SNAI2,TWIST2,ZEB1,CLDN7",N,5
10015,"CDH1,SNAI2,TWIST2,ZEB1,GRHL2,NP63,miR-205,ZEB2,miR-200a,TGF-beta,SNAI1",N,11
10016,"CDH1,SNAI2,TWIST2,ZEB1,GRHL2,NP63,miR-205,ZEB2,miR-200a,TGF-beta,GSC,SNAI1",P,12
10017,"CDH1,SNAI2,TWIST2,ZEB1,GRHL2,NP63,miR-205,ZEB2,miR-200c,TGF-beta,SNAI1",N,11
10018,"CDH1,SNAI2,TWIST2,ZEB1,GRHL2,NP63,miR-205,ZEB2,miR-200c,TGF-beta,GSC,SNAI1",P,12
10019,"CDH1,SNAI2,TWIST2,ZEB1,GRHL2,NP63,miR-205,ZEB2,miR-200b,TGF-beta,SNAI1",P,11
10020,"CDH1,SNAI2,TWIST2,ZEB1,GRHL2,NP63,miR-205,ZEB2,miR-200b,TGF-beta,GSC,SNAI1",N,12
10021,"CDH1,SNAI2,TWIST2,ZEB1,GRHL2,NP63,miR-205,ZEB2",P,8
10022,"CDH1,SNAI2,TWIST2,ZEB1,GRHL2,OVOL2,TGF-beta,SNAI1,miR-101,ZEB2",N,10
10023,"CDH1,SNAI2,TWIST2,ZEB1,GRHL2,OVOL2,TGF-beta,SNAI1,ZEB2",P,9
10024,"CDH1,SNAI2,TWIST2,ZEB1,GRHL2,OVOL2,TGF-beta,SNAI1",N,8
10025,"CDH1,SNAI2,TWIST2,ZEB1,GRHL2,OVOL2,TGF-beta,GSC,ZEB2",P,9
10026,"CDH1,SNAI2,TWIST2,ZEB1,GRHL2,OVOL2,TGF-beta,GSC,SNAI1,miR-101,ZEB2",P,11
10027,"CDH1,SNAI2,TWIST2,ZEB1,GRHL2,OVOL2,TGF-beta,GSC,SNAI1,ZEB2",N,10
10028,"CDH1,SNAI2,TWIST2,ZEB1,GRHL2,OVOL2,TGF-beta,GSC,SNAI1",P,9
10029,"CDH1,SNAI2,TWIST2,ZEB1,GRHL2,OVOL2,NP63,miR-205,ZEB2,miR-200a,TGF-beta,SNAI1",N,12
10030,"CDH1,SNAI2,TWIST2,ZEB1,GRHL2,OVOL2,NP63,miR-205,ZEB2,miR-200a,TGF-beta,GSC,SNAI1",P,13
10031,"CDH1,SNAI2,TWIST2,ZEB1,GRHL2,OVOL2,NP63,miR-205,ZEB2,miR-200c,TGF-beta,SNAI1",N,12
10032,"CDH1,SNAI2,TWIST2,ZEB1,GRHL2,OVOL2,NP63,miR-205,ZEB2,miR-200c,TGF-beta,GSC,SNAI1",P,13
10033,"CDH1,SNAI2,TWIST2,ZEB1,GRHL2,OVOL2,NP63,miR-205,ZEB2,miR-200b,TGF-beta,SNAI1",P,12
10034,"CDH1,SNAI2,TWIST2,ZEB1,GRHL2,OVOL2,NP63,miR-205,ZEB2,miR-200b,TGF-beta,GSC,SNAI1",N,13
10035,"CDH1,SNAI2,TWIST2,ZEB1,GRHL2,OVOL2,NP63,miR-205,ZEB2",P,9
10036,"CDH1,SNAI2,TWIST2,ZEB1,GRHL2,OVOL2",P,6
10037,"CDH1,SNAI2,TWIST2,ZEB1,OVOL2,TGF-beta,SNAI1,miR-101,ZEB2",P,9
10038,"CDH1,SNAI2,TWIST2,ZEB1,OVOL2,TGF-beta,SNAI1,ZEB2",N,8
10039,"CDH1,SNAI2,TWIST2,ZEB1,OVOL2,TGF-beta,SNAI1",P,7
10040,"CDH1,SNAI2,TWIST2,ZEB1,OVOL2,TGF-beta,GSC,ZEB2",N,8
10041,"CDH1,SNAI2,TWIST2,ZEB1,OVOL2,TGF-beta,GSC,SNAI1,miR-101,ZEB2",N,10
10042,"CDH1,SNAI2,TWIST2,ZEB1,OVOL2,TGF-beta,GSC,SNAI1,ZEB2",P,9
10043,"CDH1,SNAI2,TWIST2,ZEB1,OVOL2,TGF-beta,GSC,SNAI1",N,8
10044,"CDH1,SNAI2,TWIST2,ZEB1,OVOL2,NP63,miR-205,ZEB2,miR-200a,TGF-beta,SNAI1",P,11
10045,"CDH1,SNAI2,TWIST2,ZEB1,OVOL2,NP63,miR-205,ZEB2,miR-200a,TGF-beta,GSC,SNAI1",N,12
10046,"CDH1,SNAI2,TWIST2,ZEB1,OVOL2,NP63,miR-205,ZEB2,miR-200c,TGF-beta,SNAI1",P,11
10047,"CDH1,SNAI2,TWIST2,ZEB1,OVOL2,NP63,miR-205,ZEB2,miR-200c,TGF-beta,GSC,SNAI1",N,12
10048,"CDH1,SNAI2,TWIST2,ZEB1,OVOL2,NP63,miR-205,ZEB2,miR-200b,TGF-beta,SNAI1",N,11
10049,"CDH1,SNAI2,TWIST2,ZEB1,OVOL2,NP63,miR-205,ZEB2,miR-200b,TGF-beta,GSC,SNAI1",P,12
10050,"CDH1,SNAI2,TWIST2,ZEB1,OVOL2,NP63,miR-205,ZEB2",N,8
10051,"CDH1,SNAI2,TWIST2,ZEB1,OVOL2",N,5
10052,"CDH1,SNAI2,TWIST2,ZEB1,miR-34a,SNAI1,miR-101,ZEB2",N,8
10053,"CDH1,SNAI2,TWIST2,ZEB1,miR-34a,SNAI1,ZEB2",P,7
10054,"CDH1,SNAI2,TWIST2,ZEB1,miR-34a,SNAI1",N,6
10055,"CDH1,SNAI2,TWIST2,ZEB1,miR-200a,TGF-beta,SNAI1,miR-101,ZEB2",P,9
10056,"CDH1,SNAI2,TWIST2,ZEB1,miR-200a,TGF-beta,SNAI1,ZEB2",N,8
10057,"CDH1,SNAI2,TWIST2,ZEB1,miR-200a,TGF-beta,SNAI1",P,7
10058,"CDH1,SNAI2,TWIST2,ZEB1,miR-200a,TGF-beta,GSC,ZEB2",N,8
10059,"CDH1,SNAI2,TWIST2,ZEB1,miR-200a,TGF-beta,GSC,SNAI1,miR-101,ZEB2",N,10
10060,"CDH1,SNAI2,TWIST2,ZEB1,miR-200a,TGF-beta,GSC,SNAI1,ZEB2",P,9
10061,"CDH1,SNAI2,TWIST2,ZEB1,miR-200a,TGF-beta,GSC,SNAI1",N,8
10062,"CDH1,SNAI2,TWIST2,ZEB1,miR-200a,ZEB2,miR-200c,TGF-beta,SNAI1",N,9
10063,"CDH1,SNAI2,TWIST2,ZEB1,miR-200a,ZEB2,miR-200c,TGF-beta,GSC,SNAI1",P,10
10064,"CDH1,SNAI2,TWIST2,ZEB1,miR-200a,ZEB2,miR-200b,TGF-beta,SNAI1",P,9
10065,"CDH1,SNAI2,TWIST2,ZEB1,miR-200a,ZEB2,miR-200b,TGF-beta,GSC,SNAI1",N,10
10066,"CDH1,SNAI2,TWIST2,ZEB1,miR-200a,ZEB2",P,6
10067,"CDH1,SNAI2,TWIST2,ZEB1,miR-200c,TGF-beta,SNAI1,miR-101,ZEB2",N,9
10068,"CDH1,SNAI2,TWIST2,ZEB1,miR-200c,TGF-beta,SNAI1,ZEB2",P,8
10069,"CDH1,SNAI2,TWIST2,ZEB1,miR-200c,TGF-beta,SNAI1",N,7
10070,"CDH1,SNAI2,TWIST2,ZEB1,miR-200c,TGF-beta,GSC,ZEB2",P,8
10071,"CDH1,SNAI2,TWIST2,ZEB1,miR-200c,TGF-beta,GSC,SNAI1,miR-101,ZEB2",P,10
10072,"CDH1,SNAI2,TWIST2,ZEB1,miR-200c,TGF-beta,GSC,SNAI1,ZEB2",N,9
10073,"CDH1,SNAI2,TWIST2,ZEB1,miR-200c,TGF-beta,GSC,SNAI1",P,8
10074,"CDH1,SNAI2,TWIST2,ZEB1,miR-200c,ZEB2,miR-200a,TGF-beta,SNAI1",N,9
10075,"CDH1,SNAI2,TWIST2,ZEB1,miR-200c,ZEB2,miR-200a,TGF-beta,GSC,SNAI1",P,10
10076,"CDH1,SNAI2,TWIST2,ZEB1,miR-200c,ZEB2,miR-200b,TGF-beta,SNAI1",P,9
10077,"CDH1,SNAI2,TWIST2,ZEB1,miR-200c,ZEB2,miR-200b,TGF-beta,GSC,SNAI1",N,10
10078,"CDH1,SNAI2,TWIST2,ZEB1,miR-200c,ZEB2",P,6
10079,"CDH1,SNAI2,TWIST2,ZEB1,miR-200b,TGF-beta,SNAI1,miR-101,ZEB2",P,9
10080,"CDH1,SNAI2,TWIST2,ZEB1,miR-200b,TGF-beta,SNAI1,ZEB2",N,8
10081,"CDH1,SNAI2,TWIST2,ZEB1,miR-200b,TGF-beta,SNAI1",P,7
10082,"CDH1,SNAI2,TWIST2,ZEB1,miR-200b,TGF-beta,GSC,ZEB2",N,8
10083,"CDH1,SNAI2,TWIST2,ZEB1,miR-200b,TGF-beta,GSC,SNAI1,miR-101,ZEB2",N,10
10084,"CDH1,SNAI2,TWIST2,ZEB1,miR-200b,TGF-beta,GSC,SNAI1,ZEB2",P,9
10085,"CDH1,SNAI2,TWIST2,ZEB1,miR-200b,TGF-beta,GSC,SNAI1",N,8
10086,"CDH1,SNAI2,TWIST2,ZEB1,miR-200b,ZEB2,miR-200a,TGF-beta,SNAI1",N,9
10087,"CDH1,SNAI2,TWIST2,ZEB1,miR-200b,ZEB2,miR-200a,TGF-beta,GSC,SNAI1",P,10
10088,"CDH1,SNAI2,TWIST2,ZEB1,miR-200b,ZEB2,miR-200c,TGF-beta,SNAI1",N,9
10089,"CDH1,SNAI2,TWIST2,ZEB1,miR-200b,ZEB2,miR-200c,TGF-beta,GSC,SNAI1",P,10
10090,"CDH1,SNAI2,TWIST2,ZEB1,miR-200b,ZEB2",P,6
10091,"CDH1,SNAI2,TWIST2,ZEB1,miR-141,TGF-beta,SNAI1,miR-101,ZEB2",P,9
10092,"CDH1,SNAI2,TWIST2,ZEB1,miR-141,TGF-beta,SNAI1,ZEB2",N,8
10093,"CDH1,SNAI2,TWIST2,ZEB1,miR-141,TGF-beta,SNAI1",P,7
10094,"CDH1,SNAI2,TWIST2,ZEB1,miR-141,TGF-beta,GSC,ZEB2",N,8
10095,"CDH1,SNAI2,TWIST2,ZEB1,miR-141,TGF-beta,GSC,SNAI1,miR-101,ZEB2",N,10
10096,"CDH1,SNAI2,TWIST2,ZEB1,miR-141,TGF-beta,GSC,SNAI1,ZEB2",P,9
10097,"CDH1,SNAI2,TWIST2,ZEB1,miR-141,TGF-beta,GSC,SNAI1",N,8
10098,"CDH1,SNAI2,TWIST2,ZEB1,miR-141,ZEB2,miR-200a,TGF-beta,SNAI1",P,9
10099,"CDH1,SNAI2,TWIST2,ZEB1,miR-141,ZEB2,miR-200a,TGF-beta,GSC,SNAI1",N,10
10100,"CDH1,SNAI2,TWIST2,ZEB1,miR-141,ZEB2,miR-200c,TGF-beta,SNAI1",P,9
10101,"CDH1,SNAI2,TWIST2,ZEB1,miR-141,ZEB2,miR-200c,TGF-beta,GSC,SNAI1",N,10
10102,"CDH1,SNAI2,TWIST2,ZEB1,miR-141,ZEB2,miR-200b,TGF-beta,SNAI1",N,9
10103,"CDH1,SNAI2,TWIST2,ZEB1,miR-141,ZEB2,miR-200b,TGF-beta,GSC,SNAI1",P,10
10104,"CDH1,SNAI2,TWIST2,ZEB1,miR-141,ZEB2",N,6
10105,"CDH1,SNAI2,TWIST2,ZEB1",P,4
10106,"CDH1,SNAI2,TWIST2,SNAI1,miR-101,ZEB2,miR-200a,TGF-beta,GSC,ZEB1,CLDN7",P,11
10107,"CDH1,SNAI2,TWIST2,SNAI1,miR-101,ZEB2,miR-200a,TGF-beta,GSC,ZEB1,GRHL2,OVOL2",N,12
10108,"CDH1,SNAI2,TWIST2,SNAI1,miR-101,ZEB2,miR-200a,TGF-beta,GSC,ZEB1,OVOL2",P,11
10109,"CDH1,SNAI2,TWIST2,SNAI1,miR-101,ZEB2,miR-200a,TGF-beta,GSC,ZEB1",N,10
10110,"CDH1,SNAI2,TWIST2,SNAI1,miR-101,ZEB2,miR-200a,ZEB1,CLDN7",P,9
10111,"CDH1,SNAI2,TWIST2,SNAI1,miR-101,ZEB2,miR-200a,ZEB1,GRHL2,OVOL2",N,10
10112,"CDH1,SNAI2,TWIST2,SNAI1,miR-101,ZEB2,miR-200a,ZEB1,OVOL2",P,9
10113,"CDH1,SNAI2,TWIST2,SNAI1,miR-101,ZEB2,miR-200a,ZEB1",N,8
10114,"CDH1,SNAI2,TWIST2,SNAI1,miR-101,ZEB2,miR-200c,TGF-beta,GSC,ZEB1,CLDN7",P,11
10115,"CDH1,SNAI2,TWIST2,SNAI1,miR-101,ZEB2,miR-200c,TGF-beta,GSC,ZEB1,GRHL2,OVOL2",N,12
10116,"CDH1,SNAI2,TWIST2,SNAI1,miR-101,ZEB2,miR-200c,TGF-beta,GSC,ZEB1,OVOL2",P,11
10117,"CDH1,SNAI2,TWIST2,SNAI1,miR-101,ZEB2,miR-200c,TGF-beta,GSC,ZEB1",N,10
10118,"CDH1,SNAI2,TWIST2,SNAI1,miR-101,ZEB2,miR-200c,ZEB1,CLDN7",P,9
10119,"CDH1,SNAI2,TWIST2,SNAI1,miR-101,ZEB2,miR-200c,ZEB1,GRHL2,OVOL2",N,10
10120,"CDH1,SNAI2,TWIST2,SNAI1,miR-101,ZEB2,miR-200c,ZEB1,OVOL2",P,9
10121,"CDH1,SNAI2,TWIST2,SNAI1,miR-101,ZEB2,miR-200c,ZEB1",N,8
10122,"CDH1,SNAI2,TWIST2,SNAI1,miR-101,ZEB2,miR-200b,TGF-beta,GSC,ZEB1,CLDN7",N,11
10123,"CDH1,SNAI2,TWIST2,SNAI1,miR-101,ZEB2,miR-200b,TGF-beta,GSC,ZEB1,GRHL2,OVOL2",P,12
10124,"CDH1,SNAI2,TWIST2,SNAI1,miR-101,ZEB2,miR-200b,TGF-beta,GSC,ZEB1,OVOL2",N,11
10125,"CDH1,SNAI2,TWIST2,SNAI1,miR-101,ZEB2,miR-200b,TGF-beta,GSC,ZEB1",P,10
10126,"CDH1,SNAI2,TWIST2,SNAI1,miR-101,ZEB2,miR-200b,ZEB1,CLDN7",P,9
10127,"CDH1,SNAI2,TWIST2,SNAI1,miR-101,ZEB2,miR-200b,ZEB1,GRHL2,OVOL2",N,10
10128,"CDH1,SNAI2,TWIST2,SNAI1,miR-101,ZEB2,miR-200b,ZEB1,OVOL2",P,9
10129,"CDH1,SNAI2,TWIST2,SNAI1,miR-101,ZEB2,miR-200b,ZEB1",N,8
10130,"CDH1,SNAI2,TWIST2,SNAI1,miR-101,ZEB2",N,6
10131,"CDH1,SNAI2,TWIST2,SNAI1,miR-101,ZEB1,CLDN7",N,7
10132,"CDH1,SNAI2,TWIST2,SNAI1,miR-101,ZEB1,GRHL2,NP63,miR-205,ZEB2",P,10
10133,"CDH1,SNAI2,TWIST2,SNAI1,miR-101,ZEB1,GRHL2,OVOL2,TGF-beta,GSC,ZEB2",P,11
10134,"CDH1,SNAI2,TWIST2,SNAI1,miR-101,ZEB1,GRHL2,OVOL2,NP63,miR-205,ZEB2",P,11
10135,"CDH1,SNAI2,TWIST2,SNAI1,miR-101,ZEB1,GRHL2,OVOL2",P,8
10136,"CDH1,SNAI2,TWIST2,SNAI1,miR-101,ZEB1,OVOL2,TGF-beta,GSC,ZEB2",N,10
10137,"CDH1,SNAI2,TWIST2,SNAI1,miR-101,ZEB1,OVOL2,NP63,miR-205,ZEB2",N,10
10138,"CDH1,SNAI2,TWIST2,SNAI1,miR-101,ZEB1,OVOL2",N,7
10139,"CDH1,SNAI2,TWIST2,SNAI1,miR-101,ZEB1,miR-200a,TGF-beta,GSC,ZEB2",N,10
10140,"CDH1,SNAI2,TWIST2,SNAI1,miR-101,ZEB1,miR-200a,ZEB2",P,8
10141,"CDH1,SNAI2,TWIST2,SNAI1,miR-101,ZEB1,miR-200c,TGF-beta,GSC,ZEB2",P,10
10142,"CDH1,SNAI2,TWIST2,SNAI1,miR-101,ZEB1,miR-200c,ZEB2",P,8
10143,"CDH1,SNAI2,TWIST2,SNAI1,miR-101,ZEB1,miR-200b,TGF-beta,GSC,ZEB2",N,10
10144,"CDH1,SNAI2,TWIST2,SNAI1,miR-101,ZEB1,miR-200b,ZEB2",P,8
10145,"CDH1,SNAI2,TWIST2,SNAI1,miR-101,ZEB1,miR-141,TGF-beta,GSC,ZEB2",N,10
10146,"CDH1,SNAI2,TWIST2,SNAI1,miR-101,ZEB1,miR-141,ZEB2",N,8
10147,"CDH1,SNAI2,TWIST2,SNAI1,miR-101,ZEB1",P,6
10148,"CDH1,SNAI2,TWIST2,SNAI1,miR-34a,ZEB1,CLDN7",P,7
10149,"CDH1,SNAI2,TWIST2,SNAI1,miR-34a,ZEB1,GRHL2,NP63,miR-205,ZEB2",N,10
10150,"CDH1,SNAI2,TWIST2,SNAI1,miR-34a,ZEB1,GRHL2,OVOL2,TGF-beta,GSC,ZEB2",N,11
10151,"CDH1,SNAI2,TWIST2,SNAI1,miR-34a,ZEB1,GRHL2,OVOL2,NP63,miR-205,ZEB2",N,11
10152,"CDH1,SNAI2,TWIST2,SNAI1,miR-34a,ZEB1,GRHL2,OVOL2",N,8
10153,"CDH1,SNAI2,TWIST2,SNAI1,miR-34a,ZEB1,OVOL2,TGF-beta,GSC,ZEB2",P,10
10154,"CDH1,SNAI2,TWIST2,SNAI1,miR-34a,ZEB1,OVOL2,NP63,miR-205,ZEB2",P,10
10155,"CDH1,SNAI2,TWIST2,SNAI1,miR-34a,ZEB1,OVOL2",P,7
10156,"CDH1,SNAI2,TWIST2,SNAI1,miR-34a,ZEB1,miR-200a,TGF-beta,GSC,ZEB2",P,10
10157,"CDH1,SNAI2,TWIST2,SNAI1,miR-34a,ZEB1,miR-200a,ZEB2",N,8
10158,"CDH1,SNAI2,TWIST2,SNAI1,miR-34a,ZEB1,miR-200c,TGF-beta,GSC,ZEB2",N,10
10159,"CDH1,SNAI2,TWIST2,SNAI1,miR-34a,ZEB1,miR-200c,ZEB2",N,8
10160,"CDH1,SNAI2,TWIST2,SNAI1,miR-34a,ZEB1,miR-200b,TGF-beta,GSC,ZEB2",P,10
10161,"CDH1,SNAI2,TWIST2,SNAI1,miR-34a,ZEB1,miR-200b,ZEB2",N,8
10162,"CDH1,SNAI2,TWIST2,SNAI1,miR-34a,ZEB1,miR-141,TGF-beta,GSC,ZEB2",P,10
10163,"CDH1,SNAI2,TWIST2,SNAI1,miR-34a,ZEB1,miR-141,ZEB2",P,8
10164,"CDH1,SNAI2,TWIST2,SNAI1,miR-34a,ZEB1",N,6
10165,"CDH1,SNAI2,TWIST2,SNAI1,ZEB2,miR-200a,TGF-beta,GSC,ZEB1,CLDN7",N,10
10166,"CDH1,SNAI2,TWIST2,SNAI1,ZEB2,miR-200a,TGF-beta,GSC,ZEB1,GRHL2,OVOL2",P,11
10167,"CDH1,SNAI2,TWIST2,SNAI1,ZEB2,miR-200a,TGF-beta,GSC,ZEB1,OVOL2",N,10
10168,"CDH1,SNAI2,TWIST2,SNAI1,ZEB2,miR-200a,TGF-beta,GSC,ZEB1",P,9
10169,"CDH1,SNAI2,TWIST2,SNAI1,ZEB2,miR-200a,ZEB1,CLDN7",N,8
10170,"CDH1,SNAI2,TWIST2,SNAI1,ZEB2,miR-200a,ZEB1,GRHL2,OVOL2",P,9
10171,"CDH1,SNAI2,TWIST2,SNAI1,ZEB2,miR-200a,ZEB1,OVOL2",N,8
10172,"CDH1,SNAI2,TWIST2,SNAI1,ZEB2,miR-200a,ZEB1",P,7
10173,"CDH1,SNAI2,TWIST2,SNAI1,ZEB2,miR-200c,TGF-beta,GSC,ZEB1,CLDN7",N,10
10174,"CDH1,SNAI2,TWIST2,SNAI1,ZEB2,miR-200c,TGF-beta,GSC,ZEB1,GRHL2,OVOL2",P,11
10175,"CDH1,SNAI2,TWIST2,SNAI1,ZEB2,miR-200c,TGF-beta,GSC,ZEB1,OVOL2",N,10
10176,"CDH1,SNAI2,TWIST2,SNAI1,ZEB2,miR-200c,TGF-beta,GSC,ZEB1",P,9
10177,"CDH1,SNAI2,TWIST2,SNAI1,ZEB2,miR-200c,ZEB1,CLDN7",N,8
10178,"CDH1,SNAI2,TWIST2,SNAI1,ZEB2,miR-200c,ZEB1,GRHL2,OVOL2",P,9
10179,"CDH1,SNAI2,TWIST2,SNAI1,ZEB2,miR-200c,ZEB1,OVOL2",N,8
10180,"CDH1,SNAI2,TWIST2,SNAI1,ZEB2,miR-200c,ZEB1",P,7
10181,"CDH1,SNAI2,TWIST2,SNAI1,ZEB2,miR-200b,TGF-beta,GSC,ZEB1,CLDN7",P,10
10182,"CDH1,SNAI2,TWIST2,SNAI1,ZEB2,miR-200b,TGF-beta,GSC,ZEB1,GRHL2,OVOL2",N,11
10183,"CDH1,SNAI2,TWIST2,SNAI1,ZEB2,miR-200b,TGF-beta,GSC,ZEB1,OVOL2",P,10
10184,"CDH1,SNAI2,TWIST2,SNAI1,ZEB2,miR-200b,TGF-beta,GSC,ZEB1",N,9
10185,"CDH1,SNAI2,TWIST2,SNAI1,ZEB2,miR-200b,ZEB1,CLDN7",N,8
10186,"CDH1,SNAI2,TWIST2,SNAI1,ZEB2,miR-200b,ZEB1,GRHL2,OVOL2",P,9
10187,"CDH1,SNAI2,TWIST2,SNAI1,ZEB2,miR-200b,ZEB1,OVOL2",N,8
10188,"CDH1,SNAI2,TWIST2,SNAI1,ZEB2,miR-200b,ZEB1",P,7
10189,"CDH1,SNAI2,TWIST2,SNAI1,ZEB2",P,5
10190,"CDH1,SNAI2,TWIST2,SNAI1,ZEB1,CLDN7",P,6
10191,"CDH1,SNAI2,TWIST2,SNAI1,ZEB1,GRHL2,NP63,miR-205,ZEB2",N,9
10192,"CDH1,SNAI2,TWIST2,SNAI1,ZEB1,GRHL2,OVOL2,TGF-beta,GSC,ZEB2",N,10
10193,"CDH1,SNAI2,TWIST2,SNAI1,ZEB1,GRHL2,OVOL2,NP63,miR-205,ZEB2",N,10
10194,"CDH1,SNAI2,TWIST2,SNAI1,ZEB1,GRHL2,OVOL2",N,7
10195,"CDH1,SNAI2,TWIST2,SNAI1,ZEB1,OVOL2,TGF-beta,GSC,ZEB2",P,9
10196,"CDH1,SNAI2,TWIST2,SNAI1,ZEB1,OVOL2,NP63,miR-205,ZEB2",P,9
10197,"CDH1,SNAI2,TWIST2,SNAI1,ZEB1,OVOL2",P,6
10198,"CDH1,SNAI2,TWIST2,SNAI1,ZEB1,miR-200a,TGF-beta,GSC,ZEB2",P,9
10199,"CDH1,SNAI2,TWIST2,SNAI1,ZEB1,miR-200a,ZEB2",N,7
10200,"CDH1,SNAI2,TWIST2,SNAI1,ZEB1,miR-200c,TGF-beta,GSC,ZEB2",N,9
10201,"CDH1,SNAI2,TWIST2,SNAI1,ZEB1,miR-200c,ZEB2",N,7
10202,"CDH1,SNAI2,TWIST2,SNAI1,ZEB1,miR-200b,TGF-beta,GSC,ZEB2",P,9
10203,"CDH1,SNAI2,TWIST2,SNAI1,ZEB1,miR-200b,ZEB2",N,7
10204,"CDH1,SNAI2,TWIST2,SNAI1,ZEB1,miR-141,TGF-beta,GSC,ZEB2",P,9
10205,"CDH1,SNAI2,TWIST2,SNAI1,ZEB1,miR-141,ZEB2",P,7
10206,"CDH1,SNAI2,TWIST2,SNAI1,ZEB1",N,5
10207,"CDH1,SNAI2,TWIST2,SNAI1",N,4
10208,"CDH1,SNAI2,TWIST2",P,3
10209,"CDH1,SNAI2",P,2
10210,"miR-200a,TGF-beta,SNAI2,miR-200b,ZEB2",P,5
10211,"miR-200a,TGF-beta,SNAI2,miR-200b,ZEB2,miR-200c,ZEB1",N,7
10212,"miR-200a,TGF-beta,SNAI2,miR-200b,ZEB1,GRHL2,NP63,miR-205,ZEB2",P,9
10213,"miR-200a,TGF-beta,SNAI2,miR-200b,ZEB1,GRHL2,OVOL2,NP63,miR-205,ZEB2",P,10
10214,"miR-200a,TGF-beta,SNAI2,miR-200b,ZEB1,OVOL2,NP63,miR-205,ZEB2",N,9
10215,"miR-200a,TGF-beta,SNAI2,miR-200b,ZEB1,miR-34a,TWIST2,ZEB2",N,8
10216,"miR-200a,TGF-beta,SNAI2,miR-200b,ZEB1,miR-34a,TWIST2,SNAI1,miR-101,ZEB2",N,10
10217,"miR-200a,TGF-beta,SNAI2,miR-200b,ZEB1,miR-34a,TWIST2,SNAI1,ZEB2",P,9
10218,"miR-200a,TGF-beta,SNAI2,miR-200b,ZEB1,miR-34a,SNAI1,miR-101,ZEB2",N,9
10219,"miR-200a,TGF-beta,SNAI2,miR-200b,ZEB1,miR-34a,SNAI1,ZEB2",P,8
10220,"miR-200a,TGF-beta,SNAI2,miR-200b,ZEB1",N,5
10221,"miR-200a,TGF-beta,SNAI2,miR-200b,ZEB1,miR-200c,ZEB2",P,7
10222,"miR-200a,TGF-beta,SNAI2,miR-200b,ZEB1,miR-141,ZEB2",N,7
10223,"miR-200a,TGF-beta,SNAI2,miR-101,SNAI1,miR-34a,ZEB1,GRHL2,NP63,miR-205,ZEB2",P,11
10224,"miR-200a,TGF-beta,SNAI2,miR-101,SNAI1,miR-34a,ZEB1,GRHL2,OVOL2,NP63,miR-205,ZEB2",P,12
10225,"miR-200a,TGF-beta,SNAI2,miR-101,SNAI1,miR-34a,ZEB1,OVOL2,NP63,miR-205,ZEB2",N,11
10226,"miR-200a,TGF-beta,SNAI2,miR-101,SNAI1,miR-34a,ZEB1",N,7
10227,"miR-200a,TGF-beta,SNAI2,miR-101,SNAI1,miR-34a,ZEB1,miR-200c,ZEB2",P,9
10228,"miR-200a,TGF-beta,SNAI2,miR-101,SNAI1,miR-34a,ZEB1,miR-200b,ZEB2",P,9
10229,"miR-200a,TGF-beta,SNAI2,miR-101,SNAI1,miR-34a,ZEB1,miR-141,ZEB2",N,9
10230,"miR-200a,TGF-beta,SNAI2,miR-101,SNAI1,miR-34a,TWIST2,ZEB2",N,8
10231,"miR-200a,TGF-beta,SNAI2,miR-101,SNAI1,miR-34a,TWIST2,ZEB2,miR-200c,ZEB1",P,10
10232,"miR-200a,TGF-beta,SNAI2,miR-101,SNAI1,miR-34a,TWIST2,ZEB2,miR-200b,ZEB1",P,10
10233,"miR-200a,TGF-beta,SNAI2,miR-101,SNAI1,miR-34a,TWIST2,ZEB1,GRHL2,NP63,miR-205,ZEB2",P,12
10234,"miR-200a,TGF-beta,SNAI2,miR-101,SNAI1,miR-34a,TWIST2,ZEB1,GRHL2,OVOL2,NP63,miR-205,ZEB2",P,13
10235,"miR-200a,TGF-beta,SNAI2,miR-101,SNAI1,miR-34a,TWIST2,ZEB1,OVOL2,NP63,miR-205,ZEB2",N,12
10236,"miR-200a,TGF-beta,SNAI2,miR-101,SNAI1,miR-34a,TWIST2,ZEB1",N,8
10237,"miR-200a,TGF-beta,SNAI2,miR-101,SNAI1,miR-34a,TWIST2,ZEB1,miR-200c,ZEB2",P,10
10238,"miR-200a,TGF-beta,SNAI2,miR-101,SNAI1,miR-34a,TWIST2,ZEB1,miR-200b,ZEB2",P,10
10239,"miR-200a,TGF-beta,SNAI2,miR-101,SNAI1,miR-34a,TWIST2,ZEB1,miR-141,ZEB2",N,10
10240,"miR-200a,TGF-beta,SNAI2,miR-101,SNAI1,ZEB2",N,6
10241,"miR-200a,TGF-beta,SNAI2,miR-101,SNAI1,ZEB2,miR-200c,ZEB1",P,8
10242,"miR-200a,TGF-beta,SNAI2,miR-101,SNAI1,ZEB2,miR-200b,ZEB1",P,8
10243,"miR-200a,TGF-beta,SNAI2,miR-101,SNAI1,ZEB1,GRHL2,NP63,miR-205,ZEB2",P,10
10244,"miR-200a,TGF-beta,SNAI2,miR-101,SNAI1,ZEB1,GRHL2,OVOL2,NP63,miR-205,ZEB2",P,11
10245,"miR-200a,TGF-beta,SNAI2,miR-101,SNAI1,ZEB1,OVOL2,NP63,miR-205,ZEB2",N,10
10246,"miR-200a,TGF-beta,SNAI2,miR-101,SNAI1,ZEB1,miR-34a,TWIST2,ZEB2",N,9
10247,"miR-200a,TGF-beta,SNAI2,miR-101,SNAI1,ZEB1",N,6
10248,"miR-200a,TGF-beta,SNAI2,miR-101,SNAI1,ZEB1,miR-200c,ZEB2",P,8
10249,"miR-200a,TGF-beta,SNAI2,miR-101,SNAI1,ZEB1,miR-200b,ZEB2",P,8
10250,"miR-200a,TGF-beta,SNAI2,miR-101,SNAI1,ZEB1,miR-141,ZEB2",N,8
10251,"miR-200a,TGF-beta,SNAI2,miR-101,ZEB2",P,5
10252,"miR-200a,TGF-beta,SNAI2,miR-101,ZEB2,miR-200c,ZEB1",N,7
10253,"miR-200a,TGF-beta,SNAI2,miR-101,ZEB2,miR-200b,ZEB1",N,7
10254,"miR-200a,TGF-beta,SNAI2,miR-101,ZEB1,GRHL2,NP63,miR-205,ZEB2",N,9
10255,"miR-200a,TGF-beta,SNAI2,miR-101,ZEB1,GRHL2,OVOL2,NP63,miR-205,ZEB2",N,10
10256,"miR-200a,TGF-beta,SNAI2,miR-101,ZEB1,OVOL2,NP63,miR-205,ZEB2",P,9
10257,"miR-200a,TGF-beta,SNAI2,miR-101,ZEB1,miR-34a,TWIST2,ZEB2",P,8
10258,"miR-200a,TGF-beta,SNAI2,miR-101,ZEB1,miR-34a,TWIST2,SNAI1,ZEB2",N,9
10259,"miR-200a,TGF-beta,SNAI2,miR-101,ZEB1,miR-34a,SNAI1,ZEB2",N,8
10260,"miR-200a,TGF-beta,SNAI2,miR-101,ZEB1",P,5
10261,"miR-200a,TGF-beta,SNAI2,miR-101,ZEB1,miR-200c,ZEB2",N,7
10262,"miR-200a,TGF-beta,SNAI2,miR-101,ZEB1,miR-200b,ZEB2",N,7
10263,"miR-200a,TGF-beta,SNAI2,miR-101,ZEB1,miR-141,ZEB2",P,7
10264,"miR-200a,TGF-beta,SNAI2,TWIST2,ZEB2",P,5
10265,"miR-200a,TGF-beta,SNAI2,TWIST2,ZEB2,miR-200c,ZEB1",N,7
10266,"miR-200a,TGF-beta,SNAI2,TWIST2,ZEB2,miR-200b,ZEB1",N,7
10267,"miR-200a,TGF-beta,SNAI2,TWIST2,ZEB1,GRHL2,NP63,miR-205,ZEB2",N,9
10268,"miR-200a,TGF-beta,SNAI2,TWIST2,ZEB1,GRHL2,OVOL2,NP63,miR-205,ZEB2",N,10
10269,"miR-200a,TGF-beta,SNAI2,TWIST2,ZEB1,OVOL2,NP63,miR-205,ZEB2",P,9
10270,"miR-200a,TGF-beta,SNAI2,TWIST2,ZEB1,miR-34a,SNAI1,miR-101,ZEB2",P,9
10271,"miR-200a,TGF-beta,SNAI2,TWIST2,ZEB1,miR-34a,SNAI1,ZEB2",N,8
10272,"miR-200a,TGF-beta,SNAI2,TWIST2,ZEB1",P,5
10273,"miR-200a,TGF-beta,SNAI2,TWIST2,ZEB1,miR-200c,ZEB2",N,7
10274,"miR-200a,TGF-beta,SNAI2,TWIST2,ZEB1,miR-200b,ZEB2",N,7
10275,"miR-200a,TGF-beta,SNAI2,TWIST2,ZEB1,miR-141,ZEB2",P,7
10276,"miR-200a,TGF-beta,SNAI2,TWIST2,SNAI1,miR-101,ZEB2",P,7
10277,"miR-200a,TGF-beta,SNAI2,TWIST2,SNAI1,miR-101,ZEB2,miR-200c,ZEB1",N,9
10278,"miR-200a,TGF-beta,SNAI2,TWIST2,SNAI1,miR-101,ZEB2,miR-200b,ZEB1",N,9
10279,"miR-200a,TGF-beta,SNAI2,TWIST2,SNAI1,miR-101,ZEB1,GRHL2,NP63,miR-205,ZEB2",N,11
10280,"miR-200a,TGF-beta,SNAI2,TWIST2,SNAI1,miR-101,ZEB1,GRHL2,OVOL2,NP63,miR-205,ZEB2",N,12
10281,"miR-200a,TGF-beta,SNAI2,TWIST2,SNAI1,miR-101,ZEB1,OVOL2,NP63,miR-205,ZEB2",P,11
10282,"miR-200a,TGF-beta,SNAI2,TWIST2,SNAI1,miR-101,ZEB1",P,7
10283,"miR-200a,TGF-beta,SNAI2,TWIST2,SNAI1,miR-101,ZEB1,miR-200c,ZEB2",N,9
10284,"miR-200a,TGF-beta,SNAI2,TWIST2,SNAI1,miR-101,ZEB1,miR-200b,ZEB2",N,9
10285,"miR-200a,TGF-beta,SNAI2,TWIST2,SNAI1,miR-101,ZEB1,miR-141,ZEB2",P,9
10286,"miR-200a,TGF-beta,SNAI2,TWIST2,SNAI1,miR-34a,ZEB1,GRHL2,NP63,miR-205,ZEB2",P,11
10287,"miR-200a,TGF-beta,SNAI2,TWIST2,SNAI1,miR-34a,ZEB1,GRHL2,OVOL2,NP63,miR-205,ZEB2",P,12
10288,"miR-200a,TGF-beta,SNAI2,TWIST2,SNAI1,miR-34a,ZEB1,OVOL2,NP63,miR-205,ZEB2",N,11
10289,"miR-200a,TGF-beta,SNAI2,TWIST2,SNAI1,miR-34a,ZEB1",N,7
10290,"miR-200a,TGF-beta,SNAI2,TWIST2,SNAI1,miR-34a,ZEB1,miR-200c,ZEB2",P,9
10291,"miR-200a,TGF-beta,SNAI2,TWIST2,SNAI1,miR-34a,ZEB1,miR-200b,ZEB2",P,9
10292,"miR-200a,TGF-beta,SNAI2,TWIST2,SNAI1,miR-34a,ZEB1,miR-141,ZEB2",N,9
10293,"miR-200a,TGF-beta,SNAI2,TWIST2,SNAI1,ZEB2",N,6
10294,"miR-200a,TGF-beta,SNAI2,TWIST2,SNAI1,ZEB2,miR-200c,ZEB1",P,8
10295,"miR-200a,TGF-beta,SNAI2,TWIST2,SNAI1,ZEB2,miR-200b,ZEB1",P,8
10296,"miR-200a,TGF-beta,SNAI2,TWIST2,SNAI1,ZEB1,GRHL2,NP63,miR-205,ZEB2",P,10
10297,"miR-200a,TGF-beta,SNAI2,TWIST2,SNAI1,ZEB1,GRHL2,OVOL2,NP63,miR-205,ZEB2",P,11
10298,"miR-200a,TGF-beta,SNAI2,TWIST2,SNAI1,ZEB1,OVOL2,NP63,miR-205,ZEB2",N,10
10299,"miR-200a,TGF-beta,SNAI2,TWIST2,SNAI1,ZEB1",N,6
10300,"miR-200a,TGF-beta,SNAI2,TWIST2,SNAI1,ZEB1,miR-200c,ZEB2",P,8
10301,"miR-200a,TGF-beta,SNAI2,TWIST2,SNAI1,ZEB1,miR-200b,ZEB2",P,8
10302,"miR-200a,TGF-beta,SNAI2,TWIST2,SNAI1,ZEB1,miR-141,ZEB2",N,8
10303,"miR-200a,TGF-beta,SNAI1,miR-101,ZEB2",N,5
10304,"miR-200a,TGF-beta,SNAI1,miR-101,ZEB2,miR-200c,ZEB1",P,7
10305,"miR-200a,TGF-beta,SNAI1,miR-101,ZEB2,miR-200b,ZEB1",P,7
10306,"miR-200a,TGF-beta,SNAI1,miR-101,ZEB1,GRHL2,NP63,miR-205,ZEB2",P,9
10307,"miR-200a,TGF-beta,SNAI1,miR-101,ZEB1,GRHL2,NP63,SNAI2,miR-200b,ZEB2",P,10
10308,"miR-200a,TGF-beta,SNAI1,miR-101,ZEB1,GRHL2,NP63,SNAI2,TWIST2,ZEB2",P,10
10309,"miR-200a,TGF-beta,SNAI1,miR-101,ZEB1,GRHL2,OVOL2,NP63,miR-205,ZEB2",P,10
10310,"miR-200a,TGF-beta,SNAI1,miR-101,ZEB1,GRHL2,OVOL2,NP63,SNAI2,miR-200b,ZEB2",P,11
10311,"miR-200a,TGF-beta,SNAI1,miR-101,ZEB1,GRHL2,OVOL2,NP63,SNAI2,TWIST2,ZEB2",P,11
10312,"miR-200a,TGF-beta,SNAI1,miR-101,ZEB1,GRHL2,OVOL2,SNAI2,miR-200b,ZEB2",P,10
10313,"miR-200a,TGF-beta,SNAI1,miR-101,ZEB1,GRHL2,OVOL2,SNAI2,TWIST2,ZEB2",P,10
10314,"miR-200a,TGF-beta,SNAI1,miR-101,ZEB1,OVOL2,NP63,miR-205,ZEB2",N,9
10315,"miR-200a,TGF-beta,SNAI1,miR-101,ZEB1,OVOL2,NP63,SNAI2,miR-200b,ZEB2",N,10
10316,"miR-200a,TGF-beta,SNAI1,miR-101,ZEB1,OVOL2,NP63,SNAI2,TWIST2,ZEB2",N,10
10317,"miR-200a,TGF-beta,SNAI1,miR-101,ZEB1,OVOL2,SNAI2,miR-200b,ZEB2",N,9
10318,"miR-200a,TGF-beta,SNAI1,miR-101,ZEB1,OVOL2,SNAI2,TWIST2,ZEB2",N,9
10319,"miR-200a,TGF-beta,SNAI1,miR-101,ZEB1,miR-34a,TWIST2,ZEB2",N,8
10320,"miR-200a,TGF-beta,SNAI1,miR-101,ZEB1,miR-34a,TWIST2,SNAI2,miR-200b,ZEB2",N,10
10321,"miR-200a,TGF-beta,SNAI1,miR-101,ZEB1,miR-34a,SNAI2,miR-200b,ZEB2",N,9
10322,"miR-200a,TGF-beta,SNAI1,miR-101,ZEB1,miR-34a,SNAI2,TWIST2,ZEB2",N,9
10323,"miR-200a,TGF-beta,SNAI1,miR-101,ZEB1",N,5
10324,"miR-200a,TGF-beta,SNAI1,miR-101,ZEB1,miR-200c,ZEB2",P,7
10325,"miR-200a,TGF-beta,SNAI1,miR-101,ZEB1,miR-200b,ZEB2",P,7
10326,"miR-200a,TGF-beta,SNAI1,miR-101,ZEB1,miR-141,ZEB2",N,7
10327,"miR-200a,TGF-beta,SNAI1,miR-34a,ZEB1,GRHL2,NP63,miR-205,ZEB2",N,9
10328,"miR-200a,TGF-beta,SNAI1,miR-34a,ZEB1,GRHL2,NP63,SNAI2,miR-200b,ZEB2",N,10
10329,"miR-200a,TGF-beta,SNAI1,miR-34a,ZEB1,GRHL2,NP63,SNAI2,miR-101,ZEB2",N,10
10330,"miR-200a,TGF-beta,SNAI1,miR-34a,ZEB1,GRHL2,NP63,SNAI2,TWIST2,ZEB2",N,10
10331,"miR-200a,TGF-beta,SNAI1,miR-34a,ZEB1,GRHL2,OVOL2,NP63,miR-205,ZEB2",N,10
10332,"miR-200a,TGF-beta,SNAI1,miR-34a,ZEB1,GRHL2,OVOL2,NP63,SNAI2,miR-200b,ZEB2",N,11
10333,"miR-200a,TGF-beta,SNAI1,miR-34a,ZEB1,GRHL2,OVOL2,NP63,SNAI2,miR-101,ZEB2",N,11
10334,"miR-200a,TGF-beta,SNAI1,miR-34a,ZEB1,GRHL2,OVOL2,NP63,SNAI2,TWIST2,ZEB2",N,11
10335,"miR-200a,TGF-beta,SNAI1,miR-34a,ZEB1,GRHL2,OVOL2,SNAI2,miR-200b,ZEB2",N,10
10336,"miR-200a,TGF-beta,SNAI1,miR-34a,ZEB1,GRHL2,OVOL2,SNAI2,miR-101,ZEB2",N,10
10337,"miR-200a,TGF-beta,SNAI1,miR-34a,ZEB1,GRHL2,OVOL2,SNAI2,TWIST2,ZEB2",N,10
10338,"miR-200a,TGF-beta,SNAI1,miR-34a,ZEB1,OVOL2,NP63,miR-205,ZEB2",P,9
10339,"miR-200a,TGF-beta,SNAI1,miR-34a,ZEB1,OVOL2,NP63,SNAI2,miR-200b,ZEB2",P,10
10340,"miR-200a,TGF-beta,SNAI1,miR-34a,ZEB1,OVOL2,NP63,SNAI2,miR-101,ZEB2",P,10
10341,"miR-200a,TGF-beta,SNAI1,miR-34a,ZEB1,OVOL2,NP63,SNAI2,TWIST2,ZEB2",P,10
10342,"miR-200a,TGF-beta,SNAI1,miR-34a,ZEB1,OVOL2,SNAI2,miR-200b,ZEB2",P,9
10343,"miR-200a,TGF-beta,SNAI1,miR-34a,ZEB1,OVOL2,SNAI2,miR-101,ZEB2",P,9
10344,"miR-200a,TGF-beta,SNAI1,miR-34a,ZEB1,OVOL2,SNAI2,TWIST2,ZEB2",P,9
10345,"miR-200a,TGF-beta,SNAI1,miR-34a,ZEB1",P,5
10346,"miR-200a,TGF-beta,SNAI1,miR-34a,ZEB1,miR-200c,ZEB2",N,7
10347,"miR-200a,TGF-beta,SNAI1,miR-34a,ZEB1,miR-200b,ZEB2",N,7
10348,"miR-200a,TGF-beta,SNAI1,miR-34a,ZEB1,miR-141,ZEB2",P,7
10349,"miR-200a,TGF-beta,SNAI1,miR-34a,TWIST2,ZEB2",P,6
10350,"miR-200a,TGF-beta,SNAI1,miR-34a,TWIST2,ZEB2,miR-200c,ZEB1",N,8
10351,"miR-200a,TGF-beta,SNAI1,miR-34a,TWIST2,ZEB2,miR-200b,ZEB1",N,8
10352,"miR-200a,TGF-beta,SNAI1,miR-34a,TWIST2,ZEB1,GRHL2,NP63,miR-205,ZEB2",N,10
10353,"miR-200a,TGF-beta,SNAI1,miR-34a,TWIST2,ZEB1,GRHL2,NP63,SNAI2,miR-200b,ZEB2",N,11
10354,"miR-200a,TGF-beta,SNAI1,miR-34a,TWIST2,ZEB1,GRHL2,NP63,SNAI2,miR-101,ZEB2",N,11
10355,"miR-200a,TGF-beta,SNAI1,miR-34a,TWIST2,ZEB1,GRHL2,OVOL2,NP63,miR-205,ZEB2",N,11
10356,"miR-200a,TGF-beta,SNAI1,miR-34a,TWIST2,ZEB1,GRHL2,OVOL2,NP63,SNAI2,miR-200b,ZEB2",N,12
10357,"miR-200a,TGF-beta,SNAI1,miR-34a,TWIST2,ZEB1,GRHL2,OVOL2,NP63,SNAI2,miR-101,ZEB2",N,12
10358,"miR-200a,TGF-beta,SNAI1,miR-34a,TWIST2,ZEB1,GRHL2,OVOL2,SNAI2,miR-200b,ZEB2",N,11
10359,"miR-200a,TGF-beta,SNAI1,miR-34a,TWIST2,ZEB1,GRHL2,OVOL2,SNAI2,miR-101,ZEB2",N,11
10360,"miR-200a,TGF-beta,SNAI1,miR-34a,TWIST2,ZEB1,OVOL2,NP63,miR-205,ZEB2",P,10
10361,"miR-200a,TGF-beta,SNAI1,miR-34a,TWIST2,ZEB1,OVOL2,NP63,SNAI2,miR-200b,ZEB2",P,11
10362,"miR-200a,TGF-beta,SNAI1,miR-34a,TWIST2,ZEB1,OVOL2,NP63,SNAI2,miR-101,ZEB2",P,11
10363,"miR-200a,TGF-beta,SNAI1,miR-34a,TWIST2,ZEB1,OVOL2,SNAI2,miR-200b,ZEB2",P,10
10364,"miR-200a,TGF-beta,SNAI1,miR-34a,TWIST2,ZEB1,OVOL2,SNAI2,miR-101,ZEB2",P,10
10365,"miR-200a,TGF-beta,SNAI1,miR-34a,TWIST2,ZEB1",P,6
10366,"miR-200a,TGF-beta,SNAI1,miR-34a,TWIST2,ZEB1,miR-200c,ZEB2",N,8
10367,"miR-200a,TGF-beta,SNAI1,miR-34a,TWIST2,ZEB1,miR-200b,ZEB2",N,8
10368,"miR-200a,TGF-beta,SNAI1,miR-34a,TWIST2,ZEB1,miR-141,ZEB2",P,8
10369,"miR-200a,TGF-beta,SNAI1,miR-34a,TWIST2,SNAI2,miR-200b,ZEB2",P,8
10370,"miR-200a,TGF-beta,SNAI1,miR-34a,TWIST2,SNAI2,miR-200b,ZEB2,miR-200c,ZEB1",N,10
10371,"miR-200a,TGF-beta,SNAI1,miR-34a,TWIST2,SNAI2,miR-200b,ZEB1,GRHL2,NP63,miR-205,ZEB2",P,12
10372,"miR-200a,TGF-beta,SNAI1,miR-34a,TWIST2,SNAI2,miR-200b,ZEB1,GRHL2,OVOL2,NP63,miR-205,ZEB2",P,13
10373,"miR-200a,TGF-beta,SNAI1,miR-34a,TWIST2,SNAI2,miR-200b,ZEB1,OVOL2,NP63,miR-205,ZEB2",N,12
10374,"miR-200a,TGF-beta,SNAI1,miR-34a,TWIST2,SNAI2,miR-200b,ZEB1",N,8
10375,"miR-200a,TGF-beta,SNAI1,miR-34a,TWIST2,SNAI2,miR-200b,ZEB1,miR-200c,ZEB2",P,10
10376,"miR-200a,TGF-beta,SNAI1,miR-34a,TWIST2,SNAI2,miR-200b,ZEB1,miR-141,ZEB2",N,10
10377,"miR-200a,TGF-beta,SNAI1,miR-34a,TWIST2,SNAI2,miR-101,ZEB2",P,8
10378,"miR-200a,TGF-beta,SNAI1,miR-34a,TWIST2,SNAI2,miR-101,ZEB2,miR-200c,ZEB1",N,10
10379,"miR-200a,TGF-beta,SNAI1,miR-34a,TWIST2,SNAI2,miR-101,ZEB2,miR-200b,ZEB1",N,10
10380,"miR-200a,TGF-beta,SNAI1,miR-34a,TWIST2,SNAI2,miR-101,ZEB1,GRHL2,NP63,miR-205,ZEB2",N,12
10381,"miR-200a,TGF-beta,SNAI1,miR-34a,TWIST2,SNAI2,miR-101,ZEB1,GRHL2,OVOL2,NP63,miR-205,ZEB2",N,13
10382,"miR-200a,TGF-beta,SNAI1,miR-34a,TWIST2,SNAI2,miR-101,ZEB1,OVOL2,NP63,miR-205,ZEB2",P,12
10383,"miR-200a,TGF-beta,SNAI1,miR-34a,TWIST2,SNAI2,miR-101,ZEB1",P,8
10384,"miR-200a,TGF-beta,SNAI1,miR-34a,TWIST2,SNAI2,miR-101,ZEB1,miR-200c,ZEB2",N,10
10385,"miR-200a,TGF-beta,SNAI1,miR-34a,TWIST2,SNAI2,miR-101,ZEB1,miR-200b,ZEB2",N,10
10386,"miR-200a,TGF-beta,SNAI1,miR-34a,TWIST2,SNAI2,miR-101,ZEB1,miR-141,ZEB2",P,10
10387,"miR-200a,TGF-beta,SNAI1,miR-34a,SNAI2,miR-200b,ZEB2",P,7
10388,"miR-200a,TGF-beta,SNAI1,miR-34a,SNAI2,miR-200b,ZEB2,miR-200c,ZEB1",N,9
10389,"miR-200a,TGF-beta,SNAI1,miR-34a,SNAI2,miR-200b,ZEB1,GRHL2,NP63,miR-205,ZEB2",P,11
10390,"miR-200a,TGF-beta,SNAI1,miR-34a,SNAI2,miR-200b,ZEB1,GRHL2,OVOL2,NP63,miR-205,ZEB2",P,12
10391,"miR-200a,TGF-beta,SNAI1,miR-34a,SNAI2,miR-200b,ZEB1,OVOL2,NP63,miR-205,ZEB2",N,11
10392,"miR-200a,TGF-beta,SNAI1,miR-34a,SNAI2,miR-200b,ZEB1",N,7
10393,"miR-200a,TGF-beta,SNAI1,miR-34a,SNAI2,miR-200b,ZEB1,miR-200c,ZEB2",P,9
10394,"miR-200a,TGF-beta,SNAI1,miR-34a,SNAI2,miR-200b,ZEB1,miR-141,ZEB2",N,9
10395,"miR-200a,TGF-beta,SNAI1,miR-34a,SNAI2,miR-101,ZEB2",P,7
10396,"miR-200a,TGF-beta,SNAI1,miR-34a,SNAI2,miR-101,ZEB2,miR-200c,ZEB1",N,9
10397,"miR-200a,TGF-beta,SNAI1,miR-34a,SNAI2,miR-101,ZEB2,miR-200b,ZEB1",N,9
10398,"miR-200a,TGF-beta,SNAI1,miR-34a,SNAI2,miR-101,ZEB1,GRHL2,NP63,miR-205,ZEB2",N,11
10399,"miR-200a,TGF-beta,SNAI1,miR-34a,SNAI2,miR-101,ZEB1,GRHL2,OVOL2,NP63,miR-205,ZEB2",N,12
10400,"miR-200a,TGF-beta,SNAI1,miR-34a,SNAI2,miR-101,ZEB1,OVOL2,NP63,miR-205,ZEB2",P,11
10401,"miR-200a,TGF-beta,SNAI1,miR-34a,SNAI2,miR-101,ZEB1",P,7
10402,"miR-200a,TGF-beta,SNAI1,miR-34a,SNAI2,miR-101,ZEB1,miR-200c,ZEB2",N,9
10403,"miR-200a,TGF-beta,SNAI1,miR-34a,SNAI2,miR-101,ZEB1,miR-200b,ZEB2",N,9
10404,"miR-200a,TGF-beta,SNAI1,miR-34a,SNAI2,miR-101,ZEB1,miR-141,ZEB2",P,9
10405,"miR-200a,TGF-beta,SNAI1,miR-34a,SNAI2,TWIST2,ZEB2",P,7
10406,"miR-200a,TGF-beta,SNAI1,miR-34a,SNAI2,TWIST2,ZEB2,miR-200c,ZEB1",N,9
10407,"miR-200a,TGF-beta,SNAI1,miR-34a,SNAI2,TWIST2,ZEB2,miR-200b,ZEB1",N,9
10408,"miR-200a,TGF-beta,SNAI1,miR-34a,SNAI2,TWIST2,ZEB1,GRHL2,NP63,miR-205,ZEB2",N,11
10409,"miR-200a,TGF-beta,SNAI1,miR-34a,SNAI2,TWIST2,ZEB1,GRHL2,OVOL2,NP63,miR-205,ZEB2",N,12
10410,"miR-200a,TGF-beta,SNAI1,miR-34a,SNAI2,TWIST2,ZEB1,OVOL2,NP63,miR-205,ZEB2",P,11
10411,"miR-200a,TGF-beta,SNAI1,miR-34a,SNAI2,TWIST2,ZEB1",P,7
10412,"miR-200a,TGF-beta,SNAI1,miR-34a,SNAI2,TWIST2,ZEB1,miR-200c,ZEB2",N,9
10413,"miR-200a,TGF-beta,SNAI1,miR-34a,SNAI2,TWIST2,ZEB1,miR-200b,ZEB2",N,9
10414,"miR-200a,TGF-beta,SNAI1,miR-34a,SNAI2,TWIST2,ZEB1,miR-141,ZEB2",P,9
10415,"miR-200a,TGF-beta,SNAI1,ZEB2",P,4
10416,"miR-200a,TGF-beta,SNAI1,ZEB2,miR-200c,ZEB1",N,6
10417,"miR-200a,TGF-beta,SNAI1,ZEB2,miR-200b,ZEB1",N,6
10418,"miR-200a,TGF-beta,SNAI1,ZEB1,GRHL2,NP63,miR-205,ZEB2",N,8
10419,"miR-200a,TGF-beta,SNAI1,ZEB1,GRHL2,NP63,SNAI2,miR-200b,ZEB2",N,9
10420,"miR-200a,TGF-beta,SNAI1,ZEB1,GRHL2,NP63,SNAI2,miR-101,ZEB2",N,9
10421,"miR-200a,TGF-beta,SNAI1,ZEB1,GRHL2,NP63,SNAI2,TWIST2,ZEB2",N,9
10422,"miR-200a,TGF-beta,SNAI1,ZEB1,GRHL2,OVOL2,NP63,miR-205,ZEB2",N,9
10423,"miR-200a,TGF-beta,SNAI1,ZEB1,GRHL2,OVOL2,NP63,SNAI2,miR-200b,ZEB2",N,10
10424,"miR-200a,TGF-beta,SNAI1,ZEB1,GRHL2,OVOL2,NP63,SNAI2,miR-101,ZEB2",N,10
10425,"miR-200a,TGF-beta,SNAI1,ZEB1,GRHL2,OVOL2,NP63,SNAI2,TWIST2,ZEB2",N,10
10426,"miR-200a,TGF-beta,SNAI1,ZEB1,GRHL2,OVOL2,SNAI2,miR-200b,ZEB2",N,9
10427,"miR-200a,TGF-beta,SNAI1,ZEB1,GRHL2,OVOL2,SNAI2,miR-101,ZEB2",N,9
10428,"miR-200a,TGF-beta,SNAI1,ZEB1,GRHL2,OVOL2,SNAI2,TWIST2,ZEB2",N,9
10429,"miR-200a,TGF-beta,SNAI1,ZEB1,OVOL2,NP63,miR-205,ZEB2",P,8
10430,"miR-200a,TGF-beta,SNAI1,ZEB1,OVOL2,NP63,SNAI2,miR-200b,ZEB2",P,9
10431,"miR-200a,TGF-beta,SNAI1,ZEB1,OVOL2,NP63,SNAI2,miR-101,ZEB2",P,9
10432,"miR-200a,TGF-beta,SNAI1,ZEB1,OVOL2,NP63,SNAI2,TWIST2,ZEB2",P,9
10433,"miR-200a,TGF-beta,SNAI1,ZEB1,OVOL2,SNAI2,miR-200b,ZEB2",P,8
10434,"miR-200a,TGF-beta,SNAI1,ZEB1,OVOL2,SNAI2,miR-101,ZEB2",P,8
10435,"miR-200a,TGF-beta,SNAI1,ZEB1,OVOL2,SNAI2,TWIST2,ZEB2",P,8
10436,"miR-200a,TGF-beta,SNAI1,ZEB1,miR-34a,TWIST2,ZEB2",P,7
10437,"miR-200a,TGF-beta,SNAI1,ZEB1,miR-34a,TWIST2,SNAI2,miR-200b,ZEB2",P,9
10438,"miR-200a,TGF-beta,SNAI1,ZEB1,miR-34a,TWIST2,SNAI2,miR-101,ZEB2",P,9
10439,"miR-200a,TGF-beta,SNAI1,ZEB1,miR-34a,SNAI2,miR-200b,ZEB2",P,8
10440,"miR-200a,TGF-beta,SNAI1,ZEB1,miR-34a,SNAI2,miR-101,ZEB2",P,8
10441,"miR-200a,TGF-beta,SNAI1,ZEB1,miR-34a,SNAI2,TWIST2,ZEB2",P,8
10442,"miR-200a,TGF-beta,SNAI1,ZEB1",P,4
10443,"miR-200a,TGF-beta,SNAI1,ZEB1,miR-200c,ZEB2",N,6
10444,"miR-200a,TGF-beta,SNAI1,ZEB1,miR-200b,ZEB2",N,6
10445,"miR-200a,TGF-beta,SNAI1,ZEB1,miR-141,ZEB2",P,6
10446,"miR-200a,TGF-beta,SNAI1,SNAI2,miR-200b,ZEB2",N,6
10447,"miR-200a,TGF-beta,SNAI1,SNAI2,miR-200b,ZEB2,miR-200c,ZEB1",P,8
10448,"miR-200a,TGF-beta,SNAI1,SNAI2,miR-200b,ZEB1,GRHL2,NP63,miR-205,ZEB2",N,10
10449,"miR-200a,TGF-beta,SNAI1,SNAI2,miR-200b,ZEB1,GRHL2,OVOL2,NP63,miR-205,ZEB2",N,11
10450,"miR-200a,TGF-beta,SNAI1,SNAI2,miR-200b,ZEB1,OVOL2,NP63,miR-205,ZEB2",P,10
10451,"miR-200a,TGF-beta,SNAI1,SNAI2,miR-200b,ZEB1,miR-34a,TWIST2,ZEB2",P,9
10452,"miR-200a,TGF-beta,SNAI1,SNAI2,miR-200b,ZEB1",P,6
10453,"miR-200a,TGF-beta,SNAI1,SNAI2,miR-200b,ZEB1,miR-200c,ZEB2",N,8
10454,"miR-200a,TGF-beta,SNAI1,SNAI2,miR-200b,ZEB1,miR-141,ZEB2",P,8
10455,"miR-200a,TGF-beta,SNAI1,SNAI2,miR-101,ZEB2",N,6
10456,"miR-200a,TGF-beta,SNAI1,SNAI2,miR-101,ZEB2,miR-200c,ZEB1",P,8
10457,"miR-200a,TGF-beta,SNAI1,SNAI2,miR-101,ZEB2,miR-200b,ZEB1",P,8
10458,"miR-200a,TGF-beta,SNAI1,SNAI2,miR-101,ZEB1,GRHL2,NP63,miR-205,ZEB2",P,10
10459,"miR-200a,TGF-beta,SNAI1,SNAI2,miR-101,ZEB1,GRHL2,OVOL2,NP63,miR-205,ZEB2",P,11
10460,"miR-200a,TGF-beta,SNAI1,SNAI2,miR-101,ZEB1,OVOL2,NP63,miR-205,ZEB2",N,10
10461,"miR-200a,TGF-beta,SNAI1,SNAI2,miR-101,ZEB1,miR-34a,TWIST2,ZEB2",N,9
10462,"miR-200a,TGF-beta,SNAI1,SNAI2,miR-101,ZEB1",N,6
10463,"miR-200a,TGF-beta,SNAI1,SNAI2,miR-101,ZEB1,miR-200c,ZEB2",P,8
10464,"miR-200a,TGF-beta,SNAI1,SNAI2,miR-101,ZEB1,miR-200b,ZEB2",P,8
10465,"miR-200a,TGF-beta,SNAI1,SNAI2,miR-101,ZEB1,miR-141,ZEB2",N,8
10466,"miR-200a,TGF-beta,SNAI1,SNAI2,TWIST2,ZEB2",N,6
10467,"miR-200a,TGF-beta,SNAI1,SNAI2,TWIST2,ZEB2,miR-200c,ZEB1",P,8
10468,"miR-200a,TGF-beta,SNAI1,SNAI2,TWIST2,ZEB2,miR-200b,ZEB1",P,8
10469,"miR-200a,TGF-beta,SNAI1,SNAI2,TWIST2,ZEB1,GRHL2,NP63,miR-205,ZEB2",P,10
10470,"miR-200a,TGF-beta,SNAI1,SNAI2,TWIST2,ZEB1,GRHL2,OVOL2,NP63,miR-205,ZEB2",P,11
10471,"miR-200a,TGF-beta,SNAI1,SNAI2,TWIST2,ZEB1,OVOL2,NP63,miR-205,ZEB2",N,10
10472,"miR-200a,TGF-beta,SNAI1,SNAI2,TWIST2,ZEB1",N,6
10473,"miR-200a,TGF-beta,SNAI1,SNAI2,TWIST2,ZEB1,miR-200c,ZEB2",P,8
10474,"miR-200a,TGF-beta,SNAI1,SNAI2,TWIST2,ZEB1,miR-200b,ZEB2",P,8
10475,"miR-200a,TGF-beta,SNAI1,SNAI2,TWIST2,ZEB1,miR-141,ZEB2",N,8
10476,"miR-200a,TGF-beta,GSC,ZEB2",P,4
10477,"miR-200a,TGF-beta,GSC,ZEB2,miR-200c,ZEB1",N,6
10478,"miR-200a,TGF-beta,GSC,ZEB2,miR-200b,ZEB1",N,6
10479,"miR-200a,TGF-beta,GSC,ZEB1,GRHL2,NP63,miR-205,ZEB2",P,8
10480,"miR-200a,TGF-beta,GSC,ZEB1,GRHL2,NP63,SNAI2,miR-200b,ZEB2",P,9
10481,"miR-200a,TGF-beta,GSC,ZEB1,GRHL2,NP63,SNAI2,miR-101,SNAI1,miR-34a,TWIST2,ZEB2",N,12
10482,"miR-200a,TGF-beta,GSC,ZEB1,GRHL2,NP63,SNAI2,miR-101,SNAI1,ZEB2",N,10
10483,"miR-200a,TGF-beta,GSC,ZEB1,GRHL2,NP63,SNAI2,miR-101,ZEB2",P,9
10484,"miR-200a,TGF-beta,GSC,ZEB1,GRHL2,NP63,SNAI2,TWIST2,ZEB2",P,9
10485,"miR-200a,TGF-beta,GSC,ZEB1,GRHL2,NP63,SNAI2,TWIST2,SNAI1,miR-101,ZEB2",P,11
10486,"miR-200a,TGF-beta,GSC,ZEB1,GRHL2,NP63,SNAI2,TWIST2,SNAI1,ZEB2",N,10
10487,"miR-200a,TGF-beta,GSC,ZEB1,GRHL2,OVOL2,NP63,miR-205,ZEB2",P,9
10488,"miR-200a,TGF-beta,GSC,ZEB1,GRHL2,OVOL2,NP63,SNAI2,miR-200b,ZEB2",P,10
10489,"miR-200a,TGF-beta,GSC,ZEB1,GRHL2,OVOL2,NP63,SNAI2,miR-101,SNAI1,miR-34a,TWIST2,ZEB2",N,13
10490,"miR-200a,TGF-beta,GSC,ZEB1,GRHL2,OVOL2,NP63,SNAI2,miR-101,SNAI1,ZEB2",N,11
10491,"miR-200a,TGF-beta,GSC,ZEB1,GRHL2,OVOL2,NP63,SNAI2,miR-101,ZEB2",P,10
10492,"miR-200a,TGF-beta,GSC,ZEB1,GRHL2,OVOL2,NP63,SNAI2,TWIST2,ZEB2",P,10
10493,"miR-200a,TGF-beta,GSC,ZEB1,GRHL2,OVOL2,NP63,SNAI2,TWIST2,SNAI1,miR-101,ZEB2",P,12
10494,"miR-200a,TGF-beta,GSC,ZEB1,GRHL2,OVOL2,NP63,SNAI2,TWIST2,SNAI1,ZEB2",N,11
10495,"miR-200a,TGF-beta,GSC,ZEB1,GRHL2,OVOL2,SNAI2,miR-200b,ZEB2",P,9
10496,"miR-200a,TGF-beta,GSC,ZEB1,GRHL2,OVOL2,SNAI2,miR-101,SNAI1,miR-34a,TWIST2,ZEB2",N,12
10497,"miR-200a,TGF-beta,GSC,ZEB1,GRHL2,OVOL2,SNAI2,miR-101,SNAI1,ZEB2",N,10
10498,"miR-200a,TGF-beta,GSC,ZEB1,GRHL2,OVOL2,SNAI2,miR-101,ZEB2",P,9
10499,"miR-200a,TGF-beta,GSC,ZEB1,GRHL2,OVOL2,SNAI2,TWIST2,ZEB2",P,9
10500,"miR-200a,TGF-beta,GSC,ZEB1,GRHL2,OVOL2,SNAI2,TWIST2,SNAI1,miR-101,ZEB2",P,11
10501,"miR-200a,TGF-beta,GSC,ZEB1,GRHL2,OVOL2,SNAI2,TWIST2,SNAI1,ZEB2",N,10
10502,"miR-200a,TGF-beta,GSC,ZEB1,OVOL2,NP63,miR-205,ZEB2",N,8
10503,"miR-200a,TGF-beta,GSC,ZEB1,OVOL2,NP63,SNAI2,miR-200b,ZEB2",N,9
10504,"miR-200a,TGF-beta,GSC,ZEB1,OVOL2,NP63,SNAI2,miR-101,SNAI1,miR-34a,TWIST2,ZEB2",P,12
10505,"miR-200a,TGF-beta,GSC,ZEB1,OVOL2,NP63,SNAI2,miR-101,SNAI1,ZEB2",P,10
10506,"miR-200a,TGF-beta,GSC,ZEB1,OVOL2,NP63,SNAI2,miR-101,ZEB2",N,9
10507,"miR-200a,TGF-beta,GSC,ZEB1,OVOL2,NP63,SNAI2,TWIST2,ZEB2",N,9
10508,"miR-200a,TGF-beta,GSC,ZEB1,OVOL2,NP63,SNAI2,TWIST2,SNAI1,miR-101,ZEB2",N,11
10509,"miR-200a,TGF-beta,GSC,ZEB1,OVOL2,NP63,SNAI2,TWIST2,SNAI1,ZEB2",P,10
10510,"miR-200a,TGF-beta,GSC,ZEB1,OVOL2,SNAI2,miR-200b,ZEB2",N,8
10511,"miR-200a,TGF-beta,GSC,ZEB1,OVOL2,SNAI2,miR-101,SNAI1,miR-34a,TWIST2,ZEB2",P,11
10512,"miR-200a,TGF-beta,GSC,ZEB1,OVOL2,SNAI2,miR-101,SNAI1,ZEB2",P,9
10513,"miR-200a,TGF-beta,GSC,ZEB1,OVOL2,SNAI2,miR-101,ZEB2",N,8
10514,"miR-200a,TGF-beta,GSC,ZEB1,OVOL2,SNAI2,TWIST2,ZEB2",N,8
10515,"miR-200a,TGF-beta,GSC,ZEB1,OVOL2,SNAI2,TWIST2,SNAI1,miR-101,ZEB2",N,10
10516,"miR-200a,TGF-beta,GSC,ZEB1,OVOL2,SNAI2,TWIST2,SNAI1,ZEB2",P,9
10517,"miR-200a,TGF-beta,GSC,ZEB1,miR-34a,TWIST2,ZEB2",N,7
10518,"miR-200a,TGF-beta,GSC,ZEB1,miR-34a,TWIST2,SNAI2,miR-200b,ZEB2",N,9
10519,"miR-200a,TGF-beta,GSC,ZEB1,miR-34a,TWIST2,SNAI2,miR-101,SNAI1,ZEB2",P,10
10520,"miR-200a,TGF-beta,GSC,ZEB1,miR-34a,TWIST2,SNAI2,miR-101,ZEB2",N,9
10521,"miR-200a,TGF-beta,GSC,ZEB1,miR-34a,TWIST2,SNAI1,miR-101,ZEB2",N,9
10522,"miR-200a,TGF-beta,GSC,ZEB1,miR-34a,TWIST2,SNAI1,ZEB2",P,8
10523,"miR-200a,TGF-beta,GSC,ZEB1,miR-34a,TWIST2,SNAI1,SNAI2,miR-200b,ZEB2",N,10
10524,"miR-200a,TGF-beta,GSC,ZEB1,miR-34a,TWIST2,SNAI1,SNAI2,miR-101,ZEB2",N,10
10525,"miR-200a,TGF-beta,GSC,ZEB1,miR-34a,SNAI2,miR-200b,ZEB2",N,8
10526,"miR-200a,TGF-beta,GSC,ZEB1,miR-34a,SNAI2,miR-101,SNAI1,ZEB2",P,9
10527,"miR-200a,TGF-beta,GSC,ZEB1,miR-34a,SNAI2,miR-101,ZEB2",N,8
10528,"miR-200a,TGF-beta,GSC,ZEB1,miR-34a,SNAI2,TWIST2,ZEB2",N,8
10529,"miR-200a,TGF-beta,GSC,ZEB1,miR-34a,SNAI2,TWIST2,SNAI1,miR-101,ZEB2",N,10
10530,"miR-200a,TGF-beta,GSC,ZEB1,miR-34a,SNAI2,TWIST2,SNAI1,ZEB2",P,9
10531,"miR-200a,TGF-beta,GSC,ZEB1,miR-34a,SNAI1,miR-101,ZEB2",N,8
10532,"miR-200a,TGF-beta,GSC,ZEB1,miR-34a,SNAI1,ZEB2",P,7
10533,"miR-200a,TGF-beta,GSC,ZEB1,miR-34a,SNAI1,SNAI2,miR-200b,ZEB2",N,9
10534,"miR-200a,TGF-beta,GSC,ZEB1,miR-34a,SNAI1,SNAI2,miR-101,ZEB2",N,9
10535,"miR-200a,TGF-beta,GSC,ZEB1,miR-34a,SNAI1,SNAI2,TWIST2,ZEB2",N,9
10536,"miR-200a,TGF-beta,GSC,ZEB1",N,4
10537,"miR-200a,TGF-beta,GSC,ZEB1,miR-200c,ZEB2",P,6
10538,"miR-200a,TGF-beta,GSC,ZEB1,miR-200b,ZEB2",P,6
10539,"miR-200a,TGF-beta,GSC,ZEB1,miR-141,ZEB2",N,6
10540,"miR-200a,TGF-beta,GSC,SNAI1,miR-101,ZEB2",P,6
10541,"miR-200a,TGF-beta,GSC,SNAI1,miR-101,ZEB2,miR-200c,ZEB1",N,8
10542,"miR-200a,TGF-beta,GSC,SNAI1,miR-101,ZEB2,miR-200b,ZEB1",N,8
10543,"miR-200a,TGF-beta,GSC,SNAI1,miR-101,ZEB1,GRHL2,NP63,miR-205,ZEB2",N,10
10544,"miR-200a,TGF-beta,GSC,SNAI1,miR-101,ZEB1,GRHL2,NP63,SNAI2,miR-200b,ZEB2",N,11
10545,"miR-200a,TGF-beta,GSC,SNAI1,miR-101,ZEB1,GRHL2,NP63,SNAI2,TWIST2,ZEB2",N,11
10546,"miR-200a,TGF-beta,GSC,SNAI1,miR-101,ZEB1,GRHL2,OVOL2,NP63,miR-205,ZEB2",N,11
10547,"miR-200a,TGF-beta,GSC,SNAI1,miR-101,ZEB1,GRHL2,OVOL2,NP63,SNAI2,miR-200b,ZEB2",N,12
10548,"miR-200a,TGF-beta,GSC,SNAI1,miR-101,ZEB1,GRHL2,OVOL2,NP63,SNAI2,TWIST2,ZEB2",N,12
10549,"miR-200a,TGF-beta,GSC,SNAI1,miR-101,ZEB1,GRHL2,OVOL2,SNAI2,miR-200b,ZEB2",N,11
10550,"miR-200a,TGF-beta,GSC,SNAI1,miR-101,ZEB1,GRHL2,OVOL2,SNAI2,TWIST2,ZEB2",N,11
10551,"miR-200a,TGF-beta,GSC,SNAI1,miR-101,ZEB1,OVOL2,NP63,miR-205,ZEB2",P,10
10552,"miR-200a,TGF-beta,GSC,SNAI1,miR-101,ZEB1,OVOL2,NP63,SNAI2,miR-200b,ZEB2",P,11
10553,"miR-200a,TGF-beta,GSC,SNAI1,miR-101,ZEB1,OVOL2,NP63,SNAI2,TWIST2,ZEB2",P,11
10554,"miR-200a,TGF-beta,GSC,SNAI1,miR-101,ZEB1,OVOL2,SNAI2,miR-200b,ZEB2",P,10
10555,"miR-200a,TGF-beta,GSC,SNAI1,miR-101,ZEB1,OVOL2,SNAI2,TWIST2,ZEB2",P,10
10556,"miR-200a,TGF-beta,GSC,SNAI1,miR-101,ZEB1,miR-34a,TWIST2,ZEB2",P,9
10557,"miR-200a,TGF-beta,GSC,SNAI1,miR-101,ZEB1,miR-34a,TWIST2,SNAI2,miR-200b,ZEB2",P,11
10558,"miR-200a,TGF-beta,GSC,SNAI1,miR-101,ZEB1,miR-34a,SNAI2,miR-200b,ZEB2",P,10
10559,"miR-200a,TGF-beta,GSC,SNAI1,miR-101,ZEB1,miR-34a,SNAI2,TWIST2,ZEB2",P,10
10560,"miR-200a,TGF-beta,GSC,SNAI1,miR-101,ZEB1",P,6
10561,"miR-200a,TGF-beta,GSC,SNAI1,miR-101,ZEB1,miR-200c,ZEB2",N,8
10562,"miR-200a,TGF-beta,GSC,SNAI1,miR-101,ZEB1,miR-200b,ZEB2",N,8
10563,"miR-200a,TGF-beta,GSC,SNAI1,miR-101,ZEB1,miR-141,ZEB2",P,8
10564,"miR-200a,TGF-beta,GSC,SNAI1,miR-34a,ZEB1,GRHL2,NP63,miR-205,ZEB2",P,10
10565,"miR-200a,TGF-beta,GSC,SNAI1,miR-34a,ZEB1,GRHL2,NP63,SNAI2,miR-200b,ZEB2",P,11
10566,"miR-200a,TGF-beta,GSC,SNAI1,miR-34a,ZEB1,GRHL2,NP63,SNAI2,miR-101,ZEB2",P,11
10567,"miR-200a,TGF-beta,GSC,SNAI1,miR-34a,ZEB1,GRHL2,NP63,SNAI2,TWIST2,ZEB2",P,11
10568,"miR-200a,TGF-beta,GSC,SNAI1,miR-34a,ZEB1,GRHL2,OVOL2,NP63,miR-205,ZEB2",P,11
10569,"miR-200a,TGF-beta,GSC,SNAI1,miR-34a,ZEB1,GRHL2,OVOL2,NP63,SNAI2,miR-200b,ZEB2",P,12
10570,"miR-200a,TGF-beta,GSC,SNAI1,miR-34a,ZEB1,GRHL2,OVOL2,NP63,SNAI2,miR-101,ZEB2",P,12
10571,"miR-200a,TGF-beta,GSC,SNAI1,miR-34a,ZEB1,GRHL2,OVOL2,NP63,SNAI2,TWIST2,ZEB2",P,12
10572,"miR-200a,TGF-beta,GSC,SNAI1,miR-34a,ZEB1,GRHL2,OVOL2,SNAI2,miR-200b,ZEB2",P,11
10573,"miR-200a,TGF-beta,GSC,SNAI1,miR-34a,ZEB1,GRHL2,OVOL2,SNAI2,miR-101,ZEB2",P,11
10574,"miR-200a,TGF-beta,GSC,SNAI1,miR-34a,ZEB1,GRHL2,OVOL2,SNAI2,TWIST2,ZEB2",P,11
10575,"miR-200a,TGF-beta,GSC,SNAI1,miR-34a,ZEB1,OVOL2,NP63,miR-205,ZEB2",N,10
10576,"miR-200a,TGF-beta,GSC,SNAI1,miR-34a,ZEB1,OVOL2,NP63,SNAI2,miR-200b,ZEB2",N,11
10577,"miR-200a,TGF-beta,GSC,SNAI1,miR-34a,ZEB1,OVOL2,NP63,SNAI2,miR-101,ZEB2",N,11
10578,"miR-200a,TGF-beta,GSC,SNAI1,miR-34a,ZEB1,OVOL2,NP63,SNAI2,TWIST2,ZEB2",N,11
10579,"miR-200a,TGF-beta,GSC,SNAI1,miR-34a,ZEB1,OVOL2,SNAI2,miR-200b,ZEB2",N,10
10580,"miR-200a,TGF-beta,GSC,SNAI1,miR-34a,ZEB1,OVOL2,SNAI2,miR-101,ZEB2",N,10
10581,"miR-200a,TGF-beta,GSC,SNAI1,miR-34a,ZEB1,OVOL2,SNAI2,TWIST2,ZEB2",N,10
10582,"miR-200a,TGF-beta,GSC,SNAI1,miR-34a,ZEB1",N,6
10583,"miR-200a,TGF-beta,GSC,SNAI1,miR-34a,ZEB1,miR-200c,ZEB2",P,8
10584,"miR-200a,TGF-beta,GSC,SNAI1,miR-34a,ZEB1,miR-200b,ZEB2",P,8
10585,"miR-200a,TGF-beta,GSC,SNAI1,miR-34a,ZEB1,miR-141,ZEB2",N,8
10586,"miR-200a,TGF-beta,GSC,SNAI1,miR-34a,TWIST2,ZEB2",N,7
10587,"miR-200a,TGF-beta,GSC,SNAI1,miR-34a,TWIST2,ZEB2,miR-200c,ZEB1",P,9
10588,"miR-200a,TGF-beta,GSC,SNAI1,miR-34a,TWIST2,ZEB2,miR-200b,ZEB1",P,9
10589,"miR-200a,TGF-beta,GSC,SNAI1,miR-34a,TWIST2,ZEB1,GRHL2,NP63,miR-205,ZEB2",P,11
10590,"miR-200a,TGF-beta,GSC,SNAI1,miR-34a,TWIST2,ZEB1,GRHL2,NP63,SNAI2,miR-200b,ZEB2",P,12
10591,"miR-200a,TGF-beta,GSC,SNAI1,miR-34a,TWIST2,ZEB1,GRHL2,NP63,SNAI2,miR-101,ZEB2",P,12
10592,"miR-200a,TGF-beta,GSC,SNAI1,miR-34a,TWIST2,ZEB1,GRHL2,OVOL2,NP63,miR-205,ZEB2",P,12
10593,"miR-200a,TGF-beta,GSC,SNAI1,miR-34a,TWIST2,ZEB1,GRHL2,OVOL2,NP63,SNAI2,miR-200b,ZEB2",P,13
10594,"miR-200a,TGF-beta,GSC,SNAI1,miR-34a,TWIST2,ZEB1,GRHL2,OVOL2,NP63,SNAI2,miR-101,ZEB2",P,13
10595,"miR-200a,TGF-beta,GSC,SNAI1,miR-34a,TWIST2,ZEB1,GRHL2,OVOL2,SNAI2,miR-200b,ZEB2",P,12
10596,"miR-200a,TGF-beta,GSC,SNAI1,miR-34a,TWIST2,ZEB1,GRHL2,OVOL2,SNAI2,miR-101,ZEB2",P,12
10597,"miR-200a,TGF-beta,GSC,SNAI1,miR-34a,TWIST2,ZEB1,OVOL2,NP63,miR-205,ZEB2",N,11
10598,"miR-200a,TGF-beta,GSC,SNAI1,miR-34a,TWIST2,ZEB1,OVOL2,NP63,SNAI2,miR-200b,ZEB2",N,12
10599,"miR-200a,TGF-beta,GSC,SNAI1,miR-34a,TWIST2,ZEB1,OVOL2,NP63,SNAI2,miR-101,ZEB2",N,12
10600,"miR-200a,TGF-beta,GSC,SNAI1,miR-34a,TWIST2,ZEB1,OVOL2,SNAI2,miR-200b,ZEB2",N,11
10601,"miR-200a,TGF-beta,GSC,SNAI1,miR-34a,TWIST2,ZEB1,OVOL2,SNAI2,miR-101,ZEB2",N,11
10602,"miR-200a,TGF-beta,GSC,SNAI1,miR-34a,TWIST2,ZEB1",N,7
10603,"miR-200a,TGF-beta,GSC,SNAI1,miR-34a,TWIST2,ZEB1,miR-200c,ZEB2",P,9
10604,"miR-200a,TGF-beta,GSC,SNAI1,miR-34a,TWIST2,ZEB1,miR-200b,ZEB2",P,9
10605,"miR-200a,TGF-beta,GSC,SNAI1,miR-34a,TWIST2,ZEB1,miR-141,ZEB2",N,9
10606,"miR-200a,TGF-beta,GSC,SNAI1,miR-34a,TWIST2,SNAI2,miR-200b,ZEB2",N,9
10607,"miR-200a,TGF-beta,GSC,SNAI1,miR-34a,TWIST2,SNAI2,miR-200b,ZEB2,miR-200c,ZEB1",P,11
10608,"miR-200a,TGF-beta,GSC,SNAI1,miR-34a,TWIST2,SNAI2,miR-200b,ZEB1,GRHL2,NP63,miR-205,ZEB2",N,13
10609,"miR-200a,TGF-beta,GSC,SNAI1,miR-34a,TWIST2,SNAI2,miR-200b,ZEB1,GRHL2,OVOL2,NP63,miR-205,ZEB2",N,14
10610,"miR-200a,TGF-beta,GSC,SNAI1,miR-34a,TWIST2,SNAI2,miR-200b,ZEB1,OVOL2,NP63,miR-205,ZEB2",P,13
10611,"miR-200a,TGF-beta,GSC,SNAI1,miR-34a,TWIST2,SNAI2,miR-200b,ZEB1",P,9
10612,"miR-200a,TGF-beta,GSC,SNAI1,miR-34a,TWIST2,SNAI2,miR-200b,ZEB1,miR-200c,ZEB2",N,11
10613,"miR-200a,TGF-beta,GSC,SNAI1,miR-34a,TWIST2,SNAI2,miR-200b,ZEB1,miR-141,ZEB2",P,11
10614,"miR-200a,TGF-beta,GSC,SNAI1,miR-34a,TWIST2,SNAI2,miR-101,ZEB2",N,9
10615,"miR-200a,TGF-beta,GSC,SNAI1,miR-34a,TWIST2,SNAI2,miR-101,ZEB2,miR-200c,ZEB1",P,11
10616,"miR-200a,TGF-beta,GSC,SNAI1,miR-34a,TWIST2,SNAI2,miR-101,ZEB2,miR-200b,ZEB1",P,11
10617,"miR-200a,TGF-beta,GSC,SNAI1,miR-34a,TWIST2,SNAI2,miR-101,ZEB1,GRHL2,NP63,miR-205,ZEB2",P,13
10618,"miR-200a,TGF-beta,GSC,SNAI1,miR-34a,TWIST2,SNAI2,miR-101,ZEB1,GRHL2,OVOL2,NP63,miR-205,ZEB2",P,14
10619,"miR-200a,TGF-beta,GSC,SNAI1,miR-34a,TWIST2,SNAI2,miR-101,ZEB1,OVOL2,NP63,miR-205,ZEB2",N,13
10620,"miR-200a,TGF-beta,GSC,SNAI1,miR-34a,TWIST2,SNAI2,miR-101,ZEB1",N,9
10621,"miR-200a,TGF-beta,GSC,SNAI1,miR-34a,TWIST2,SNAI2,miR-101,ZEB1,miR-200c,ZEB2",P,11
10622,"miR-200a,TGF-beta,GSC,SNAI1,miR-34a,TWIST2,SNAI2,miR-101,ZEB1,miR-200b,ZEB2",P,11
10623,"miR-200a,TGF-beta,GSC,SNAI1,miR-34a,TWIST2,SNAI2,miR-101,ZEB1,miR-141,ZEB2",N,11
10624,"miR-200a,TGF-beta,GSC,SNAI1,miR-34a,SNAI2,miR-200b,ZEB2",N,8
10625,"miR-200a,TGF-beta,GSC,SNAI1,miR-34a,SNAI2,miR-200b,ZEB2,miR-200c,ZEB1",P,10
10626,"miR-200a,TGF-beta,GSC,SNAI1,miR-34a,SNAI2,miR-200b,ZEB1,GRHL2,NP63,miR-205,ZEB2",N,12
10627,"miR-200a,TGF-beta,GSC,SNAI1,miR-34a,SNAI2,miR-200b,ZEB1,GRHL2,OVOL2,NP63,miR-205,ZEB2",N,13
10628,"miR-200a,TGF-beta,GSC,SNAI1,miR-34a,SNAI2,miR-200b,ZEB1,OVOL2,NP63,miR-205,ZEB2",P,12
10629,"miR-200a,TGF-beta,GSC,SNAI1,miR-34a,SNAI2,miR-200b,ZEB1",P,8
10630,"miR-200a,TGF-beta,GSC,SNAI1,miR-34a,SNAI2,miR-200b,ZEB1,miR-200c,ZEB2",N,10
10631,"miR-200a,TGF-beta,GSC,SNAI1,miR-34a,SNAI2,miR-200b,ZEB1,miR-141,ZEB2",P,10
10632,"miR-200a,TGF-beta,GSC,SNAI1,miR-34a,SNAI2,miR-101,ZEB2",N,8
10633,"miR-200a,TGF-beta,GSC,SNAI1,miR-34a,SNAI2,miR-101,ZEB2,miR-200c,ZEB1",P,10
10634,"miR-200a,TGF-beta,GSC,SNAI1,miR-34a,SNAI2,miR-101,ZEB2,miR-200b,ZEB1",P,10
10635,"miR-200a,TGF-beta,GSC,SNAI1,miR-34a,SNAI2,miR-101,ZEB1,GRHL2,NP63,miR-205,ZEB2",P,12
10636,"miR-200a,TGF-beta,GSC,SNAI1,miR-34a,SNAI2,miR-101,ZEB1,GRHL2,OVOL2,NP63,miR-205,ZEB2",P,13
10637,"miR-200a,TGF-beta,GSC,SNAI1,miR-34a,SNAI2,miR-101,ZEB1,OVOL2,NP63,miR-205,ZEB2",N,12
10638,"miR-200a,TGF-beta,GSC,SNAI1,miR-34a,SNAI2,miR-101,ZEB1",N,8
10639,"miR-200a,TGF-beta,GSC,SNAI1,miR-34a,SNAI2,miR-101,ZEB1,miR-200c,ZEB2",P,10
10640,"miR-200a,TGF-beta,GSC,SNAI1,miR-34a,SNAI2,miR-101,ZEB1,miR-200b,ZEB2",P,10
10641,"miR-200a,TGF-beta,GSC,SNAI1,miR-34a,SNAI2,miR-101,ZEB1,miR-141,ZEB2",N,10
10642,"miR-200a,TGF-beta,GSC,SNAI1,miR-34a,SNAI2,TWIST2,ZEB2",N,8
10643,"miR-200a,TGF-beta,GSC,SNAI1,miR-34a,SNAI2,TWIST2,ZEB2,miR-200c,ZEB1",P,10
10644,"miR-200a,TGF-beta,GSC,SNAI1,miR-34a,SNAI2,TWIST2,ZEB2,miR-200b,ZEB1",P,10
10645,"miR-200a,TGF-beta,GSC,SNAI1,miR-34a,SNAI2,TWIST2,ZEB1,GRHL2,NP63,miR-205,ZEB2",P,12
10646,"miR-200a,TGF-beta,GSC,SNAI1,miR-34a,SNAI2,TWIST2,ZEB1,GRHL2,OVOL2,NP63,miR-205,ZEB2",P,13
10647,"miR-200a,TGF-beta,GSC,SNAI1,miR-34a,SNAI2,TWIST2,ZEB1,OVOL2,NP63,miR-205,ZEB2",N,12
10648,"miR-200a,TGF-beta,GSC,SNAI1,miR-34a,SNAI2,TWIST2,ZEB1",N,8
10649,"miR-200a,TGF-beta,GSC,SNAI1,miR-34a,SNAI2,TWIST2,ZEB1,miR-200c,ZEB2",P,10
10650,"miR-200a,TGF-beta,GSC,SNAI1,miR-34a,SNAI2,TWIST2,ZEB1,miR-200b,ZEB2",P,10
10651,"miR-200a,TGF-beta,GSC,SNAI1,miR-34a,SNAI2,TWIST2,ZEB1,miR-141,ZEB2",N,10
10652,"miR-200a,TGF-beta,GSC,SNAI1,ZEB2",N,5
10653,"miR-200a,TGF-beta,GSC,SNAI1,ZEB2,miR-200c,ZEB1",P,7
10654,"miR-200a,TGF-beta,GSC,SNAI1,ZEB2,miR-200b,ZEB1",P,7
10655,"miR-200a,TGF-beta,GSC,SNAI1,ZEB1,GRHL2,NP63,miR-205,ZEB2",P,9
10656,"miR-200a,TGF-beta,GSC,SNAI1,ZEB1,GRHL2,NP63,SNAI2,miR-200b,ZEB2",P,10
10657,"miR-200a,TGF-beta,GSC,SNAI1,ZEB1,GRHL2,NP63,SNAI2,miR-101,ZEB2",P,10
10658,"miR-200a,TGF-beta,GSC,SNAI1,ZEB1,GRHL2,NP63,SNAI2,TWIST2,ZEB2",P,10
10659,"miR-200a,TGF-beta,GSC,SNAI1,ZEB1,GRHL2,OVOL2,NP63,miR-205,ZEB2",P,10
10660,"miR-200a,TGF-beta,GSC,SNAI1,ZEB1,GRHL2,OVOL2,NP63,SNAI2,miR-200b,ZEB2",P,11
10661,"miR-200a,TGF-beta,GSC,SNAI1,ZEB1,GRHL2,OVOL2,NP63,SNAI2,miR-101,ZEB2",P,11
10662,"miR-200a,TGF-beta,GSC,SNAI1,ZEB1,GRHL2,OVOL2,NP63,SNAI2,TWIST2,ZEB2",P,11
10663,"miR-200a,TGF-beta,GSC,SNAI1,ZEB1,GRHL2,OVOL2,SNAI2,miR-200b,ZEB2",P,10
10664,"miR-200a,TGF-beta,GSC,SNAI1,ZEB1,GRHL2,OVOL2,SNAI2,miR-101,ZEB2",P,10
10665,"miR-200a,TGF-beta,GSC,SNAI1,ZEB1,GRHL2,OVOL2,SNAI2,TWIST2,ZEB2",P,10
10666,"miR-200a,TGF-beta,GSC,SNAI1,ZEB1,OVOL2,NP63,miR-205,ZEB2",N,9
10667,"miR-200a,TGF-beta,GSC,SNAI1,ZEB1,OVOL2,NP63,SNAI2,miR-200b,ZEB2",N,10
10668,"miR-200a,TGF-beta,GSC,SNAI1,ZEB1,OVOL2,NP63,SNAI2,miR-101,ZEB2",N,10
10669,"miR-200a,TGF-beta,GSC,SNAI1,ZEB1,OVOL2,NP63,SNAI2,TWIST2,ZEB2",N,10
10670,"miR-200a,TGF-beta,GSC,SNAI1,ZEB1,OVOL2,SNAI2,miR-200b,ZEB2",N,9
10671,"miR-200a,TGF-beta,GSC,SNAI1,ZEB1,OVOL2,SNAI2,miR-101,ZEB2",N,9
10672,"miR-200a,TGF-beta,GSC,SNAI1,ZEB1,OVOL2,SNAI2,TWIST2,ZEB2",N,9
10673,"miR-200a,TGF-beta,GSC,SNAI1,ZEB1,miR-34a,TWIST2,ZEB2",N,8
10674,"miR-200a,TGF-beta,GSC,SNAI1,ZEB1,miR-34a,TWIST2,SNAI2,miR-200b,ZEB2",N,10
10675,"miR-200a,TGF-beta,GSC,SNAI1,ZEB1,miR-34a,TWIST2,SNAI2,miR-101,ZEB2",N,10
10676,"miR-200a,TGF-beta,GSC,SNAI1,ZEB1,miR-34a,SNAI2,miR-200b,ZEB2",N,9
10677,"miR-200a,TGF-beta,GSC,SNAI1,ZEB1,miR-34a,SNAI2,miR-101,ZEB2",N,9
10678,"miR-200a,TGF-beta,GSC,SNAI1,ZEB1,miR-34a,SNAI2,TWIST2,ZEB2",N,9
10679,"miR-200a,TGF-beta,GSC,SNAI1,ZEB1",N,5
10680,"miR-200a,TGF-beta,GSC,SNAI1,ZEB1,miR-200c,ZEB2",P,7
10681,"miR-200a,TGF-beta,GSC,SNAI1,ZEB1,miR-200b,ZEB2",P,7
10682,"miR-200a,TGF-beta,GSC,SNAI1,ZEB1,miR-141,ZEB2",N,7
10683,"miR-200a,TGF-beta,GSC,SNAI1,SNAI2,miR-200b,ZEB2",P,7
10684,"miR-200a,TGF-beta,GSC,SNAI1,SNAI2,miR-200b,ZEB2,miR-200c,ZEB1",N,9
10685,"miR-200a,TGF-beta,GSC,SNAI1,SNAI2,miR-200b,ZEB1,GRHL2,NP63,miR-205,ZEB2",P,11
10686,"miR-200a,TGF-beta,GSC,SNAI1,SNAI2,miR-200b,ZEB1,GRHL2,OVOL2,NP63,miR-205,ZEB2",P,12
10687,"miR-200a,TGF-beta,GSC,SNAI1,SNAI2,miR-200b,ZEB1,OVOL2,NP63,miR-205,ZEB2",N,11
10688,"miR-200a,TGF-beta,GSC,SNAI1,SNAI2,miR-200b,ZEB1,miR-34a,TWIST2,ZEB2",N,10
10689,"miR-200a,TGF-beta,GSC,SNAI1,SNAI2,miR-200b,ZEB1",N,7
10690,"miR-200a,TGF-beta,GSC,SNAI1,SNAI2,miR-200b,ZEB1,miR-200c,ZEB2",P,9
10691,"miR-200a,TGF-beta,GSC,SNAI1,SNAI2,miR-200b,ZEB1,miR-141,ZEB2",N,9
10692,"miR-200a,TGF-beta,GSC,SNAI1,SNAI2,miR-101,ZEB2",P,7
10693,"miR-200a,TGF-beta,GSC,SNAI1,SNAI2,miR-101,ZEB2,miR-200c,ZEB1",N,9
10694,"miR-200a,TGF-beta,GSC,SNAI1,SNAI2,miR-101,ZEB2,miR-200b,ZEB1",N,9
10695,"miR-200a,TGF-beta,GSC,SNAI1,SNAI2,miR-101,ZEB1,GRHL2,NP63,miR-205,ZEB2",N,11
10696,"miR-200a,TGF-beta,GSC,SNAI1,SNAI2,miR-101,ZEB1,GRHL2,OVOL2,NP63,miR-205,ZEB2",N,12
10697,"miR-200a,TGF-beta,GSC,SNAI1,SNAI2,miR-101,ZEB1,OVOL2,NP63,miR-205,ZEB2",P,11
10698,"miR-200a,TGF-beta,GSC,SNAI1,SNAI2,miR-101,ZEB1,miR-34a,TWIST2,ZEB2",P,10
10699,"miR-200a,TGF-beta,GSC,SNAI1,SNAI2,miR-101,ZEB1",P,7
10700,"miR-200a,TGF-beta,GSC,SNAI1,SNAI2,miR-101,ZEB1,miR-200c,ZEB2",N,9
10701,"miR-200a,TGF-beta,GSC,SNAI1,SNAI2,miR-101,ZEB1,miR-200b,ZEB2",N,9
10702,"miR-200a,TGF-beta,GSC,SNAI1,SNAI2,miR-101,ZEB1,miR-141,ZEB2",P,9
10703,"miR-200a,TGF-beta,GSC,SNAI1,SNAI2,TWIST2,ZEB2",P,7
10704,"miR-200a,TGF-beta,GSC,SNAI1,SNAI2,TWIST2,ZEB2,miR-200c,ZEB1",N,9
10705,"miR-200a,TGF-beta,GSC,SNAI1,SNAI2,TWIST2,ZEB2,miR-200b,ZEB1",N,9
10706,"miR-200a,TGF-beta,GSC,SNAI1,SNAI2,TWIST2,ZEB1,GRHL2,NP63,miR-205,ZEB2",N,11
10707,"miR-200a,TGF-beta,GSC,SNAI1,SNAI2,TWIST2,ZEB1,GRHL2,OVOL2,NP63,miR-205,ZEB2",N,12
10708,"miR-200a,TGF-beta,GSC,SNAI1,SNAI2,TWIST2,ZEB1,OVOL2,NP63,miR-205,ZEB2",P,11
10709,"miR-200a,TGF-beta,GSC,SNAI1,SNAI2,TWIST2,ZEB1",P,7
10710,"miR-200a,TGF-beta,GSC,SNAI1,SNAI2,TWIST2,ZEB1,miR-200c,ZEB2",N,9
10711,"miR-200a,TGF-beta,GSC,SNAI1,SNAI2,TWIST2,ZEB1,miR-200b,ZEB2",N,9
10712,"miR-200a,TGF-beta,GSC,SNAI1,SNAI2,TWIST2,ZEB1,miR-141,ZEB2",P,9
10713,"miR-200a,ZEB2",N,2
10714,"miR-200a,ZEB2,miR-200c,TGF-beta,SNAI2,miR-200b,ZEB1",P,7
10715,"miR-200a,ZEB2,miR-200c,TGF-beta,SNAI2,miR-101,SNAI1,miR-34a,ZEB1",P,9
10716,"miR-200a,ZEB2,miR-200c,TGF-beta,SNAI2,miR-101,SNAI1,miR-34a,TWIST2,ZEB1",P,10
10717,"miR-200a,ZEB2,miR-200c,TGF-beta,SNAI2,miR-101,SNAI1,ZEB1",P,8
10718,"miR-200a,ZEB2,miR-200c,TGF-beta,SNAI2,miR-101,ZEB1",N,7
10719,"miR-200a,ZEB2,miR-200c,TGF-beta,SNAI2,TWIST2,ZEB1",N,7
10720,"miR-200a,ZEB2,miR-200c,TGF-beta,SNAI2,TWIST2,SNAI1,miR-101,ZEB1",N,9
10721,"miR-200a,ZEB2,miR-200c,TGF-beta,SNAI2,TWIST2,SNAI1,miR-34a,ZEB1",P,9
10722,"miR-200a,ZEB2,miR-200c,TGF-beta,SNAI2,TWIST2,SNAI1,ZEB1",P,8
10723,"miR-200a,ZEB2,miR-200c,TGF-beta,SNAI1,miR-101,ZEB1",P,7
10724,"miR-200a,ZEB2,miR-200c,TGF-beta,SNAI1,miR-34a,ZEB1",N,7
10725,"miR-200a,ZEB2,miR-200c,TGF-beta,SNAI1,miR-34a,TWIST2,ZEB1",N,8
10726,"miR-200a,ZEB2,miR-200c,TGF-beta,SNAI1,miR-34a,TWIST2,SNAI2,miR-200b,ZEB1",P,10
10727,"miR-200a,ZEB2,miR-200c,TGF-beta,SNAI1,miR-34a,TWIST2,SNAI2,miR-101,ZEB1",N,10
10728,"miR-200a,ZEB2,miR-200c,TGF-beta,SNAI1,miR-34a,SNAI2,miR-200b,ZEB1",P,9
10729,"miR-200a,ZEB2,miR-200c,TGF-beta,SNAI1,miR-34a,SNAI2,miR-101,ZEB1",N,9
10730,"miR-200a,ZEB2,miR-200c,TGF-beta,SNAI1,miR-34a,SNAI2,TWIST2,ZEB1",N,9
10731,"miR-200a,ZEB2,miR-200c,TGF-beta,SNAI1,ZEB1",N,6
10732,"miR-200a,ZEB2,miR-200c,TGF-beta,SNAI1,SNAI2,miR-200b,ZEB1",N,8
10733,"miR-200a,ZEB2,miR-200c,TGF-beta,SNAI1,SNAI2,miR-101,ZEB1",P,8
10734,"miR-200a,ZEB2,miR-200c,TGF-beta,SNAI1,SNAI2,TWIST2,ZEB1",P,8
10735,"miR-200a,ZEB2,miR-200c,TGF-beta,GSC,ZEB1",P,6
10736,"miR-200a,ZEB2,miR-200c,TGF-beta,GSC,SNAI1,miR-101,ZEB1",N,8
10737,"miR-200a,ZEB2,miR-200c,TGF-beta,GSC,SNAI1,miR-34a,ZEB1",P,8
10738,"miR-200a,ZEB2,miR-200c,TGF-beta,GSC,SNAI1,miR-34a,TWIST2,ZEB1",P,9
10739,"miR-200a,ZEB2,miR-200c,TGF-beta,GSC,SNAI1,miR-34a,TWIST2,SNAI2,miR-200b,ZEB1",N,11
10740,"miR-200a,ZEB2,miR-200c,TGF-beta,GSC,SNAI1,miR-34a,TWIST2,SNAI2,miR-101,ZEB1",P,11
10741,"miR-200a,ZEB2,miR-200c,TGF-beta,GSC,SNAI1,miR-34a,SNAI2,miR-200b,ZEB1",N,10
10742,"miR-200a,ZEB2,miR-200c,TGF-beta,GSC,SNAI1,miR-34a,SNAI2,miR-101,ZEB1",P,10
10743,"miR-200a,ZEB2,miR-200c,TGF-beta,GSC,SNAI1,miR-34a,SNAI2,TWIST2,ZEB1",P,10
10744,"miR-200a,ZEB2,miR-200c,TGF-beta,GSC,SNAI1,ZEB1",P,7
10745,"miR-200a,ZEB2,miR-200c,TGF-beta,GSC,SNAI1,SNAI2,miR-200b,ZEB1",P,9
10746,"miR-200a,ZEB2,miR-200c,TGF-beta,GSC,SNAI1,SNAI2,miR-101,ZEB1",N,9
10747,"miR-200a,ZEB2,miR-200c,TGF-beta,GSC,SNAI1,SNAI2,TWIST2,ZEB1",N,9
10748,"miR-200a,ZEB2,miR-200c,ZEB1",P,4
10749,"miR-200a,ZEB2,miR-200b,TGF-beta,SNAI2,miR-101,SNAI1,miR-34a,ZEB1",N,9
10750,"miR-200a,ZEB2,miR-200b,TGF-beta,SNAI2,miR-101,SNAI1,miR-34a,TWIST2,ZEB1",N,10
10751,"miR-200a,ZEB2,miR-200b,TGF-beta,SNAI2,miR-101,SNAI1,ZEB1",N,8
10752,"miR-200a,ZEB2,miR-200b,TGF-beta,SNAI2,miR-101,ZEB1",P,7
10753,"miR-200a,ZEB2,miR-200b,TGF-beta,SNAI2,TWIST2,ZEB1",P,7
10754,"miR-200a,ZEB2,miR-200b,TGF-beta,SNAI2,TWIST2,SNAI1,miR-101,ZEB1",P,9
10755,"miR-200a,ZEB2,miR-200b,TGF-beta,SNAI2,TWIST2,SNAI1,miR-34a,ZEB1",N,9
10756,"miR-200a,ZEB2,miR-200b,TGF-beta,SNAI2,TWIST2,SNAI1,ZEB1",N,8
10757,"miR-200a,ZEB2,miR-200b,TGF-beta,SNAI1,miR-101,ZEB1",N,7
10758,"miR-200a,ZEB2,miR-200b,TGF-beta,SNAI1,miR-34a,ZEB1",P,7
10759,"miR-200a,ZEB2,miR-200b,TGF-beta,SNAI1,miR-34a,TWIST2,ZEB1",P,8
10760,"miR-200a,ZEB2,miR-200b,TGF-beta,SNAI1,miR-34a,TWIST2,SNAI2,miR-101,ZEB1",P,10
10761,"miR-200a,ZEB2,miR-200b,TGF-beta,SNAI1,miR-34a,SNAI2,miR-101,ZEB1",P,9
10762,"miR-200a,ZEB2,miR-200b,TGF-beta,SNAI1,miR-34a,SNAI2,TWIST2,ZEB1",P,9
10763,"miR-200a,ZEB2,miR-200b,TGF-beta,SNAI1,ZEB1",P,6
10764,"miR-200a,ZEB2,miR-200b,TGF-beta,SNAI1,SNAI2,miR-101,ZEB1",N,8
10765,"miR-200a,ZEB2,miR-200b,TGF-beta,SNAI1,SNAI2,TWIST2,ZEB1",N,8
10766,"miR-200a,ZEB2,miR-200b,TGF-beta,GSC,ZEB1",N,6
10767,"miR-200a,ZEB2,miR-200b,TGF-beta,GSC,SNAI1,miR-101,ZEB1",P,8
10768,"miR-200a,ZEB2,miR-200b,TGF-beta,GSC,SNAI1,miR-34a,ZEB1",N,8
10769,"miR-200a,ZEB2,miR-200b,TGF-beta,GSC,SNAI1,miR-34a,TWIST2,ZEB1",N,9
10770,"miR-200a,ZEB2,miR-200b,TGF-beta,GSC,SNAI1,miR-34a,TWIST2,SNAI2,miR-101,ZEB1",N,11
10771,"miR-200a,ZEB2,miR-200b,TGF-beta,GSC,SNAI1,miR-34a,SNAI2,miR-101,ZEB1",N,10
10772,"miR-200a,ZEB2,miR-200b,TGF-beta,GSC,SNAI1,miR-34a,SNAI2,TWIST2,ZEB1",N,10
10773,"miR-200a,ZEB2,miR-200b,TGF-beta,GSC,SNAI1,ZEB1",N,7
10774,"miR-200a,ZEB2,miR-200b,TGF-beta,GSC,SNAI1,SNAI2,miR-101,ZEB1",P,9
10775,"miR-200a,ZEB2,miR-200b,TGF-beta,GSC,SNAI1,SNAI2,TWIST2,ZEB1",P,9
10776,"miR-200a,ZEB2,miR-200b,ZEB1",P,4
10777,"miR-200a,ZEB1,GRHL2,NP63,miR-205,ZEB2",P,6
10778,"miR-200a,ZEB1,GRHL2,NP63,SNAI2,miR-200b,TGF-beta,SNAI1,miR-101,ZEB2",P,10
10779,"miR-200a,ZEB1,GRHL2,NP63,SNAI2,miR-200b,TGF-beta,SNAI1,miR-34a,TWIST2,ZEB2",N,11
10780,"miR-200a,ZEB1,GRHL2,NP63,SNAI2,miR-200b,TGF-beta,SNAI1,ZEB2",N,9
10781,"miR-200a,ZEB1,GRHL2,NP63,SNAI2,miR-200b,TGF-beta,GSC,ZEB2",N,9
10782,"miR-200a,ZEB1,GRHL2,NP63,SNAI2,miR-200b,TGF-beta,GSC,SNAI1,miR-101,ZEB2",N,11
10783,"miR-200a,ZEB1,GRHL2,NP63,SNAI2,miR-200b,TGF-beta,GSC,SNAI1,miR-34a,TWIST2,ZEB2",P,12
10784,"miR-200a,ZEB1,GRHL2,NP63,SNAI2,miR-200b,TGF-beta,GSC,SNAI1,ZEB2",P,10
10785,"miR-200a,ZEB1,GRHL2,NP63,SNAI2,miR-200b,ZEB2",P,7
10786,"miR-200a,ZEB1,GRHL2,NP63,SNAI2,miR-101,SNAI1,miR-34a,TWIST2,ZEB2",N,10
10787,"miR-200a,ZEB1,GRHL2,NP63,SNAI2,miR-101,SNAI1,ZEB2",N,8
10788,"miR-200a,ZEB1,GRHL2,NP63,SNAI2,miR-101,ZEB2",P,7
10789,"miR-200a,ZEB1,GRHL2,NP63,SNAI2,TWIST2,ZEB2",P,7
10790,"miR-200a,ZEB1,GRHL2,NP63,SNAI2,TWIST2,SNAI1,miR-101,ZEB2",P,9
10791,"miR-200a,ZEB1,GRHL2,NP63,SNAI2,TWIST2,SNAI1,ZEB2",N,8
10792,"miR-200a,ZEB1,GRHL2,OVOL2,TGF-beta,SNAI2,miR-200b,ZEB2",P,8
10793,"miR-200a,ZEB1,GRHL2,OVOL2,TGF-beta,SNAI2,miR-101,SNAI1,miR-34a,TWIST2,ZEB2",N,11
10794,"miR-200a,ZEB1,GRHL2,OVOL2,TGF-beta,SNAI2,miR-101,SNAI1,ZEB2",N,9
10795,"miR-200a,ZEB1,GRHL2,OVOL2,TGF-beta,SNAI2,miR-101,ZEB2",P,8
10796,"miR-200a,ZEB1,GRHL2,OVOL2,TGF-beta,SNAI2,TWIST2,ZEB2",P,8
10797,"miR-200a,ZEB1,GRHL2,OVOL2,TGF-beta,SNAI2,TWIST2,SNAI1,miR-101,ZEB2",P,10
10798,"miR-200a,ZEB1,GRHL2,OVOL2,TGF-beta,SNAI2,TWIST2,SNAI1,ZEB2",N,9
10799,"miR-200a,ZEB1,GRHL2,OVOL2,TGF-beta,SNAI1,miR-101,ZEB2",N,8
10800,"miR-200a,ZEB1,GRHL2,OVOL2,TGF-beta,SNAI1,miR-34a,TWIST2,ZEB2",P,9
10801,"miR-200a,ZEB1,GRHL2,OVOL2,TGF-beta,SNAI1,miR-34a,TWIST2,SNAI2,miR-200b,ZEB2",P,11
10802,"miR-200a,ZEB1,GRHL2,OVOL2,TGF-beta,SNAI1,miR-34a,TWIST2,SNAI2,miR-101,ZEB2",P,11
10803,"miR-200a,ZEB1,GRHL2,OVOL2,TGF-beta,SNAI1,miR-34a,SNAI2,miR-200b,ZEB2",P,10
10804,"miR-200a,ZEB1,GRHL2,OVOL2,TGF-beta,SNAI1,miR-34a,SNAI2,miR-101,ZEB2",P,10
10805,"miR-200a,ZEB1,GRHL2,OVOL2,TGF-beta,SNAI1,miR-34a,SNAI2,TWIST2,ZEB2",P,10
10806,"miR-200a,ZEB1,GRHL2,OVOL2,TGF-beta,SNAI1,ZEB2",P,7
10807,"miR-200a,ZEB1,GRHL2,OVOL2,TGF-beta,SNAI1,SNAI2,miR-200b,ZEB2",N,9
10808,"miR-200a,ZEB1,GRHL2,OVOL2,TGF-beta,SNAI1,SNAI2,miR-101,ZEB2",N,9
10809,"miR-200a,ZEB1,GRHL2,OVOL2,TGF-beta,SNAI1,SNAI2,TWIST2,ZEB2",N,9
10810,"miR-200a,ZEB1,GRHL2,OVOL2,TGF-beta,GSC,ZEB2",P,7
10811,"miR-200a,ZEB1,GRHL2,OVOL2,TGF-beta,GSC,SNAI1,miR-101,ZEB2",P,9
10812,"miR-200a,ZEB1,GRHL2,OVOL2,TGF-beta,GSC,SNAI1,miR-34a,TWIST2,ZEB2",N,10
10813,"miR-200a,ZEB1,GRHL2,OVOL2,TGF-beta,GSC,SNAI1,miR-34a,TWIST2,SNAI2,miR-200b,ZEB2",N,12
10814,"miR-200a,ZEB1,GRHL2,OVOL2,TGF-beta,GSC,SNAI1,miR-34a,TWIST2,SNAI2,miR-101,ZEB2",N,12
10815,"miR-200a,ZEB1,GRHL2,OVOL2,TGF-beta,GSC,SNAI1,miR-34a,SNAI2,miR-200b,ZEB2",N,11
10816,"miR-200a,ZEB1,GRHL2,OVOL2,TGF-beta,GSC,SNAI1,miR-34a,SNAI2,miR-101,ZEB2",N,11
10817,"miR-200a,ZEB1,GRHL2,OVOL2,TGF-beta,GSC,SNAI1,miR-34a,SNAI2,TWIST2,ZEB2",N,11
10818,"miR-200a,ZEB1,GRHL2,OVOL2,TGF-beta,GSC,SNAI1,ZEB2",N,8
10819,"miR-200a,ZEB1,GRHL2,OVOL2,TGF-beta,GSC,SNAI1,SNAI2,miR-200b,ZEB2",P,10
10820,"miR-200a,ZEB1,GRHL2,OVOL2,TGF-beta,GSC,SNAI1,SNAI2,miR-101,ZEB2",P,10
10821,"miR-200a,ZEB1,GRHL2,OVOL2,TGF-beta,GSC,SNAI1,SNAI2,TWIST2,ZEB2",P,10
10822,"miR-200a,ZEB1,GRHL2,OVOL2,NP63,miR-205,ZEB2",P,7
10823,"miR-200a,ZEB1,GRHL2,OVOL2,NP63,SNAI2,miR-200b,TGF-beta,SNAI1,miR-101,ZEB2",P,11
10824,"miR-200a,ZEB1,GRHL2,OVOL2,NP63,SNAI2,miR-200b,TGF-beta,SNAI1,miR-34a,TWIST2,ZEB2",N,12
10825,"miR-200a,ZEB1,GRHL2,OVOL2,NP63,SNAI2,miR-200b,TGF-beta,SNAI1,ZEB2",N,10
10826,"miR-200a,ZEB1,GRHL2,OVOL2,NP63,SNAI2,miR-200b,TGF-beta,GSC,ZEB2",N,10
10827,"miR-200a,ZEB1,GRHL2,OVOL2,NP63,SNAI2,miR-200b,TGF-beta,GSC,SNAI1,miR-101,ZEB2",N,12
10828,"miR-200a,ZEB1,GRHL2,OVOL2,NP63,SNAI2,miR-200b,TGF-beta,GSC,SNAI1,miR-34a,TWIST2,ZEB2",P,13
10829,"miR-200a,ZEB1,GRHL2,OVOL2,NP63,SNAI2,miR-200b,TGF-beta,GSC,SNAI1,ZEB2",P,11
10830,"miR-200a,ZEB1,GRHL2,OVOL2,NP63,SNAI2,miR-200b,ZEB2",P,8
10831,"miR-200a,ZEB1,GRHL2,OVOL2,NP63,SNAI2,miR-101,SNAI1,miR-34a,TWIST2,ZEB2",N,11
10832,"miR-200a,ZEB1,GRHL2,OVOL2,NP63,SNAI2,miR-101,SNAI1,ZEB2",N,9
10833,"miR-200a,ZEB1,GRHL2,OVOL2,NP63,SNAI2,miR-101,ZEB2",P,8
10834,"miR-200a,ZEB1,GRHL2,OVOL2,NP63,SNAI2,TWIST2,ZEB2",P,8
10835,"miR-200a,ZEB1,GRHL2,OVOL2,NP63,SNAI2,TWIST2,SNAI1,miR-101,ZEB2",P,10
10836,"miR-200a,ZEB1,GRHL2,OVOL2,NP63,SNAI2,TWIST2,SNAI1,ZEB2",N,9
10837,"miR-200a,ZEB1,GRHL2,OVOL2,SNAI2,miR-200b,TGF-beta,SNAI1,miR-101,ZEB2",P,10
10838,"miR-200a,ZEB1,GRHL2,OVOL2,SNAI2,miR-200b,TGF-beta,SNAI1,miR-34a,TWIST2,ZEB2",N,11
10839,"miR-200a,ZEB1,GRHL2,OVOL2,SNAI2,miR-200b,TGF-beta,SNAI1,ZEB2",N,9
10840,"miR-200a,ZEB1,GRHL2,OVOL2,SNAI2,miR-200b,TGF-beta,GSC,ZEB2",N,9
10841,"miR-200a,ZEB1,GRHL2,OVOL2,SNAI2,miR-200b,TGF-beta,GSC,SNAI1,miR-101,ZEB2",N,11
10842,"miR-200a,ZEB1,GRHL2,OVOL2,SNAI2,miR-200b,TGF-beta,GSC,SNAI1,miR-34a,TWIST2,ZEB2",P,12
10843,"miR-200a,ZEB1,GRHL2,OVOL2,SNAI2,miR-200b,TGF-beta,GSC,SNAI1,ZEB2",P,10
10844,"miR-200a,ZEB1,GRHL2,OVOL2,SNAI2,miR-200b,ZEB2",P,7
10845,"miR-200a,ZEB1,GRHL2,OVOL2,SNAI2,miR-101,SNAI1,miR-34a,TWIST2,ZEB2",N,10
10846,"miR-200a,ZEB1,GRHL2,OVOL2,SNAI2,miR-101,SNAI1,ZEB2",N,8
10847,"miR-200a,ZEB1,GRHL2,OVOL2,SNAI2,miR-101,ZEB2",P,7
10848,"miR-200a,ZEB1,GRHL2,OVOL2,SNAI2,TWIST2,ZEB2",P,7
10849,"miR-200a,ZEB1,GRHL2,OVOL2,SNAI2,TWIST2,SNAI1,miR-101,ZEB2",P,9
10850,"miR-200a,ZEB1,GRHL2,OVOL2,SNAI2,TWIST2,SNAI1,ZEB2",N,8
10851,"miR-200a,ZEB1,OVOL2,TGF-beta,SNAI2,miR-200b,ZEB2",N,7
10852,"miR-200a,ZEB1,OVOL2,TGF-beta,SNAI2,miR-101,SNAI1,miR-34a,TWIST2,ZEB2",P,10
10853,"miR-200a,ZEB1,OVOL2,TGF-beta,SNAI2,miR-101,SNAI1,ZEB2",P,8
10854,"miR-200a,ZEB1,OVOL2,TGF-beta,SNAI2,miR-101,ZEB2",N,7
10855,"miR-200a,ZEB1,OVOL2,TGF-beta,SNAI2,TWIST2,ZEB2",N,7
10856,"miR-200a,ZEB1,OVOL2,TGF-beta,SNAI2,TWIST2,SNAI1,miR-101,ZEB2",N,9
10857,"miR-200a,ZEB1,OVOL2,TGF-beta,SNAI2,TWIST2,SNAI1,ZEB2",P,8
10858,"miR-200a,ZEB1,OVOL2,TGF-beta,SNAI1,miR-101,ZEB2",P,7
10859,"miR-200a,ZEB1,OVOL2,TGF-beta,SNAI1,miR-34a,TWIST2,ZEB2",N,8
10860,"miR-200a,ZEB1,OVOL2,TGF-beta,SNAI1,miR-34a,TWIST2,SNAI2,miR-200b,ZEB2",N,10
10861,"miR-200a,ZEB1,OVOL2,TGF-beta,SNAI1,miR-34a,TWIST2,SNAI2,miR-101,ZEB2",N,10
10862,"miR-200a,ZEB1,OVOL2,TGF-beta,SNAI1,miR-34a,SNAI2,miR-200b,ZEB2",N,9
10863,"miR-200a,ZEB1,OVOL2,TGF-beta,SNAI1,miR-34a,SNAI2,miR-101,ZEB2",N,9
10864,"miR-200a,ZEB1,OVOL2,TGF-beta,SNAI1,miR-34a,SNAI2,TWIST2,ZEB2",N,9
10865,"miR-200a,ZEB1,OVOL2,TGF-beta,SNAI1,ZEB2",N,6
10866,"miR-200a,ZEB1,OVOL2,TGF-beta,SNAI1,SNAI2,miR-200b,ZEB2",P,8
10867,"miR-200a,ZEB1,OVOL2,TGF-beta,SNAI1,SNAI2,miR-101,ZEB2",P,8
10868,"miR-200a,ZEB1,OVOL2,TGF-beta,SNAI1,SNAI2,TWIST2,ZEB2",P,8
10869,"miR-200a,ZEB1,OVOL2,TGF-beta,GSC,ZEB2",N,6
10870,"miR-200a,ZEB1,OVOL2,TGF-beta,GSC,SNAI1,miR-101,ZEB2",N,8
10871,"miR-200a,ZEB1,OVOL2,TGF-beta,GSC,SNAI1,miR-34a,TWIST2,ZEB2",P,9
10872,"miR-200a,ZEB1,OVOL2,TGF-beta,GSC,SNAI1,miR-34a,TWIST2,SNAI2,miR-200b,ZEB2",P,11
10873,"miR-200a,ZEB1,OVOL2,TGF-beta,GSC,SNAI1,miR-34a,TWIST2,SNAI2,miR-101,ZEB2",P,11
10874,"miR-200a,ZEB1,OVOL2,TGF-beta,GSC,SNAI1,miR-34a,SNAI2,miR-200b,ZEB2",P,10
10875,"miR-200a,ZEB1,OVOL2,TGF-beta,GSC,SNAI1,miR-34a,SNAI2,miR-101,ZEB2",P,10
10876,"miR-200a,ZEB1,OVOL2,TGF-beta,GSC,SNAI1,miR-34a,SNAI2,TWIST2,ZEB2",P,10
10877,"miR-200a,ZEB1,OVOL2,TGF-beta,GSC,SNAI1,ZEB2",P,7
10878,"miR-200a,ZEB1,OVOL2,TGF-beta,GSC,SNAI1,SNAI2,miR-200b,ZEB2",N,9
10879,"miR-200a,ZEB1,OVOL2,TGF-beta,GSC,SNAI1,SNAI2,miR-101,ZEB2",N,9
10880,"miR-200a,ZEB1,OVOL2,TGF-beta,GSC,SNAI1,SNAI2,TWIST2,ZEB2",N,9
10881,"miR-200a,ZEB1,OVOL2,NP63,miR-205,ZEB2",N,6
10882,"miR-200a,ZEB1,OVOL2,NP63,SNAI2,miR-200b,TGF-beta,SNAI1,miR-101,ZEB2",N,10
10883,"miR-200a,ZEB1,OVOL2,NP63,SNAI2,miR-200b,TGF-beta,SNAI1,miR-34a,TWIST2,ZEB2",P,11
10884,"miR-200a,ZEB1,OVOL2,NP63,SNAI2,miR-200b,TGF-beta,SNAI1,ZEB2",P,9
10885,"miR-200a,ZEB1,OVOL2,NP63,SNAI2,miR-200b,TGF-beta,GSC,ZEB2",P,9
10886,"miR-200a,ZEB1,OVOL2,NP63,SNAI2,miR-200b,TGF-beta,GSC,SNAI1,miR-101,ZEB2",P,11
10887,"miR-200a,ZEB1,OVOL2,NP63,SNAI2,miR-200b,TGF-beta,GSC,SNAI1,miR-34a,TWIST2,ZEB2",N,12
10888,"miR-200a,ZEB1,OVOL2,NP63,SNAI2,miR-200b,TGF-beta,GSC,SNAI1,ZEB2",N,10
10889,"miR-200a,ZEB1,OVOL2,NP63,SNAI2,miR-200b,ZEB2",N,7
10890,"miR-200a,ZEB1,OVOL2,NP63,SNAI2,miR-101,SNAI1,miR-34a,TWIST2,ZEB2",P,10
10891,"miR-200a,ZEB1,OVOL2,NP63,SNAI2,miR-101,SNAI1,ZEB2",P,8
10892,"miR-200a,ZEB1,OVOL2,NP63,SNAI2,miR-101,ZEB2",N,7
10893,"miR-200a,ZEB1,OVOL2,NP63,SNAI2,TWIST2,ZEB2",N,7
10894,"miR-200a,ZEB1,OVOL2,NP63,SNAI2,TWIST2,SNAI1,miR-101,ZEB2",N,9
10895,"miR-200a,ZEB1,OVOL2,NP63,SNAI2,TWIST2,SNAI1,ZEB2",P,8
10896,"miR-200a,ZEB1,OVOL2,SNAI2,miR-200b,TGF-beta,SNAI1,miR-101,ZEB2",N,9
10897,"miR-200a,ZEB1,OVOL2,SNAI2,miR-200b,TGF-beta,SNAI1,miR-34a,TWIST2,ZEB2",P,10
10898,"miR-200a,ZEB1,OVOL2,SNAI2,miR-200b,TGF-beta,SNAI1,ZEB2",P,8
10899,"miR-200a,ZEB1,OVOL2,SNAI2,miR-200b,TGF-beta,GSC,ZEB2",P,8
10900,"miR-200a,ZEB1,OVOL2,SNAI2,miR-200b,TGF-beta,GSC,SNAI1,miR-101,ZEB2",P,10
10901,"miR-200a,ZEB1,OVOL2,SNAI2,miR-200b,TGF-beta,GSC,SNAI1,miR-34a,TWIST2,ZEB2",N,11
10902,"miR-200a,ZEB1,OVOL2,SNAI2,miR-200b,TGF-beta,GSC,SNAI1,ZEB2",N,9
10903,"miR-200a,ZEB1,OVOL2,SNAI2,miR-200b,ZEB2",N,6
10904,"miR-200a,ZEB1,OVOL2,SNAI2,miR-101,SNAI1,miR-34a,TWIST2,ZEB2",P,9
10905,"miR-200a,ZEB1,OVOL2,SNAI2,miR-101,SNAI1,ZEB2",P,7
10906,"miR-200a,ZEB1,OVOL2,SNAI2,miR-101,ZEB2",N,6
10907,"miR-200a,ZEB1,OVOL2,SNAI2,TWIST2,ZEB2",N,6
10908,"miR-200a,ZEB1,OVOL2,SNAI2,TWIST2,SNAI1,miR-101,ZEB2",N,8
10909,"miR-200a,ZEB1,OVOL2,SNAI2,TWIST2,SNAI1,ZEB2",P,7
10910,"miR-200a,ZEB1,miR-34a,TWIST2,ZEB2",N,5
10911,"miR-200a,ZEB1,miR-34a,TWIST2,SNAI2,miR-200b,TGF-beta,SNAI1,miR-101,ZEB2",N,10
10912,"miR-200a,ZEB1,miR-34a,TWIST2,SNAI2,miR-200b,TGF-beta,SNAI1,ZEB2",P,9
10913,"miR-200a,ZEB1,miR-34a,TWIST2,SNAI2,miR-200b,TGF-beta,GSC,ZEB2",P,9
10914,"miR-200a,ZEB1,miR-34a,TWIST2,SNAI2,miR-200b,TGF-beta,GSC,SNAI1,miR-101,ZEB2",P,11
10915,"miR-200a,ZEB1,miR-34a,TWIST2,SNAI2,miR-200b,TGF-beta,GSC,SNAI1,ZEB2",N,10
10916,"miR-200a,ZEB1,miR-34a,TWIST2,SNAI2,miR-200b,ZEB2",N,7
10917,"miR-200a,ZEB1,miR-34a,TWIST2,SNAI2,miR-101,SNAI1,ZEB2",P,8
10918,"miR-200a,ZEB1,miR-34a,TWIST2,SNAI2,miR-101,ZEB2",N,7
10919,"miR-200a,ZEB1,miR-34a,TWIST2,SNAI1,miR-101,ZEB2",N,7
10920,"miR-200a,ZEB1,miR-34a,TWIST2,SNAI1,ZEB2",P,6
10921,"miR-200a,ZEB1,miR-34a,TWIST2,SNAI1,SNAI2,miR-200b,TGF-beta,GSC,ZEB2",P,10
10922,"miR-200a,ZEB1,miR-34a,TWIST2,SNAI1,SNAI2,miR-200b,ZEB2",N,8
10923,"miR-200a,ZEB1,miR-34a,TWIST2,SNAI1,SNAI2,miR-101,ZEB2",N,8
10924,"miR-200a,ZEB1,miR-34a,SNAI2,miR-200b,TGF-beta,SNAI1,miR-101,ZEB2",N,9
10925,"miR-200a,ZEB1,miR-34a,SNAI2,miR-200b,TGF-beta,SNAI1,ZEB2",P,8
10926,"miR-200a,ZEB1,miR-34a,SNAI2,miR-200b,TGF-beta,GSC,ZEB2",P,8
10927,"miR-200a,ZEB1,miR-34a,SNAI2,miR-200b,TGF-beta,GSC,SNAI1,miR-101,ZEB2",P,10
10928,"miR-200a,ZEB1,miR-34a,SNAI2,miR-200b,TGF-beta,GSC,SNAI1,ZEB2",N,9
10929,"miR-200a,ZEB1,miR-34a,SNAI2,miR-200b,ZEB2",N,6
10930,"miR-200a,ZEB1,miR-34a,SNAI2,miR-101,SNAI1,ZEB2",P,7
10931,"miR-200a,ZEB1,miR-34a,SNAI2,miR-101,ZEB2",N,6
10932,"miR-200a,ZEB1,miR-34a,SNAI2,TWIST2,ZEB2",N,6
10933,"miR-200a,ZEB1,miR-34a,SNAI2,TWIST2,SNAI1,miR-101,ZEB2",N,8
10934,"miR-200a,ZEB1,miR-34a,SNAI2,TWIST2,SNAI1,ZEB2",P,7
10935,"miR-200a,ZEB1,miR-34a,SNAI1,miR-101,ZEB2",N,6
10936,"miR-200a,ZEB1,miR-34a,SNAI1,ZEB2",P,5
10937,"miR-200a,ZEB1,miR-34a,SNAI1,SNAI2,miR-200b,TGF-beta,GSC,ZEB2",P,9
10938,"miR-200a,ZEB1,miR-34a,SNAI1,SNAI2,miR-200b,ZEB2",N,7
10939,"miR-200a,ZEB1,miR-34a,SNAI1,SNAI2,miR-101,ZEB2",N,7
10940,"miR-200a,ZEB1,miR-34a,SNAI1,SNAI2,TWIST2,ZEB2",N,7
10941,"miR-200a,ZEB1",N,2
10942,"miR-200a,ZEB1,miR-200c,TGF-beta,SNAI2,miR-200b,ZEB2",P,7
10943,"miR-200a,ZEB1,miR-200c,TGF-beta,SNAI2,miR-101,SNAI1,miR-34a,TWIST2,ZEB2",N,10
10944,"miR-200a,ZEB1,miR-200c,TGF-beta,SNAI2,miR-101,SNAI1,ZEB2",N,8
10945,"miR-200a,ZEB1,miR-200c,TGF-beta,SNAI2,miR-101,ZEB2",P,7
10946,"miR-200a,ZEB1,miR-200c,TGF-beta,SNAI2,TWIST2,ZEB2",P,7
10947,"miR-200a,ZEB1,miR-200c,TGF-beta,SNAI2,TWIST2,SNAI1,miR-101,ZEB2",P,9
10948,"miR-200a,ZEB1,miR-200c,TGF-beta,SNAI2,TWIST2,SNAI1,ZEB2",N,8
10949,"miR-200a,ZEB1,miR-200c,TGF-beta,SNAI1,miR-101,ZEB2",N,7
10950,"miR-200a,ZEB1,miR-200c,TGF-beta,SNAI1,miR-34a,TWIST2,ZEB2",P,8
10951,"miR-200a,ZEB1,miR-200c,TGF-beta,SNAI1,miR-34a,TWIST2,SNAI2,miR-200b,ZEB2",P,10
10952,"miR-200a,ZEB1,miR-200c,TGF-beta,SNAI1,miR-34a,TWIST2,SNAI2,miR-101,ZEB2",P,10
10953,"miR-200a,ZEB1,miR-200c,TGF-beta,SNAI1,miR-34a,SNAI2,miR-200b,ZEB2",P,9
10954,"miR-200a,ZEB1,miR-200c,TGF-beta,SNAI1,miR-34a,SNAI2,miR-101,ZEB2",P,9
10955,"miR-200a,ZEB1,miR-200c,TGF-beta,SNAI1,miR-34a,SNAI2,TWIST2,ZEB2",P,9
10956,"miR-200a,ZEB1,miR-200c,TGF-beta,SNAI1,ZEB2",P,6
10957,"miR-200a,ZEB1,miR-200c,TGF-beta,SNAI1,SNAI2,miR-200b,ZEB2",N,8
10958,"miR-200a,ZEB1,miR-200c,TGF-beta,SNAI1,SNAI2,miR-101,ZEB2",N,8
10959,"miR-200a,ZEB1,miR-200c,TGF-beta,SNAI1,SNAI2,TWIST2,ZEB2",N,8
10960,"miR-200a,ZEB1,miR-200c,TGF-beta,GSC,ZEB2",P,6
10961,"miR-200a,ZEB1,miR-200c,TGF-beta,GSC,SNAI1,miR-101,ZEB2",P,8
10962,"miR-200a,ZEB1,miR-200c,TGF-beta,GSC,SNAI1,miR-34a,TWIST2,ZEB2",N,9
10963,"miR-200a,ZEB1,miR-200c,TGF-beta,GSC,SNAI1,miR-34a,TWIST2,SNAI2,miR-200b,ZEB2",N,11
10964,"miR-200a,ZEB1,miR-200c,TGF-beta,GSC,SNAI1,miR-34a,TWIST2,SNAI2,miR-101,ZEB2",N,11
10965,"miR-200a,ZEB1,miR-200c,TGF-beta,GSC,SNAI1,miR-34a,SNAI2,miR-200b,ZEB2",N,10
10966,"miR-200a,ZEB1,miR-200c,TGF-beta,GSC,SNAI1,miR-34a,SNAI2,miR-101,ZEB2",N,10
10967,"miR-200a,ZEB1,miR-200c,TGF-beta,GSC,SNAI1,miR-34a,SNAI2,TWIST2,ZEB2",N,10
10968,"miR-200a,ZEB1,miR-200c,TGF-beta,GSC,SNAI1,ZEB2",N,7
10969,"miR-200a,ZEB1,miR-200c,TGF-beta,GSC,SNAI1,SNAI2,miR-200b,ZEB2",P,9
10970,"miR-200a,ZEB1,miR-200c,TGF-beta,GSC,SNAI1,SNAI2,miR-101,ZEB2",P,9
10971,"miR-200a,ZEB1,miR-200c,TGF-beta,GSC,SNAI1,SNAI2,TWIST2,ZEB2",P,9
10972,"miR-200a,ZEB1,miR-200c,ZEB2",P,4
10973,"miR-200a,ZEB1,miR-200b,TGF-beta,SNAI2,miR-101,SNAI1,miR-34a,TWIST2,ZEB2",P,10
10974,"miR-200a,ZEB1,miR-200b,TGF-beta,SNAI2,miR-101,SNAI1,ZEB2",P,8
10975,"miR-200a,ZEB1,miR-200b,TGF-beta,SNAI2,miR-101,ZEB2",N,7
10976,"miR-200a,ZEB1,miR-200b,TGF-beta,SNAI2,TWIST2,ZEB2",N,7
10977,"miR-200a,ZEB1,miR-200b,TGF-beta,SNAI2,TWIST2,SNAI1,miR-101,ZEB2",N,9
10978,"miR-200a,ZEB1,miR-200b,TGF-beta,SNAI2,TWIST2,SNAI1,ZEB2",P,8
10979,"miR-200a,ZEB1,miR-200b,TGF-beta,SNAI1,miR-101,ZEB2",P,7
10980,"miR-200a,ZEB1,miR-200b,TGF-beta,SNAI1,miR-34a,TWIST2,ZEB2",N,8
10981,"miR-200a,ZEB1,miR-200b,TGF-beta,SNAI1,miR-34a,TWIST2,SNAI2,miR-101,ZEB2",N,10
10982,"miR-200a,ZEB1,miR-200b,TGF-beta,SNAI1,miR-34a,SNAI2,miR-101,ZEB2",N,9
10983,"miR-200a,ZEB1,miR-200b,TGF-beta,SNAI1,miR-34a,SNAI2,TWIST2,ZEB2",N,9
10984,"miR-200a,ZEB1,miR-200b,TGF-beta,SNAI1,ZEB2",N,6
10985,"miR-200a,ZEB1,miR-200b,TGF-beta,SNAI1,SNAI2,miR-101,ZEB2",P,8
10986,"miR-200a,ZEB1,miR-200b,TGF-beta,SNAI1,SNAI2,TWIST2,ZEB2",P,8
10987,"miR-200a,ZEB1,miR-200b,TGF-beta,GSC,ZEB2",N,6
10988,"miR-200a,ZEB1,miR-200b,TGF-beta,GSC,SNAI1,miR-101,ZEB2",N,8
10989,"miR-200a,ZEB1,miR-200b,TGF-beta,GSC,SNAI1,miR-34a,TWIST2,ZEB2",P,9
10990,"miR-200a,ZEB1,miR-200b,TGF-beta,GSC,SNAI1,miR-34a,TWIST2,SNAI2,miR-101,ZEB2",P,11
10991,"miR-200a,ZEB1,miR-200b,TGF-beta,GSC,SNAI1,miR-34a,SNAI2,miR-101,ZEB2",P,10
10992,"miR-200a,ZEB1,miR-200b,TGF-beta,GSC,SNAI1,miR-34a,SNAI2,TWIST2,ZEB2",P,10
10993,"miR-200a,ZEB1,miR-200b,TGF-beta,GSC,SNAI1,ZEB2",P,7
10994,"miR-200a,ZEB1,miR-200b,TGF-beta,GSC,SNAI1,SNAI2,miR-101,ZEB2",N,9
10995,"miR-200a,ZEB1,miR-200b,TGF-beta,GSC,SNAI1,SNAI2,TWIST2,ZEB2",N,9
10996,"miR-200a,ZEB1,miR-200b,ZEB2",P,4
10997,"miR-200a,ZEB1,miR-141,TGF-beta,SNAI2,miR-200b,ZEB2",N,7
10998,"miR-200a,ZEB1,miR-141,TGF-beta,SNAI2,miR-101,SNAI1,miR-34a,TWIST2,ZEB2",P,10
10999,"miR-200a,ZEB1,miR-141,TGF-beta,SNAI2,miR-101,SNAI1,ZEB2",P,8
11000,"miR-200a,ZEB1,miR-141,TGF-beta,SNAI2,miR-101,ZEB2",N,7
11001,"miR-200a,ZEB1,miR-141,TGF-beta,SNAI2,TWIST2,ZEB2",N,7
11002,"miR-200a,ZEB1,miR-141,TGF-beta,SNAI2,TWIST2,SNAI1,miR-101,ZEB2",N,9
11003,"miR-200a,ZEB1,miR-141,TGF-beta,SNAI2,TWIST2,SNAI1,ZEB2",P,8
11004,"miR-200a,ZEB1,miR-141,TGF-beta,SNAI1,miR-101,ZEB2",P,7
11005,"miR-200a,ZEB1,miR-141,TGF-beta,SNAI1,miR-34a,TWIST2,ZEB2",N,8
11006,"miR-200a,ZEB1,miR-141,TGF-beta,SNAI1,miR-34a,TWIST2,SNAI2,miR-200b,ZEB2",N,10
11007,"miR-200a,ZEB1,miR-141,TGF-beta,SNAI1,miR-34a,TWIST2,SNAI2,miR-101,ZEB2",N,10
11008,"miR-200a,ZEB1,miR-141,TGF-beta,SNAI1,miR-34a,SNAI2,miR-200b,ZEB2",N,9
11009,"miR-200a,ZEB1,miR-141,TGF-beta,SNAI1,miR-34a,SNAI2,miR-101,ZEB2",N,9
11010,"miR-200a,ZEB1,miR-141,TGF-beta,SNAI1,miR-34a,SNAI2,TWIST2,ZEB2",N,9
11011,"miR-200a,ZEB1,miR-141,TGF-beta,SNAI1,ZEB2",N,6
11012,"miR-200a,ZEB1,miR-141,TGF-beta,SNAI1,SNAI2,miR-200b,ZEB2",P,8
11013,"miR-200a,ZEB1,miR-141,TGF-beta,SNAI1,SNAI2,miR-101,ZEB2",P,8
11014,"miR-200a,ZEB1,miR-141,TGF-beta,SNAI1,SNAI2,TWIST2,ZEB2",P,8
11015,"miR-200a,ZEB1,miR-141,TGF-beta,GSC,ZEB2",N,6
11016,"miR-200a,ZEB1,miR-141,TGF-beta,GSC,SNAI1,miR-101,ZEB2",N,8
11017,"miR-200a,ZEB1,miR-141,TGF-beta,GSC,SNAI1,miR-34a,TWIST2,ZEB2",P,9
11018,"miR-200a,ZEB1,miR-141,TGF-beta,GSC,SNAI1,miR-34a,TWIST2,SNAI2,miR-200b,ZEB2",P,11
11019,"miR-200a,ZEB1,miR-141,TGF-beta,GSC,SNAI1,miR-34a,TWIST2,SNAI2,miR-101,ZEB2",P,11
11020,"miR-200a,ZEB1,miR-141,TGF-beta,GSC,SNAI1,miR-34a,SNAI2,miR-200b,ZEB2",P,10
11021,"miR-200a,ZEB1,miR-141,TGF-beta,GSC,SNAI1,miR-34a,SNAI2,miR-101,ZEB2",P,10
11022,"miR-200a,ZEB1,miR-141,TGF-beta,GSC,SNAI1,miR-34a,SNAI2,TWIST2,ZEB2",P,10
11023,"miR-200a,ZEB1,miR-141,TGF-beta,GSC,SNAI1,ZEB2",P,7
11024,"miR-200a,ZEB1,miR-141,TGF-beta,GSC,SNAI1,SNAI2,miR-200b,ZEB2",N,9
11025,"miR-200a,ZEB1,miR-141,TGF-beta,GSC,SNAI1,SNAI2,miR-101,ZEB2",N,9
11026,"miR-200a,ZEB1,miR-141,TGF-beta,GSC,SNAI1,SNAI2,TWIST2,ZEB2",N,9
11027,"miR-200a,ZEB1,miR-141,ZEB2",N,4
11028,"SNAI1,miR-101",P,2
11029,"SNAI1,miR-101,ZEB2,miR-200c,TGF-beta,SNAI2,miR-200b,ZEB1,miR-34a,TWIST2",N,10
11030,"SNAI1,miR-101,ZEB2,miR-200c,TGF-beta,SNAI2,miR-200b,ZEB1,miR-34a",N,9
11031,"SNAI1,miR-101,ZEB2,miR-200c,TGF-beta,SNAI2,TWIST2,ZEB1,miR-34a",P,9
11032,"SNAI1,miR-101,ZEB2,miR-200c,TGF-beta,SNAI2,TWIST2",P,7
11033,"SNAI1,miR-101,ZEB2,miR-200c,TGF-beta",N,5
11034,"SNAI1,miR-101,ZEB2,miR-200c,TGF-beta,GSC,ZEB1,GRHL2,NP63,SNAI2,TWIST2",P,11
11035,"SNAI1,miR-101,ZEB2,miR-200c,TGF-beta,GSC,ZEB1,GRHL2,OVOL2,NP63,SNAI2,TWIST2",P,12
11036,"SNAI1,miR-101,ZEB2,miR-200c,TGF-beta,GSC,ZEB1,GRHL2,OVOL2,SNAI2,TWIST2",P,11
11037,"SNAI1,miR-101,ZEB2,miR-200c,TGF-beta,GSC,ZEB1,OVOL2,NP63,SNAI2,TWIST2",N,11
11038,"SNAI1,miR-101,ZEB2,miR-200c,TGF-beta,GSC,ZEB1,OVOL2,SNAI2,TWIST2",N,10
11039,"SNAI1,miR-101,ZEB2,miR-200c,TGF-beta,GSC,ZEB1,miR-34a,TWIST2",N,9
11040,"SNAI1,miR-101,ZEB2,miR-200c,TGF-beta,GSC,ZEB1,miR-34a,SNAI2,TWIST2",N,10
11041,"SNAI1,miR-101,ZEB2,miR-200c,TGF-beta,GSC,ZEB1,miR-34a",N,8
11042,"SNAI1,miR-101,ZEB2,miR-200c,TGF-beta,GSC",P,6
11043,"SNAI1,miR-101,ZEB2,miR-200c,ZEB1,GRHL2,NP63,SNAI2,miR-200b,TGF-beta",P,10
11044,"SNAI1,miR-101,ZEB2,miR-200c,ZEB1,GRHL2,NP63,SNAI2,miR-200b,TGF-beta,GSC",N,11
11045,"SNAI1,miR-101,ZEB2,miR-200c,ZEB1,GRHL2,NP63,SNAI2,TWIST2",P,9
11046,"SNAI1,miR-101,ZEB2,miR-200c,ZEB1,GRHL2,OVOL2,TGF-beta,SNAI2,TWIST2",P,10
11047,"SNAI1,miR-101,ZEB2,miR-200c,ZEB1,GRHL2,OVOL2,TGF-beta",N,8
11048,"SNAI1,miR-101,ZEB2,miR-200c,ZEB1,GRHL2,OVOL2,TGF-beta,GSC",P,9
11049,"SNAI1,miR-101,ZEB2,miR-200c,ZEB1,GRHL2,OVOL2,NP63,SNAI2,miR-200b,TGF-beta",P,11
11050,"SNAI1,miR-101,ZEB2,miR-200c,ZEB1,GRHL2,OVOL2,NP63,SNAI2,miR-200b,TGF-beta,GSC",N,12
11051,"SNAI1,miR-101,ZEB2,miR-200c,ZEB1,GRHL2,OVOL2,NP63,SNAI2,TWIST2",P,10
11052,"SNAI1,miR-101,ZEB2,miR-200c,ZEB1,GRHL2,OVOL2,SNAI2,miR-200b,TGF-beta",P,10
11053,"SNAI1,miR-101,ZEB2,miR-200c,ZEB1,GRHL2,OVOL2,SNAI2,miR-200b,TGF-beta,GSC",N,11
11054,"SNAI1,miR-101,ZEB2,miR-200c,ZEB1,GRHL2,OVOL2,SNAI2,TWIST2",P,9
11055,"SNAI1,miR-101,ZEB2,miR-200c,ZEB1,OVOL2,TGF-beta,SNAI2,TWIST2",N,9
11056,"SNAI1,miR-101,ZEB2,miR-200c,ZEB1,OVOL2,TGF-beta",P,7
11057,"SNAI1,miR-101,ZEB2,miR-200c,ZEB1,OVOL2,TGF-beta,GSC",N,8
11058,"SNAI1,miR-101,ZEB2,miR-200c,ZEB1,OVOL2,NP63,SNAI2,miR-200b,TGF-beta",N,10
11059,"SNAI1,miR-101,ZEB2,miR-200c,ZEB1,OVOL2,NP63,SNAI2,miR-200b,TGF-beta,GSC",P,11
11060,"SNAI1,miR-101,ZEB2,miR-200c,ZEB1,OVOL2,NP63,SNAI2,TWIST2",N,9
11061,"SNAI1,miR-101,ZEB2,miR-200c,ZEB1,OVOL2,SNAI2,miR-200b,TGF-beta",N,9
11062,"SNAI1,miR-101,ZEB2,miR-200c,ZEB1,OVOL2,SNAI2,miR-200b,TGF-beta,GSC",P,10
11063,"SNAI1,miR-101,ZEB2,miR-200c,ZEB1,OVOL2,SNAI2,TWIST2",N,8
11064,"SNAI1,miR-101,ZEB2,miR-200c,ZEB1,miR-34a,TWIST2,SNAI2,miR-200b,TGF-beta",N,10
11065,"SNAI1,miR-101,ZEB2,miR-200c,ZEB1,miR-34a,TWIST2,SNAI2,miR-200b,TGF-beta,GSC",P,11
11066,"SNAI1,miR-101,ZEB2,miR-200c,ZEB1,miR-34a,TWIST2",N,7
11067,"SNAI1,miR-101,ZEB2,miR-200c,ZEB1,miR-34a,SNAI2,miR-200b,TGF-beta",N,9
11068,"SNAI1,miR-101,ZEB2,miR-200c,ZEB1,miR-34a,SNAI2,miR-200b,TGF-beta,GSC",P,10
11069,"SNAI1,miR-101,ZEB2,miR-200c,ZEB1,miR-34a,SNAI2,TWIST2",N,8
11070,"SNAI1,miR-101,ZEB2,miR-200c,ZEB1,miR-34a",N,6
11071,"SNAI1,miR-101,ZEB2,miR-200c,ZEB1,miR-200b,TGF-beta,SNAI2,TWIST2",N,9
11072,"SNAI1,miR-101,ZEB2,miR-200c,ZEB1,miR-200b,TGF-beta",P,7
11073,"SNAI1,miR-101,ZEB2,miR-200c,ZEB1,miR-200b,TGF-beta,GSC",N,8
11074,"SNAI1,miR-101,ZEB2,miR-200c,ZEB1,miR-141,TGF-beta,SNAI2,TWIST2",N,9
11075,"SNAI1,miR-101,ZEB2,miR-200c,ZEB1,miR-141,TGF-beta",P,7
11076,"SNAI1,miR-101,ZEB2,miR-200c,ZEB1,miR-141,TGF-beta,GSC",N,8
11077,"SNAI1,miR-101,ZEB2,miR-200b,TGF-beta,SNAI2,TWIST2,ZEB1,miR-34a",N,9
11078,"SNAI1,miR-101,ZEB2,miR-200b,TGF-beta,SNAI2,TWIST2",N,7
11079,"SNAI1,miR-101,ZEB2,miR-200b,TGF-beta",P,5
11080,"SNAI1,miR-101,ZEB2,miR-200b,TGF-beta,GSC,ZEB1,GRHL2,NP63,SNAI2,TWIST2",N,11
11081,"SNAI1,miR-101,ZEB2,miR-200b,TGF-beta,GSC,ZEB1,GRHL2,OVOL2,NP63,SNAI2,TWIST2",N,12
11082,"SNAI1,miR-101,ZEB2,miR-200b,TGF-beta,GSC,ZEB1,GRHL2,OVOL2,SNAI2,TWIST2",N,11
11083,"SNAI1,miR-101,ZEB2,miR-200b,TGF-beta,GSC,ZEB1,OVOL2,NP63,SNAI2,TWIST2",P,11
11084,"SNAI1,miR-101,ZEB2,miR-200b,TGF-beta,GSC,ZEB1,OVOL2,SNAI2,TWIST2",P,10
11085,"SNAI1,miR-101,ZEB2,miR-200b,TGF-beta,GSC,ZEB1,miR-34a,TWIST2",P,9
11086,"SNAI1,miR-101,ZEB2,miR-200b,TGF-beta,GSC,ZEB1,miR-34a,SNAI2,TWIST2",P,10
11087,"SNAI1,miR-101,ZEB2,miR-200b,TGF-beta,GSC,ZEB1,miR-34a",P,8
11088,"SNAI1,miR-101,ZEB2,miR-200b,TGF-beta,GSC",N,6
11089,"SNAI1,miR-101,ZEB2,miR-200b,ZEB1,GRHL2,NP63,SNAI2,TWIST2",P,9
11090,"SNAI1,miR-101,ZEB2,miR-200b,ZEB1,GRHL2,OVOL2,TGF-beta,SNAI2,TWIST2",P,10
11091,"SNAI1,miR-101,ZEB2,miR-200b,ZEB1,GRHL2,OVOL2,TGF-beta",N,8
11092,"SNAI1,miR-101,ZEB2,miR-200b,ZEB1,GRHL2,OVOL2,TGF-beta,GSC",P,9
11093,"SNAI1,miR-101,ZEB2,miR-200b,ZEB1,GRHL2,OVOL2,NP63,SNAI2,TWIST2",P,10
11094,"SNAI1,miR-101,ZEB2,miR-200b,ZEB1,GRHL2,OVOL2,SNAI2,TWIST2",P,9
11095,"SNAI1,miR-101,ZEB2,miR-200b,ZEB1,OVOL2,TGF-beta,SNAI2,TWIST2",N,9
11096,"SNAI1,miR-101,ZEB2,miR-200b,ZEB1,OVOL2,TGF-beta",P,7
11097,"SNAI1,miR-101,ZEB2,miR-200b,ZEB1,OVOL2,TGF-beta,GSC",N,8
11098,"SNAI1,miR-101,ZEB2,miR-200b,ZEB1,OVOL2,NP63,SNAI2,TWIST2",N,9
11099,"SNAI1,miR-101,ZEB2,miR-200b,ZEB1,OVOL2,SNAI2,TWIST2",N,8
11100,"SNAI1,miR-101,ZEB2,miR-200b,ZEB1,miR-34a,TWIST2",N,7
11101,"SNAI1,miR-101,ZEB2,miR-200b,ZEB1,miR-34a,SNAI2,TWIST2",N,8
11102,"SNAI1,miR-101,ZEB2,miR-200b,ZEB1,miR-34a",N,6
11103,"SNAI1,miR-101,ZEB2,miR-200b,ZEB1,miR-200c,TGF-beta,SNAI2,TWIST2",P,9
11104,"SNAI1,miR-101,ZEB2,miR-200b,ZEB1,miR-200c,TGF-beta",N,7
11105,"SNAI1,miR-101,ZEB2,miR-200b,ZEB1,miR-200c,TGF-beta,GSC",P,8
11106,"SNAI1,miR-101,ZEB2,miR-200b,ZEB1,miR-141,TGF-beta,SNAI2,TWIST2",N,9
11107,"SNAI1,miR-101,ZEB2,miR-200b,ZEB1,miR-141,TGF-beta",P,7
11108,"SNAI1,miR-101,ZEB2,miR-200b,ZEB1,miR-141,TGF-beta,GSC",N,8
11109,"SNAI1,miR-101,ZEB1,GRHL2,NP63,miR-205,ZEB2,miR-200c,TGF-beta,SNAI2,TWIST2",N,11
11110,"SNAI1,miR-101,ZEB1,GRHL2,NP63,miR-205,ZEB2,miR-200c,TGF-beta",P,9
11111,"SNAI1,miR-101,ZEB1,GRHL2,NP63,miR-205,ZEB2,miR-200c,TGF-beta,GSC",N,10
11112,"SNAI1,miR-101,ZEB1,GRHL2,NP63,miR-205,ZEB2,miR-200b,TGF-beta,SNAI2,TWIST2",P,11
11113,"SNAI1,miR-101,ZEB1,GRHL2,NP63,miR-205,ZEB2,miR-200b,TGF-beta",N,9
11114,"SNAI1,miR-101,ZEB1,GRHL2,NP63,miR-205,ZEB2,miR-200b,TGF-beta,GSC",P,10
11115,"SNAI1,miR-101,ZEB1,GRHL2,NP63,SNAI2,miR-200b,TGF-beta",N,8
11116,"SNAI1,miR-101,ZEB1,GRHL2,NP63,SNAI2,miR-200b,TGF-beta,GSC",P,9
11117,"SNAI1,miR-101,ZEB1,GRHL2,NP63,SNAI2,miR-200b,ZEB2,miR-200c,TGF-beta",P,10
11118,"SNAI1,miR-101,ZEB1,GRHL2,NP63,SNAI2,miR-200b,ZEB2,miR-200c,TGF-beta,GSC",N,11
11119,"SNAI1,miR-101,ZEB1,GRHL2,NP63,SNAI2,TWIST2,ZEB2,miR-200c,TGF-beta",P,10
11120,"SNAI1,miR-101,ZEB1,GRHL2,NP63,SNAI2,TWIST2,ZEB2,miR-200c,TGF-beta,GSC",N,11
11121,"SNAI1,miR-101,ZEB1,GRHL2,NP63,SNAI2,TWIST2,ZEB2,miR-200b,TGF-beta",N,10
11122,"SNAI1,miR-101,ZEB1,GRHL2,NP63,SNAI2,TWIST2,ZEB2,miR-200b,TGF-beta,GSC",P,11
11123,"SNAI1,miR-101,ZEB1,GRHL2,NP63,SNAI2,TWIST2",N,7
11124,"SNAI1,miR-101,ZEB1,GRHL2,OVOL2,TGF-beta,SNAI2,TWIST2",N,8
11125,"SNAI1,miR-101,ZEB1,GRHL2,OVOL2,TGF-beta",P,6
11126,"SNAI1,miR-101,ZEB1,GRHL2,OVOL2,TGF-beta,GSC",N,7
11127,"SNAI1,miR-101,ZEB1,GRHL2,OVOL2,NP63,miR-205,ZEB2,miR-200c,TGF-beta,SNAI2,TWIST2",N,12
11128,"SNAI1,miR-101,ZEB1,GRHL2,OVOL2,NP63,miR-205,ZEB2,miR-200c,TGF-beta",P,10
11129,"SNAI1,miR-101,ZEB1,GRHL2,OVOL2,NP63,miR-205,ZEB2,miR-200c,TGF-beta,GSC",N,11
11130,"SNAI1,miR-101,ZEB1,GRHL2,OVOL2,NP63,miR-205,ZEB2,miR-200b,TGF-beta,SNAI2,TWIST2",P,12
11131,"SNAI1,miR-101,ZEB1,GRHL2,OVOL2,NP63,miR-205,ZEB2,miR-200b,TGF-beta",N,10
11132,"SNAI1,miR-101,ZEB1,GRHL2,OVOL2,NP63,miR-205,ZEB2,miR-200b,TGF-beta,GSC",P,11
11133,"SNAI1,miR-101,ZEB1,GRHL2,OVOL2,NP63,SNAI2,miR-200b,TGF-beta",N,9
11134,"SNAI1,miR-101,ZEB1,GRHL2,OVOL2,NP63,SNAI2,miR-200b,TGF-beta,GSC",P,10
11135,"SNAI1,miR-101,ZEB1,GRHL2,OVOL2,NP63,SNAI2,miR-200b,ZEB2,miR-200c,TGF-beta",P,11
11136,"SNAI1,miR-101,ZEB1,GRHL2,OVOL2,NP63,SNAI2,miR-200b,ZEB2,miR-200c,TGF-beta,GSC",N,12
11137,"SNAI1,miR-101,ZEB1,GRHL2,OVOL2,NP63,SNAI2,TWIST2,ZEB2,miR-200c,TGF-beta",P,11
11138,"SNAI1,miR-101,ZEB1,GRHL2,OVOL2,NP63,SNAI2,TWIST2,ZEB2,miR-200c,TGF-beta,GSC",N,12
11139,"SNAI1,miR-101,ZEB1,GRHL2,OVOL2,NP63,SNAI2,TWIST2,ZEB2,miR-200b,TGF-beta",N,11
11140,"SNAI1,miR-101,ZEB1,GRHL2,OVOL2,NP63,SNAI2,TWIST2,ZEB2,miR-200b,TGF-beta,GSC",P,12
11141,"SNAI1,miR-101,ZEB1,GRHL2,OVOL2,NP63,SNAI2,TWIST2",N,8
11142,"SNAI1,miR-101,ZEB1,GRHL2,OVOL2,SNAI2,miR-200b,TGF-beta",N,8
11143,"SNAI1,miR-101,ZEB1,GRHL2,OVOL2,SNAI2,miR-200b,TGF-beta,GSC",P,9
11144,"SNAI1,miR-101,ZEB1,GRHL2,OVOL2,SNAI2,miR-200b,ZEB2,miR-200c,TGF-beta",P,10
11145,"SNAI1,miR-101,ZEB1,GRHL2,OVOL2,SNAI2,miR-200b,ZEB2,miR-200c,TGF-beta,GSC",N,11
11146,"SNAI1,miR-101,ZEB1,GRHL2,OVOL2,SNAI2,TWIST2,ZEB2,miR-200c,TGF-beta",P,10
11147,"SNAI1,miR-101,ZEB1,GRHL2,OVOL2,SNAI2,TWIST2,ZEB2,miR-200c,TGF-beta,GSC",N,11
11148,"SNAI1,miR-101,ZEB1,GRHL2,OVOL2,SNAI2,TWIST2,ZEB2,miR-200b,TGF-beta",N,10
11149,"SNAI1,miR-101,ZEB1,GRHL2,OVOL2,SNAI2,TWIST2,ZEB2,miR-200b,TGF-beta,GSC",P,11
11150,"SNAI1,miR-101,ZEB1,GRHL2,OVOL2,SNAI2,TWIST2",N,7
11151,"SNAI1,miR-101,ZEB1,OVOL2,TGF-beta,SNAI2,TWIST2",P,7
11152,"SNAI1,miR-101,ZEB1,OVOL2,TGF-beta",N,5
11153,"SNAI1,miR-101,ZEB1,OVOL2,TGF-beta,GSC",P,6
11154,"SNAI1,miR-101,ZEB1,OVOL2,NP63,miR-205,ZEB2,miR-200c,TGF-beta,SNAI2,TWIST2",P,11
11155,"SNAI1,miR-101,ZEB1,OVOL2,NP63,miR-205,ZEB2,miR-200c,TGF-beta",N,9
11156,"SNAI1,miR-101,ZEB1,OVOL2,NP63,miR-205,ZEB2,miR-200c,TGF-beta,GSC",P,10
11157,"SNAI1,miR-101,ZEB1,OVOL2,NP63,miR-205,ZEB2,miR-200b,TGF-beta,SNAI2,TWIST2",N,11
11158,"SNAI1,miR-101,ZEB1,OVOL2,NP63,miR-205,ZEB2,miR-200b,TGF-beta",P,9
11159,"SNAI1,miR-101,ZEB1,OVOL2,NP63,miR-205,ZEB2,miR-200b,TGF-beta,GSC",N,10
11160,"SNAI1,miR-101,ZEB1,OVOL2,NP63,SNAI2,miR-200b,TGF-beta",P,8
11161,"SNAI1,miR-101,ZEB1,OVOL2,NP63,SNAI2,miR-200b,TGF-beta,GSC",N,9
11162,"SNAI1,miR-101,ZEB1,OVOL2,NP63,SNAI2,miR-200b,ZEB2,miR-200c,TGF-beta",N,10
11163,"SNAI1,miR-101,ZEB1,OVOL2,NP63,SNAI2,miR-200b,ZEB2,miR-200c,TGF-beta,GSC",P,11
11164,"SNAI1,miR-101,ZEB1,OVOL2,NP63,SNAI2,TWIST2,ZEB2,miR-200c,TGF-beta",N,10
11165,"SNAI1,miR-101,ZEB1,OVOL2,NP63,SNAI2,TWIST2,ZEB2,miR-200c,TGF-beta,GSC",P,11
11166,"SNAI1,miR-101,ZEB1,OVOL2,NP63,SNAI2,TWIST2,ZEB2,miR-200b,TGF-beta",P,10
11167,"SNAI1,miR-101,ZEB1,OVOL2,NP63,SNAI2,TWIST2,ZEB2,miR-200b,TGF-beta,GSC",N,11
11168,"SNAI1,miR-101,ZEB1,OVOL2,NP63,SNAI2,TWIST2",P,7
11169,"SNAI1,miR-101,ZEB1,OVOL2,SNAI2,miR-200b,TGF-beta",P,7
11170,"SNAI1,miR-101,ZEB1,OVOL2,SNAI2,miR-200b,TGF-beta,GSC",N,8
11171,"SNAI1,miR-101,ZEB1,OVOL2,SNAI2,miR-200b,ZEB2,miR-200c,TGF-beta",N,9
11172,"SNAI1,miR-101,ZEB1,OVOL2,SNAI2,miR-200b,ZEB2,miR-200c,TGF-beta,GSC",P,10
11173,"SNAI1,miR-101,ZEB1,OVOL2,SNAI2,TWIST2,ZEB2,miR-200c,TGF-beta",N,9
11174,"SNAI1,miR-101,ZEB1,OVOL2,SNAI2,TWIST2,ZEB2,miR-200c,TGF-beta,GSC",P,10
11175,"SNAI1,miR-101,ZEB1,OVOL2,SNAI2,TWIST2,ZEB2,miR-200b,TGF-beta",P,9
11176,"SNAI1,miR-101,ZEB1,OVOL2,SNAI2,TWIST2,ZEB2,miR-200b,TGF-beta,GSC",N,10
11177,"SNAI1,miR-101,ZEB1,OVOL2,SNAI2,TWIST2",P,6
11178,"SNAI1,miR-101,ZEB1,miR-34a,TWIST2,ZEB2,miR-200c,TGF-beta",N,8
11179,"SNAI1,miR-101,ZEB1,miR-34a,TWIST2,ZEB2,miR-200c,TGF-beta,GSC",P,9
11180,"SNAI1,miR-101,ZEB1,miR-34a,TWIST2,ZEB2,miR-200b,TGF-beta",P,8
11181,"SNAI1,miR-101,ZEB1,miR-34a,TWIST2,ZEB2,miR-200b,TGF-beta,GSC",N,9
11182,"SNAI1,miR-101,ZEB1,miR-34a,TWIST2,SNAI2,miR-200b,TGF-beta",P,8
11183,"SNAI1,miR-101,ZEB1,miR-34a,TWIST2,SNAI2,miR-200b,TGF-beta,GSC",N,9
11184,"SNAI1,miR-101,ZEB1,miR-34a,TWIST2,SNAI2,miR-200b,ZEB2,miR-200c,TGF-beta",N,10
11185,"SNAI1,miR-101,ZEB1,miR-34a,TWIST2,SNAI2,miR-200b,ZEB2,miR-200c,TGF-beta,GSC",P,11
11186,"SNAI1,miR-101,ZEB1,miR-34a,TWIST2",P,5
11187,"SNAI1,miR-101,ZEB1,miR-34a,SNAI2,miR-200b,TGF-beta",P,7
11188,"SNAI1,miR-101,ZEB1,miR-34a,SNAI2,miR-200b,TGF-beta,GSC",N,8
11189,"SNAI1,miR-101,ZEB1,miR-34a,SNAI2,miR-200b,ZEB2,miR-200c,TGF-beta",N,9
11190,"SNAI1,miR-101,ZEB1,miR-34a,SNAI2,miR-200b,ZEB2,miR-200c,TGF-beta,GSC",P,10
11191,"SNAI1,miR-101,ZEB1,miR-34a,SNAI2,TWIST2,ZEB2,miR-200c,TGF-beta",N,9
11192,"SNAI1,miR-101,ZEB1,miR-34a,SNAI2,TWIST2,ZEB2,miR-200c,TGF-beta,GSC",P,10
11193,"SNAI1,miR-101,ZEB1,miR-34a,SNAI2,TWIST2,ZEB2,miR-200b,TGF-beta",P,9
11194,"SNAI1,miR-101,ZEB1,miR-34a,SNAI2,TWIST2,ZEB2,miR-200b,TGF-beta,GSC",N,10
11195,"SNAI1,miR-101,ZEB1,miR-34a,SNAI2,TWIST2",P,6
11196,"SNAI1,miR-101,ZEB1,miR-34a",P,4
11197,"SNAI1,miR-101,ZEB1,miR-200c,TGF-beta,SNAI2,TWIST2",N,7
11198,"SNAI1,miR-101,ZEB1,miR-200c,TGF-beta",P,5
11199,"SNAI1,miR-101,ZEB1,miR-200c,TGF-beta,GSC",N,6
11200,"SNAI1,miR-101,ZEB1,miR-200c,ZEB2,miR-200b,TGF-beta,SNAI2,TWIST2",P,9
11201,"SNAI1,miR-101,ZEB1,miR-200c,ZEB2,miR-200b,TGF-beta",N,7
11202,"SNAI1,miR-101,ZEB1,miR-200c,ZEB2,miR-200b,TGF-beta,GSC",P,8
11203,"SNAI1,miR-101,ZEB1,miR-200b,TGF-beta,SNAI2,TWIST2",P,7
11204,"SNAI1,miR-101,ZEB1,miR-200b,TGF-beta",N,5
11205,"SNAI1,miR-101,ZEB1,miR-200b,TGF-beta,GSC",P,6
11206,"SNAI1,miR-101,ZEB1,miR-200b,ZEB2,miR-200c,TGF-beta,SNAI2,TWIST2",N,9
11207,"SNAI1,miR-101,ZEB1,miR-200b,ZEB2,miR-200c,TGF-beta",P,7
11208,"SNAI1,miR-101,ZEB1,miR-200b,ZEB2,miR-200c,TGF-beta,GSC",N,8
11209,"SNAI1,miR-101,ZEB1,miR-141,TGF-beta,SNAI2,TWIST2",P,7
11210,"SNAI1,miR-101,ZEB1,miR-141,TGF-beta",N,5
11211,"SNAI1,miR-101,ZEB1,miR-141,TGF-beta,GSC",P,6
11212,"SNAI1,miR-101,ZEB1,miR-141,ZEB2,miR-200c,TGF-beta,SNAI2,TWIST2",P,9
11213,"SNAI1,miR-101,ZEB1,miR-141,ZEB2,miR-200c,TGF-beta",N,7
11214,"SNAI1,miR-101,ZEB1,miR-141,ZEB2,miR-200c,TGF-beta,GSC",P,8
11215,"SNAI1,miR-101,ZEB1,miR-141,ZEB2,miR-200b,TGF-beta,SNAI2,TWIST2",N,9
11216,"SNAI1,miR-101,ZEB1,miR-141,ZEB2,miR-200b,TGF-beta",P,7
11217,"SNAI1,miR-101,ZEB1,miR-141,ZEB2,miR-200b,TGF-beta,GSC",N,8
11218,"SNAI1,miR-34a,ZEB1,GRHL2,NP63,miR-205,ZEB2,miR-200c,TGF-beta,SNAI2,miR-101",P,11
11219,"SNAI1,miR-34a,ZEB1,GRHL2,NP63,miR-205,ZEB2,miR-200c,TGF-beta,SNAI2,TWIST2",P,11
11220,"SNAI1,miR-34a,ZEB1,GRHL2,NP63,miR-205,ZEB2,miR-200c,TGF-beta",N,9
11221,"SNAI1,miR-34a,ZEB1,GRHL2,NP63,miR-205,ZEB2,miR-200c,TGF-beta,GSC",P,10
11222,"SNAI1,miR-34a,ZEB1,GRHL2,NP63,miR-205,ZEB2,miR-200b,TGF-beta,SNAI2,miR-101",N,11
11223,"SNAI1,miR-34a,ZEB1,GRHL2,NP63,miR-205,ZEB2,miR-200b,TGF-beta,SNAI2,TWIST2",N,11
11224,"SNAI1,miR-34a,ZEB1,GRHL2,NP63,miR-205,ZEB2,miR-200b,TGF-beta",P,9
11225,"SNAI1,miR-34a,ZEB1,GRHL2,NP63,miR-205,ZEB2,miR-200b,TGF-beta,GSC",N,10
11226,"SNAI1,miR-34a,ZEB1,GRHL2,NP63,SNAI2,miR-200b,TGF-beta",P,8
11227,"SNAI1,miR-34a,ZEB1,GRHL2,NP63,SNAI2,miR-200b,TGF-beta,GSC",N,9
11228,"SNAI1,miR-34a,ZEB1,GRHL2,NP63,SNAI2,miR-200b,ZEB2,miR-200c,TGF-beta",N,10
11229,"SNAI1,miR-34a,ZEB1,GRHL2,NP63,SNAI2,miR-200b,ZEB2,miR-200c,TGF-beta,GSC",P,11
11230,"SNAI1,miR-34a,ZEB1,GRHL2,NP63,SNAI2,miR-101",P,7
11231,"SNAI1,miR-34a,ZEB1,GRHL2,NP63,SNAI2,miR-101,ZEB2,miR-200c,TGF-beta",N,10
11232,"SNAI1,miR-34a,ZEB1,GRHL2,NP63,SNAI2,miR-101,ZEB2,miR-200c,TGF-beta,GSC",P,11
11233,"SNAI1,miR-34a,ZEB1,GRHL2,NP63,SNAI2,miR-101,ZEB2,miR-200b,TGF-beta",P,10
11234,"SNAI1,miR-34a,ZEB1,GRHL2,NP63,SNAI2,miR-101,ZEB2,miR-200b,TGF-beta,GSC",N,11
11235,"SNAI1,miR-34a,ZEB1,GRHL2,NP63,SNAI2,TWIST2,ZEB2,miR-200c,TGF-beta",N,10
11236,"SNAI1,miR-34a,ZEB1,GRHL2,NP63,SNAI2,TWIST2,ZEB2,miR-200c,TGF-beta,GSC",P,11
11237,"SNAI1,miR-34a,ZEB1,GRHL2,NP63,SNAI2,TWIST2,ZEB2,miR-200b,TGF-beta",P,10
11238,"SNAI1,miR-34a,ZEB1,GRHL2,NP63,SNAI2,TWIST2,ZEB2,miR-200b,TGF-beta,GSC",N,11
11239,"SNAI1,miR-34a,ZEB1,GRHL2,NP63,SNAI2,TWIST2",P,7
11240,"SNAI1,miR-34a,ZEB1,GRHL2,OVOL2,TGF-beta,SNAI2,miR-101",P,8
11241,"SNAI1,miR-34a,ZEB1,GRHL2,OVOL2,TGF-beta,SNAI2,TWIST2",P,8
11242,"SNAI1,miR-34a,ZEB1,GRHL2,OVOL2,TGF-beta",N,6
11243,"SNAI1,miR-34a,ZEB1,GRHL2,OVOL2,TGF-beta,GSC",P,7
11244,"SNAI1,miR-34a,ZEB1,GRHL2,OVOL2,NP63,miR-205,ZEB2,miR-200c,TGF-beta,SNAI2,miR-101",P,12
11245,"SNAI1,miR-34a,ZEB1,GRHL2,OVOL2,NP63,miR-205,ZEB2,miR-200c,TGF-beta,SNAI2,TWIST2",P,12
11246,"SNAI1,miR-34a,ZEB1,GRHL2,OVOL2,NP63,miR-205,ZEB2,miR-200c,TGF-beta",N,10
11247,"SNAI1,miR-34a,ZEB1,GRHL2,OVOL2,NP63,miR-205,ZEB2,miR-200c,TGF-beta,GSC",P,11
11248,"SNAI1,miR-34a,ZEB1,GRHL2,OVOL2,NP63,miR-205,ZEB2,miR-200b,TGF-beta,SNAI2,miR-101",N,12
11249,"SNAI1,miR-34a,ZEB1,GRHL2,OVOL2,NP63,miR-205,ZEB2,miR-200b,TGF-beta,SNAI2,TWIST2",N,12
11250,"SNAI1,miR-34a,ZEB1,GRHL2,OVOL2,NP63,miR-205,ZEB2,miR-200b,TGF-beta",P,10
11251,"SNAI1,miR-34a,ZEB1,GRHL2,OVOL2,NP63,miR-205,ZEB2,miR-200b,TGF-beta,GSC",N,11
11252,"SNAI1,miR-34a,ZEB1,GRHL2,OVOL2,NP63,SNAI2,miR-200b,TGF-beta",P,9
11253,"SNAI1,miR-34a,ZEB1,GRHL2,OVOL2,NP63,SNAI2,miR-200b,TGF-beta,GSC",N,10
11254,"SNAI1,miR-34a,ZEB1,GRHL2,OVOL2,NP63,SNAI2,miR-200b,ZEB2,miR-200c,TGF-beta",N,11
11255,"SNAI1,miR-34a,ZEB1,GRHL2,OVOL2,NP63,SNAI2,miR-200b,ZEB2,miR-200c,TGF-beta,GSC",P,12
11256,"SNAI1,miR-34a,ZEB1,GRHL2,OVOL2,NP63,SNAI2,miR-101",P,8
11257,"SNAI1,miR-34a,ZEB1,GRHL2,OVOL2,NP63,SNAI2,miR-101,ZEB2,miR-200c,TGF-beta",N,11
11258,"SNAI1,miR-34a,ZEB1,GRHL2,OVOL2,NP63,SNAI2,miR-101,ZEB2,miR-200c,TGF-beta,GSC",P,12
11259,"SNAI1,miR-34a,ZEB1,GRHL2,OVOL2,NP63,SNAI2,miR-101,ZEB2,miR-200b,TGF-beta",P,11
11260,"SNAI1,miR-34a,ZEB1,GRHL2,OVOL2,NP63,SNAI2,miR-101,ZEB2,miR-200b,TGF-beta,GSC",N,12
11261,"SNAI1,miR-34a,ZEB1,GRHL2,OVOL2,NP63,SNAI2,TWIST2,ZEB2,miR-200c,TGF-beta",N,11
11262,"SNAI1,miR-34a,ZEB1,GRHL2,OVOL2,NP63,SNAI2,TWIST2,ZEB2,miR-200c,TGF-beta,GSC",P,12
11263,"SNAI1,miR-34a,ZEB1,GRHL2,OVOL2,NP63,SNAI2,TWIST2,ZEB2,miR-200b,TGF-beta",P,11
11264,"SNAI1,miR-34a,ZEB1,GRHL2,OVOL2,NP63,SNAI2,TWIST2,ZEB2,miR-200b,TGF-beta,GSC",N,12
11265,"SNAI1,miR-34a,ZEB1,GRHL2,OVOL2,NP63,SNAI2,TWIST2",P,8
11266,"SNAI1,miR-34a,ZEB1,GRHL2,OVOL2,SNAI2,miR-200b,TGF-beta",P,8
11267,"SNAI1,miR-34a,ZEB1,GRHL2,OVOL2,SNAI2,miR-200b,TGF-beta,GSC",N,9
11268,"SNAI1,miR-34a,ZEB1,GRHL2,OVOL2,SNAI2,miR-200b,ZEB2,miR-200c,TGF-beta",N,10
11269,"SNAI1,miR-34a,ZEB1,GRHL2,OVOL2,SNAI2,miR-200b,ZEB2,miR-200c,TGF-beta,GSC",P,11
11270,"SNAI1,miR-34a,ZEB1,GRHL2,OVOL2,SNAI2,miR-101",P,7
11271,"SNAI1,miR-34a,ZEB1,GRHL2,OVOL2,SNAI2,miR-101,ZEB2,miR-200c,TGF-beta",N,10
11272,"SNAI1,miR-34a,ZEB1,GRHL2,OVOL2,SNAI2,miR-101,ZEB2,miR-200c,TGF-beta,GSC",P,11
11273,"SNAI1,miR-34a,ZEB1,GRHL2,OVOL2,SNAI2,miR-101,ZEB2,miR-200b,TGF-beta",P,10
11274,"SNAI1,miR-34a,ZEB1,GRHL2,OVOL2,SNAI2,miR-101,ZEB2,miR-200b,TGF-beta,GSC",N,11
11275,"SNAI1,miR-34a,ZEB1,GRHL2,OVOL2,SNAI2,TWIST2,ZEB2,miR-200c,TGF-beta",N,10
11276,"SNAI1,miR-34a,ZEB1,GRHL2,OVOL2,SNAI2,TWIST2,ZEB2,miR-200c,TGF-beta,GSC",P,11
11277,"SNAI1,miR-34a,ZEB1,GRHL2,OVOL2,SNAI2,TWIST2,ZEB2,miR-200b,TGF-beta",P,10
11278,"SNAI1,miR-34a,ZEB1,GRHL2,OVOL2,SNAI2,TWIST2,ZEB2,miR-200b,TGF-beta,GSC",N,11
11279,"SNAI1,miR-34a,ZEB1,GRHL2,OVOL2,SNAI2,TWIST2",P,7
11280,"SNAI1,miR-34a,ZEB1,OVOL2,TGF-beta,SNAI2,miR-101",N,7
11281,"SNAI1,miR-34a,ZEB1,OVOL2,TGF-beta,SNAI2,TWIST2",N,7
11282,"SNAI1,miR-34a,ZEB1,OVOL2,TGF-beta",P,5
11283,"SNAI1,miR-34a,ZEB1,OVOL2,TGF-beta,GSC",N,6
11284,"SNAI1,miR-34a,ZEB1,OVOL2,NP63,miR-205,ZEB2,miR-200c,TGF-beta,SNAI2,miR-101",N,11
11285,"SNAI1,miR-34a,ZEB1,OVOL2,NP63,miR-205,ZEB2,miR-200c,TGF-beta,SNAI2,TWIST2",N,11
11286,"SNAI1,miR-34a,ZEB1,OVOL2,NP63,miR-205,ZEB2,miR-200c,TGF-beta",P,9
11287,"SNAI1,miR-34a,ZEB1,OVOL2,NP63,miR-205,ZEB2,miR-200c,TGF-beta,GSC",N,10
11288,"SNAI1,miR-34a,ZEB1,OVOL2,NP63,miR-205,ZEB2,miR-200b,TGF-beta,SNAI2,miR-101",P,11
11289,"SNAI1,miR-34a,ZEB1,OVOL2,NP63,miR-205,ZEB2,miR-200b,TGF-beta,SNAI2,TWIST2",P,11
11290,"SNAI1,miR-34a,ZEB1,OVOL2,NP63,miR-205,ZEB2,miR-200b,TGF-beta",N,9
11291,"SNAI1,miR-34a,ZEB1,OVOL2,NP63,miR-205,ZEB2,miR-200b,TGF-beta,GSC",P,10
11292,"SNAI1,miR-34a,ZEB1,OVOL2,NP63,SNAI2,miR-200b,TGF-beta",N,8
11293,"SNAI1,miR-34a,ZEB1,OVOL2,NP63,SNAI2,miR-200b,TGF-beta,GSC",P,9
11294,"SNAI1,miR-34a,ZEB1,OVOL2,NP63,SNAI2,miR-200b,ZEB2,miR-200c,TGF-beta",P,10
11295,"SNAI1,miR-34a,ZEB1,OVOL2,NP63,SNAI2,miR-200b,ZEB2,miR-200c,TGF-beta,GSC",N,11
11296,"SNAI1,miR-34a,ZEB1,OVOL2,NP63,SNAI2,miR-101",N,7
11297,"SNAI1,miR-34a,ZEB1,OVOL2,NP63,SNAI2,miR-101,ZEB2,miR-200c,TGF-beta",P,10
11298,"SNAI1,miR-34a,ZEB1,OVOL2,NP63,SNAI2,miR-101,ZEB2,miR-200c,TGF-beta,GSC",N,11
11299,"SNAI1,miR-34a,ZEB1,OVOL2,NP63,SNAI2,miR-101,ZEB2,miR-200b,TGF-beta",N,10
11300,"SNAI1,miR-34a,ZEB1,OVOL2,NP63,SNAI2,miR-101,ZEB2,miR-200b,TGF-beta,GSC",P,11
11301,"SNAI1,miR-34a,ZEB1,OVOL2,NP63,SNAI2,TWIST2,ZEB2,miR-200c,TGF-beta",P,10
11302,"SNAI1,miR-34a,ZEB1,OVOL2,NP63,SNAI2,TWIST2,ZEB2,miR-200c,TGF-beta,GSC",N,11
11303,"SNAI1,miR-34a,ZEB1,OVOL2,NP63,SNAI2,TWIST2,ZEB2,miR-200b,TGF-beta",N,10
11304,"SNAI1,miR-34a,ZEB1,OVOL2,NP63,SNAI2,TWIST2,ZEB2,miR-200b,TGF-beta,GSC",P,11
11305,"SNAI1,miR-34a,ZEB1,OVOL2,NP63,SNAI2,TWIST2",N,7
11306,"SNAI1,miR-34a,ZEB1,OVOL2,SNAI2,miR-200b,TGF-beta",N,7
11307,"SNAI1,miR-34a,ZEB1,OVOL2,SNAI2,miR-200b,TGF-beta,GSC",P,8
11308,"SNAI1,miR-34a,ZEB1,OVOL2,SNAI2,miR-200b,ZEB2,miR-200c,TGF-beta",P,9
11309,"SNAI1,miR-34a,ZEB1,OVOL2,SNAI2,miR-200b,ZEB2,miR-200c,TGF-beta,GSC",N,10
11310,"SNAI1,miR-34a,ZEB1,OVOL2,SNAI2,miR-101",N,6
11311,"SNAI1,miR-34a,ZEB1,OVOL2,SNAI2,miR-101,ZEB2,miR-200c,TGF-beta",P,9
11312,"SNAI1,miR-34a,ZEB1,OVOL2,SNAI2,miR-101,ZEB2,miR-200c,TGF-beta,GSC",N,10
11313,"SNAI1,miR-34a,ZEB1,OVOL2,SNAI2,miR-101,ZEB2,miR-200b,TGF-beta",N,9
11314,"SNAI1,miR-34a,ZEB1,OVOL2,SNAI2,miR-101,ZEB2,miR-200b,TGF-beta,GSC",P,10
11315,"SNAI1,miR-34a,ZEB1,OVOL2,SNAI2,TWIST2,ZEB2,miR-200c,TGF-beta",P,9
11316,"SNAI1,miR-34a,ZEB1,OVOL2,SNAI2,TWIST2,ZEB2,miR-200c,TGF-beta,GSC",N,10
11317,"SNAI1,miR-34a,ZEB1,OVOL2,SNAI2,TWIST2,ZEB2,miR-200b,TGF-beta",N,9
11318,"SNAI1,miR-34a,ZEB1,OVOL2,SNAI2,TWIST2,ZEB2,miR-200b,TGF-beta,GSC",P,10
11319,"SNAI1,miR-34a,ZEB1,OVOL2,SNAI2,TWIST2",N,6
11320,"SNAI1,miR-34a,ZEB1,miR-200c,TGF-beta,SNAI2,miR-101",P,7
11321,"SNAI1,miR-34a,ZEB1,miR-200c,TGF-beta,SNAI2,TWIST2",P,7
11322,"SNAI1,miR-34a,ZEB1,miR-200c,TGF-beta",N,5
11323,"SNAI1,miR-34a,ZEB1,miR-200c,TGF-beta,GSC",P,6
11324,"SNAI1,miR-34a,ZEB1,miR-200c,ZEB2,miR-200b,TGF-beta,SNAI2,miR-101",N,9
11325,"SNAI1,miR-34a,ZEB1,miR-200c,ZEB2,miR-200b,TGF-beta,SNAI2,TWIST2",N,9
11326,"SNAI1,miR-34a,ZEB1,miR-200c,ZEB2,miR-200b,TGF-beta",P,7
11327,"SNAI1,miR-34a,ZEB1,miR-200c,ZEB2,miR-200b,TGF-beta,GSC",N,8
11328,"SNAI1,miR-34a,ZEB1,miR-200b,TGF-beta,SNAI2,miR-101",N,7
11329,"SNAI1,miR-34a,ZEB1,miR-200b,TGF-beta,SNAI2,TWIST2",N,7
11330,"SNAI1,miR-34a,ZEB1,miR-200b,TGF-beta",P,5
11331,"SNAI1,miR-34a,ZEB1,miR-200b,TGF-beta,GSC",N,6
11332,"SNAI1,miR-34a,ZEB1,miR-200b,ZEB2,miR-200c,TGF-beta,SNAI2,miR-101",P,9
11333,"SNAI1,miR-34a,ZEB1,miR-200b,ZEB2,miR-200c,TGF-beta,SNAI2,TWIST2",P,9
11334,"SNAI1,miR-34a,ZEB1,miR-200b,ZEB2,miR-200c,TGF-beta",N,7
11335,"SNAI1,miR-34a,ZEB1,miR-200b,ZEB2,miR-200c,TGF-beta,GSC",P,8
11336,"SNAI1,miR-34a,ZEB1,miR-141,TGF-beta,SNAI2,miR-101",N,7
11337,"SNAI1,miR-34a,ZEB1,miR-141,TGF-beta,SNAI2,TWIST2",N,7
11338,"SNAI1,miR-34a,ZEB1,miR-141,TGF-beta",P,5
11339,"SNAI1,miR-34a,ZEB1,miR-141,TGF-beta,GSC",N,6
11340,"SNAI1,miR-34a,ZEB1,miR-141,ZEB2,miR-200c,TGF-beta,SNAI2,miR-101",N,9
11341,"SNAI1,miR-34a,ZEB1,miR-141,ZEB2,miR-200c,TGF-beta,SNAI2,TWIST2",N,9
11342,"SNAI1,miR-34a,ZEB1,miR-141,ZEB2,miR-200c,TGF-beta",P,7
11343,"SNAI1,miR-34a,ZEB1,miR-141,ZEB2,miR-200c,TGF-beta,GSC",N,8
11344,"SNAI1,miR-34a,ZEB1,miR-141,ZEB2,miR-200b,TGF-beta,SNAI2,miR-101",P,9
11345,"SNAI1,miR-34a,ZEB1,miR-141,ZEB2,miR-200b,TGF-beta,SNAI2,TWIST2",P,9
11346,"SNAI1,miR-34a,ZEB1,miR-141,ZEB2,miR-200b,TGF-beta",N,7
11347,"SNAI1,miR-34a,ZEB1,miR-141,ZEB2,miR-200b,TGF-beta,GSC",P,8
11348,"SNAI1,miR-34a,TWIST2,ZEB2,miR-200c,TGF-beta,SNAI2,miR-101",N,8
11349,"SNAI1,miR-34a,TWIST2,ZEB2,miR-200c,TGF-beta",P,6
11350,"SNAI1,miR-34a,TWIST2,ZEB2,miR-200c,TGF-beta,GSC,ZEB1,GRHL2,NP63,SNAI2,miR-101",N,12
11351,"SNAI1,miR-34a,TWIST2,ZEB2,miR-200c,TGF-beta,GSC,ZEB1,GRHL2,OVOL2,NP63,SNAI2,miR-101",N,13
11352,"SNAI1,miR-34a,TWIST2,ZEB2,miR-200c,TGF-beta,GSC,ZEB1,GRHL2,OVOL2,SNAI2,miR-101",N,12
11353,"SNAI1,miR-34a,TWIST2,ZEB2,miR-200c,TGF-beta,GSC,ZEB1,OVOL2,NP63,SNAI2,miR-101",P,12
11354,"SNAI1,miR-34a,TWIST2,ZEB2,miR-200c,TGF-beta,GSC,ZEB1,OVOL2,SNAI2,miR-101",P,11
11355,"SNAI1,miR-34a,TWIST2,ZEB2,miR-200c,TGF-beta,GSC",N,7
11356,"SNAI1,miR-34a,TWIST2,ZEB2,miR-200c,ZEB1,GRHL2,NP63,SNAI2,miR-200b,TGF-beta",N,11
11357,"SNAI1,miR-34a,TWIST2,ZEB2,miR-200c,ZEB1,GRHL2,NP63,SNAI2,miR-200b,TGF-beta,GSC",P,12
11358,"SNAI1,miR-34a,TWIST2,ZEB2,miR-200c,ZEB1,GRHL2,NP63,SNAI2,miR-101",N,10
11359,"SNAI1,miR-34a,TWIST2,ZEB2,miR-200c,ZEB1,GRHL2,OVOL2,TGF-beta,SNAI2,miR-101",N,11
11360,"SNAI1,miR-34a,TWIST2,ZEB2,miR-200c,ZEB1,GRHL2,OVOL2,TGF-beta",P,9
11361,"SNAI1,miR-34a,TWIST2,ZEB2,miR-200c,ZEB1,GRHL2,OVOL2,TGF-beta,GSC",N,10
11362,"SNAI1,miR-34a,TWIST2,ZEB2,miR-200c,ZEB1,GRHL2,OVOL2,NP63,SNAI2,miR-200b,TGF-beta",N,12
11363,"SNAI1,miR-34a,TWIST2,ZEB2,miR-200c,ZEB1,GRHL2,OVOL2,NP63,SNAI2,miR-200b,TGF-beta,GSC",P,13
11364,"SNAI1,miR-34a,TWIST2,ZEB2,miR-200c,ZEB1,GRHL2,OVOL2,NP63,SNAI2,miR-101",N,11
11365,"SNAI1,miR-34a,TWIST2,ZEB2,miR-200c,ZEB1,GRHL2,OVOL2,SNAI2,miR-200b,TGF-beta",N,11
11366,"SNAI1,miR-34a,TWIST2,ZEB2,miR-200c,ZEB1,GRHL2,OVOL2,SNAI2,miR-200b,TGF-beta,GSC",P,12
11367,"SNAI1,miR-34a,TWIST2,ZEB2,miR-200c,ZEB1,GRHL2,OVOL2,SNAI2,miR-101",N,10
11368,"SNAI1,miR-34a,TWIST2,ZEB2,miR-200c,ZEB1,OVOL2,TGF-beta,SNAI2,miR-101",P,10
11369,"SNAI1,miR-34a,TWIST2,ZEB2,miR-200c,ZEB1,OVOL2,TGF-beta",N,8
11370,"SNAI1,miR-34a,TWIST2,ZEB2,miR-200c,ZEB1,OVOL2,TGF-beta,GSC",P,9
11371,"SNAI1,miR-34a,TWIST2,ZEB2,miR-200c,ZEB1,OVOL2,NP63,SNAI2,miR-200b,TGF-beta",P,11
11372,"SNAI1,miR-34a,TWIST2,ZEB2,miR-200c,ZEB1,OVOL2,NP63,SNAI2,miR-200b,TGF-beta,GSC",N,12
11373,"SNAI1,miR-34a,TWIST2,ZEB2,miR-200c,ZEB1,OVOL2,NP63,SNAI2,miR-101",P,10
11374,"SNAI1,miR-34a,TWIST2,ZEB2,miR-200c,ZEB1,OVOL2,SNAI2,miR-200b,TGF-beta",P,10
11375,"SNAI1,miR-34a,TWIST2,ZEB2,miR-200c,ZEB1,OVOL2,SNAI2,miR-200b,TGF-beta,GSC",N,11
11376,"SNAI1,miR-34a,TWIST2,ZEB2,miR-200c,ZEB1,OVOL2,SNAI2,miR-101",P,9
11377,"SNAI1,miR-34a,TWIST2,ZEB2,miR-200c,ZEB1,miR-200b,TGF-beta,SNAI2,miR-101",P,10
11378,"SNAI1,miR-34a,TWIST2,ZEB2,miR-200c,ZEB1,miR-200b,TGF-beta",N,8
11379,"SNAI1,miR-34a,TWIST2,ZEB2,miR-200c,ZEB1,miR-200b,TGF-beta,GSC",P,9
11380,"SNAI1,miR-34a,TWIST2,ZEB2,miR-200c,ZEB1,miR-141,TGF-beta,SNAI2,miR-101",P,10
11381,"SNAI1,miR-34a,TWIST2,ZEB2,miR-200c,ZEB1,miR-141,TGF-beta",N,8
11382,"SNAI1,miR-34a,TWIST2,ZEB2,miR-200c,ZEB1,miR-141,TGF-beta,GSC",P,9
11383,"SNAI1,miR-34a,TWIST2,ZEB2,miR-200b,TGF-beta,SNAI2,miR-101",P,8
11384,"SNAI1,miR-34a,TWIST2,ZEB2,miR-200b,TGF-beta",N,6
11385,"SNAI1,miR-34a,TWIST2,ZEB2,miR-200b,TGF-beta,GSC,ZEB1,GRHL2,NP63,SNAI2,miR-101",P,12
11386,"SNAI1,miR-34a,TWIST2,ZEB2,miR-200b,TGF-beta,GSC,ZEB1,GRHL2,OVOL2,NP63,SNAI2,miR-101",P,13
11387,"SNAI1,miR-34a,TWIST2,ZEB2,miR-200b,TGF-beta,GSC,ZEB1,GRHL2,OVOL2,SNAI2,miR-101",P,12
11388,"SNAI1,miR-34a,TWIST2,ZEB2,miR-200b,TGF-beta,GSC,ZEB1,OVOL2,NP63,SNAI2,miR-101",N,12
11389,"SNAI1,miR-34a,TWIST2,ZEB2,miR-200b,TGF-beta,GSC,ZEB1,OVOL2,SNAI2,miR-101",N,11
11390,"SNAI1,miR-34a,TWIST2,ZEB2,miR-200b,TGF-beta,GSC",P,7
11391,"SNAI1,miR-34a,TWIST2,ZEB2,miR-200b,ZEB1,GRHL2,NP63,SNAI2,miR-101",N,10
11392,"SNAI1,miR-34a,TWIST2,ZEB2,miR-200b,ZEB1,GRHL2,OVOL2,TGF-beta,SNAI2,miR-101",N,11
11393,"SNAI1,miR-34a,TWIST2,ZEB2,miR-200b,ZEB1,GRHL2,OVOL2,TGF-beta",P,9
11394,"SNAI1,miR-34a,TWIST2,ZEB2,miR-200b,ZEB1,GRHL2,OVOL2,TGF-beta,GSC",N,10
11395,"SNAI1,miR-34a,TWIST2,ZEB2,miR-200b,ZEB1,GRHL2,OVOL2,NP63,SNAI2,miR-101",N,11
11396,"SNAI1,miR-34a,TWIST2,ZEB2,miR-200b,ZEB1,GRHL2,OVOL2,SNAI2,miR-101",N,10
11397,"SNAI1,miR-34a,TWIST2,ZEB2,miR-200b,ZEB1,OVOL2,TGF-beta,SNAI2,miR-101",P,10
11398,"SNAI1,miR-34a,TWIST2,ZEB2,miR-200b,ZEB1,OVOL2,TGF-beta",N,8
11399,"SNAI1,miR-34a,TWIST2,ZEB2,miR-200b,ZEB1,OVOL2,TGF-beta,GSC",P,9
11400,"SNAI1,miR-34a,TWIST2,ZEB2,miR-200b,ZEB1,OVOL2,NP63,SNAI2,miR-101",P,10
11401,"SNAI1,miR-34a,TWIST2,ZEB2,miR-200b,ZEB1,OVOL2,SNAI2,miR-101",P,9
11402,"SNAI1,miR-34a,TWIST2,ZEB2,miR-200b,ZEB1,miR-200c,TGF-beta,SNAI2,miR-101",N,10
11403,"SNAI1,miR-34a,TWIST2,ZEB2,miR-200b,ZEB1,miR-200c,TGF-beta",P,8
11404,"SNAI1,miR-34a,TWIST2,ZEB2,miR-200b,ZEB1,miR-200c,TGF-beta,GSC",N,9
11405,"SNAI1,miR-34a,TWIST2,ZEB2,miR-200b,ZEB1,miR-141,TGF-beta,SNAI2,miR-101",P,10
11406,"SNAI1,miR-34a,TWIST2,ZEB2,miR-200b,ZEB1,miR-141,TGF-beta",N,8
11407,"SNAI1,miR-34a,TWIST2,ZEB2,miR-200b,ZEB1,miR-141,TGF-beta,GSC",P,9
11408,"SNAI1,miR-34a,TWIST2,ZEB1,GRHL2,NP63,miR-205,ZEB2,miR-200c,TGF-beta,SNAI2,miR-101",P,12
11409,"SNAI1,miR-34a,TWIST2,ZEB1,GRHL2,NP63,miR-205,ZEB2,miR-200c,TGF-beta",N,10
11410,"SNAI1,miR-34a,TWIST2,ZEB1,GRHL2,NP63,miR-205,ZEB2,miR-200c,TGF-beta,GSC",P,11
11411,"SNAI1,miR-34a,TWIST2,ZEB1,GRHL2,NP63,miR-205,ZEB2,miR-200b,TGF-beta,SNAI2,miR-101",N,12
11412,"SNAI1,miR-34a,TWIST2,ZEB1,GRHL2,NP63,miR-205,ZEB2,miR-200b,TGF-beta",P,10
11413,"SNAI1,miR-34a,TWIST2,ZEB1,GRHL2,NP63,miR-205,ZEB2,miR-200b,TGF-beta,GSC",N,11
11414,"SNAI1,miR-34a,TWIST2,ZEB1,GRHL2,NP63,SNAI2,miR-200b,TGF-beta",P,9
11415,"SNAI1,miR-34a,TWIST2,ZEB1,GRHL2,NP63,SNAI2,miR-200b,TGF-beta,GSC",N,10
11416,"SNAI1,miR-34a,TWIST2,ZEB1,GRHL2,NP63,SNAI2,miR-200b,ZEB2,miR-200c,TGF-beta",N,11
11417,"SNAI1,miR-34a,TWIST2,ZEB1,GRHL2,NP63,SNAI2,miR-200b,ZEB2,miR-200c,TGF-beta,GSC",P,12
11418,"SNAI1,miR-34a,TWIST2,ZEB1,GRHL2,NP63,SNAI2,miR-101",P,8
11419,"SNAI1,miR-34a,TWIST2,ZEB1,GRHL2,NP63,SNAI2,miR-101,ZEB2,miR-200c,TGF-beta",N,11
11420,"SNAI1,miR-34a,TWIST2,ZEB1,GRHL2,NP63,SNAI2,miR-101,ZEB2,miR-200c,TGF-beta,GSC",P,12
11421,"SNAI1,miR-34a,TWIST2,ZEB1,GRHL2,NP63,SNAI2,miR-101,ZEB2,miR-200b,TGF-beta",P,11
11422,"SNAI1,miR-34a,TWIST2,ZEB1,GRHL2,NP63,SNAI2,miR-101,ZEB2,miR-200b,TGF-beta,GSC",N,12
11423,"SNAI1,miR-34a,TWIST2,ZEB1,GRHL2,OVOL2,TGF-beta,SNAI2,miR-101",P,9
11424,"SNAI1,miR-34a,TWIST2,ZEB1,GRHL2,OVOL2,TGF-beta",N,7
11425,"SNAI1,miR-34a,TWIST2,ZEB1,GRHL2,OVOL2,TGF-beta,GSC",P,8
11426,"SNAI1,miR-34a,TWIST2,ZEB1,GRHL2,OVOL2,NP63,miR-205,ZEB2,miR-200c,TGF-beta,SNAI2,miR-101",P,13
11427,"SNAI1,miR-34a,TWIST2,ZEB1,GRHL2,OVOL2,NP63,miR-205,ZEB2,miR-200c,TGF-beta",N,11
11428,"SNAI1,miR-34a,TWIST2,ZEB1,GRHL2,OVOL2,NP63,miR-205,ZEB2,miR-200c,TGF-beta,GSC",P,12
11429,"SNAI1,miR-34a,TWIST2,ZEB1,GRHL2,OVOL2,NP63,miR-205,ZEB2,miR-200b,TGF-beta,SNAI2,miR-101",N,13
11430,"SNAI1,miR-34a,TWIST2,ZEB1,GRHL2,OVOL2,NP63,miR-205,ZEB2,miR-200b,TGF-beta",P,11
11431,"SNAI1,miR-34a,TWIST2,ZEB1,GRHL2,OVOL2,NP63,miR-205,ZEB2,miR-200b,TGF-beta,GSC",N,12
11432,"SNAI1,miR-34a,TWIST2,ZEB1,GRHL2,OVOL2,NP63,SNAI2,miR-200b,TGF-beta",P,10
11433,"SNAI1,miR-34a,TWIST2,ZEB1,GRHL2,OVOL2,NP63,SNAI2,miR-200b,TGF-beta,GSC",N,11
11434,"SNAI1,miR-34a,TWIST2,ZEB1,GRHL2,OVOL2,NP63,SNAI2,miR-200b,ZEB2,miR-200c,TGF-beta",N,12
11435,"SNAI1,miR-34a,TWIST2,ZEB1,GRHL2,OVOL2,NP63,SNAI2,miR-200b,ZEB2,miR-200c,TGF-beta,GSC",P,13
11436,"SNAI1,miR-34a,TWIST2,ZEB1,GRHL2,OVOL2,NP63,SNAI2,miR-101",P,9
11437,"SNAI1,miR-34a,TWIST2,ZEB1,GRHL2,OVOL2,NP63,SNAI2,miR-101,ZEB2,miR-200c,TGF-beta",N,12
11438,"SNAI1,miR-34a,TWIST2,ZEB1,GRHL2,OVOL2,NP63,SNAI2,miR-101,ZEB2,miR-200c,TGF-beta,GSC",P,13
11439,"SNAI1,miR-34a,TWIST2,ZEB1,GRHL2,OVOL2,NP63,SNAI2,miR-101,ZEB2,miR-200b,TGF-beta",P,12
11440,"SNAI1,miR-34a,TWIST2,ZEB1,GRHL2,OVOL2,NP63,SNAI2,miR-101,ZEB2,miR-200b,TGF-beta,GSC",N,13
11441,"SNAI1,miR-34a,TWIST2,ZEB1,GRHL2,OVOL2,SNAI2,miR-200b,TGF-beta",P,9
11442,"SNAI1,miR-34a,TWIST2,ZEB1,GRHL2,OVOL2,SNAI2,miR-200b,TGF-beta,GSC",N,10
11443,"SNAI1,miR-34a,TWIST2,ZEB1,GRHL2,OVOL2,SNAI2,miR-200b,ZEB2,miR-200c,TGF-beta",N,11
11444,"SNAI1,miR-34a,TWIST2,ZEB1,GRHL2,OVOL2,SNAI2,miR-200b,ZEB2,miR-200c,TGF-beta,GSC",P,12
11445,"SNAI1,miR-34a,TWIST2,ZEB1,GRHL2,OVOL2,SNAI2,miR-101",P,8
11446,"SNAI1,miR-34a,TWIST2,ZEB1,GRHL2,OVOL2,SNAI2,miR-101,ZEB2,miR-200c,TGF-beta",N,11
11447,"SNAI1,miR-34a,TWIST2,ZEB1,GRHL2,OVOL2,SNAI2,miR-101,ZEB2,miR-200c,TGF-beta,GSC",P,12
11448,"SNAI1,miR-34a,TWIST2,ZEB1,GRHL2,OVOL2,SNAI2,miR-101,ZEB2,miR-200b,TGF-beta",P,11
11449,"SNAI1,miR-34a,TWIST2,ZEB1,GRHL2,OVOL2,SNAI2,miR-101,ZEB2,miR-200b,TGF-beta,GSC",N,12
11450,"SNAI1,miR-34a,TWIST2,ZEB1,OVOL2,TGF-beta,SNAI2,miR-101",N,8
11451,"SNAI1,miR-34a,TWIST2,ZEB1,OVOL2,TGF-beta",P,6
11452,"SNAI1,miR-34a,TWIST2,ZEB1,OVOL2,TGF-beta,GSC",N,7
11453,"SNAI1,miR-34a,TWIST2,ZEB1,OVOL2,NP63,miR-205,ZEB2,miR-200c,TGF-beta,SNAI2,miR-101",N,12
11454,"SNAI1,miR-34a,TWIST2,ZEB1,OVOL2,NP63,miR-205,ZEB2,miR-200c,TGF-beta",P,10
11455,"SNAI1,miR-34a,TWIST2,ZEB1,OVOL2,NP63,miR-205,ZEB2,miR-200c,TGF-beta,GSC",N,11
11456,"SNAI1,miR-34a,TWIST2,ZEB1,OVOL2,NP63,miR-205,ZEB2,miR-200b,TGF-beta,SNAI2,miR-101",P,12
11457,"SNAI1,miR-34a,TWIST2,ZEB1,OVOL2,NP63,miR-205,ZEB2,miR-200b,TGF-beta",N,10
11458,"SNAI1,miR-34a,TWIST2,ZEB1,OVOL2,NP63,miR-205,ZEB2,miR-200b,TGF-beta,GSC",P,11
11459,"SNAI1,miR-34a,TWIST2,ZEB1,OVOL2,NP63,SNAI2,miR-200b,TGF-beta",N,9
11460,"SNAI1,miR-34a,TWIST2,ZEB1,OVOL2,NP63,SNAI2,miR-200b,TGF-beta,GSC",P,10
11461,"SNAI1,miR-34a,TWIST2,ZEB1,OVOL2,NP63,SNAI2,miR-200b,ZEB2,miR-200c,TGF-beta",P,11
11462,"SNAI1,miR-34a,TWIST2,ZEB1,OVOL2,NP63,SNAI2,miR-200b,ZEB2,miR-200c,TGF-beta,GSC",N,12
11463,"SNAI1,miR-34a,TWIST2,ZEB1,OVOL2,NP63,SNAI2,miR-101",N,8
11464,"SNAI1,miR-34a,TWIST2,ZEB1,OVOL2,NP63,SNAI2,miR-101,ZEB2,miR-200c,TGF-beta",P,11
11465,"SNAI1,miR-34a,TWIST2,ZEB1,OVOL2,NP63,SNAI2,miR-101,ZEB2,miR-200c,TGF-beta,GSC",N,12
11466,"SNAI1,miR-34a,TWIST2,ZEB1,OVOL2,NP63,SNAI2,miR-101,ZEB2,miR-200b,TGF-beta",N,11
11467,"SNAI1,miR-34a,TWIST2,ZEB1,OVOL2,NP63,SNAI2,miR-101,ZEB2,miR-200b,TGF-beta,GSC",P,12
11468,"SNAI1,miR-34a,TWIST2,ZEB1,OVOL2,SNAI2,miR-200b,TGF-beta",N,8
11469,"SNAI1,miR-34a,TWIST2,ZEB1,OVOL2,SNAI2,miR-200b,TGF-beta,GSC",P,9
11470,"SNAI1,miR-34a,TWIST2,ZEB1,OVOL2,SNAI2,miR-200b,ZEB2,miR-200c,TGF-beta",P,10
11471,"SNAI1,miR-34a,TWIST2,ZEB1,OVOL2,SNAI2,miR-200b,ZEB2,miR-200c,TGF-beta,GSC",N,11
11472,"SNAI1,miR-34a,TWIST2,ZEB1,OVOL2,SNAI2,miR-101",N,7
11473,"SNAI1,miR-34a,TWIST2,ZEB1,OVOL2,SNAI2,miR-101,ZEB2,miR-200c,TGF-beta",P,10
11474,"SNAI1,miR-34a,TWIST2,ZEB1,OVOL2,SNAI2,miR-101,ZEB2,miR-200c,TGF-beta,GSC",N,11
11475,"SNAI1,miR-34a,TWIST2,ZEB1,OVOL2,SNAI2,miR-101,ZEB2,miR-200b,TGF-beta",N,10
11476,"SNAI1,miR-34a,TWIST2,ZEB1,OVOL2,SNAI2,miR-101,ZEB2,miR-200b,TGF-beta,GSC",P,11
11477,"SNAI1,miR-34a,TWIST2,ZEB1,miR-200c,TGF-beta,SNAI2,miR-101",P,8
11478,"SNAI1,miR-34a,TWIST2,ZEB1,miR-200c,TGF-beta",N,6
11479,"SNAI1,miR-34a,TWIST2,ZEB1,miR-200c,TGF-beta,GSC",P,7
11480,"SNAI1,miR-34a,TWIST2,ZEB1,miR-200c,ZEB2,miR-200b,TGF-beta,SNAI2,miR-101",N,10
11481,"SNAI1,miR-34a,TWIST2,ZEB1,miR-200c,ZEB2,miR-200b,TGF-beta",P,8
11482,"SNAI1,miR-34a,TWIST2,ZEB1,miR-200c,ZEB2,miR-200b,TGF-beta,GSC",N,9
11483,"SNAI1,miR-34a,TWIST2,ZEB1,miR-200b,TGF-beta,SNAI2,miR-101",N,8
11484,"SNAI1,miR-34a,TWIST2,ZEB1,miR-200b,TGF-beta",P,6
11485,"SNAI1,miR-34a,TWIST2,ZEB1,miR-200b,TGF-beta,GSC",N,7
11486,"SNAI1,miR-34a,TWIST2,ZEB1,miR-200b,ZEB2,miR-200c,TGF-beta,SNAI2,miR-101",P,10
11487,"SNAI1,miR-34a,TWIST2,ZEB1,miR-200b,ZEB2,miR-200c,TGF-beta",N,8
11488,"SNAI1,miR-34a,TWIST2,ZEB1,miR-200b,ZEB2,miR-200c,TGF-beta,GSC",P,9
11489,"SNAI1,miR-34a,TWIST2,ZEB1,miR-141,TGF-beta,SNAI2,miR-101",N,8
11490,"SNAI1,miR-34a,TWIST2,ZEB1,miR-141,TGF-beta",P,6
11491,"SNAI1,miR-34a,TWIST2,ZEB1,miR-141,TGF-beta,GSC",N,7
11492,"SNAI1,miR-34a,TWIST2,ZEB1,miR-141,ZEB2,miR-200c,TGF-beta,SNAI2,miR-101",N,10
11493,"SNAI1,miR-34a,TWIST2,ZEB1,miR-141,ZEB2,miR-200c,TGF-beta",P,8
11494,"SNAI1,miR-34a,TWIST2,ZEB1,miR-141,ZEB2,miR-200c,TGF-beta,GSC",N,9
11495,"SNAI1,miR-34a,TWIST2,ZEB1,miR-141,ZEB2,miR-200b,TGF-beta,SNAI2,miR-101",P,10
11496,"SNAI1,miR-34a,TWIST2,ZEB1,miR-141,ZEB2,miR-200b,TGF-beta",N,8
11497,"SNAI1,miR-34a,TWIST2,ZEB1,miR-141,ZEB2,miR-200b,TGF-beta,GSC",P,9
11498,"SNAI1,miR-34a,TWIST2,SNAI2,miR-200b,TGF-beta",N,6
11499,"SNAI1,miR-34a,TWIST2,SNAI2,miR-200b,TGF-beta,GSC",P,7
11500,"SNAI1,miR-34a,TWIST2,SNAI2,miR-200b,ZEB2,miR-200c,TGF-beta",P,8
11501,"SNAI1,miR-34a,TWIST2,SNAI2,miR-200b,ZEB2,miR-200c,TGF-beta,GSC",N,9
11502,"SNAI1,miR-34a,TWIST2,SNAI2,miR-200b,ZEB2,miR-200c,ZEB1,GRHL2,OVOL2,TGF-beta",P,11
11503,"SNAI1,miR-34a,TWIST2,SNAI2,miR-200b,ZEB2,miR-200c,ZEB1,GRHL2,OVOL2,TGF-beta,GSC",N,12
11504,"SNAI1,miR-34a,TWIST2,SNAI2,miR-200b,ZEB2,miR-200c,ZEB1,OVOL2,TGF-beta",N,10
11505,"SNAI1,miR-34a,TWIST2,SNAI2,miR-200b,ZEB2,miR-200c,ZEB1,OVOL2,TGF-beta,GSC",P,11
11506,"SNAI1,miR-34a,TWIST2,SNAI2,miR-200b,ZEB2,miR-200c,ZEB1,miR-141,TGF-beta",N,10
11507,"SNAI1,miR-34a,TWIST2,SNAI2,miR-200b,ZEB2,miR-200c,ZEB1,miR-141,TGF-beta,GSC",P,11
11508,"SNAI1,miR-34a,TWIST2,SNAI2,miR-200b,ZEB1,GRHL2,NP63,miR-205,ZEB2,miR-200c,TGF-beta",P,12
11509,"SNAI1,miR-34a,TWIST2,SNAI2,miR-200b,ZEB1,GRHL2,NP63,miR-205,ZEB2,miR-200c,TGF-beta,GSC",N,13
11510,"SNAI1,miR-34a,TWIST2,SNAI2,miR-200b,ZEB1,GRHL2,OVOL2,TGF-beta",P,9
11511,"SNAI1,miR-34a,TWIST2,SNAI2,miR-200b,ZEB1,GRHL2,OVOL2,TGF-beta,GSC",N,10
11512,"SNAI1,miR-34a,TWIST2,SNAI2,miR-200b,ZEB1,GRHL2,OVOL2,NP63,miR-205,ZEB2,miR-200c,TGF-beta",P,13
11513,"SNAI1,miR-34a,TWIST2,SNAI2,miR-200b,ZEB1,GRHL2,OVOL2,NP63,miR-205,ZEB2,miR-200c,TGF-beta,GSC",N,14
11514,"SNAI1,miR-34a,TWIST2,SNAI2,miR-200b,ZEB1,OVOL2,TGF-beta",N,8
11515,"SNAI1,miR-34a,TWIST2,SNAI2,miR-200b,ZEB1,OVOL2,TGF-beta,GSC",P,9
11516,"SNAI1,miR-34a,TWIST2,SNAI2,miR-200b,ZEB1,OVOL2,NP63,miR-205,ZEB2,miR-200c,TGF-beta",N,12
11517,"SNAI1,miR-34a,TWIST2,SNAI2,miR-200b,ZEB1,OVOL2,NP63,miR-205,ZEB2,miR-200c,TGF-beta,GSC",P,13
11518,"SNAI1,miR-34a,TWIST2,SNAI2,miR-200b,ZEB1,miR-200c,TGF-beta",P,8
11519,"SNAI1,miR-34a,TWIST2,SNAI2,miR-200b,ZEB1,miR-200c,TGF-beta,GSC",N,9
11520,"SNAI1,miR-34a,TWIST2,SNAI2,miR-200b,ZEB1,miR-141,TGF-beta",N,8
11521,"SNAI1,miR-34a,TWIST2,SNAI2,miR-200b,ZEB1,miR-141,TGF-beta,GSC",P,9
11522,"SNAI1,miR-34a,TWIST2,SNAI2,miR-200b,ZEB1,miR-141,ZEB2,miR-200c,TGF-beta",N,10
11523,"SNAI1,miR-34a,TWIST2,SNAI2,miR-200b,ZEB1,miR-141,ZEB2,miR-200c,TGF-beta,GSC",P,11
11524,"SNAI1,miR-34a,TWIST2,SNAI2,miR-101",N,5
11525,"SNAI1,miR-34a,TWIST2,SNAI2,miR-101,ZEB2,miR-200c,TGF-beta",P,8
11526,"SNAI1,miR-34a,TWIST2,SNAI2,miR-101,ZEB2,miR-200c,TGF-beta,GSC",N,9
11527,"SNAI1,miR-34a,TWIST2,SNAI2,miR-101,ZEB2,miR-200c,ZEB1,GRHL2,OVOL2,TGF-beta",P,11
11528,"SNAI1,miR-34a,TWIST2,SNAI2,miR-101,ZEB2,miR-200c,ZEB1,GRHL2,OVOL2,TGF-beta,GSC",N,12
11529,"SNAI1,miR-34a,TWIST2,SNAI2,miR-101,ZEB2,miR-200c,ZEB1,OVOL2,TGF-beta",N,10
11530,"SNAI1,miR-34a,TWIST2,SNAI2,miR-101,ZEB2,miR-200c,ZEB1,OVOL2,TGF-beta,GSC",P,11
11531,"SNAI1,miR-34a,TWIST2,SNAI2,miR-101,ZEB2,miR-200c,ZEB1,miR-200b,TGF-beta",N,10
11532,"SNAI1,miR-34a,TWIST2,SNAI2,miR-101,ZEB2,miR-200c,ZEB1,miR-200b,TGF-beta,GSC",P,11
11533,"SNAI1,miR-34a,TWIST2,SNAI2,miR-101,ZEB2,miR-200c,ZEB1,miR-141,TGF-beta",N,10
11534,"SNAI1,miR-34a,TWIST2,SNAI2,miR-101,ZEB2,miR-200c,ZEB1,miR-141,TGF-beta,GSC",P,11
11535,"SNAI1,miR-34a,TWIST2,SNAI2,miR-101,ZEB2,miR-200b,TGF-beta",N,8
11536,"SNAI1,miR-34a,TWIST2,SNAI2,miR-101,ZEB2,miR-200b,TGF-beta,GSC",P,9
11537,"SNAI1,miR-34a,TWIST2,SNAI2,miR-101,ZEB2,miR-200b,ZEB1,GRHL2,OVOL2,TGF-beta",P,11
11538,"SNAI1,miR-34a,TWIST2,SNAI2,miR-101,ZEB2,miR-200b,ZEB1,GRHL2,OVOL2,TGF-beta,GSC",N,12
11539,"SNAI1,miR-34a,TWIST2,SNAI2,miR-101,ZEB2,miR-200b,ZEB1,OVOL2,TGF-beta",N,10
11540,"SNAI1,miR-34a,TWIST2,SNAI2,miR-101,ZEB2,miR-200b,ZEB1,OVOL2,TGF-beta,GSC",P,11
11541,"SNAI1,miR-34a,TWIST2,SNAI2,miR-101,ZEB2,miR-200b,ZEB1,miR-200c,TGF-beta",P,10
11542,"SNAI1,miR-34a,TWIST2,SNAI2,miR-101,ZEB2,miR-200b,ZEB1,miR-200c,TGF-beta,GSC",N,11
11543,"SNAI1,miR-34a,TWIST2,SNAI2,miR-101,ZEB2,miR-200b,ZEB1,miR-141,TGF-beta",N,10
11544,"SNAI1,miR-34a,TWIST2,SNAI2,miR-101,ZEB2,miR-200b,ZEB1,miR-141,TGF-beta,GSC",P,11
11545,"SNAI1,miR-34a,TWIST2,SNAI2,miR-101,ZEB1,GRHL2,NP63,miR-205,ZEB2,miR-200c,TGF-beta",N,12
11546,"SNAI1,miR-34a,TWIST2,SNAI2,miR-101,ZEB1,GRHL2,NP63,miR-205,ZEB2,miR-200c,TGF-beta,GSC",P,13
11547,"SNAI1,miR-34a,TWIST2,SNAI2,miR-101,ZEB1,GRHL2,NP63,miR-205,ZEB2,miR-200b,TGF-beta",P,12
11548,"SNAI1,miR-34a,TWIST2,SNAI2,miR-101,ZEB1,GRHL2,NP63,miR-205,ZEB2,miR-200b,TGF-beta,GSC",N,13
11549,"SNAI1,miR-34a,TWIST2,SNAI2,miR-101,ZEB1,GRHL2,OVOL2,TGF-beta",N,9
11550,"SNAI1,miR-34a,TWIST2,SNAI2,miR-101,ZEB1,GRHL2,OVOL2,TGF-beta,GSC",P,10
11551,"SNAI1,miR-34a,TWIST2,SNAI2,miR-101,ZEB1,GRHL2,OVOL2,NP63,miR-205,ZEB2,miR-200c,TGF-beta",N,13
11552,"SNAI1,miR-34a,TWIST2,SNAI2,miR-101,ZEB1,GRHL2,OVOL2,NP63,miR-205,ZEB2,miR-200c,TGF-beta,GSC",P,14
11553,"SNAI1,miR-34a,TWIST2,SNAI2,miR-101,ZEB1,GRHL2,OVOL2,NP63,miR-205,ZEB2,miR-200b,TGF-beta",P,13
11554,"SNAI1,miR-34a,TWIST2,SNAI2,miR-101,ZEB1,GRHL2,OVOL2,NP63,miR-205,ZEB2,miR-200b,TGF-beta,GSC",N,14
11555,"SNAI1,miR-34a,TWIST2,SNAI2,miR-101,ZEB1,OVOL2,TGF-beta",P,8
11556,"SNAI1,miR-34a,TWIST2,SNAI2,miR-101,ZEB1,OVOL2,TGF-beta,GSC",N,9
11557,"SNAI1,miR-34a,TWIST2,SNAI2,miR-101,ZEB1,OVOL2,NP63,miR-205,ZEB2,miR-200c,TGF-beta",P,12
11558,"SNAI1,miR-34a,TWIST2,SNAI2,miR-101,ZEB1,OVOL2,NP63,miR-205,ZEB2,miR-200c,TGF-beta,GSC",N,13
11559,"SNAI1,miR-34a,TWIST2,SNAI2,miR-101,ZEB1,OVOL2,NP63,miR-205,ZEB2,miR-200b,TGF-beta",N,12
11560,"SNAI1,miR-34a,TWIST2,SNAI2,miR-101,ZEB1,OVOL2,NP63,miR-205,ZEB2,miR-200b,TGF-beta,GSC",P,13
11561,"SNAI1,miR-34a,TWIST2,SNAI2,miR-101,ZEB1,miR-200c,TGF-beta",N,8
11562,"SNAI1,miR-34a,TWIST2,SNAI2,miR-101,ZEB1,miR-200c,TGF-beta,GSC",P,9
11563,"SNAI1,miR-34a,TWIST2,SNAI2,miR-101,ZEB1,miR-200c,ZEB2,miR-200b,TGF-beta",P,10
11564,"SNAI1,miR-34a,TWIST2,SNAI2,miR-101,ZEB1,miR-200c,ZEB2,miR-200b,TGF-beta,GSC",N,11
11565,"SNAI1,miR-34a,TWIST2,SNAI2,miR-101,ZEB1,miR-200b,TGF-beta",P,8
11566,"SNAI1,miR-34a,TWIST2,SNAI2,miR-101,ZEB1,miR-200b,TGF-beta,GSC",N,9
11567,"SNAI1,miR-34a,TWIST2,SNAI2,miR-101,ZEB1,miR-200b,ZEB2,miR-200c,TGF-beta",N,10
11568,"SNAI1,miR-34a,TWIST2,SNAI2,miR-101,ZEB1,miR-200b,ZEB2,miR-200c,TGF-beta,GSC",P,11
11569,"SNAI1,miR-34a,TWIST2,SNAI2,miR-101,ZEB1,miR-141,TGF-beta",P,8
11570,"SNAI1,miR-34a,TWIST2,SNAI2,miR-101,ZEB1,miR-141,TGF-beta,GSC",N,9
11571,"SNAI1,miR-34a,TWIST2,SNAI2,miR-101,ZEB1,miR-141,ZEB2,miR-200c,TGF-beta",P,10
11572,"SNAI1,miR-34a,TWIST2,SNAI2,miR-101,ZEB1,miR-141,ZEB2,miR-200c,TGF-beta,GSC",N,11
11573,"SNAI1,miR-34a,TWIST2,SNAI2,miR-101,ZEB1,miR-141,ZEB2,miR-200b,TGF-beta",N,10
11574,"SNAI1,miR-34a,TWIST2,SNAI2,miR-101,ZEB1,miR-141,ZEB2,miR-200b,TGF-beta,GSC",P,11
11575,"SNAI1,miR-34a,TWIST2",N,3
11576,"SNAI1,miR-34a,SNAI2,miR-200b,TGF-beta",N,5
11577,"SNAI1,miR-34a,SNAI2,miR-200b,TGF-beta,GSC",P,6
11578,"SNAI1,miR-34a,SNAI2,miR-200b,ZEB2,miR-200c,TGF-beta",P,7
11579,"SNAI1,miR-34a,SNAI2,miR-200b,ZEB2,miR-200c,TGF-beta,GSC",N,8
11580,"SNAI1,miR-34a,SNAI2,miR-200b,ZEB2,miR-200c,ZEB1,GRHL2,OVOL2,TGF-beta",P,10
11581,"SNAI1,miR-34a,SNAI2,miR-200b,ZEB2,miR-200c,ZEB1,GRHL2,OVOL2,TGF-beta,GSC",N,11
11582,"SNAI1,miR-34a,SNAI2,miR-200b,ZEB2,miR-200c,ZEB1,OVOL2,TGF-beta",N,9
11583,"SNAI1,miR-34a,SNAI2,miR-200b,ZEB2,miR-200c,ZEB1,OVOL2,TGF-beta,GSC",P,10
11584,"SNAI1,miR-34a,SNAI2,miR-200b,ZEB2,miR-200c,ZEB1,miR-141,TGF-beta",N,9
11585,"SNAI1,miR-34a,SNAI2,miR-200b,ZEB2,miR-200c,ZEB1,miR-141,TGF-beta,GSC",P,10
11586,"SNAI1,miR-34a,SNAI2,miR-200b,ZEB1,GRHL2,NP63,miR-205,ZEB2,miR-200c,TGF-beta",P,11
11587,"SNAI1,miR-34a,SNAI2,miR-200b,ZEB1,GRHL2,NP63,miR-205,ZEB2,miR-200c,TGF-beta,GSC",N,12
11588,"SNAI1,miR-34a,SNAI2,miR-200b,ZEB1,GRHL2,OVOL2,TGF-beta",P,8
11589,"SNAI1,miR-34a,SNAI2,miR-200b,ZEB1,GRHL2,OVOL2,TGF-beta,GSC",N,9
11590,"SNAI1,miR-34a,SNAI2,miR-200b,ZEB1,GRHL2,OVOL2,NP63,miR-205,ZEB2,miR-200c,TGF-beta",P,12
11591,"SNAI1,miR-34a,SNAI2,miR-200b,ZEB1,GRHL2,OVOL2,NP63,miR-205,ZEB2,miR-200c,TGF-beta,GSC",N,13
11592,"SNAI1,miR-34a,SNAI2,miR-200b,ZEB1,OVOL2,TGF-beta",N,7
11593,"SNAI1,miR-34a,SNAI2,miR-200b,ZEB1,OVOL2,TGF-beta,GSC",P,8
11594,"SNAI1,miR-34a,SNAI2,miR-200b,ZEB1,OVOL2,NP63,miR-205,ZEB2,miR-200c,TGF-beta",N,11
11595,"SNAI1,miR-34a,SNAI2,miR-200b,ZEB1,OVOL2,NP63,miR-205,ZEB2,miR-200c,TGF-beta,GSC",P,12
11596,"SNAI1,miR-34a,SNAI2,miR-200b,ZEB1,miR-200c,TGF-beta",P,7
11597,"SNAI1,miR-34a,SNAI2,miR-200b,ZEB1,miR-200c,TGF-beta,GSC",N,8
11598,"SNAI1,miR-34a,SNAI2,miR-200b,ZEB1,miR-141,TGF-beta",N,7
11599,"SNAI1,miR-34a,SNAI2,miR-200b,ZEB1,miR-141,TGF-beta,GSC",P,8
11600,"SNAI1,miR-34a,SNAI2,miR-200b,ZEB1,miR-141,ZEB2,miR-200c,TGF-beta",N,9
11601,"SNAI1,miR-34a,SNAI2,miR-200b,ZEB1,miR-141,ZEB2,miR-200c,TGF-beta,GSC",P,10
11602,"SNAI1,miR-34a,SNAI2,miR-101",N,4
11603,"SNAI1,miR-34a,SNAI2,miR-101,ZEB2,miR-200c,TGF-beta",P,7
11604,"SNAI1,miR-34a,SNAI2,miR-101,ZEB2,miR-200c,TGF-beta,GSC",N,8
11605,"SNAI1,miR-34a,SNAI2,miR-101,ZEB2,miR-200c,ZEB1,GRHL2,OVOL2,TGF-beta",P,10
11606,"SNAI1,miR-34a,SNAI2,miR-101,ZEB2,miR-200c,ZEB1,GRHL2,OVOL2,TGF-beta,GSC",N,11
11607,"SNAI1,miR-34a,SNAI2,miR-101,ZEB2,miR-200c,ZEB1,OVOL2,TGF-beta",N,9
11608,"SNAI1,miR-34a,SNAI2,miR-101,ZEB2,miR-200c,ZEB1,OVOL2,TGF-beta,GSC",P,10
11609,"SNAI1,miR-34a,SNAI2,miR-101,ZEB2,miR-200c,ZEB1,miR-200b,TGF-beta",N,9
11610,"SNAI1,miR-34a,SNAI2,miR-101,ZEB2,miR-200c,ZEB1,miR-200b,TGF-beta,GSC",P,10
11611,"SNAI1,miR-34a,SNAI2,miR-101,ZEB2,miR-200c,ZEB1,miR-141,TGF-beta",N,9
11612,"SNAI1,miR-34a,SNAI2,miR-101,ZEB2,miR-200c,ZEB1,miR-141,TGF-beta,GSC",P,10
11613,"SNAI1,miR-34a,SNAI2,miR-101,ZEB2,miR-200b,TGF-beta",N,7
11614,"SNAI1,miR-34a,SNAI2,miR-101,ZEB2,miR-200b,TGF-beta,GSC",P,8
11615,"SNAI1,miR-34a,SNAI2,miR-101,ZEB2,miR-200b,ZEB1,GRHL2,OVOL2,TGF-beta",P,10
11616,"SNAI1,miR-34a,SNAI2,miR-101,ZEB2,miR-200b,ZEB1,GRHL2,OVOL2,TGF-beta,GSC",N,11
11617,"SNAI1,miR-34a,SNAI2,miR-101,ZEB2,miR-200b,ZEB1,OVOL2,TGF-beta",N,9
11618,"SNAI1,miR-34a,SNAI2,miR-101,ZEB2,miR-200b,ZEB1,OVOL2,TGF-beta,GSC",P,10
11619,"SNAI1,miR-34a,SNAI2,miR-101,ZEB2,miR-200b,ZEB1,miR-200c,TGF-beta",P,9
11620,"SNAI1,miR-34a,SNAI2,miR-101,ZEB2,miR-200b,ZEB1,miR-200c,TGF-beta,GSC",N,10
11621,"SNAI1,miR-34a,SNAI2,miR-101,ZEB2,miR-200b,ZEB1,miR-141,TGF-beta",N,9
11622,"SNAI1,miR-34a,SNAI2,miR-101,ZEB2,miR-200b,ZEB1,miR-141,TGF-beta,GSC",P,10
11623,"SNAI1,miR-34a,SNAI2,miR-101,ZEB1,GRHL2,NP63,miR-205,ZEB2,miR-200c,TGF-beta",N,11
11624,"SNAI1,miR-34a,SNAI2,miR-101,ZEB1,GRHL2,NP63,miR-205,ZEB2,miR-200c,TGF-beta,GSC",P,12
11625,"SNAI1,miR-34a,SNAI2,miR-101,ZEB1,GRHL2,NP63,miR-205,ZEB2,miR-200b,TGF-beta",P,11
11626,"SNAI1,miR-34a,SNAI2,miR-101,ZEB1,GRHL2,NP63,miR-205,ZEB2,miR-200b,TGF-beta,GSC",N,12
11627,"SNAI1,miR-34a,SNAI2,miR-101,ZEB1,GRHL2,OVOL2,TGF-beta",N,8
11628,"SNAI1,miR-34a,SNAI2,miR-101,ZEB1,GRHL2,OVOL2,TGF-beta,GSC",P,9
11629,"SNAI1,miR-34a,SNAI2,miR-101,ZEB1,GRHL2,OVOL2,NP63,miR-205,ZEB2,miR-200c,TGF-beta",N,12
11630,"SNAI1,miR-34a,SNAI2,miR-101,ZEB1,GRHL2,OVOL2,NP63,miR-205,ZEB2,miR-200c,TGF-beta,GSC",P,13
11631,"SNAI1,miR-34a,SNAI2,miR-101,ZEB1,GRHL2,OVOL2,NP63,miR-205,ZEB2,miR-200b,TGF-beta",P,12
11632,"SNAI1,miR-34a,SNAI2,miR-101,ZEB1,GRHL2,OVOL2,NP63,miR-205,ZEB2,miR-200b,TGF-beta,GSC",N,13
11633,"SNAI1,miR-34a,SNAI2,miR-101,ZEB1,OVOL2,TGF-beta",P,7
11634,"SNAI1,miR-34a,SNAI2,miR-101,ZEB1,OVOL2,TGF-beta,GSC",N,8
11635,"SNAI1,miR-34a,SNAI2,miR-101,ZEB1,OVOL2,NP63,miR-205,ZEB2,miR-200c,TGF-beta",P,11
11636,"SNAI1,miR-34a,SNAI2,miR-101,ZEB1,OVOL2,NP63,miR-205,ZEB2,miR-200c,TGF-beta,GSC",N,12
11637,"SNAI1,miR-34a,SNAI2,miR-101,ZEB1,OVOL2,NP63,miR-205,ZEB2,miR-200b,TGF-beta",N,11
11638,"SNAI1,miR-34a,SNAI2,miR-101,ZEB1,OVOL2,NP63,miR-205,ZEB2,miR-200b,TGF-beta,GSC",P,12
11639,"SNAI1,miR-34a,SNAI2,miR-101,ZEB1,miR-200c,TGF-beta",N,7
11640,"SNAI1,miR-34a,SNAI2,miR-101,ZEB1,miR-200c,TGF-beta,GSC",P,8
11641,"SNAI1,miR-34a,SNAI2,miR-101,ZEB1,miR-200c,ZEB2,miR-200b,TGF-beta",P,9
11642,"SNAI1,miR-34a,SNAI2,miR-101,ZEB1,miR-200c,ZEB2,miR-200b,TGF-beta,GSC",N,10
11643,"SNAI1,miR-34a,SNAI2,miR-101,ZEB1,miR-200b,TGF-beta",P,7
11644,"SNAI1,miR-34a,SNAI2,miR-101,ZEB1,miR-200b,TGF-beta,GSC",N,8
11645,"SNAI1,miR-34a,SNAI2,miR-101,ZEB1,miR-200b,ZEB2,miR-200c,TGF-beta",N,9
11646,"SNAI1,miR-34a,SNAI2,miR-101,ZEB1,miR-200b,ZEB2,miR-200c,TGF-beta,GSC",P,10
11647,"SNAI1,miR-34a,SNAI2,miR-101,ZEB1,miR-141,TGF-beta",P,7
11648,"SNAI1,miR-34a,SNAI2,miR-101,ZEB1,miR-141,TGF-beta,GSC",N,8
11649,"SNAI1,miR-34a,SNAI2,miR-101,ZEB1,miR-141,ZEB2,miR-200c,TGF-beta",P,9
11650,"SNAI1,miR-34a,SNAI2,miR-101,ZEB1,miR-141,ZEB2,miR-200c,TGF-beta,GSC",N,10
11651,"SNAI1,miR-34a,SNAI2,miR-101,ZEB1,miR-141,ZEB2,miR-200b,TGF-beta",N,9
11652,"SNAI1,miR-34a,SNAI2,miR-101,ZEB1,miR-141,ZEB2,miR-200b,TGF-beta,GSC",P,10
11653,"SNAI1,miR-34a,SNAI2,TWIST2,ZEB2,miR-200c,TGF-beta",P,7
11654,"SNAI1,miR-34a,SNAI2,TWIST2,ZEB2,miR-200c,TGF-beta,GSC",N,8
11655,"SNAI1,miR-34a,SNAI2,TWIST2,ZEB2,miR-200c,ZEB1,GRHL2,OVOL2,TGF-beta",P,10
11656,"SNAI1,miR-34a,SNAI2,TWIST2,ZEB2,miR-200c,ZEB1,GRHL2,OVOL2,TGF-beta,GSC",N,11
11657,"SNAI1,miR-34a,SNAI2,TWIST2,ZEB2,miR-200c,ZEB1,OVOL2,TGF-beta",N,9
11658,"SNAI1,miR-34a,SNAI2,TWIST2,ZEB2,miR-200c,ZEB1,OVOL2,TGF-beta,GSC",P,10
11659,"SNAI1,miR-34a,SNAI2,TWIST2,ZEB2,miR-200c,ZEB1,miR-200b,TGF-beta",N,9
11660,"SNAI1,miR-34a,SNAI2,TWIST2,ZEB2,miR-200c,ZEB1,miR-200b,TGF-beta,GSC",P,10
11661,"SNAI1,miR-34a,SNAI2,TWIST2,ZEB2,miR-200c,ZEB1,miR-141,TGF-beta",N,9
11662,"SNAI1,miR-34a,SNAI2,TWIST2,ZEB2,miR-200c,ZEB1,miR-141,TGF-beta,GSC",P,10
11663,"SNAI1,miR-34a,SNAI2,TWIST2,ZEB2,miR-200b,TGF-beta",N,7
11664,"SNAI1,miR-34a,SNAI2,TWIST2,ZEB2,miR-200b,TGF-beta,GSC",P,8
11665,"SNAI1,miR-34a,SNAI2,TWIST2,ZEB2,miR-200b,ZEB1,GRHL2,OVOL2,TGF-beta",P,10
11666,"SNAI1,miR-34a,SNAI2,TWIST2,ZEB2,miR-200b,ZEB1,GRHL2,OVOL2,TGF-beta,GSC",N,11
11667,"SNAI1,miR-34a,SNAI2,TWIST2,ZEB2,miR-200b,ZEB1,OVOL2,TGF-beta",N,9
11668,"SNAI1,miR-34a,SNAI2,TWIST2,ZEB2,miR-200b,ZEB1,OVOL2,TGF-beta,GSC",P,10
11669,"SNAI1,miR-34a,SNAI2,TWIST2,ZEB2,miR-200b,ZEB1,miR-200c,TGF-beta",P,9
11670,"SNAI1,miR-34a,SNAI2,TWIST2,ZEB2,miR-200b,ZEB1,miR-200c,TGF-beta,GSC",N,10
11671,"SNAI1,miR-34a,SNAI2,TWIST2,ZEB2,miR-200b,ZEB1,miR-141,TGF-beta",N,9
11672,"SNAI1,miR-34a,SNAI2,TWIST2,ZEB2,miR-200b,ZEB1,miR-141,TGF-beta,GSC",P,10
11673,"SNAI1,miR-34a,SNAI2,TWIST2,ZEB1,GRHL2,NP63,miR-205,ZEB2,miR-200c,TGF-beta",N,11
11674,"SNAI1,miR-34a,SNAI2,TWIST2,ZEB1,GRHL2,NP63,miR-205,ZEB2,miR-200c,TGF-beta,GSC",P,12
11675,"SNAI1,miR-34a,SNAI2,TWIST2,ZEB1,GRHL2,NP63,miR-205,ZEB2,miR-200b,TGF-beta",P,11
11676,"SNAI1,miR-34a,SNAI2,TWIST2,ZEB1,GRHL2,NP63,miR-205,ZEB2,miR-200b,TGF-beta,GSC",N,12
11677,"SNAI1,miR-34a,SNAI2,TWIST2,ZEB1,GRHL2,OVOL2,TGF-beta",N,8
11678,"SNAI1,miR-34a,SNAI2,TWIST2,ZEB1,GRHL2,OVOL2,TGF-beta,GSC",P,9
11679,"SNAI1,miR-34a,SNAI2,TWIST2,ZEB1,GRHL2,OVOL2,NP63,miR-205,ZEB2,miR-200c,TGF-beta",N,12
11680,"SNAI1,miR-34a,SNAI2,TWIST2,ZEB1,GRHL2,OVOL2,NP63,miR-205,ZEB2,miR-200c,TGF-beta,GSC",P,13
11681,"SNAI1,miR-34a,SNAI2,TWIST2,ZEB1,GRHL2,OVOL2,NP63,miR-205,ZEB2,miR-200b,TGF-beta",P,12
11682,"SNAI1,miR-34a,SNAI2,TWIST2,ZEB1,GRHL2,OVOL2,NP63,miR-205,ZEB2,miR-200b,TGF-beta,GSC",N,13
11683,"SNAI1,miR-34a,SNAI2,TWIST2,ZEB1,OVOL2,TGF-beta",P,7
11684,"SNAI1,miR-34a,SNAI2,TWIST2,ZEB1,OVOL2,TGF-beta,GSC",N,8
11685,"SNAI1,miR-34a,SNAI2,TWIST2,ZEB1,OVOL2,NP63,miR-205,ZEB2,miR-200c,TGF-beta",P,11
11686,"SNAI1,miR-34a,SNAI2,TWIST2,ZEB1,OVOL2,NP63,miR-205,ZEB2,miR-200c,TGF-beta,GSC",N,12
11687,"SNAI1,miR-34a,SNAI2,TWIST2,ZEB1,OVOL2,NP63,miR-205,ZEB2,miR-200b,TGF-beta",N,11
11688,"SNAI1,miR-34a,SNAI2,TWIST2,ZEB1,OVOL2,NP63,miR-205,ZEB2,miR-200b,TGF-beta,GSC",P,12
11689,"SNAI1,miR-34a,SNAI2,TWIST2,ZEB1,miR-200c,TGF-beta",N,7
11690,"SNAI1,miR-34a,SNAI2,TWIST2,ZEB1,miR-200c,TGF-beta,GSC",P,8
11691,"SNAI1,miR-34a,SNAI2,TWIST2,ZEB1,miR-200c,ZEB2,miR-200b,TGF-beta",P,9
11692,"SNAI1,miR-34a,SNAI2,TWIST2,ZEB1,miR-200c,ZEB2,miR-200b,TGF-beta,GSC",N,10
11693,"SNAI1,miR-34a,SNAI2,TWIST2,ZEB1,miR-200b,TGF-beta",P,7
11694,"SNAI1,miR-34a,SNAI2,TWIST2,ZEB1,miR-200b,TGF-beta,GSC",N,8
11695,"SNAI1,miR-34a,SNAI2,TWIST2,ZEB1,miR-200b,ZEB2,miR-200c,TGF-beta",N,9
11696,"SNAI1,miR-34a,SNAI2,TWIST2,ZEB1,miR-200b,ZEB2,miR-200c,TGF-beta,GSC",P,10
11697,"SNAI1,miR-34a,SNAI2,TWIST2,ZEB1,miR-141,TGF-beta",P,7
11698,"SNAI1,miR-34a,SNAI2,TWIST2,ZEB1,miR-141,TGF-beta,GSC",N,8
11699,"SNAI1,miR-34a,SNAI2,TWIST2,ZEB1,miR-141,ZEB2,miR-200c,TGF-beta",P,9
11700,"SNAI1,miR-34a,SNAI2,TWIST2,ZEB1,miR-141,ZEB2,miR-200c,TGF-beta,GSC",N,10
11701,"SNAI1,miR-34a,SNAI2,TWIST2,ZEB1,miR-141,ZEB2,miR-200b,TGF-beta",N,9
11702,"SNAI1,miR-34a,SNAI2,TWIST2,ZEB1,miR-141,ZEB2,miR-200b,TGF-beta,GSC",P,10
11703,"SNAI1,miR-34a,SNAI2,TWIST2",N,4
11704,"SNAI1,miR-34a",N,2
11705,"SNAI1,ZEB2,miR-200c,TGF-beta,SNAI2,miR-200b,ZEB1,miR-34a,TWIST2",P,9
11706,"SNAI1,ZEB2,miR-200c,TGF-beta,SNAI2,miR-200b,ZEB1,miR-34a",P,8
11707,"SNAI1,ZEB2,miR-200c,TGF-beta,SNAI2,miR-101",N,6
11708,"SNAI1,ZEB2,miR-200c,TGF-beta,SNAI2,miR-101,ZEB1,miR-34a,TWIST2",N,9
11709,"SNAI1,ZEB2,miR-200c,TGF-beta,SNAI2,miR-101,ZEB1,miR-34a",N,8
11710,"SNAI1,ZEB2,miR-200c,TGF-beta,SNAI2,TWIST2,ZEB1,miR-34a",N,8
11711,"SNAI1,ZEB2,miR-200c,TGF-beta,SNAI2,TWIST2",N,6
11712,"SNAI1,ZEB2,miR-200c,TGF-beta",P,4
11713,"SNAI1,ZEB2,miR-200c,TGF-beta,GSC,ZEB1,GRHL2,NP63,SNAI2,miR-101",N,10
11714,"SNAI1,ZEB2,miR-200c,TGF-beta,GSC,ZEB1,GRHL2,NP63,SNAI2,TWIST2",N,10
11715,"SNAI1,ZEB2,miR-200c,TGF-beta,GSC,ZEB1,GRHL2,OVOL2,NP63,SNAI2,miR-101",N,11
11716,"SNAI1,ZEB2,miR-200c,TGF-beta,GSC,ZEB1,GRHL2,OVOL2,NP63,SNAI2,TWIST2",N,11
11717,"SNAI1,ZEB2,miR-200c,TGF-beta,GSC,ZEB1,GRHL2,OVOL2,SNAI2,miR-101",N,10
11718,"SNAI1,ZEB2,miR-200c,TGF-beta,GSC,ZEB1,GRHL2,OVOL2,SNAI2,TWIST2",N,10
11719,"SNAI1,ZEB2,miR-200c,TGF-beta,GSC,ZEB1,OVOL2,NP63,SNAI2,miR-101",P,10
11720,"SNAI1,ZEB2,miR-200c,TGF-beta,GSC,ZEB1,OVOL2,NP63,SNAI2,TWIST2",P,10
11721,"SNAI1,ZEB2,miR-200c,TGF-beta,GSC,ZEB1,OVOL2,SNAI2,miR-101",P,9
11722,"SNAI1,ZEB2,miR-200c,TGF-beta,GSC,ZEB1,OVOL2,SNAI2,TWIST2",P,9
11723,"SNAI1,ZEB2,miR-200c,TGF-beta,GSC,ZEB1,miR-34a,TWIST2,SNAI2,miR-101",P,10
11724,"SNAI1,ZEB2,miR-200c,TGF-beta,GSC,ZEB1,miR-34a,TWIST2",P,8
11725,"SNAI1,ZEB2,miR-200c,TGF-beta,GSC,ZEB1,miR-34a,SNAI2,miR-101",P,9
11726,"SNAI1,ZEB2,miR-200c,TGF-beta,GSC,ZEB1,miR-34a,SNAI2,TWIST2",P,9
11727,"SNAI1,ZEB2,miR-200c,TGF-beta,GSC,ZEB1,miR-34a",P,7
11728,"SNAI1,ZEB2,miR-200c,TGF-beta,GSC",N,5
11729,"SNAI1,ZEB2,miR-200c,ZEB1,GRHL2,NP63,SNAI2,miR-200b,TGF-beta",N,9
11730,"SNAI1,ZEB2,miR-200c,ZEB1,GRHL2,NP63,SNAI2,miR-200b,TGF-beta,GSC",P,10
11731,"SNAI1,ZEB2,miR-200c,ZEB1,GRHL2,NP63,SNAI2,miR-101",N,8
11732,"SNAI1,ZEB2,miR-200c,ZEB1,GRHL2,NP63,SNAI2,TWIST2",N,8
11733,"SNAI1,ZEB2,miR-200c,ZEB1,GRHL2,OVOL2,TGF-beta,SNAI2,miR-101",N,9
11734,"SNAI1,ZEB2,miR-200c,ZEB1,GRHL2,OVOL2,TGF-beta,SNAI2,TWIST2",N,9
11735,"SNAI1,ZEB2,miR-200c,ZEB1,GRHL2,OVOL2,TGF-beta",P,7
11736,"SNAI1,ZEB2,miR-200c,ZEB1,GRHL2,OVOL2,TGF-beta,GSC",N,8
11737,"SNAI1,ZEB2,miR-200c,ZEB1,GRHL2,OVOL2,NP63,SNAI2,miR-200b,TGF-beta",N,10
11738,"SNAI1,ZEB2,miR-200c,ZEB1,GRHL2,OVOL2,NP63,SNAI2,miR-200b,TGF-beta,GSC",P,11
11739,"SNAI1,ZEB2,miR-200c,ZEB1,GRHL2,OVOL2,NP63,SNAI2,miR-101",N,9
11740,"SNAI1,ZEB2,miR-200c,ZEB1,GRHL2,OVOL2,NP63,SNAI2,TWIST2",N,9
11741,"SNAI1,ZEB2,miR-200c,ZEB1,GRHL2,OVOL2,SNAI2,miR-200b,TGF-beta",N,9
11742,"SNAI1,ZEB2,miR-200c,ZEB1,GRHL2,OVOL2,SNAI2,miR-200b,TGF-beta,GSC",P,10
11743,"SNAI1,ZEB2,miR-200c,ZEB1,GRHL2,OVOL2,SNAI2,miR-101",N,8
11744,"SNAI1,ZEB2,miR-200c,ZEB1,GRHL2,OVOL2,SNAI2,TWIST2",N,8
11745,"SNAI1,ZEB2,miR-200c,ZEB1,OVOL2,TGF-beta,SNAI2,miR-101",P,8
11746,"SNAI1,ZEB2,miR-200c,ZEB1,OVOL2,TGF-beta,SNAI2,TWIST2",P,8
11747,"SNAI1,ZEB2,miR-200c,ZEB1,OVOL2,TGF-beta",N,6
11748,"SNAI1,ZEB2,miR-200c,ZEB1,OVOL2,TGF-beta,GSC",P,7
11749,"SNAI1,ZEB2,miR-200c,ZEB1,OVOL2,NP63,SNAI2,miR-200b,TGF-beta",P,9
11750,"SNAI1,ZEB2,miR-200c,ZEB1,OVOL2,NP63,SNAI2,miR-200b,TGF-beta,GSC",N,10
11751,"SNAI1,ZEB2,miR-200c,ZEB1,OVOL2,NP63,SNAI2,miR-101",P,8
11752,"SNAI1,ZEB2,miR-200c,ZEB1,OVOL2,NP63,SNAI2,TWIST2",P,8
11753,"SNAI1,ZEB2,miR-200c,ZEB1,OVOL2,SNAI2,miR-200b,TGF-beta",P,8
11754,"SNAI1,ZEB2,miR-200c,ZEB1,OVOL2,SNAI2,miR-200b,TGF-beta,GSC",N,9
11755,"SNAI1,ZEB2,miR-200c,ZEB1,OVOL2,SNAI2,miR-101",P,7
11756,"SNAI1,ZEB2,miR-200c,ZEB1,OVOL2,SNAI2,TWIST2",P,7
11757,"SNAI1,ZEB2,miR-200c,ZEB1,miR-34a,TWIST2,SNAI2,miR-200b,TGF-beta",P,9
11758,"SNAI1,ZEB2,miR-200c,ZEB1,miR-34a,TWIST2,SNAI2,miR-200b,TGF-beta,GSC",N,10
11759,"SNAI1,ZEB2,miR-200c,ZEB1,miR-34a,TWIST2,SNAI2,miR-101",P,8
11760,"SNAI1,ZEB2,miR-200c,ZEB1,miR-34a,TWIST2",P,6
11761,"SNAI1,ZEB2,miR-200c,ZEB1,miR-34a,SNAI2,miR-200b,TGF-beta",P,8
11762,"SNAI1,ZEB2,miR-200c,ZEB1,miR-34a,SNAI2,miR-200b,TGF-beta,GSC",N,9
11763,"SNAI1,ZEB2,miR-200c,ZEB1,miR-34a,SNAI2,miR-101",P,7
11764,"SNAI1,ZEB2,miR-200c,ZEB1,miR-34a,SNAI2,TWIST2",P,7
11765,"SNAI1,ZEB2,miR-200c,ZEB1,miR-34a",P,5
11766,"SNAI1,ZEB2,miR-200c,ZEB1,miR-200b,TGF-beta,SNAI2,miR-101",P,8
11767,"SNAI1,ZEB2,miR-200c,ZEB1,miR-200b,TGF-beta,SNAI2,TWIST2",P,8
11768,"SNAI1,ZEB2,miR-200c,ZEB1,miR-200b,TGF-beta",N,6
11769,"SNAI1,ZEB2,miR-200c,ZEB1,miR-200b,TGF-beta,GSC",P,7
11770,"SNAI1,ZEB2,miR-200c,ZEB1,miR-141,TGF-beta,SNAI2,miR-101",P,8
11771,"SNAI1,ZEB2,miR-200c,ZEB1,miR-141,TGF-beta,SNAI2,TWIST2",P,8
11772,"SNAI1,ZEB2,miR-200c,ZEB1,miR-141,TGF-beta",N,6
11773,"SNAI1,ZEB2,miR-200c,ZEB1,miR-141,TGF-beta,GSC",P,7
11774,"SNAI1,ZEB2,miR-200b,TGF-beta,SNAI2,miR-101",P,6
11775,"SNAI1,ZEB2,miR-200b,TGF-beta,SNAI2,miR-101,ZEB1,miR-34a,TWIST2",P,9
11776,"SNAI1,ZEB2,miR-200b,TGF-beta,SNAI2,miR-101,ZEB1,miR-34a",P,8
11777,"SNAI1,ZEB2,miR-200b,TGF-beta,SNAI2,TWIST2,ZEB1,miR-34a",P,8
11778,"SNAI1,ZEB2,miR-200b,TGF-beta,SNAI2,TWIST2",P,6
11779,"SNAI1,ZEB2,miR-200b,TGF-beta",N,4
11780,"SNAI1,ZEB2,miR-200b,TGF-beta,GSC,ZEB1,GRHL2,NP63,SNAI2,miR-101",P,10
11781,"SNAI1,ZEB2,miR-200b,TGF-beta,GSC,ZEB1,GRHL2,NP63,SNAI2,TWIST2",P,10
11782,"SNAI1,ZEB2,miR-200b,TGF-beta,GSC,ZEB1,GRHL2,OVOL2,NP63,SNAI2,miR-101",P,11
11783,"SNAI1,ZEB2,miR-200b,TGF-beta,GSC,ZEB1,GRHL2,OVOL2,NP63,SNAI2,TWIST2",P,11
11784,"SNAI1,ZEB2,miR-200b,TGF-beta,GSC,ZEB1,GRHL2,OVOL2,SNAI2,miR-101",P,10
11785,"SNAI1,ZEB2,miR-200b,TGF-beta,GSC,ZEB1,GRHL2,OVOL2,SNAI2,TWIST2",P,10
11786,"SNAI1,ZEB2,miR-200b,TGF-beta,GSC,ZEB1,OVOL2,NP63,SNAI2,miR-101",N,10
11787,"SNAI1,ZEB2,miR-200b,TGF-beta,GSC,ZEB1,OVOL2,NP63,SNAI2,TWIST2",N,10
11788,"SNAI1,ZEB2,miR-200b,TGF-beta,GSC,ZEB1,OVOL2,SNAI2,miR-101",N,9
11789,"SNAI1,ZEB2,miR-200b,TGF-beta,GSC,ZEB1,OVOL2,SNAI2,TWIST2",N,9
11790,"SNAI1,ZEB2,miR-200b,TGF-beta,GSC,ZEB1,miR-34a,TWIST2,SNAI2,miR-101",N,10
11791,"SNAI1,ZEB2,miR-200b,TGF-beta,GSC,ZEB1,miR-34a,TWIST2",N,8
11792,"SNAI1,ZEB2,miR-200b,TGF-beta,GSC,ZEB1,miR-34a,SNAI2,miR-101",N,9
11793,"SNAI1,ZEB2,miR-200b,TGF-beta,GSC,ZEB1,miR-34a,SNAI2,TWIST2",N,9
11794,"SNAI1,ZEB2,miR-200b,TGF-beta,GSC,ZEB1,miR-34a",N,7
11795,"SNAI1,ZEB2,miR-200b,TGF-beta,GSC",P,5
11796,"SNAI1,ZEB2,miR-200b,ZEB1,GRHL2,NP63,SNAI2,miR-101",N,8
11797,"SNAI1,ZEB2,miR-200b,ZEB1,GRHL2,NP63,SNAI2,TWIST2",N,8
11798,"SNAI1,ZEB2,miR-200b,ZEB1,GRHL2,OVOL2,TGF-beta,SNAI2,miR-101",N,9
11799,"SNAI1,ZEB2,miR-200b,ZEB1,GRHL2,OVOL2,TGF-beta,SNAI2,TWIST2",N,9
11800,"SNAI1,ZEB2,miR-200b,ZEB1,GRHL2,OVOL2,TGF-beta",P,7
11801,"SNAI1,ZEB2,miR-200b,ZEB1,GRHL2,OVOL2,TGF-beta,GSC",N,8
11802,"SNAI1,ZEB2,miR-200b,ZEB1,GRHL2,OVOL2,NP63,SNAI2,miR-101",N,9
11803,"SNAI1,ZEB2,miR-200b,ZEB1,GRHL2,OVOL2,NP63,SNAI2,TWIST2",N,9
11804,"SNAI1,ZEB2,miR-200b,ZEB1,GRHL2,OVOL2,SNAI2,miR-101",N,8
11805,"SNAI1,ZEB2,miR-200b,ZEB1,GRHL2,OVOL2,SNAI2,TWIST2",N,8
11806,"SNAI1,ZEB2,miR-200b,ZEB1,OVOL2,TGF-beta,SNAI2,miR-101",P,8
11807,"SNAI1,ZEB2,miR-200b,ZEB1,OVOL2,TGF-beta,SNAI2,TWIST2",P,8
11808,"SNAI1,ZEB2,miR-200b,ZEB1,OVOL2,TGF-beta",N,6
11809,"SNAI1,ZEB2,miR-200b,ZEB1,OVOL2,TGF-beta,GSC",P,7
11810,"SNAI1,ZEB2,miR-200b,ZEB1,OVOL2,NP63,SNAI2,miR-101",P,8
11811,"SNAI1,ZEB2,miR-200b,ZEB1,OVOL2,NP63,SNAI2,TWIST2",P,8
11812,"SNAI1,ZEB2,miR-200b,ZEB1,OVOL2,SNAI2,miR-101",P,7
11813,"SNAI1,ZEB2,miR-200b,ZEB1,OVOL2,SNAI2,TWIST2",P,7
11814,"SNAI1,ZEB2,miR-200b,ZEB1,miR-34a,TWIST2,SNAI2,miR-101",P,8
11815,"SNAI1,ZEB2,miR-200b,ZEB1,miR-34a,TWIST2",P,6
11816,"SNAI1,ZEB2,miR-200b,ZEB1,miR-34a,SNAI2,miR-101",P,7
11817,"SNAI1,ZEB2,miR-200b,ZEB1,miR-34a,SNAI2,TWIST2",P,7
11818,"SNAI1,ZEB2,miR-200b,ZEB1,miR-34a",P,5
11819,"SNAI1,ZEB2,miR-200b,ZEB1,miR-200c,TGF-beta,SNAI2,miR-101",N,8
11820,"SNAI1,ZEB2,miR-200b,ZEB1,miR-200c,TGF-beta,SNAI2,TWIST2",N,8
11821,"SNAI1,ZEB2,miR-200b,ZEB1,miR-200c,TGF-beta",P,6
11822,"SNAI1,ZEB2,miR-200b,ZEB1,miR-200c,TGF-beta,GSC",N,7
11823,"SNAI1,ZEB2,miR-200b,ZEB1,miR-141,TGF-beta,SNAI2,miR-101",P,8
11824,"SNAI1,ZEB2,miR-200b,ZEB1,miR-141,TGF-beta,SNAI2,TWIST2",P,8
11825,"SNAI1,ZEB2,miR-200b,ZEB1,miR-141,TGF-beta",N,6
11826,"SNAI1,ZEB2,miR-200b,ZEB1,miR-141,TGF-beta,GSC",P,7
11827,"SNAI1,ZEB1,GRHL2,NP63,miR-205,ZEB2,miR-200c,TGF-beta,SNAI2,miR-101",P,10
11828,"SNAI1,ZEB1,GRHL2,NP63,miR-205,ZEB2,miR-200c,TGF-beta,SNAI2,TWIST2",P,10
11829,"SNAI1,ZEB1,GRHL2,NP63,miR-205,ZEB2,miR-200c,TGF-beta",N,8
11830,"SNAI1,ZEB1,GRHL2,NP63,miR-205,ZEB2,miR-200c,TGF-beta,GSC",P,9
11831,"SNAI1,ZEB1,GRHL2,NP63,miR-205,ZEB2,miR-200b,TGF-beta,SNAI2,miR-101",N,10
11832,"SNAI1,ZEB1,GRHL2,NP63,miR-205,ZEB2,miR-200b,TGF-beta,SNAI2,TWIST2",N,10
11833,"SNAI1,ZEB1,GRHL2,NP63,miR-205,ZEB2,miR-200b,TGF-beta",P,8
11834,"SNAI1,ZEB1,GRHL2,NP63,miR-205,ZEB2,miR-200b,TGF-beta,GSC",N,9
11835,"SNAI1,ZEB1,GRHL2,NP63,SNAI2,miR-200b,TGF-beta",P,7
11836,"SNAI1,ZEB1,GRHL2,NP63,SNAI2,miR-200b,TGF-beta,GSC",N,8
11837,"SNAI1,ZEB1,GRHL2,NP63,SNAI2,miR-200b,ZEB2,miR-200c,TGF-beta",N,9
11838,"SNAI1,ZEB1,GRHL2,NP63,SNAI2,miR-200b,ZEB2,miR-200c,TGF-beta,GSC",P,10
11839,"SNAI1,ZEB1,GRHL2,NP63,SNAI2,miR-101",P,6
11840,"SNAI1,ZEB1,GRHL2,NP63,SNAI2,miR-101,ZEB2,miR-200c,TGF-beta",N,9
11841,"SNAI1,ZEB1,GRHL2,NP63,SNAI2,miR-101,ZEB2,miR-200c,TGF-beta,GSC",P,10
11842,"SNAI1,ZEB1,GRHL2,NP63,SNAI2,miR-101,ZEB2,miR-200b,TGF-beta",P,9
11843,"SNAI1,ZEB1,GRHL2,NP63,SNAI2,miR-101,ZEB2,miR-200b,TGF-beta,GSC",N,10
11844,"SNAI1,ZEB1,GRHL2,NP63,SNAI2,TWIST2,ZEB2,miR-200c,TGF-beta",N,9
11845,"SNAI1,ZEB1,GRHL2,NP63,SNAI2,TWIST2,ZEB2,miR-200c,TGF-beta,GSC",P,10
11846,"SNAI1,ZEB1,GRHL2,NP63,SNAI2,TWIST2,ZEB2,miR-200b,TGF-beta",P,9
11847,"SNAI1,ZEB1,GRHL2,NP63,SNAI2,TWIST2,ZEB2,miR-200b,TGF-beta,GSC",N,10
11848,"SNAI1,ZEB1,GRHL2,NP63,SNAI2,TWIST2",P,6
11849,"SNAI1,ZEB1,GRHL2,OVOL2,TGF-beta,SNAI2,miR-101",P,7
11850,"SNAI1,ZEB1,GRHL2,OVOL2,TGF-beta,SNAI2,TWIST2",P,7
11851,"SNAI1,ZEB1,GRHL2,OVOL2,TGF-beta",N,5
11852,"SNAI1,ZEB1,GRHL2,OVOL2,TGF-beta,GSC",P,6
11853,"SNAI1,ZEB1,GRHL2,OVOL2,NP63,miR-205,ZEB2,miR-200c,TGF-beta,SNAI2,miR-101",P,11
11854,"SNAI1,ZEB1,GRHL2,OVOL2,NP63,miR-205,ZEB2,miR-200c,TGF-beta,SNAI2,TWIST2",P,11
11855,"SNAI1,ZEB1,GRHL2,OVOL2,NP63,miR-205,ZEB2,miR-200c,TGF-beta",N,9
11856,"SNAI1,ZEB1,GRHL2,OVOL2,NP63,miR-205,ZEB2,miR-200c,TGF-beta,GSC",P,10
11857,"SNAI1,ZEB1,GRHL2,OVOL2,NP63,miR-205,ZEB2,miR-200b,TGF-beta,SNAI2,miR-101",N,11
11858,"SNAI1,ZEB1,GRHL2,OVOL2,NP63,miR-205,ZEB2,miR-200b,TGF-beta,SNAI2,TWIST2",N,11
11859,"SNAI1,ZEB1,GRHL2,OVOL2,NP63,miR-205,ZEB2,miR-200b,TGF-beta",P,9
11860,"SNAI1,ZEB1,GRHL2,OVOL2,NP63,miR-205,ZEB2,miR-200b,TGF-beta,GSC",N,10
11861,"SNAI1,ZEB1,GRHL2,OVOL2,NP63,SNAI2,miR-200b,TGF-beta",P,8
11862,"SNAI1,ZEB1,GRHL2,OVOL2,NP63,SNAI2,miR-200b,TGF-beta,GSC",N,9
11863,"SNAI1,ZEB1,GRHL2,OVOL2,NP63,SNAI2,miR-200b,ZEB2,miR-200c,TGF-beta",N,10
11864,"SNAI1,ZEB1,GRHL2,OVOL2,NP63,SNAI2,miR-200b,ZEB2,miR-200c,TGF-beta,GSC",P,11
11865,"SNAI1,ZEB1,GRHL2,OVOL2,NP63,SNAI2,miR-101",P,7
11866,"SNAI1,ZEB1,GRHL2,OVOL2,NP63,SNAI2,miR-101,ZEB2,miR-200c,TGF-beta",N,10
11867,"SNAI1,ZEB1,GRHL2,OVOL2,NP63,SNAI2,miR-101,ZEB2,miR-200c,TGF-beta,GSC",P,11
11868,"SNAI1,ZEB1,GRHL2,OVOL2,NP63,SNAI2,miR-101,ZEB2,miR-200b,TGF-beta",P,10
11869,"SNAI1,ZEB1,GRHL2,OVOL2,NP63,SNAI2,miR-101,ZEB2,miR-200b,TGF-beta,GSC",N,11
11870,"SNAI1,ZEB1,GRHL2,OVOL2,NP63,SNAI2,TWIST2,ZEB2,miR-200c,TGF-beta",N,10
11871,"SNAI1,ZEB1,GRHL2,OVOL2,NP63,SNAI2,TWIST2,ZEB2,miR-200c,TGF-beta,GSC",P,11
11872,"SNAI1,ZEB1,GRHL2,OVOL2,NP63,SNAI2,TWIST2,ZEB2,miR-200b,TGF-beta",P,10
11873,"SNAI1,ZEB1,GRHL2,OVOL2,NP63,SNAI2,TWIST2,ZEB2,miR-200b,TGF-beta,GSC",N,11
11874,"SNAI1,ZEB1,GRHL2,OVOL2,NP63,SNAI2,TWIST2",P,7
11875,"SNAI1,ZEB1,GRHL2,OVOL2,SNAI2,miR-200b,TGF-beta",P,7
11876,"SNAI1,ZEB1,GRHL2,OVOL2,SNAI2,miR-200b,TGF-beta,GSC",N,8
11877,"SNAI1,ZEB1,GRHL2,OVOL2,SNAI2,miR-200b,ZEB2,miR-200c,TGF-beta",N,9
11878,"SNAI1,ZEB1,GRHL2,OVOL2,SNAI2,miR-200b,ZEB2,miR-200c,TGF-beta,GSC",P,10
11879,"SNAI1,ZEB1,GRHL2,OVOL2,SNAI2,miR-101",P,6
11880,"SNAI1,ZEB1,GRHL2,OVOL2,SNAI2,miR-101,ZEB2,miR-200c,TGF-beta",N,9
11881,"SNAI1,ZEB1,GRHL2,OVOL2,SNAI2,miR-101,ZEB2,miR-200c,TGF-beta,GSC",P,10
11882,"SNAI1,ZEB1,GRHL2,OVOL2,SNAI2,miR-101,ZEB2,miR-200b,TGF-beta",P,9
11883,"SNAI1,ZEB1,GRHL2,OVOL2,SNAI2,miR-101,ZEB2,miR-200b,TGF-beta,GSC",N,10
11884,"SNAI1,ZEB1,GRHL2,OVOL2,SNAI2,TWIST2,ZEB2,miR-200c,TGF-beta",N,9
11885,"SNAI1,ZEB1,GRHL2,OVOL2,SNAI2,TWIST2,ZEB2,miR-200c,TGF-beta,GSC",P,10
11886,"SNAI1,ZEB1,GRHL2,OVOL2,SNAI2,TWIST2,ZEB2,miR-200b,TGF-beta",P,9
11887,"SNAI1,ZEB1,GRHL2,OVOL2,SNAI2,TWIST2,ZEB2,miR-200b,TGF-beta,GSC",N,10
11888,"SNAI1,ZEB1,GRHL2,OVOL2,SNAI2,TWIST2",P,6
11889,"SNAI1,ZEB1,OVOL2,TGF-beta,SNAI2,miR-101",N,6
11890,"SNAI1,ZEB1,OVOL2,TGF-beta,SNAI2,TWIST2",N,6
11891,"SNAI1,ZEB1,OVOL2,TGF-beta",P,4
11892,"SNAI1,ZEB1,OVOL2,TGF-beta,GSC",N,5
11893,"SNAI1,ZEB1,OVOL2,NP63,miR-205,ZEB2,miR-200c,TGF-beta,SNAI2,miR-101",N,10
11894,"SNAI1,ZEB1,OVOL2,NP63,miR-205,ZEB2,miR-200c,TGF-beta,SNAI2,TWIST2",N,10
11895,"SNAI1,ZEB1,OVOL2,NP63,miR-205,ZEB2,miR-200c,TGF-beta",P,8
11896,"SNAI1,ZEB1,OVOL2,NP63,miR-205,ZEB2,miR-200c,TGF-beta,GSC",N,9
11897,"SNAI1,ZEB1,OVOL2,NP63,miR-205,ZEB2,miR-200b,TGF-beta,SNAI2,miR-101",P,10
11898,"SNAI1,ZEB1,OVOL2,NP63,miR-205,ZEB2,miR-200b,TGF-beta,SNAI2,TWIST2",P,10
11899,"SNAI1,ZEB1,OVOL2,NP63,miR-205,ZEB2,miR-200b,TGF-beta",N,8
11900,"SNAI1,ZEB1,OVOL2,NP63,miR-205,ZEB2,miR-200b,TGF-beta,GSC",P,9
11901,"SNAI1,ZEB1,OVOL2,NP63,SNAI2,miR-200b,TGF-beta",N,7
11902,"SNAI1,ZEB1,OVOL2,NP63,SNAI2,miR-200b,TGF-beta,GSC",P,8
11903,"SNAI1,ZEB1,OVOL2,NP63,SNAI2,miR-200b,ZEB2,miR-200c,TGF-beta",P,9
11904,"SNAI1,ZEB1,OVOL2,NP63,SNAI2,miR-200b,ZEB2,miR-200c,TGF-beta,GSC",N,10
11905,"SNAI1,ZEB1,OVOL2,NP63,SNAI2,miR-101",N,6
11906,"SNAI1,ZEB1,OVOL2,NP63,SNAI2,miR-101,ZEB2,miR-200c,TGF-beta",P,9
11907,"SNAI1,ZEB1,OVOL2,NP63,SNAI2,miR-101,ZEB2,miR-200c,TGF-beta,GSC",N,10
11908,"SNAI1,ZEB1,OVOL2,NP63,SNAI2,miR-101,ZEB2,miR-200b,TGF-beta",N,9
11909,"SNAI1,ZEB1,OVOL2,NP63,SNAI2,miR-101,ZEB2,miR-200b,TGF-beta,GSC",P,10
11910,"SNAI1,ZEB1,OVOL2,NP63,SNAI2,TWIST2,ZEB2,miR-200c,TGF-beta",P,9
11911,"SNAI1,ZEB1,OVOL2,NP63,SNAI2,TWIST2,ZEB2,miR-200c,TGF-beta,GSC",N,10
11912,"SNAI1,ZEB1,OVOL2,NP63,SNAI2,TWIST2,ZEB2,miR-200b,TGF-beta",N,9
11913,"SNAI1,ZEB1,OVOL2,NP63,SNAI2,TWIST2,ZEB2,miR-200b,TGF-beta,GSC",P,10
11914,"SNAI1,ZEB1,OVOL2,NP63,SNAI2,TWIST2",N,6
11915,"SNAI1,ZEB1,OVOL2,SNAI2,miR-200b,TGF-beta",N,6
11916,"SNAI1,ZEB1,OVOL2,SNAI2,miR-200b,TGF-beta,GSC",P,7
11917,"SNAI1,ZEB1,OVOL2,SNAI2,miR-200b,ZEB2,miR-200c,TGF-beta",P,8
11918,"SNAI1,ZEB1,OVOL2,SNAI2,miR-200b,ZEB2,miR-200c,TGF-beta,GSC",N,9
11919,"SNAI1,ZEB1,OVOL2,SNAI2,miR-101",N,5
11920,"SNAI1,ZEB1,OVOL2,SNAI2,miR-101,ZEB2,miR-200c,TGF-beta",P,8
11921,"SNAI1,ZEB1,OVOL2,SNAI2,miR-101,ZEB2,miR-200c,TGF-beta,GSC",N,9
11922,"SNAI1,ZEB1,OVOL2,SNAI2,miR-101,ZEB2,miR-200b,TGF-beta",N,8
11923,"SNAI1,ZEB1,OVOL2,SNAI2,miR-101,ZEB2,miR-200b,TGF-beta,GSC",P,9
11924,"SNAI1,ZEB1,OVOL2,SNAI2,TWIST2,ZEB2,miR-200c,TGF-beta",P,8
11925,"SNAI1,ZEB1,OVOL2,SNAI2,TWIST2,ZEB2,miR-200c,TGF-beta,GSC",N,9
11926,"SNAI1,ZEB1,OVOL2,SNAI2,TWIST2,ZEB2,miR-200b,TGF-beta",N,8
11927,"SNAI1,ZEB1,OVOL2,SNAI2,TWIST2,ZEB2,miR-200b,TGF-beta,GSC",P,9
11928,"SNAI1,ZEB1,OVOL2,SNAI2,TWIST2",N,5
11929,"SNAI1,ZEB1,miR-34a,TWIST2,ZEB2,miR-200c,TGF-beta,SNAI2,miR-101",N,9
11930,"SNAI1,ZEB1,miR-34a,TWIST2,ZEB2,miR-200c,TGF-beta",P,7
11931,"SNAI1,ZEB1,miR-34a,TWIST2,ZEB2,miR-200c,TGF-beta,GSC",N,8
11932,"SNAI1,ZEB1,miR-34a,TWIST2,ZEB2,miR-200b,TGF-beta,SNAI2,miR-101",P,9
11933,"SNAI1,ZEB1,miR-34a,TWIST2,ZEB2,miR-200b,TGF-beta",N,7
11934,"SNAI1,ZEB1,miR-34a,TWIST2,ZEB2,miR-200b,TGF-beta,GSC",P,8
11935,"SNAI1,ZEB1,miR-34a,TWIST2,SNAI2,miR-200b,TGF-beta",N,7
11936,"SNAI1,ZEB1,miR-34a,TWIST2,SNAI2,miR-200b,TGF-beta,GSC",P,8
11937,"SNAI1,ZEB1,miR-34a,TWIST2,SNAI2,miR-200b,ZEB2,miR-200c,TGF-beta",P,9
11938,"SNAI1,ZEB1,miR-34a,TWIST2,SNAI2,miR-200b,ZEB2,miR-200c,TGF-beta,GSC",N,10
11939,"SNAI1,ZEB1,miR-34a,TWIST2,SNAI2,miR-101",N,6
11940,"SNAI1,ZEB1,miR-34a,TWIST2,SNAI2,miR-101,ZEB2,miR-200c,TGF-beta",P,9
11941,"SNAI1,ZEB1,miR-34a,TWIST2,SNAI2,miR-101,ZEB2,miR-200c,TGF-beta,GSC",N,10
11942,"SNAI1,ZEB1,miR-34a,TWIST2,SNAI2,miR-101,ZEB2,miR-200b,TGF-beta",N,9
11943,"SNAI1,ZEB1,miR-34a,TWIST2,SNAI2,miR-101,ZEB2,miR-200b,TGF-beta,GSC",P,10
11944,"SNAI1,ZEB1,miR-34a,TWIST2",N,4
11945,"SNAI1,ZEB1,miR-34a,SNAI2,miR-200b,TGF-beta",N,6
11946,"SNAI1,ZEB1,miR-34a,SNAI2,miR-200b,TGF-beta,GSC",P,7
11947,"SNAI1,ZEB1,miR-34a,SNAI2,miR-200b,ZEB2,miR-200c,TGF-beta",P,8
11948,"SNAI1,ZEB1,miR-34a,SNAI2,miR-200b,ZEB2,miR-200c,TGF-beta,GSC",N,9
11949,"SNAI1,ZEB1,miR-34a,SNAI2,miR-101",N,5
11950,"SNAI1,ZEB1,miR-34a,SNAI2,miR-101,ZEB2,miR-200c,TGF-beta",P,8
11951,"SNAI1,ZEB1,miR-34a,SNAI2,miR-101,ZEB2,miR-200c,TGF-beta,GSC",N,9
11952,"SNAI1,ZEB1,miR-34a,SNAI2,miR-101,ZEB2,miR-200b,TGF-beta",N,8
11953,"SNAI1,ZEB1,miR-34a,SNAI2,miR-101,ZEB2,miR-200b,TGF-beta,GSC",P,9
11954,"SNAI1,ZEB1,miR-34a,SNAI2,TWIST2,ZEB2,miR-200c,TGF-beta",P,8
11955,"SNAI1,ZEB1,miR-34a,SNAI2,TWIST2,ZEB2,miR-200c,TGF-beta,GSC",N,9
11956,"SNAI1,ZEB1,miR-34a,SNAI2,TWIST2,ZEB2,miR-200b,TGF-beta",N,8
11957,"SNAI1,ZEB1,miR-34a,SNAI2,TWIST2,ZEB2,miR-200b,TGF-beta,GSC",P,9
11958,"SNAI1,ZEB1,miR-34a,SNAI2,TWIST2",N,5
11959,"SNAI1,ZEB1,miR-34a",N,3
11960,"SNAI1,ZEB1,miR-200c,TGF-beta,SNAI2,miR-101",P,6
11961,"SNAI1,ZEB1,miR-200c,TGF-beta,SNAI2,TWIST2",P,6
11962,"SNAI1,ZEB1,miR-200c,TGF-beta",N,4
11963,"SNAI1,ZEB1,miR-200c,TGF-beta,GSC",P,5
11964,"SNAI1,ZEB1,miR-200c,ZEB2,miR-200b,TGF-beta,SNAI2,miR-101",N,8
11965,"SNAI1,ZEB1,miR-200c,ZEB2,miR-200b,TGF-beta,SNAI2,TWIST2",N,8
11966,"SNAI1,ZEB1,miR-200c,ZEB2,miR-200b,TGF-beta",P,6
11967,"SNAI1,ZEB1,miR-200c,ZEB2,miR-200b,TGF-beta,GSC",N,7
11968,"SNAI1,ZEB1,miR-200b,TGF-beta,SNAI2,miR-101",N,6
11969,"SNAI1,ZEB1,miR-200b,TGF-beta,SNAI2,TWIST2",N,6
11970,"SNAI1,ZEB1,miR-200b,TGF-beta",P,4
11971,"SNAI1,ZEB1,miR-200b,TGF-beta,GSC",N,5
11972,"SNAI1,ZEB1,miR-200b,ZEB2,miR-200c,TGF-beta,SNAI2,miR-101",P,8
11973,"SNAI1,ZEB1,miR-200b,ZEB2,miR-200c,TGF-beta,SNAI2,TWIST2",P,8
11974,"SNAI1,ZEB1,miR-200b,ZEB2,miR-200c,TGF-beta",N,6
11975,"SNAI1,ZEB1,miR-200b,ZEB2,miR-200c,TGF-beta,GSC",P,7
11976,"SNAI1,ZEB1,miR-141,TGF-beta,SNAI2,miR-101",N,6
11977,"SNAI1,ZEB1,miR-141,TGF-beta,SNAI2,TWIST2",N,6
11978,"SNAI1,ZEB1,miR-141,TGF-beta",P,4
11979,"SNAI1,ZEB1,miR-141,TGF-beta,GSC",N,5
11980,"SNAI1,ZEB1,miR-141,ZEB2,miR-200c,TGF-beta,SNAI2,miR-101",N,8
11981,"SNAI1,ZEB1,miR-141,ZEB2,miR-200c,TGF-beta,SNAI2,TWIST2",N,8
11982,"SNAI1,ZEB1,miR-141,ZEB2,miR-200c,TGF-beta",P,6
11983,"SNAI1,ZEB1,miR-141,ZEB2,miR-200c,TGF-beta,GSC",N,7
11984,"SNAI1,ZEB1,miR-141,ZEB2,miR-200b,TGF-beta,SNAI2,miR-101",P,8
11985,"SNAI1,ZEB1,miR-141,ZEB2,miR-200b,TGF-beta,SNAI2,TWIST2",P,8
11986,"SNAI1,ZEB1,miR-141,ZEB2,miR-200b,TGF-beta",N,6
11987,"SNAI1,ZEB1,miR-141,ZEB2,miR-200b,TGF-beta,GSC",P,7
11988,"SNAI1,SNAI2,miR-200b,TGF-beta",P,4
11989,"SNAI1,SNAI2,miR-200b,TGF-beta,GSC,ZEB2,miR-200c,ZEB1,miR-34a,TWIST2",P,10
11990,"SNAI1,SNAI2,miR-200b,TGF-beta,GSC,ZEB2,miR-200c,ZEB1,miR-34a",P,9
11991,"SNAI1,SNAI2,miR-200b,TGF-beta,GSC,ZEB1,miR-34a,TWIST2",P,8
11992,"SNAI1,SNAI2,miR-200b,TGF-beta,GSC,ZEB1,miR-34a",P,7
11993,"SNAI1,SNAI2,miR-200b,TGF-beta,GSC",N,5
11994,"SNAI1,SNAI2,miR-200b,ZEB2,miR-200c,TGF-beta",N,6
11995,"SNAI1,SNAI2,miR-200b,ZEB2,miR-200c,TGF-beta,GSC,ZEB1,miR-34a,TWIST2",N,10
11996,"SNAI1,SNAI2,miR-200b,ZEB2,miR-200c,TGF-beta,GSC,ZEB1,miR-34a",N,9
11997,"SNAI1,SNAI2,miR-200b,ZEB2,miR-200c,TGF-beta,GSC",P,7
11998,"SNAI1,SNAI2,miR-200b,ZEB2,miR-200c,ZEB1,GRHL2,OVOL2,TGF-beta",N,9
11999,"SNAI1,SNAI2,miR-200b,ZEB2,miR-200c,ZEB1,GRHL2,OVOL2,TGF-beta,GSC",P,10
12000,"SNAI1,SNAI2,miR-200b,ZEB2,miR-200c,ZEB1,OVOL2,TGF-beta",P,8
12001,"SNAI1,SNAI2,miR-200b,ZEB2,miR-200c,ZEB1,OVOL2,TGF-beta,GSC",N,9
12002,"SNAI1,SNAI2,miR-200b,ZEB2,miR-200c,ZEB1,miR-34a,TWIST2",N,8
12003,"SNAI1,SNAI2,miR-200b,ZEB2,miR-200c,ZEB1,miR-34a",N,7
12004,"SNAI1,SNAI2,miR-200b,ZEB2,miR-200c,ZEB1,miR-141,TGF-beta",P,8
12005,"SNAI1,SNAI2,miR-200b,ZEB2,miR-200c,ZEB1,miR-141,TGF-beta,GSC",N,9
12006,"SNAI1,SNAI2,miR-200b,ZEB1,GRHL2,NP63,miR-205,ZEB2,miR-200c,TGF-beta",N,10
12007,"SNAI1,SNAI2,miR-200b,ZEB1,GRHL2,NP63,miR-205,ZEB2,miR-200c,TGF-beta,GSC",P,11
12008,"SNAI1,SNAI2,miR-200b,ZEB1,GRHL2,OVOL2,TGF-beta",N,7
12009,"SNAI1,SNAI2,miR-200b,ZEB1,GRHL2,OVOL2,TGF-beta,GSC",P,8
12010,"SNAI1,SNAI2,miR-200b,ZEB1,GRHL2,OVOL2,NP63,miR-205,ZEB2,miR-200c,TGF-beta",N,11
12011,"SNAI1,SNAI2,miR-200b,ZEB1,GRHL2,OVOL2,NP63,miR-205,ZEB2,miR-200c,TGF-beta,GSC",P,12
12012,"SNAI1,SNAI2,miR-200b,ZEB1,OVOL2,TGF-beta",P,6
12013,"SNAI1,SNAI2,miR-200b,ZEB1,OVOL2,TGF-beta,GSC",N,7
12014,"SNAI1,SNAI2,miR-200b,ZEB1,OVOL2,NP63,miR-205,ZEB2,miR-200c,TGF-beta",P,10
12015,"SNAI1,SNAI2,miR-200b,ZEB1,OVOL2,NP63,miR-205,ZEB2,miR-200c,TGF-beta,GSC",N,11
12016,"SNAI1,SNAI2,miR-200b,ZEB1,miR-34a,TWIST2,ZEB2,miR-200c,TGF-beta",P,9
12017,"SNAI1,SNAI2,miR-200b,ZEB1,miR-34a,TWIST2,ZEB2,miR-200c,TGF-beta,GSC",N,10
12018,"SNAI1,SNAI2,miR-200b,ZEB1,miR-34a,TWIST2",N,6
12019,"SNAI1,SNAI2,miR-200b,ZEB1,miR-34a",N,5
12020,"SNAI1,SNAI2,miR-200b,ZEB1,miR-200c,TGF-beta",N,6
12021,"SNAI1,SNAI2,miR-200b,ZEB1,miR-200c,TGF-beta,GSC",P,7
12022,"SNAI1,SNAI2,miR-200b,ZEB1,miR-141,TGF-beta",P,6
12023,"SNAI1,SNAI2,miR-200b,ZEB1,miR-141,TGF-beta,GSC",N,7
12024,"SNAI1,SNAI2,miR-200b,ZEB1,miR-141,ZEB2,miR-200c,TGF-beta",P,8
12025,"SNAI1,SNAI2,miR-200b,ZEB1,miR-141,ZEB2,miR-200c,TGF-beta,GSC",N,9
12026,"SNAI1,SNAI2,miR-101",P,3
12027,"SNAI1,SNAI2,miR-101,ZEB2,miR-200c,TGF-beta",N,6
12028,"SNAI1,SNAI2,miR-101,ZEB2,miR-200c,TGF-beta,GSC,ZEB1,miR-34a,TWIST2",N,10
12029,"SNAI1,SNAI2,miR-101,ZEB2,miR-200c,TGF-beta,GSC,ZEB1,miR-34a",N,9
12030,"SNAI1,SNAI2,miR-101,ZEB2,miR-200c,TGF-beta,GSC",P,7
12031,"SNAI1,SNAI2,miR-101,ZEB2,miR-200c,ZEB1,GRHL2,OVOL2,TGF-beta",N,9
12032,"SNAI1,SNAI2,miR-101,ZEB2,miR-200c,ZEB1,GRHL2,OVOL2,TGF-beta,GSC",P,10
12033,"SNAI1,SNAI2,miR-101,ZEB2,miR-200c,ZEB1,OVOL2,TGF-beta",P,8
12034,"SNAI1,SNAI2,miR-101,ZEB2,miR-200c,ZEB1,OVOL2,TGF-beta,GSC",N,9
12035,"SNAI1,SNAI2,miR-101,ZEB2,miR-200c,ZEB1,miR-34a,TWIST2",N,8
12036,"SNAI1,SNAI2,miR-101,ZEB2,miR-200c,ZEB1,miR-34a",N,7
12037,"SNAI1,SNAI2,miR-101,ZEB2,miR-200c,ZEB1,miR-200b,TGF-beta",P,8
12038,"SNAI1,SNAI2,miR-101,ZEB2,miR-200c,ZEB1,miR-200b,TGF-beta,GSC",N,9
12039,"SNAI1,SNAI2,miR-101,ZEB2,miR-200c,ZEB1,miR-141,TGF-beta",P,8
12040,"SNAI1,SNAI2,miR-101,ZEB2,miR-200c,ZEB1,miR-141,TGF-beta,GSC",N,9
12041,"SNAI1,SNAI2,miR-101,ZEB2,miR-200b,TGF-beta",P,6
12042,"SNAI1,SNAI2,miR-101,ZEB2,miR-200b,TGF-beta,GSC,ZEB1,miR-34a,TWIST2",P,10
12043,"SNAI1,SNAI2,miR-101,ZEB2,miR-200b,TGF-beta,GSC,ZEB1,miR-34a",P,9
12044,"SNAI1,SNAI2,miR-101,ZEB2,miR-200b,TGF-beta,GSC",N,7
12045,"SNAI1,SNAI2,miR-101,ZEB2,miR-200b,ZEB1,GRHL2,OVOL2,TGF-beta",N,9
12046,"SNAI1,SNAI2,miR-101,ZEB2,miR-200b,ZEB1,GRHL2,OVOL2,TGF-beta,GSC",P,10
12047,"SNAI1,SNAI2,miR-101,ZEB2,miR-200b,ZEB1,OVOL2,TGF-beta",P,8
12048,"SNAI1,SNAI2,miR-101,ZEB2,miR-200b,ZEB1,OVOL2,TGF-beta,GSC",N,9
12049,"SNAI1,SNAI2,miR-101,ZEB2,miR-200b,ZEB1,miR-34a,TWIST2",N,8
12050,"SNAI1,SNAI2,miR-101,ZEB2,miR-200b,ZEB1,miR-34a",N,7
12051,"SNAI1,SNAI2,miR-101,ZEB2,miR-200b,ZEB1,miR-200c,TGF-beta",N,8
12052,"SNAI1,SNAI2,miR-101,ZEB2,miR-200b,ZEB1,miR-200c,TGF-beta,GSC",P,9
12053,"SNAI1,SNAI2,miR-101,ZEB2,miR-200b,ZEB1,miR-141,TGF-beta",P,8
12054,"SNAI1,SNAI2,miR-101,ZEB2,miR-200b,ZEB1,miR-141,TGF-beta,GSC",N,9
12055,"SNAI1,SNAI2,miR-101,ZEB1,GRHL2,NP63,miR-205,ZEB2,miR-200c,TGF-beta",P,10
12056,"SNAI1,SNAI2,miR-101,ZEB1,GRHL2,NP63,miR-205,ZEB2,miR-200c,TGF-beta,GSC",N,11
12057,"SNAI1,SNAI2,miR-101,ZEB1,GRHL2,NP63,miR-205,ZEB2,miR-200b,TGF-beta",N,10
12058,"SNAI1,SNAI2,miR-101,ZEB1,GRHL2,NP63,miR-205,ZEB2,miR-200b,TGF-beta,GSC",P,11
12059,"SNAI1,SNAI2,miR-101,ZEB1,GRHL2,OVOL2,TGF-beta",P,7
12060,"SNAI1,SNAI2,miR-101,ZEB1,GRHL2,OVOL2,TGF-beta,GSC",N,8
12061,"SNAI1,SNAI2,miR-101,ZEB1,GRHL2,OVOL2,NP63,miR-205,ZEB2,miR-200c,TGF-beta",P,11
12062,"SNAI1,SNAI2,miR-101,ZEB1,GRHL2,OVOL2,NP63,miR-205,ZEB2,miR-200c,TGF-beta,GSC",N,12
12063,"SNAI1,SNAI2,miR-101,ZEB1,GRHL2,OVOL2,NP63,miR-205,ZEB2,miR-200b,TGF-beta",N,11
12064,"SNAI1,SNAI2,miR-101,ZEB1,GRHL2,OVOL2,NP63,miR-205,ZEB2,miR-200b,TGF-beta,GSC",P,12
12065,"SNAI1,SNAI2,miR-101,ZEB1,OVOL2,TGF-beta",N,6
12066,"SNAI1,SNAI2,miR-101,ZEB1,OVOL2,TGF-beta,GSC",P,7
12067,"SNAI1,SNAI2,miR-101,ZEB1,OVOL2,NP63,miR-205,ZEB2,miR-200c,TGF-beta",N,10
12068,"SNAI1,SNAI2,miR-101,ZEB1,OVOL2,NP63,miR-205,ZEB2,miR-200c,TGF-beta,GSC",P,11
12069,"SNAI1,SNAI2,miR-101,ZEB1,OVOL2,NP63,miR-205,ZEB2,miR-200b,TGF-beta",P,10
12070,"SNAI1,SNAI2,miR-101,ZEB1,OVOL2,NP63,miR-205,ZEB2,miR-200b,TGF-beta,GSC",N,11
12071,"SNAI1,SNAI2,miR-101,ZEB1,miR-34a,TWIST2,ZEB2,miR-200c,TGF-beta",N,9
12072,"SNAI1,SNAI2,miR-101,ZEB1,miR-34a,TWIST2,ZEB2,miR-200c,TGF-beta,GSC",P,10
12073,"SNAI1,SNAI2,miR-101,ZEB1,miR-34a,TWIST2,ZEB2,miR-200b,TGF-beta",P,9
12074,"SNAI1,SNAI2,miR-101,ZEB1,miR-34a,TWIST2,ZEB2,miR-200b,TGF-beta,GSC",N,10
12075,"SNAI1,SNAI2,miR-101,ZEB1,miR-34a,TWIST2",P,6
12076,"SNAI1,SNAI2,miR-101,ZEB1,miR-34a",P,5
12077,"SNAI1,SNAI2,miR-101,ZEB1,miR-200c,TGF-beta",P,6
12078,"SNAI1,SNAI2,miR-101,ZEB1,miR-200c,TGF-beta,GSC",N,7
12079,"SNAI1,SNAI2,miR-101,ZEB1,miR-200c,ZEB2,miR-200b,TGF-beta",N,8
12080,"SNAI1,SNAI2,miR-101,ZEB1,miR-200c,ZEB2,miR-200b,TGF-beta,GSC",P,9
12081,"SNAI1,SNAI2,miR-101,ZEB1,miR-200b,TGF-beta",N,6
12082,"SNAI1,SNAI2,miR-101,ZEB1,miR-200b,TGF-beta,GSC",P,7
12083,"SNAI1,SNAI2,miR-101,ZEB1,miR-200b,ZEB2,miR-200c,TGF-beta",P,8
12084,"SNAI1,SNAI2,miR-101,ZEB1,miR-200b,ZEB2,miR-200c,TGF-beta,GSC",N,9
12085,"SNAI1,SNAI2,miR-101,ZEB1,miR-141,TGF-beta",N,6
12086,"SNAI1,SNAI2,miR-101,ZEB1,miR-141,TGF-beta,GSC",P,7
12087,"SNAI1,SNAI2,miR-101,ZEB1,miR-141,ZEB2,miR-200c,TGF-beta",N,8
12088,"SNAI1,SNAI2,miR-101,ZEB1,miR-141,ZEB2,miR-200c,TGF-beta,GSC",P,9
12089,"SNAI1,SNAI2,miR-101,ZEB1,miR-141,ZEB2,miR-200b,TGF-beta",P,8
12090,"SNAI1,SNAI2,miR-101,ZEB1,miR-141,ZEB2,miR-200b,TGF-beta,GSC",N,9
12091,"SNAI1,SNAI2,TWIST2,ZEB2,miR-200c,TGF-beta",N,6
12092,"SNAI1,SNAI2,TWIST2,ZEB2,miR-200c,TGF-beta,GSC,ZEB1,miR-34a",N,9
12093,"SNAI1,SNAI2,TWIST2,ZEB2,miR-200c,TGF-beta,GSC",P,7
12094,"SNAI1,SNAI2,TWIST2,ZEB2,miR-200c,ZEB1,GRHL2,OVOL2,TGF-beta",N,9
12095,"SNAI1,SNAI2,TWIST2,ZEB2,miR-200c,ZEB1,GRHL2,OVOL2,TGF-beta,GSC",P,10
12096,"SNAI1,SNAI2,TWIST2,ZEB2,miR-200c,ZEB1,OVOL2,TGF-beta",P,8
12097,"SNAI1,SNAI2,TWIST2,ZEB2,miR-200c,ZEB1,OVOL2,TGF-beta,GSC",N,9
12098,"SNAI1,SNAI2,TWIST2,ZEB2,miR-200c,ZEB1,miR-34a",N,7
12099,"SNAI1,SNAI2,TWIST2,ZEB2,miR-200c,ZEB1,miR-200b,TGF-beta",P,8
12100,"SNAI1,SNAI2,TWIST2,ZEB2,miR-200c,ZEB1,miR-200b,TGF-beta,GSC",N,9
12101,"SNAI1,SNAI2,TWIST2,ZEB2,miR-200c,ZEB1,miR-141,TGF-beta",P,8
12102,"SNAI1,SNAI2,TWIST2,ZEB2,miR-200c,ZEB1,miR-141,TGF-beta,GSC",N,9
12103,"SNAI1,SNAI2,TWIST2,ZEB2,miR-200b,TGF-beta",P,6
12104,"SNAI1,SNAI2,TWIST2,ZEB2,miR-200b,TGF-beta,GSC,ZEB1,miR-34a",P,9
12105,"SNAI1,SNAI2,TWIST2,ZEB2,miR-200b,TGF-beta,GSC",N,7
12106,"SNAI1,SNAI2,TWIST2,ZEB2,miR-200b,ZEB1,GRHL2,OVOL2,TGF-beta",N,9
12107,"SNAI1,SNAI2,TWIST2,ZEB2,miR-200b,ZEB1,GRHL2,OVOL2,TGF-beta,GSC",P,10
12108,"SNAI1,SNAI2,TWIST2,ZEB2,miR-200b,ZEB1,OVOL2,TGF-beta",P,8
12109,"SNAI1,SNAI2,TWIST2,ZEB2,miR-200b,ZEB1,OVOL2,TGF-beta,GSC",N,9
12110,"SNAI1,SNAI2,TWIST2,ZEB2,miR-200b,ZEB1,miR-34a",N,7
12111,"SNAI1,SNAI2,TWIST2,ZEB2,miR-200b,ZEB1,miR-200c,TGF-beta",N,8
12112,"SNAI1,SNAI2,TWIST2,ZEB2,miR-200b,ZEB1,miR-200c,TGF-beta,GSC",P,9
12113,"SNAI1,SNAI2,TWIST2,ZEB2,miR-200b,ZEB1,miR-141,TGF-beta",P,8
12114,"SNAI1,SNAI2,TWIST2,ZEB2,miR-200b,ZEB1,miR-141,TGF-beta,GSC",N,9
12115,"SNAI1,SNAI2,TWIST2,ZEB1,GRHL2,NP63,miR-205,ZEB2,miR-200c,TGF-beta",P,10
12116,"SNAI1,SNAI2,TWIST2,ZEB1,GRHL2,NP63,miR-205,ZEB2,miR-200c,TGF-beta,GSC",N,11
12117,"SNAI1,SNAI2,TWIST2,ZEB1,GRHL2,NP63,miR-205,ZEB2,miR-200b,TGF-beta",N,10
12118,"SNAI1,SNAI2,TWIST2,ZEB1,GRHL2,NP63,miR-205,ZEB2,miR-200b,TGF-beta,GSC",P,11
12119,"SNAI1,SNAI2,TWIST2,ZEB1,GRHL2,OVOL2,TGF-beta",P,7
12120,"SNAI1,SNAI2,TWIST2,ZEB1,GRHL2,OVOL2,TGF-beta,GSC",N,8
12121,"SNAI1,SNAI2,TWIST2,ZEB1,GRHL2,OVOL2,NP63,miR-205,ZEB2,miR-200c,TGF-beta",P,11
12122,"SNAI1,SNAI2,TWIST2,ZEB1,GRHL2,OVOL2,NP63,miR-205,ZEB2,miR-200c,TGF-beta,GSC",N,12
12123,"SNAI1,SNAI2,TWIST2,ZEB1,GRHL2,OVOL2,NP63,miR-205,ZEB2,miR-200b,TGF-beta",N,11
12124,"SNAI1,SNAI2,TWIST2,ZEB1,GRHL2,OVOL2,NP63,miR-205,ZEB2,miR-200b,TGF-beta,GSC",P,12
12125,"SNAI1,SNAI2,TWIST2,ZEB1,OVOL2,TGF-beta",N,6
12126,"SNAI1,SNAI2,TWIST2,ZEB1,OVOL2,TGF-beta,GSC",P,7
12127,"SNAI1,SNAI2,TWIST2,ZEB1,OVOL2,NP63,miR-205,ZEB2,miR-200c,TGF-beta",N,10
12128,"SNAI1,SNAI2,TWIST2,ZEB1,OVOL2,NP63,miR-205,ZEB2,miR-200c,TGF-beta,GSC",P,11
12129,"SNAI1,SNAI2,TWIST2,ZEB1,OVOL2,NP63,miR-205,ZEB2,miR-200b,TGF-beta",P,10
12130,"SNAI1,SNAI2,TWIST2,ZEB1,OVOL2,NP63,miR-205,ZEB2,miR-200b,TGF-beta,GSC",N,11
12131,"SNAI1,SNAI2,TWIST2,ZEB1,miR-34a",P,5
12132,"SNAI1,SNAI2,TWIST2,ZEB1,miR-200c,TGF-beta",P,6
12133,"SNAI1,SNAI2,TWIST2,ZEB1,miR-200c,TGF-beta,GSC",N,7
12134,"SNAI1,SNAI2,TWIST2,ZEB1,miR-200c,ZEB2,miR-200b,TGF-beta",N,8
12135,"SNAI1,SNAI2,TWIST2,ZEB1,miR-200c,ZEB2,miR-200b,TGF-beta,GSC",P,9
12136,"SNAI1,SNAI2,TWIST2,ZEB1,miR-200b,TGF-beta",N,6
12137,"SNAI1,SNAI2,TWIST2,ZEB1,miR-200b,TGF-beta,GSC",P,7
12138,"SNAI1,SNAI2,TWIST2,ZEB1,miR-200b,ZEB2,miR-200c,TGF-beta",P,8
12139,"SNAI1,SNAI2,TWIST2,ZEB1,miR-200b,ZEB2,miR-200c,TGF-beta,GSC",N,9
12140,"SNAI1,SNAI2,TWIST2,ZEB1,miR-141,TGF-beta",N,6
12141,"SNAI1,SNAI2,TWIST2,ZEB1,miR-141,TGF-beta,GSC",P,7
12142,"SNAI1,SNAI2,TWIST2,ZEB1,miR-141,ZEB2,miR-200c,TGF-beta",N,8
12143,"SNAI1,SNAI2,TWIST2,ZEB1,miR-141,ZEB2,miR-200c,TGF-beta,GSC",P,9
12144,"SNAI1,SNAI2,TWIST2,ZEB1,miR-141,ZEB2,miR-200b,TGF-beta",P,8
12145,"SNAI1,SNAI2,TWIST2,ZEB1,miR-141,ZEB2,miR-200b,TGF-beta,GSC",N,9
12146,"SNAI1,SNAI2,TWIST2",P,3
12147,"SNAI2,miR-200b,TGF-beta",N,3
12148,"SNAI2,miR-200b,TGF-beta,GSC,ZEB2,miR-200c,ZEB1,GRHL2,NP63",N,9
12149,"SNAI2,miR-200b,TGF-beta,GSC,ZEB2,miR-200c,ZEB1,GRHL2,OVOL2,NP63",N,10
12150,"SNAI2,miR-200b,TGF-beta,GSC,ZEB2,miR-200c,ZEB1,GRHL2,OVOL2",N,9
12151,"SNAI2,miR-200b,TGF-beta,GSC,ZEB2,miR-200c,ZEB1,OVOL2,NP63",P,9
12152,"SNAI2,miR-200b,TGF-beta,GSC,ZEB2,miR-200c,ZEB1,OVOL2",P,8
12153,"SNAI2,miR-200b,TGF-beta,GSC,ZEB2,miR-200c,ZEB1,miR-34a,TWIST2",P,9
12154,"SNAI2,miR-200b,TGF-beta,GSC,ZEB2,miR-200c,ZEB1,miR-34a",P,8
12155,"SNAI2,miR-200b,TGF-beta,GSC,ZEB1,GRHL2,NP63",N,7
12156,"SNAI2,miR-200b,TGF-beta,GSC,ZEB1,GRHL2,OVOL2,NP63",N,8
12157,"SNAI2,miR-200b,TGF-beta,GSC,ZEB1,GRHL2,OVOL2",N,7
12158,"SNAI2,miR-200b,TGF-beta,GSC,ZEB1,OVOL2,NP63",P,7
12159,"SNAI2,miR-200b,TGF-beta,GSC,ZEB1,OVOL2",P,6
12160,"SNAI2,miR-200b,TGF-beta,GSC,ZEB1,miR-34a,TWIST2",P,7
12161,"SNAI2,miR-200b,TGF-beta,GSC,ZEB1,miR-34a",P,6
12162,"SNAI2,miR-200b,ZEB2,miR-200c,TGF-beta",P,5
12163,"SNAI2,miR-200b,ZEB2,miR-200c,TGF-beta,GSC,ZEB1,GRHL2,NP63",P,9
12164,"SNAI2,miR-200b,ZEB2,miR-200c,TGF-beta,GSC,ZEB1,GRHL2,OVOL2,NP63",P,10
12165,"SNAI2,miR-200b,ZEB2,miR-200c,TGF-beta,GSC,ZEB1,GRHL2,OVOL2",P,9
12166,"SNAI2,miR-200b,ZEB2,miR-200c,TGF-beta,GSC,ZEB1,OVOL2,NP63",N,9
12167,"SNAI2,miR-200b,ZEB2,miR-200c,TGF-beta,GSC,ZEB1,OVOL2",N,8
12168,"SNAI2,miR-200b,ZEB2,miR-200c,TGF-beta,GSC,ZEB1,miR-34a,TWIST2",N,9
12169,"SNAI2,miR-200b,ZEB2,miR-200c,TGF-beta,GSC,ZEB1,miR-34a",N,8
12170,"SNAI2,miR-200b,ZEB2,miR-200c,ZEB1,GRHL2,NP63",P,7
12171,"SNAI2,miR-200b,ZEB2,miR-200c,ZEB1,GRHL2,OVOL2,TGF-beta",P,8
12172,"SNAI2,miR-200b,ZEB2,miR-200c,ZEB1,GRHL2,OVOL2,NP63",P,8
12173,"SNAI2,miR-200b,ZEB2,miR-200c,ZEB1,GRHL2,OVOL2",P,7
12174,"SNAI2,miR-200b,ZEB2,miR-200c,ZEB1,OVOL2,TGF-beta",N,7
12175,"SNAI2,miR-200b,ZEB2,miR-200c,ZEB1,OVOL2,NP63",N,7
12176,"SNAI2,miR-200b,ZEB2,miR-200c,ZEB1,OVOL2",N,6
12177,"SNAI2,miR-200b,ZEB2,miR-200c,ZEB1,miR-34a,TWIST2",N,7
12178,"SNAI2,miR-200b,ZEB2,miR-200c,ZEB1,miR-34a",N,6
12179,"SNAI2,miR-200b,ZEB2,miR-200c,ZEB1,miR-141,TGF-beta",N,7
12180,"SNAI2,miR-200b,ZEB1,GRHL2,NP63,miR-205,ZEB2,miR-200c,TGF-beta",P,9
12181,"SNAI2,miR-200b,ZEB1,GRHL2,NP63",P,5
12182,"SNAI2,miR-200b,ZEB1,GRHL2,OVOL2,TGF-beta",P,6
12183,"SNAI2,miR-200b,ZEB1,GRHL2,OVOL2,NP63,miR-205,ZEB2,miR-200c,TGF-beta",P,10
12184,"SNAI2,miR-200b,ZEB1,GRHL2,OVOL2,NP63",P,6
12185,"SNAI2,miR-200b,ZEB1,GRHL2,OVOL2",P,5
12186,"SNAI2,miR-200b,ZEB1,OVOL2,TGF-beta",N,5
12187,"SNAI2,miR-200b,ZEB1,OVOL2,NP63,miR-205,ZEB2,miR-200c,TGF-beta",N,9
12188,"SNAI2,miR-200b,ZEB1,OVOL2,NP63",N,5
12189,"SNAI2,miR-200b,ZEB1,OVOL2",N,4
12190,"SNAI2,miR-200b,ZEB1,miR-34a,TWIST2,ZEB2,miR-200c,TGF-beta",N,8
12191,"SNAI2,miR-200b,ZEB1,miR-34a,TWIST2",N,5
12192,"SNAI2,miR-200b,ZEB1,miR-34a",N,4
12193,"SNAI2,miR-200b,ZEB1,miR-200c,TGF-beta",P,5
12194,"SNAI2,miR-200b,ZEB1,miR-141,TGF-beta",N,5
12195,"SNAI2,miR-200b,ZEB1,miR-141,ZEB2,miR-200c,TGF-beta",N,7
12196,"SNAI2,miR-101,ZEB2,miR-200c,TGF-beta",P,5
12197,"SNAI2,miR-101,ZEB2,miR-200c,TGF-beta,GSC,ZEB1,GRHL2,NP63",P,9
12198,"SNAI2,miR-101,ZEB2,miR-200c,TGF-beta,GSC,ZEB1,GRHL2,OVOL2,NP63",P,10
12199,"SNAI2,miR-101,ZEB2,miR-200c,TGF-beta,GSC,ZEB1,GRHL2,OVOL2",P,9
12200,"SNAI2,miR-101,ZEB2,miR-200c,TGF-beta,GSC,ZEB1,OVOL2,NP63",N,9
12201,"SNAI2,miR-101,ZEB2,miR-200c,TGF-beta,GSC,ZEB1,OVOL2",N,8
12202,"SNAI2,miR-101,ZEB2,miR-200c,TGF-beta,GSC,ZEB1,miR-34a,TWIST2",N,9
12203,"SNAI2,miR-101,ZEB2,miR-200c,TGF-beta,GSC,ZEB1,miR-34a",N,8
12204,"SNAI2,miR-101,ZEB2,miR-200c,ZEB1,GRHL2,NP63",P,7
12205,"SNAI2,miR-101,ZEB2,miR-200c,ZEB1,GRHL2,OVOL2,TGF-beta",P,8
12206,"SNAI2,miR-101,ZEB2,miR-200c,ZEB1,GRHL2,OVOL2,NP63",P,8
12207,"SNAI2,miR-101,ZEB2,miR-200c,ZEB1,GRHL2,OVOL2",P,7
12208,"SNAI2,miR-101,ZEB2,miR-200c,ZEB1,OVOL2,TGF-beta",N,7
12209,"SNAI2,miR-101,ZEB2,miR-200c,ZEB1,OVOL2,NP63",N,7
12210,"SNAI2,miR-101,ZEB2,miR-200c,ZEB1,OVOL2",N,6
12211,"SNAI2,miR-101,ZEB2,miR-200c,ZEB1,miR-34a,TWIST2",N,7
12212,"SNAI2,miR-101,ZEB2,miR-200c,ZEB1,miR-34a",N,6
12213,"SNAI2,miR-101,ZEB2,miR-200c,ZEB1,miR-200b,TGF-beta",N,7
12214,"SNAI2,miR-101,ZEB2,miR-200c,ZEB1,miR-141,TGF-beta",N,7
12215,"SNAI2,miR-101,ZEB2,miR-200b,TGF-beta",N,5
12216,"SNAI2,miR-101,ZEB2,miR-200b,TGF-beta,GSC,ZEB1,GRHL2,NP63",N,9
12217,"SNAI2,miR-101,ZEB2,miR-200b,TGF-beta,GSC,ZEB1,GRHL2,OVOL2,NP63",N,10
12218,"SNAI2,miR-101,ZEB2,miR-200b,TGF-beta,GSC,ZEB1,GRHL2,OVOL2",N,9
12219,"SNAI2,miR-101,ZEB2,miR-200b,TGF-beta,GSC,ZEB1,OVOL2,NP63",P,9
12220,"SNAI2,miR-101,ZEB2,miR-200b,TGF-beta,GSC,ZEB1,OVOL2",P,8
12221,"SNAI2,miR-101,ZEB2,miR-200b,TGF-beta,GSC,ZEB1,miR-34a,TWIST2",P,9
12222,"SNAI2,miR-101,ZEB2,miR-200b,TGF-beta,GSC,ZEB1,miR-34a",P,8
12223,"SNAI2,miR-101,ZEB2,miR-200b,ZEB1,GRHL2,NP63",P,7
12224,"SNAI2,miR-101,ZEB2,miR-200b,ZEB1,GRHL2,OVOL2,TGF-beta",P,8
12225,"SNAI2,miR-101,ZEB2,miR-200b,ZEB1,GRHL2,OVOL2,NP63",P,8
12226,"SNAI2,miR-101,ZEB2,miR-200b,ZEB1,GRHL2,OVOL2",P,7
12227,"SNAI2,miR-101,ZEB2,miR-200b,ZEB1,OVOL2,TGF-beta",N,7
12228,"SNAI2,miR-101,ZEB2,miR-200b,ZEB1,OVOL2,NP63",N,7
12229,"SNAI2,miR-101,ZEB2,miR-200b,ZEB1,OVOL2",N,6
12230,"SNAI2,miR-101,ZEB2,miR-200b,ZEB1,miR-34a,TWIST2",N,7
12231,"SNAI2,miR-101,ZEB2,miR-200b,ZEB1,miR-34a",N,6
12232,"SNAI2,miR-101,ZEB2,miR-200b,ZEB1,miR-200c,TGF-beta",P,7
12233,"SNAI2,miR-101,ZEB2,miR-200b,ZEB1,miR-141,TGF-beta",N,7
12234,"SNAI2,miR-101,ZEB1,GRHL2,NP63,miR-205,ZEB2,miR-200c,TGF-beta",N,9
12235,"SNAI2,miR-101,ZEB1,GRHL2,NP63,miR-205,ZEB2,miR-200b,TGF-beta",P,9
12236,"SNAI2,miR-101,ZEB1,GRHL2,NP63",N,5
12237,"SNAI2,miR-101,ZEB1,GRHL2,OVOL2,TGF-beta",N,6
12238,"SNAI2,miR-101,ZEB1,GRHL2,OVOL2,NP63,miR-205,ZEB2,miR-200c,TGF-beta",N,10
12239,"SNAI2,miR-101,ZEB1,GRHL2,OVOL2,NP63,miR-205,ZEB2,miR-200b,TGF-beta",P,10
12240,"SNAI2,miR-101,ZEB1,GRHL2,OVOL2,NP63",N,6
12241,"SNAI2,miR-101,ZEB1,GRHL2,OVOL2",N,5
12242,"SNAI2,miR-101,ZEB1,OVOL2,TGF-beta",P,5
12243,"SNAI2,miR-101,ZEB1,OVOL2,NP63,miR-205,ZEB2,miR-200c,TGF-beta",P,9
12244,"SNAI2,miR-101,ZEB1,OVOL2,NP63,miR-205,ZEB2,miR-200b,TGF-beta",N,9
12245,"SNAI2,miR-101,ZEB1,OVOL2,NP63",P,5
12246,"SNAI2,miR-101,ZEB1,OVOL2",P,4
12247,"SNAI2,miR-101,ZEB1,miR-34a,TWIST2,ZEB2,miR-200c,TGF-beta",P,8
12248,"SNAI2,miR-101,ZEB1,miR-34a,TWIST2,ZEB2,miR-200b,TGF-beta",N,8
12249,"SNAI2,miR-101,ZEB1,miR-34a,TWIST2",P,5
12250,"SNAI2,miR-101,ZEB1,miR-34a",P,4
12251,"SNAI2,miR-101,ZEB1,miR-200c,TGF-beta",N,5
12252,"SNAI2,miR-101,ZEB1,miR-200c,ZEB2,miR-200b,TGF-beta",P,7
12253,"SNAI2,miR-101,ZEB1,miR-200b,TGF-beta",P,5
12254,"SNAI2,miR-101,ZEB1,miR-200b,ZEB2,miR-200c,TGF-beta",N,7
12255,"SNAI2,miR-101,ZEB1,miR-141,TGF-beta",P,5
12256,"SNAI2,miR-101,ZEB1,miR-141,ZEB2,miR-200c,TGF-beta",P,7
12257,"SNAI2,miR-101,ZEB1,miR-141,ZEB2,miR-200b,TGF-beta",N,7
12258,"SNAI2,TWIST2,ZEB2,miR-200c,TGF-beta",P,5
12259,"SNAI2,TWIST2,ZEB2,miR-200c,TGF-beta,GSC,ZEB1,GRHL2,NP63",P,9
12260,"SNAI2,TWIST2,ZEB2,miR-200c,TGF-beta,GSC,ZEB1,GRHL2,OVOL2,NP63",P,10
12261,"SNAI2,TWIST2,ZEB2,miR-200c,TGF-beta,GSC,ZEB1,GRHL2,OVOL2",P,9
12262,"SNAI2,TWIST2,ZEB2,miR-200c,TGF-beta,GSC,ZEB1,OVOL2,NP63",N,9
12263,"SNAI2,TWIST2,ZEB2,miR-200c,TGF-beta,GSC,ZEB1,OVOL2",N,8
12264,"SNAI2,TWIST2,ZEB2,miR-200c,TGF-beta,GSC,ZEB1,miR-34a",N,8
12265,"SNAI2,TWIST2,ZEB2,miR-200c,ZEB1,GRHL2,NP63",P,7
12266,"SNAI2,TWIST2,ZEB2,miR-200c,ZEB1,GRHL2,OVOL2,TGF-beta",P,8
12267,"SNAI2,TWIST2,ZEB2,miR-200c,ZEB1,GRHL2,OVOL2,NP63",P,8
12268,"SNAI2,TWIST2,ZEB2,miR-200c,ZEB1,GRHL2,OVOL2",P,7
12269,"SNAI2,TWIST2,ZEB2,miR-200c,ZEB1,OVOL2,TGF-beta",N,7
12270,"SNAI2,TWIST2,ZEB2,miR-200c,ZEB1,OVOL2,NP63",N,7
12271,"SNAI2,TWIST2,ZEB2,miR-200c,ZEB1,OVOL2",N,6
12272,"SNAI2,TWIST2,ZEB2,miR-200c,ZEB1,miR-34a",N,6
12273,"SNAI2,TWIST2,ZEB2,miR-200c,ZEB1,miR-200b,TGF-beta",N,7
12274,"SNAI2,TWIST2,ZEB2,miR-200c,ZEB1,miR-141,TGF-beta",N,7
12275,"SNAI2,TWIST2,ZEB2,miR-200b,TGF-beta",N,5
12276,"SNAI2,TWIST2,ZEB2,miR-200b,TGF-beta,GSC,ZEB1,GRHL2,NP63",N,9
12277,"SNAI2,TWIST2,ZEB2,miR-200b,TGF-beta,GSC,ZEB1,GRHL2,OVOL2,NP63",N,10
12278,"SNAI2,TWIST2,ZEB2,miR-200b,TGF-beta,GSC,ZEB1,GRHL2,OVOL2",N,9
12279,"SNAI2,TWIST2,ZEB2,miR-200b,TGF-beta,GSC,ZEB1,OVOL2,NP63",P,9
12280,"SNAI2,TWIST2,ZEB2,miR-200b,TGF-beta,GSC,ZEB1,OVOL2",P,8
12281,"SNAI2,TWIST2,ZEB2,miR-200b,TGF-beta,GSC,ZEB1,miR-34a",P,8
12282,"SNAI2,TWIST2,ZEB2,miR-200b,ZEB1,GRHL2,NP63",P,7
12283,"SNAI2,TWIST2,ZEB2,miR-200b,ZEB1,GRHL2,OVOL2,TGF-beta",P,8
12284,"SNAI2,TWIST2,ZEB2,miR-200b,ZEB1,GRHL2,OVOL2,NP63",P,8
12285,"SNAI2,TWIST2,ZEB2,miR-200b,ZEB1,GRHL2,OVOL2",P,7
12286,"SNAI2,TWIST2,ZEB2,miR-200b,ZEB1,OVOL2,TGF-beta",N,7
12287,"SNAI2,TWIST2,ZEB2,miR-200b,ZEB1,OVOL2,NP63",N,7
12288,"SNAI2,TWIST2,ZEB2,miR-200b,ZEB1,OVOL2",N,6
12289,"SNAI2,TWIST2,ZEB2,miR-200b,ZEB1,miR-34a",N,6
12290,"SNAI2,TWIST2,ZEB2,miR-200b,ZEB1,miR-200c,TGF-beta",P,7
12291,"SNAI2,TWIST2,ZEB2,miR-200b,ZEB1,miR-141,TGF-beta",N,7
12292,"SNAI2,TWIST2,ZEB1,GRHL2,NP63,miR-205,ZEB2,miR-200c,TGF-beta",N,9
12293,"SNAI2,TWIST2,ZEB1,GRHL2,NP63,miR-205,ZEB2,miR-200b,TGF-beta",P,9
12294,"SNAI2,TWIST2,ZEB1,GRHL2,NP63",N,5
12295,"SNAI2,TWIST2,ZEB1,GRHL2,OVOL2,TGF-beta",N,6
12296,"SNAI2,TWIST2,ZEB1,GRHL2,OVOL2,NP63,miR-205,ZEB2,miR-200c,TGF-beta",N,10
12297,"SNAI2,TWIST2,ZEB1,GRHL2,OVOL2,NP63,miR-205,ZEB2,miR-200b,TGF-beta",P,10
12298,"SNAI2,TWIST2,ZEB1,GRHL2,OVOL2,NP63",N,6
12299,"SNAI2,TWIST2,ZEB1,GRHL2,OVOL2",N,5
12300,"SNAI2,TWIST2,ZEB1,OVOL2,TGF-beta",P,5
12301,"SNAI2,TWIST2,ZEB1,OVOL2,NP63,miR-205,ZEB2,miR-200c,TGF-beta",P,9
12302,"SNAI2,TWIST2,ZEB1,OVOL2,NP63,miR-205,ZEB2,miR-200b,TGF-beta",N,9
12303,"SNAI2,TWIST2,ZEB1,OVOL2,NP63",P,5
12304,"SNAI2,TWIST2,ZEB1,OVOL2",P,4
12305,"SNAI2,TWIST2,ZEB1,miR-34a",P,4
12306,"SNAI2,TWIST2,ZEB1,miR-200c,TGF-beta",N,5
12307,"SNAI2,TWIST2,ZEB1,miR-200c,ZEB2,miR-200b,TGF-beta",P,7
12308,"SNAI2,TWIST2,ZEB1,miR-200b,TGF-beta",P,5
12309,"SNAI2,TWIST2,ZEB1,miR-200b,ZEB2,miR-200c,TGF-beta",N,7
12310,"SNAI2,TWIST2,ZEB1,miR-141,TGF-beta",P,5
12311,"SNAI2,TWIST2,ZEB1,miR-141,ZEB2,miR-200c,TGF-beta",P,7
12312,"SNAI2,TWIST2,ZEB1,miR-141,ZEB2,miR-200b,TGF-beta",N,7
12313,"SNAI2,TWIST2",P,2
12314,"miR-141,TGF-beta,GSC,ZEB2,miR-200c,ZEB1",N,6
12315,"miR-141,TGF-beta,GSC,ZEB2,miR-200b,ZEB1",N,6
12316,"miR-141,TGF-beta,GSC,ZEB1",N,4
12317,"miR-141,ZEB2,miR-200c,TGF-beta,GSC,ZEB1",N,6
12318,"miR-141,ZEB2,miR-200c,ZEB1",N,4
12319,"miR-141,ZEB2,miR-200b,TGF-beta,GSC,ZEB1",P,6
12320,"miR-141,ZEB2,miR-200b,ZEB1",N,4
12321,"miR-141,ZEB1",N,2
12322,"miR-200b,TGF-beta,GSC,ZEB2,miR-200c,ZEB1",N,6
12323,"miR-200b,TGF-beta,GSC,ZEB2",N,4
12324,"miR-200b,TGF-beta,GSC,ZEB1,GRHL2,NP63,miR-205,ZEB2",N,8
12325,"miR-200b,TGF-beta,GSC,ZEB1,GRHL2,OVOL2,NP63,miR-205,ZEB2",N,9
12326,"miR-200b,TGF-beta,GSC,ZEB1,OVOL2,NP63,miR-205,ZEB2",P,8
12327,"miR-200b,TGF-beta,GSC,ZEB1,miR-34a,TWIST2,ZEB2",P,7
12328,"miR-200b,TGF-beta,GSC,ZEB1,miR-200c,ZEB2",N,6
12329,"miR-200b,TGF-beta,GSC,ZEB1",N,4
12330,"miR-200b,ZEB2,miR-200c,TGF-beta,GSC,ZEB1",P,6
12331,"miR-200b,ZEB2,miR-200c,ZEB1",P,4
12332,"miR-200b,ZEB2",P,2
12333,"miR-200b,ZEB1,GRHL2,NP63,miR-205,ZEB2",P,6
12334,"miR-200b,ZEB1,GRHL2,OVOL2,TGF-beta,GSC,ZEB2",P,7
12335,"miR-200b,ZEB1,GRHL2,OVOL2,NP63,miR-205,ZEB2",P,7
12336,"miR-200b,ZEB1,OVOL2,TGF-beta,GSC,ZEB2",N,6
12337,"miR-200b,ZEB1,OVOL2,NP63,miR-205,ZEB2",N,6
12338,"miR-200b,ZEB1,miR-34a,TWIST2,ZEB2",N,5
12339,"miR-200b,ZEB1,miR-200c,TGF-beta,GSC,ZEB2",P,6
12340,"miR-200b,ZEB1,miR-200c,ZEB2",P,4
12341,"miR-200b,ZEB1",P,2
12342,"NP63,GRHL2",P,2
12343,"NP63,GRHL2,ZEB1,OVOL2",N,4
12344,"NP63,GRHL2,OVOL2",P,3
12345,"NP63,miR-205,ZEB2,miR-200c,TGF-beta,GSC,ZEB1,GRHL2",P,8
12346,"NP63,miR-205,ZEB2,miR-200c,TGF-beta,GSC,ZEB1,GRHL2,OVOL2",P,9
12347,"NP63,miR-205,ZEB2,miR-200c,TGF-beta,GSC,ZEB1,OVOL2",N,8
12348,"NP63,miR-205,ZEB2,miR-200c,ZEB1,GRHL2",P,6
12349,"NP63,miR-205,ZEB2,miR-200c,ZEB1,GRHL2,OVOL2",P,7
12350,"NP63,miR-205,ZEB2,miR-200c,ZEB1,OVOL2",N,6
12351,"NP63,miR-205,ZEB1,GRHL2",N,4
12352,"NP63,miR-205,ZEB1,GRHL2,OVOL2",N,5
12353,"NP63,miR-205,ZEB1,OVOL2",P,4
12354,"ZEB1,GRHL2",P,2
12355,"ZEB1,GRHL2,OVOL2,TGF-beta,GSC,ZEB2,miR-200c",P,7
12356,"ZEB1,GRHL2,OVOL2,TGF-beta,GSC",P,5
12357,"ZEB1,GRHL2,OVOL2",P,3
12358,"ZEB1,OVOL2,TGF-beta,GSC,ZEB2,miR-200c",N,6
12359,"ZEB1,OVOL2,TGF-beta,GSC",N,4
12360,"ZEB1,OVOL2",N,2
12361,"ZEB1,miR-34a",P,2
12362,"ZEB1,miR-34a,TWIST2,ZEB2,miR-200c,TGF-beta,GSC",N,7
12363,"ZEB1,miR-34a,TWIST2,ZEB2,miR-200c",N,5
12364,"ZEB1,miR-34a,TWIST2",P,3
12365,"ZEB1,miR-200c,TGF-beta,GSC",P,4
12366,"ZEB1,miR-200c",P,2
12367,"ZEB2,miR-200c,TGF-beta,GSC",P,4
12368,"ZEB2,miR-200c",P,2
