states,Avg0,SD0,frust0
'000000001011001110111100011000010111110000011100011010101100000111001000',,,0.23943661971830985
'010000001000001110111100000000010111100000000100011010100100000110001001',,,0.1619718309859155
'000000001011001000111100111110000000010000000000011010000000000110001001',,,0.14788732394366197
'000010001011001110111100000110010111100000011100011010111100000110001001',,,0.1619718309859155
'000000000111001110000100100000000000000000000010010000001010000100001001',0.00016666666666666666,9.428090415820633e-5,0.1056338028169014
'111111110111110111000011000111111111101111111111100101111111111000110111',0.00013333333333333334,4.7140452079103176e-5,0.1619718309859155
'101111110100110111000011011001111111111111111111100101001111111001100110',,,0.19014084507042253
'100101111011111111111011011111111111111111111101101111011100111011101010',0.00013333333333333334,4.7140452079103176e-5,0.14084507042253522
'100100101000001001111011011001111111110100111100001111000100111011101000',,,0.21830985915492956
'010010001011001000111100011110000000010000000000011010000000000111001000',0.00013333333333333334,4.714045207910317e-5,0.20422535211267606
'010000000011001110000100011110000000010000000010010000011010000100001001',,,0.14788732394366197
'110001111011111110111001111111101000011111000001101111011000000011101010',,,0.2605633802816901
'011000001111000000111100011110000000010010000000011010110001000111010100',,,0.2746478873239437
'101101111100110001111011111111101000011111100001101111110001111011110110',,,0.11971830985915492
'001000000111000000000100011000000000010000000010010000000011000101010100',,,0.22535211267605634
'000100000111001110000110000110000000000000100010010000011010110100001001',,,0.18309859154929578
'111101110111110111000011111111101000011111100011100101111011111001110110',0.00016666666666666666,9.428090415820633e-5,0.1267605633802817
'101101110100110111000011111001111111111111111111100101111111111001110110',0.0002666666666666666,0.00012472191289246472,0.13380281690140844
'110111111011111111111011100111111111101111100101101111011100111011101010',,,0.19718309859154928
'100111110011111111000011100111111111101111100111100101011110111000101011',,,0.22535211267605634
'111110111100110001111011111001101000011111100001101111100001111011110110',,,0.1056338028169014
'111111110100110111000011011111101000011111111011100101111011111001110110',0.0002,8.16496580927726e-5,0.1267605633802817
'010000001011001000111100000000000000000000000000011010000000000110001001',0.00016666666666666666,4.714045207910317e-5,0.11267605633802817
'000000000011001000000100100110010111100000000110010000000110000100001001',0.0002666666666666666,0.00012472191289246472,0.09859154929577464
'111101110100110001000011000001111111101111111111100101100111111001110110',,,0.19014084507042253
'101011111100110111111001111111101000011111011001101111011001001011110110',,,0.20422535211267606
'010000000000001110000100011000000000010000000010010000000010000100001001',,,0.09859154929577464
'001010000100000000000100111000000000010000000010010000100011000101010100',0.00016666666666666666,4.714045207910317e-5,0.2112676056338028
'100011111011111110111001111111111111111111011101101111011100000011101010',0.0002666666666666667,9.428090415820635e-5,0.20422535211267606
'101111111011110111111011011001101000011111100001101111011001111011110110',0.00013333333333333334,4.714045207910317e-5,0.13380281690140844
'101001110100110001000001000111111111101111000111100101100111001001110110',,,0.24647887323943662
'111111110100110001111011111111101000011111100001101111110001111011110110',,,0.11267605633802817
'010000000111001000000100011000010111110000000110010000100110000100001001',,,0.14084507042253522
'011111011111010001111011111000001000011011111001101111001001111111110110',,,0.176056338028169
'010010000111001110000100100110010111100000000110010000111110000100001001',,,0.14788732394366197
'010001000100001110000100011110010111110001011110010000111110000100001001',,,0.18309859154929578
'011000001111000000111100111000000000010000000000011010100001000110010101',,,0.19014084507042253
'010001001111001000111100000000010111100000011100011010101100000110001001',,,0.19718309859154928
'000010001000001110111100100110000000000000011000011010111000000110001001',,,0.19014084507042253
'010000001000001000111100000000000000000000000000011010100000000110001001',,,0.1267605633802817
'111101110100110111000011100111101000001111111011100101111011111000110111',,,0.19718309859154928
'110100101000111111010011111111111111111100100110000101010110111001101010',,,0.24647887323943662
'000000000000001000000100011110000000010000011010010000100010000101001000',0.0001,0.0,0.16901408450704225
'010110101000001001111110100001000000000100111000011010000000111010101001',,,0.23943661971830985
'000100001000001000111110000000000000000000111000011010000000110110001001',,,0.16901408450704225
'000010001011001110111100111000000000010000011000011010001000000110001001',0.0001,0.0,0.176056338028169
'010011001011111110111100000000000000000000000000011010001000000110001011',,,0.2112676056338028
'101101110011110001000011111001111111111111100111100101000111111001110110',,,0.19014084507042253
'011010001100000000111100111110000000010000000000011010100001000111010100',0.00016666666666666666,4.714045207910317e-5,0.22535211267605634
'101100110100110001000011011001111111111111100111100101100111111001110110',,,0.18309859154929578
'000100000011001000000110000110010111100000111110010000001110110100001001',,,0.18309859154929578
'101010111000110111111001111111101000011100000001101111010001001011110110',,,0.24647887323943662
'111110111100000001111011111001101000010110111001101111100001111011110100',,,0.16901408450704225
'111111110100110001000011011001101000011111100011100101100011111001110110',,,0.13380281690140844
'101111110111110001000011100111101000001111100011100101110011111000110111',,,0.22535211267605634
'000000000000001110000100011000000000010000011010010000001010000101001000',,,0.1619718309859155
'000000001011001000111100000000000000000000000000011010000000000110001001',0.0003,0.0,0.09859154929577464
'000010001000001000111100000110010111100000000100011010000100000110001001',0.00023333333333333336,0.00012472191289246472,0.1267605633802817
'000010000100001000000100100000000000000000000010010000100010000100001001',,,0.09154929577464789
'101101111000110001111011011111101000011111111001101111110001111011110110',,,0.11971830985915492
'000110001011001001111110000000000000000000100000011010000000111010001001',,,0.2112676056338028
'111011111000110111101001011001101000011111011011100111111001001001110110',,,0.22535211267605634
'010110001011001000111110000000000000000000100000011010000000110110001001',,,0.176056338028169
'010100000100001000000110100110010111100000100110010000100110110100001001',,,0.20422535211267606
'101101111111010001111011111111111111111111100101101111100101111011110100',,,0.15492957746478872
'110011111011111110111001111111111111111111011101101111011100000011101010',0.00013333333333333334,4.7140452079103176e-5,0.21830985915492956
'101111111111110111111011000001101000001111111001101111111001111010110111',,,0.16901408450704225
'100101111011111111111011000001101000001111111001101111011000111110101011',,,0.2605633802816901
'101101111111110111111011011111111111111111111101101111011101111011110110',0.00013333333333333334,4.7140452079103176e-5,0.09859154929577464
'001110000100000111000110000110010111100000100110010000110111111100010101',,,0.2605633802816901
'101111110100110111000011000001111111101111100111100101110111111001110110',0.0001,0.0,0.18309859154929578
'101101110000110111000011100111101000001111100011100101110011111001110110',,,0.18309859154929578
'001111011111010001010010000000010111101011111101100011101111111110110101',,,0.323943661971831
'111101110011110111000011100111111111101111111111100101111111111001110110',,,0.1267605633802817
'101101111111110001111011100001101000001111111001101111101001111011110110',,,0.15492957746478872
'101101111111110001010011100111101000001111100001100111110011111101110110',,,0.21830985915492956
'010100001000001110111110100000010111100000100100011010100100110110001001',,,0.23943661971830985
'010010001100001000111100000110000000000000011000011010100000000110001001',,,0.15492957746478872
'010010001111001000111100000110000000000000000000011010000000000110001001',,,0.1267605633802817
'000110000000001110000110100110000000000000111010010000111010110100001001',,,0.20422535211267606
'111101110111110001000011100111111111101111111111100101111111111000110111',,,0.176056338028169
'111001111111110111111001011111111111111111000101101111111101001011110110',0.00013333333333333334,4.7140452079103176e-5,0.14084507042253522
'110101110111110111000011011001101000011111100011100101011010111001100110',,,0.2112676056338028
'111101111100110111111011111111101000011111111001101111011001111011110110',,,0.11267605633802817
'111111111100110111111011000001111111101111111101101111111101111011110110',,,0.1056338028169014
'001010001100000000111100100000000000000000000000011010100001000110010101',0.0002,0.0001414213562373095,0.16901408450704225
'010000000000001000000100100110010111100000000110010000000110000100001001',0.00016666666666666666,9.428090415820633e-5,0.09859154929577464
'111101111011110001111011111001101000011111111001101111001001111011110110',0.00016666666666666666,9.428090415820633e-5,0.14788732394366197
'101011111111110111111001111001101000011111000001101111111001001011110110',0.00013333333333333334,4.7140452079103176e-5,0.19014084507042253
'001000001100000000111100011000000000010000011000011010000001000111010100',,,0.23943661971830985
'101111110000110111100011100111101000001111111011100111011011111001110110',,,0.19718309859154928
'100101111000111111111011111111111111111111111101101111011100111011101010',,,0.1619718309859155
'111001110111110111000001111001111111111111011111100101111111001001110110',,,0.1619718309859155
'101101111000110001111011111001101000011111111001101111000001111011110110',0.0001,0.0,0.14084507042253522
'101110001100000001111111011001111111110000100100001111100101111111110100',,,0.2112676056338028
'101101111111110111111011111001111111111111111101101111111101111011110110',,,0.07746478873239436
'111111111011110111111011000111111111101111111101101111111101111011110110',,,0.08450704225352113
'000010000100001000000100000110000000000000011010010000000010000100001001',,,0.08450704225352113
'000110001111001000111110011000000000010000100000011010000000110110001001',,,0.19718309859154928
'111111110000110111000011100111111111101111100111100101110111111000110111',,,0.2112676056338028
'110000000011101000000100111110010111110000000110010000000110000101001000',,,0.2112676056338028
'111001111100110111111001011111101000011111000001101111110001001011110110',,,0.18309859154929578
'010000000111001110000100000000010111100000000110010000001110000100001001',,,0.1056338028169014
'101101110011110111000011011001111111111111111111100101111111111001110110',,,0.11971830985915492
'110001111011111110111001000111111111101111011101101111011100000011101010',,,0.21830985915492956
'010000000011001000000100100110000000000000011010010000001010000100001001',,,0.11267605633802817
'000000001000001110010100000110000000000000000010010000010010000100001001',,,0.11267605633802817
'010010001000001110111100100000010111100000000100011010000100000110001001',,,0.14788732394366197
'101101111000110111110011111111111111111111111111100101111101111011110110',,,0.11971830985915492
'000000001000001000111100100110010111100000011100011010000100000110001001',0.00016666666666666666,4.714045207910317e-5,0.14084507042253522
'111101111000110001111011011111111111111111100101101111010101111011110110',,,0.14084507042253522
'100011110011111110000001011001111111111111000111100101101110000001101010',,,0.23943661971830985
'111101000100110001000111100110111111101000111110000101110111111100110111',,,0.28169014084507044
'101111110100110111000011111111111111111111111111100101011111111001110110',,,0.14084507042253522
'001010001100000000111100000110000000000000011000011010100001000110010101',0.0001,0.0,0.20422535211267606
'101111110011110001000011000111101000001111111011100101011011111001110110',,,0.19014084507042253
'010010001100001110111100100000000000000000000000011010000000000110001001',0.00013333333333333334,4.7140452079103176e-5,0.11971830985915492
'000000000111001000000100011110010111110000011110010000001110000100001001',,,0.13380281690140844
'010001001011111000111100000110010111101011011101001010001100000110001011',,,0.22535211267605634
'000100000011001000000110011000010111110000111110010000001110110100001001',,,0.2112676056338028
'000010000011001110000100100110010111100000011110010000111110000100001001',,,0.1267605633802817
'101111110011110001000011011001111111111111111111100101001111111001110110',,,0.18309859154929578
'111111111111110001111011111111101000011111111001101111111001111011110110',,,0.07746478873239436
'101111110100110001000011000111111111101111100111100101110111111000110111',,,0.22535211267605634
'101101111111110111111011000001101000001111111001101111111001111010110111',0.00016666666666666666,9.428090415820633e-5,0.176056338028169
'000000001000001000111100000000000000000000011000011010100000000110001001',,,0.1267605633802817
'001110000111000001000110000110000000000000100010010000110011111100010101',,,0.23943661971830985
'001011011111110110010100000000000000001011000011110000111011000100010111',,,0.2676056338028169
'111111111011110111111011000001101000001111111001101111011001111011110110',,,0.14788732394366197
'111101110111110001000011011001111111111111100111100101100111111001110110',,,0.1619718309859155
'101110001100000001111111011001111111110100100100001111000101111111110100',,,0.21830985915492956
'101011111011110111111001100111111111101111000101101111011101001011110110',,,0.20422535211267606
'101111111111110111111011111111111111111111100111100101111101111011110110',,,0.09154929577464789
'010000000000001000000100000110010111100000000110010000100110000100001001',0.00016666666666666666,4.714045207910317e-5,0.11971830985915492
'000000100011001000000100000000000000000100011010010000001010000000001001',,,0.11971830985915492
'101101110111110111111011100001101000001111111001101111011001111010110111',,,0.2112676056338028
'111111111111110111111011011111111111111111111101101111011101111011110110',,,0.07746478873239436
'111111111111110111111011011001101000011111100001101111111001111011110110',,,0.09859154929577464
'010010001011001110111100011000000000010000011000011010001000000110001001',,,0.18309859154929578
'111101110111110001000011011001101000011111100011100101000011111001110110',,,0.18309859154929578
'101011110111110001000001111111101000011111011011110101111011001001110110',,,0.22535211267605634
'101111110000110001000011100111101000001111111011100101110011111001110110',,,0.176056338028169
'000110001011001000111110100000000000000000100000011010100000110110001001',,,0.19718309859154928
'111011111000110111111001011111101000011111000001101111110001001011110110',,,0.19718309859154928
'000001000011001000000100100110010111100000011110010000001110000100001001',,,0.1267605633802817
'010010000111001110000100000110000000000000000010010000111010000100001001',,,0.14788732394366197
'000010000011001110000100111110010111110000011110010000011110000101001000',,,0.16901408450704225
'111111111111110111111011111111101000011111100001101111111001111011110110',0.0002,0.0,0.07746478873239436
'101111111111110001111011111001111111111111111101101111101101111011110110',0.0002666666666666667,0.0001699673171197595,0.11267605633802817
'010010001011001110111100011000000000010000000000011010001000000110001001',,,0.18309859154929578
'110101110011111111000011011001111111111111111111100101011110111001101010',,,0.18309859154929578
'000000100000001110000100011110010111110100011110010000011110000001001000',,,0.19718309859154928
'100001110011111110000001011001111111111111011111100101001110000001101010',,,0.21830985915492956
'110110101000001001111011000001111111100100100100001111000100111011101000',,,0.23943661971830985
'010001001100001000111100100000010111100001011100011010100100000110001001',,,0.18309859154929578
'010100000011001000000110100110000000000000100010010000000010110100001001',,,0.176056338028169
'101111110000110111000011100111101000001111100011100101010011111001110110',,,0.20422535211267606
'010110001011001000111110100000000000000000100000011010100000110110001001',,,0.2112676056338028
'111101110111110111000011011111111111111111100111100101111111111001110110',0.0003,0.00016329931618554522,0.11267605633802817
'110111111011111001111011000001101000001111111001101111001000111010101011',,,0.2676056338028169
'010000000100001000000100100000010111100000011110010000100110000100001001',,,0.11971830985915492
'101101110111110111000011000001101000001111100011100101011011111000110111',,,0.2605633802816901
'010010001000001000111100111110010111110000000100011010000100000111001000',,,0.21830985915492956
'101100111100010111111011111001111111111100100101101111010101111011110110',,,0.18309859154929578
'010000001000001000111100011110000000010000000000011010000000000011001000',,,0.19718309859154928
'110110100000001000000111000111000000000100111010010000000010110100101001',,,0.2323943661971831
'010011000011001000000100100110000000000011011010010000001010000100001001',,,0.14788732394366197
'010000000111001000000100000000010111100000011110010000001110000100001001',0.0001,0.0,0.1056338028169014
'000000001111001110111100100110010111100000000100011010011100000110001001',,,0.15492957746478872
'100110100011101111000011000001111111100100111110010000011110111000001011',,,0.28169014084507044
'011100000111000001000110000000000000000000100010010000100011111100010101',,,0.21830985915492956
'101111110111110001000011111001111111111111111111100101001111111001110110',0.0002,0.0,0.18309859154929578
'011010001111000000111100011000000000010000000000011010100001000110010101',,,0.20422535211267606
'010100001111001000111110100110010111100000100100011010000100110110001001',,,0.21830985915492956
'000000000011001000000100111110000000010000000010010000000010000100001001',0.0001,0.0,0.1056338028169014
'111110110111000001000011111001101000010111100011100101100011111001110100',,,0.2112676056338028
'111111111000110001111011111001111111111111100101101111000101111011110110',,,0.1267605633802817
'000000001011001000111100100000010111100000011100011010101100000110001001',,,0.176056338028169
'111001111000110001111001111001111111111111000101101111100101001011110110',,,0.1619718309859155
'001110001111000001111110000000010111100000100100011010100101111110010101',,,0.2605633802816901
'000000000011001000000100000000010111100000000110010000000110000100001001',0.00016666666666666666,4.714045207910317e-5,0.07746478873239436
'111111110111110001000011011111101000011111111011100101011011111001110110',,,0.15492957746478872
'101011111011110111111001111111101000011111000001101111011001001011110110',,,0.19718309859154928
'101111110011110001000011000001111111101111100111100101000111111001110110',,,0.21830985915492956
'101101110111110111000011011111111111111111111111100101111111111001110110',0.0002,0.0001414213562373095,0.11267605633802817
'010110000111001110000110011110010111110000100110010000111110110100001001',,,0.22535211267605634
'101011011011110111111001011001111111111111011101101111111101001111110110',,,0.176056338028169
'111111111100110111111011000111111111101111100101101111010101111011110110',,,0.15492957746478872
'010000000011101110000100011110000000010000000010010000011010000100001001',,,0.1619718309859155
'000000001011001000111100100110010111100000011100011010001100000110001001',,,0.14788732394366197
'111101111100110111111011011111101000011111100001101111110001111011110110',0.0001,0.0,0.11267605633802817
'000010001011001000111100100110000000000000000000011010000000000110001001',0.0002333333333333333,9.428090415820631e-5,0.1267605633802817
'010010000000001000000100011110010111110000000110010000000110000101001000',,,0.16901408450704225
'101111111011110111110011111001111111111111111101101111111111111011110110',,,0.11267605633802817
'000010001000001110111100100000010111100000011100011010001100000110001001',0.00016666666666666666,9.428090415820633e-5,0.15492957746478872
'111101111111110001111011111111111111111111111101101111111101111011110110',,,0.06338028169014084
'010110000011001110000110000000000000000000100010010000011010110100001001',,,0.19718309859154928
'010010001111001110111100100110000000000000000000011010011000000110001001',,,0.16901408450704225
'111111110100110001000011111001101000011111100011100101100011111001110110',0.0002333333333333333,9.428090415820631e-5,0.1267605633802817
'110100101000111111111011100111111111101100100100001111010100111011101010',,,0.2605633802816901
'000010001011001000111100011110000000010000000000011010100000000110001001',,,0.176056338028169
'100100001011101001111111100001011111100000111100001011001100110110101001',,,0.34507042253521125
'100001110011111000000001111111111111111111011111100101001110000001101010',,,0.22535211267605634
'001110001111000001111110100000000000000000100000011010100001111110010101',0.00016666666666666666,4.714045207910317e-5,0.21830985915492956
'101101110111110001101011000001101000001111100001101111100001111011110110',,,0.16901408450704225
'111011111100110111111001111111101000011111000001101111010001001011110110',,,0.2112676056338028
'010000001000001000111100111000010111110000000100011010100100000111001000',,,0.22535211267605634
'000000001000001000111100111000000000010000011000011010100000000110001001',,,0.1619718309859155
'010010001000001110111100000000010111100000000100011010100100000110001001',,,0.16901408450704225
'010000001011001000111100111000000000010000000000011010100000000111001000',,,0.21830985915492956
'000000000111001000000100111110010111110000000110010000110110000100011001',,,0.176056338028169
'111101110100110001000011000110111111101011100111100101110111111000110111',,,0.23943661971830985
'101111111111110001111011011111111111111111111101101111111101111011110110',0.00019999999999999998,8.16496580927726e-5,0.07746478873239436
'110100101011001001111011100001111111100100100100001111000100111011101000',,,0.2676056338028169
'010010000000001000000100100000010111100000000110010000100110000100001001',,,0.11971830985915492
'101101111000110111111011111001101000011111100001101111010001111011110110',0.0001,0.0,0.14084507042253522
'111110110100110111000011111001111111111100111111100101111111111001110110',,,0.14084507042253522
'000000001000001110111100111110010111110000000100011010010100000111001000',,,0.22535211267605634
'100011010000111000000001111111111111110011011110000101100110000101101010',,,0.2746478873239437
'000010100011101000000100011000000000010000000010010000100010000001001000',,,0.19718309859154928
'000110001011001000111110100000000000000000111000011010001000110110001001',,,0.20422535211267606
'010000000011001000000100000110000000000000011010010000001010000100001001',,,0.1056338028169014
'100101111000111111111011100111111111101111111101101111111100111110101011',,,0.2323943661971831
'010010001011001000111100011110010111110000000100011010000100000110001001',,,0.18309859154929578
'000000101011001000111100011001000000010100011000011010001000000011001000',,,0.2323943661971831
'110001110000111110000001000111111111101111011111100101011110000001101010',,,0.2323943661971831
'000000000100001000000100011000010111110000000110010000000110000101000000',,,0.16901408450704225
'010100100000001001000111100001010111100100111110010000000110111000001001',,,0.2535211267605634
'010110000000001110000110011000000000010000111010010000001010110100001001',,,0.2112676056338028
'010010000011001110000100011000010111110000011110010000101110000101001000',,,0.21830985915492956
'101111110100110001000011111111101000011111111011100101010011111001110110',,,0.18309859154929578
'010000101011001000111100100110010111100100000100011010100100000010001001',,,0.2112676056338028
'010010000000001110000100000110000000000000011010010000011010000100001001',,,0.1267605633802817
'101100111100000001111011111001101000010111100001101111000001111011110100',,,0.19014084507042253
'110101111011111111111011111001111111111111111101101111011100111011101010',,,0.176056338028169
'111011110100110001000001111111101000011111011011100101000011001001110110',,,0.23943661971830985
'000010001011101110111100000110010111100000000100011010011100000110001001',,,0.1619718309859155
'010010000011001110000100100000000000000000011010010000001010000100001001',0.00016666666666666666,4.714045207910317e-5,0.11971830985915492
'011000001100000000111100111000000000010000000000011010100001000111010100',0.00019999999999999998,8.16496580927726e-5,0.20422535211267606
'111111110100110001000011100111111111101111111111100101110111111001110110',,,0.1619718309859155
'101111110100110111000011100111101000001111111011110100011011111100010111',,,0.2746478873239437
'010100000111001110000110000000010111100000111110010000111110110100001001',,,0.20422535211267606
'000010001111001110111100011110000000010000000000011010011000000111001000',,,0.2323943661971831
'101101110000110111111011111001111111111111100101101111110101111011110110',,,0.11971830985915492
'101111110111110111000011111111101000011111111011100101011011111001110110',0.00013333333333333334,4.714045207910317e-5,0.14788732394366197
'101011111111110001111001111001101000011111011001101111101001001011110110',,,0.19014084507042253
'010000001011101110111101011000101000010000000000001010101000000111101000',,,0.31690140845070425
'100010101000111110111001100111111111101100000100001111010100000011101010',,,0.2887323943661972
'100111111011111001111011100111111111101111111101101111001100111011101010',,,0.2112676056338028
'000110000011001000000110111000010111110000100110010000100110110100001001',,,0.21830985915492956
'101111110111110111000011100001111111101111111111100101111111111000110111',0.00016666666666666666,9.428090415820633e-5,0.18309859154929578
'010010001000001000111100111000010111110000011100011010000100000111001000',0.00013333333333333334,4.7140452079103176e-5,0.21830985915492956
'101101111111110111111011011001101000011111100001101111111001111111110110',,,0.13380281690140844
'000010000000111110000100000110010111100000000110010000110110000100001011',,,0.176056338028169
'000000000100001000000100000000010111100000000110010000000110000100001001',,,0.07042253521126761
'111111011100110111111011000111111111101011100101101111110101111110110111',,,0.19718309859154928
'000110000111001110000110111000000000010000111010010000011010110100001001',,,0.2112676056338028
'010010001011001110111100011000000000010000011000011010101000000110001001',,,0.2112676056338028
'000010000000001110000100100110000000000000000010010000010010000100001001',0.00016666666666666666,9.428090415820633e-5,0.11267605633802817
'000010001000001110111100011000010111110000011100011010001100000111001000',,,0.21830985915492956
'000011001111001000111100000000000000000000000000011010000000000110001001',,,0.13380281690140844
'010010001011111110111100100110000000001000011000011010111000000110001011',,,0.22535211267605634
'101001111000110111111001011111101000011111011001101111111001001011110110',,,0.16901408450704225
'010100001000001000111110100110000000000000111000011010000000110110001001',,,0.20422535211267606
'001110000100000001000110111110010111110000111110010000110111111100010101',,,0.2676056338028169
'101001110111110001000001111111101000011111011011100101011011001001110110',,,0.22535211267605634
'011110000111000001000110100000000000000000100010010000100011111100010101',0.00013333333333333334,4.7140452079103176e-5,0.20422535211267606
'101111111011110001111011011001101000011111111001101111101001111011110110',,,0.11971830985915492
'110111010011111111000011100111111111101111100111100101011110110100101011',,,0.2676056338028169
'101111111100110001111011011001101000011111100001101111100001111011110110',,,0.1056338028169014
'011110001100000111111110100110010111100000100100011010110101111110010101',,,0.23943661971830985
'111111111100110111111011011111111111111111100101101111010101111011110110',,,0.1267605633802817
'111011111111110111111001111111111111111111000101101111111101001011110110',,,0.14084507042253522
'010010000100001110000100111000010111110000000110010000100110000100001001',,,0.15492957746478872
'010000000000001000000100100110010111100000011110010000100110000100001001',,,0.14084507042253522
'101011111011110111111001100001101000001111011001101111001001001011110110',,,0.23943661971830985
'010000000111001000000100011000010111110000000110010000000110000101001000',,,0.15492957746478872
'010010000000001000000100000110000000000000000010010000000010000100001001',0.00013333333333333334,4.7140452079103176e-5,0.07746478873239436
'000000001011001000111100100110000000000000000000011010100000000110001001',0.00019999999999999998,8.16496580927726e-5,0.14788732394366197
'000010001111001110111100000000000000000000000000011010001000000110001001',,,0.14788732394366197
'000000001111001000111100111000000000010000000000011010000000000111001000',,,0.18309859154929578
'101101110111110001000011011111101000011111111011100101111011111001110110',0.00013333333333333334,4.7140452079103176e-5,0.14788732394366197
'000010001011001110111100000000000000000000000000011010101000000110001001',0.0001,0.0,0.16901408450704225
'111111110000110111000011111001111111111111111111100101011111111001110110',,,0.14788732394366197
'111111110100110001000011111111101000011111111011100101010011111001110110',,,0.16901408450704225
'010000001011101110111100100000010111100000000100011010001100000110001001',,,0.176056338028169
'000010000000001110000100100110010111100000000110010000010110000100001001',0.00016666666666666666,4.714045207910317e-5,0.11971830985915492
'111111110100110111000011011001101000011111100011100101110011111001110110',0.00016666666666666666,9.428090415820633e-5,0.14788732394366197
'100110101000000001111011111111101000010100100000001111000000111011100000',,,0.19718309859154928
'000010001111001110111100100110000000000000000000011010111000000110001001',,,0.19718309859154928
'101101111111110111111011111111101000011111100001101111111001111011110110',0.00023333333333333333,9.428090415820633e-5,0.09859154929577464
'110100100000001001000111011001111111110100100110000101000110111001101000',,,0.2323943661971831
'110111110011111111000011000111111111101111111111100101111110111000101011',,,0.21830985915492956
'000010001111001110111100100110000000000000011000011010011000000110001001',,,0.15492957746478872
'010000001100001110111100011000010111110000011100011010001100000111001000',,,0.21830985915492956
'001010000100000110000100011000000000010000000010010000010011000101010100',,,0.2605633802816901
'010011000011001110000100100110010111100011000110010000111110000100001001',,,0.18309859154929578
'000000000011001110000100000000000000000000000010010000101010000100001001',,,0.11971830985915492
'000000000000001110000100000110010111100000011110010000011110000100001001',0.00013333333333333334,4.714045207910317e-5,0.09859154929577464
'101101110100110111000011011111101000011111111011100101011011111001110110',0.0002,8.16496580927726e-5,0.176056338028169
'000010001111001000111100011000000000010000011000011010101000000110001001',,,0.20422535211267606
'111011111111110111111001011111101000011111011001101111011001001011110110',0.00013333333333333334,4.7140452079103176e-5,0.18309859154929578
'100101110000111111000011000111111111101111111111100101011110111000101011',0.00013333333333333334,4.714045207910317e-5,0.22535211267605634
'101111110100110111000011111111101000011111100011100101010011111101110110',,,0.19718309859154928
'101001111100110111111001000111111111101111000101101111110101001011110110',,,0.21830985915492956
'000010000111001000000100011110000000010000000010010000100010000100001001',,,0.14084507042253522
'101001011111110110111001111001101000011111000001101111111001000111110110',,,0.23943661971830985
'111111111111110111111011000001101000001111111001101111011001111011110110',,,0.14084507042253522
'110110101000001001111011000111111111100100100100001111000100111011101000',,,0.2535211267605634
'101011110011110111000001111001101000011111000011100101011011001001110110',,,0.23943661971830985
'111110111100110001111011000111101000001111100001101111110001111010110111',,,0.19718309859154928
'000010001011001110111100000110000000000000011000011010011000000110001001',,,0.14084507042253522
'000011010111111110000100100110010111101011011110010000011110000100011011',,,0.16901408450704225
'111111110000110111000011100111101000001111100011100101110011111001110110',0.0001,0.0,0.176056338028169
'010011001011001000111100000110010111100011011100011010001100000110001001',,,0.19014084507042253
'101101111111110001111011011001101000011111100001101111000001111011110110',,,0.15492957746478872
'101111110100110001000011011001111111111111111111100101100111111001110110',,,0.16901408450704225
'110100101000001111111011111001111111110100100100001111000100111011101000',0.00013333333333333334,4.714045207910317e-5,0.23943661971830985
'101001110111110110000000000111000000001111011011110000111011000000010111',,,0.24647887323943662
'111111110100110111000011100111111111101111111111100101111111111001110110',,,0.1267605633802817
'101001110111110111000001111111111111111111000111100101111111001001110110',,,0.176056338028169
'111111111100110001111011011001111111111111111101101111100101111011110110',,,0.11267605633802817
'010000001000001000111100100110000000000000000000011010000000000110001001',,,0.11971830985915492
'111100001111000001111111111001111111110100100100001111100101111111110100',,,0.20422535211267606
'101101111111110111111011000111111111101111111101101111111101111011110110',,,0.09859154929577464
'000010001011001110111100000110010111100000000100011010011100000110001001',,,0.14788732394366197
'001000011100100110111100000000000000000010000000111010110001000110010101',,,0.2535211267605634
'011100001111000001111110000110000000000000100000011010110001111110010101',,,0.2323943661971831
'000010101000001110111100111000010111110000011100011010001100000011001000',,,0.24647887323943662
'000010000100001110000100100110000000000000000010010000010010000100001001',0.0001,0.0,0.11971830985915492
'111111110000110001000011111111101000011111111011100101110011111001110110',0.0001,0.0,0.14788732394366197
'111111110011110001000011100001111111101111100111100101000111111001110110',,,0.2112676056338028
'001010000100000110000100011110000000010000000010010000110011000100010101',,,0.2323943661971831
'111111111100110001111011011111101000011111111001101111110001111011110110',0.0002,8.16496580927726e-5,0.1056338028169014
'001100000100000001000110011110000000010000111010010000110011111100010101',,,0.2605633802816901
'000000000011001110000100100110000000000000011010010000011010000100001001',,,0.09859154929577464
'101111110111110001000011111111101000011111100011100101110011111001110110',,,0.15492957746478872
'100110100000001001000111011001111111110100100110000101000110111001101000',0.00016666666666666666,9.428090415820633e-5,0.2112676056338028
'111101111100110001111011011001111111111111100101101111000101111011110110',,,0.13380281690140844
'011110000100000001000110000000000000000000111010010000100011111100010101',0.0001,0.0,0.2112676056338028
'111101010100110111000011000001101000001011100011110100110011111100110111',,,0.3028169014084507
'000011011011001110111100100000000000000011000000011010001000000110001001',,,0.176056338028169
'101101111000110111111011011111111111111111111101101111111101111011110110',0.00016666666666666666,4.714045207910317e-5,0.07746478873239436
'000000001111001000111100111000010111110000011100011010001100000110001001',,,0.18309859154929578
'110010100000111110000001111111111111111100000110000101010110000001101010',,,0.2887323943661972
'111101110100110001000011000111101000001111111011100101110011111000110111',,,0.22535211267605634
'011011011111110110111000000110000000001011011001111010111001000110010111',0.00013333333333333334,4.714045207910317e-5,0.22535211267605634
'100011111000111110111001100001111111101111011101101111001100000011101010',,,0.24647887323943662
'111111110100110001000011000001101000001111111011100101100011111000110111',,,0.21830985915492956
'100101111011111111111011111111111111111111100101101111011100111011101010',,,0.1619718309859155
'000100001000001110111110100000000000000000100000011010000000110110001001',,,0.176056338028169
'010010000000001110000100000000000000000000000010010000100010000100001001',,,0.1056338028169014
'100101111011111111111011100001101000001111111001101111011000111010101011',,,0.2535211267605634
'110001111011111110111001111001111111111111011101101111001100000011101010',,,0.23943661971830985
'010100001000001000111110000000010111100000100100011010000100110110001001',0.0001,0.0,0.19014084507042253
'011010001100001000111100100110010111100000011100011010100100000110011001',,,0.19718309859154928
'010011100011001000000100100001010111100111000111010000000110000000001001',,,0.176056338028169
'000110001100001000111110100110010111100000111100011010000100110110001001',,,0.2112676056338028
'110101111000111111111011100001111111101111111101101111001100111010101011',,,0.2605633802816901
'011010001100000110111100111110000000010000000000011010110001000110010101',,,0.22535211267605634
'010000001000001000111100000000010111100000000100011010100100000110001001',,,0.14788732394366197
'010010000100001000000100011110010111110000000110010000000110000101001000',,,0.1619718309859155
'111101110000110111000011111001111111111111111111100101111111111001110110',,,0.1267605633802817
'000000001100001000111100100000000000000000011000011010100000000110001001',,,0.14084507042253522
'101101110111110111000011000111101000001111111011100101111011111001110110',,,0.1619718309859155
'110100111000111111111011111001111111111111111101101111001100111011101010',,,0.22535211267605634
'110111110011111111000011000001111111101111100111100101111110111000101011',,,0.24647887323943662
'111111111011110001111011000111101000001111100001101111110001111011110110',,,0.14084507042253522
'111101110111110111000011000111111111101111100111100101111111111001110110',,,0.14084507042253522
'101111110100110111000011011001101000011111100011100101110011111001110110',,,0.1619718309859155
'010001001011111110111100100110000000001000000001011010011000000110001011',,,0.23943661971830985
'000000000111001110000100011110000000010000011010010000011010000101001000',,,0.16901408450704225
'111111111000110001111011011001101000011111100001101111000001111011110110',,,0.1267605633802817
'010000001011001110111100000000000000000000000000011010001000000110001001',,,0.14788732394366197
'010010001100001000111100011000010111110000011100011010000100000111001000',,,0.20422535211267606
'000000000011001000000100100000010111100000000110010000000110000100001001',,,0.08450704225352113
'010110000000001110000110000110010111100000111110010000111110110100001001',,,0.20422535211267606
'000100000000001000000110000000010111100000100110010000000110110100001001',,,0.14788732394366197
'001110000111000001000110000000000000000000100010010000100011111100010101',0.00016666666666666666,4.714045207910317e-5,0.22535211267605634
'000010001111001000111100000110010111100000011100011010001100000110001001',,,0.15492957746478872
'101101111011110001111011100001101000001111100001101111000001111011110110',,,0.16901408450704225
'000000000100001110000100000110010111100000000110010000110110000100001001',,,0.14084507042253522
'001100000111000111000110100110000000000000100010110000111011111100010101',,,0.23943661971830985
'111111111100110111111011011001111111111111100101101111010101111011110110',0.00016666666666666666,4.714045207910317e-5,0.1267605633802817
'111111111100110111111011011001101000011111111001101111111001111011110110',0.00013333333333333334,4.7140452079103176e-5,0.09859154929577464
'000110000011001000000110100000010111100000100110010000000110110100001001',,,0.1619718309859155
'000000000011001000000100100110010111100000000110010000100110000100001001',0.00016666666666666666,4.714045207910317e-5,0.1267605633802817
'010000000000001110000100000110010111100000011110010000111110000100001001',,,0.14084507042253522
'110111110011111111000011000001111111101111111111100101111110111000101011',,,0.2323943661971831
'100101110000111111000011011111111111111111111111100101011110111001101010',,,0.16901408450704225
'010000001100001000111100111110010111110000011100011010100100000111001000',,,0.24647887323943662
'101010110100100110000001011111101000010100000010110100010011001001010110',,,0.352112676056338
'111101111100110111111011011111101000011111111001101111011001111011110110',,,0.11971830985915492
'011000001111001000111100100000010111100000000100011010100101000110010101',,,0.18309859154929578
'000010000011001000000100111110010111110000000110010000000110000101001000',,,0.176056338028169
'001010001100000110111100111110010111110000000100011010110101000111010100',,,0.2887323943661972
'000010001111001000111100000000010111100000000100011010100100000110001001',,,0.1619718309859155
'011010000100000000000100111110010111110000000110010000100111000101010100',0.0002,0.0001414213562373095,0.24647887323943662
'111111111111110111111011000001111111101111100101101111111101111011110110',,,0.1056338028169014
'110110100011001001000111011001111111110100111110000101001110111001101000',,,0.2605633802816901
'001011011111110110011000100110000000001011000011110000111001000110010111',,,0.2535211267605634
'010001001011111110111100100110000000001011000000011010111000000110001011',,,0.2605633802816901
'111101110111110111000011100111101000001111111011100101011011111000110111',,,0.2112676056338028
'000010001100001000111100100110010111100000000100011010100100000110001001',,,0.16901408450704225
'000010000100001000000100000000010111100000000110010000000110000100001001',,,0.07746478873239436
'010000000011001000000100111000010111110000011110010000101110000100001001',,,0.176056338028169
'100101111011111001111011111001111111111111111101101111001100111011101010',,,0.19014084507042253
'101111110111110001000011011111101000011111111011100101011011111001110110',0.0002,8.16496580927726e-5,0.16901408450704225
'001110001111000001100110100000000000000000100010010010100011111100010101',,,0.24647887323943662
'010001001011001000111100111110010111110000000100011010100100000110001001',,,0.2323943661971831
'111111111111110111111011011111111111111111111101101111111101111011110110',0.00013333333333333334,4.7140452079103176e-5,0.04929577464788732
'010000000011001000000100100000010111100000000110010000100110000100001001',,,0.1267605633802817
'010010000011001110000100100000010111100000011110010000001110000100001001',,,0.1267605633802817
'001100000100000001000110000110000000000000100010010000010011111100010101',,,0.2605633802816901
'010110000000001110000110000110000000000000100010010000010010110100001001',,,0.176056338028169
'010110000011001000000110100110010111100000100110010000100110110100001001',,,0.21830985915492956
'111010011100100110111001111000111111110000000100101111110101000111110100',,,0.3028169014084507
'111101111100110001111011111111111111111111100101101111110101111011110110',0.0001,0.0,0.09859154929577464
'111101110111110111000011011111101000011111111011100101011011111001110110',0.0002,8.16496580927726e-5,0.14788732394366197
'100001111011111110111001111001111111111111000101101111001100000011101010',,,0.22535211267605634
'111100110111000001000011111111101000011100100011100101110011111001110100',,,0.2112676056338028
'010110000000001110000110000000010111100000111110010000011110110100001001',,,0.19014084507042253
'010100001000001000111110100110010111100000100100011010000100110110001001',0.0001,0.0,0.2112676056338028
'111011110000110001000001100001111111101111011111100101000111001001110110',,,0.2676056338028169
'100110100000111111000011000111101000001100100010000101010010111000101011',0.0001,0.0,0.28169014084507044
'101111110100110001000011111111111111111111100111100101110111111001110110',0.0002,0.0001414213562373095,0.14788732394366197
'101001110100110001000001111111101000011111011011100101100011001001110110',,,0.21830985915492956
'001000001100000110111100111000000000010000000000011010010001000111010100',,,0.2605633802816901
'111011110100110111000001111111101000011111011011100101011011001001110110',,,0.21830985915492956
'010010000011001000000100100000010111100000011110010000101110000100001001',0.0001,0.0,0.15492957746478872
'010000000111001110000100000110010111100000011110010000111110000100001001',,,0.11971830985915492
'111001111100110110111001011111101000011111000001101111110001001011110110',,,0.19718309859154928
'111101110111110001000011111001101000011111111011100101101011111001110110',,,0.15492957746478872
'111100000100100001000111011110101000010000111010010100110011111101110110',,,0.2746478873239437
'101001010100110110000001111001101000011011011011110100011011000101010110',,,0.3028169014084507
'111101110000110111000011111111101000011111100011100101110011111001110110',,,0.15492957746478872
'000110100000001001000110000110000000000000111010010000000010111000001001',,,0.20422535211267606
'101111111100110111111011000111111111101111100101101111010101111011110110',,,0.16901408450704225
'111001111111110111111001111001111111111111000101101111111101001011110110',0.0001,0.0,0.14788732394366197
'101111111111110001111011111111111111111111100101101111110101111011110110',,,0.1056338028169014
'010110001000001110111110000000000000000000111000011010001000110110001001',,,0.2112676056338028
'011000000111000000000100111000000000010000000010010000100011000100010101',0.00016666666666666666,9.428090415820633e-5,0.176056338028169
'110111111011111111111011111001111111111111111101101111011100111011101010',,,0.16901408450704225
'010010000000001110000100000000010111100000000110010000100110000100001001',,,0.1267605633802817
'110010101000111110111001000111111111101100000100001111110100000011101010',,,0.30985915492957744
'000010001011001110111100100000010111100000011100011010101100000110001001',,,0.18309859154929578
'101111110100110111000011111001101000011111111011100101111011111001110110',0.0003333333333333333,4.714045207910318e-5,0.14788732394366197
'101101111100110111111011100111101000001111111001101111111001111010110111',,,0.16901408450704225
'000000001111001110111100111110010111110000011100011010111100000110001001',,,0.19718309859154928
'010110000000001110000110100110010111100000100110010000010110110100001001',,,0.19014084507042253
'000000000011001000000100011110000000010000000010010000100010000101001000',,,0.16901408450704225
'111111111100110001111011000111101000001111111001101111110001111010110111',,,0.176056338028169
'000000100000001000000100011110010111110100011110010000100110000001001000',,,0.21830985915492956
'010011001011001000111100100000010111100000011100011010001100000110001001',,,0.19014084507042253
'101111111100110111111011111001101000011111100001101111110001111011110110',,,0.11267605633802817
'000010001111001000111100011110010111110000011100011010001100000110001001',,,0.18309859154929578
'101100110000110111000011100111101000001110111011100101011011111001110110',,,0.2112676056338028
'000010001011001110111100100110010111100000000100011010111100000110001001',,,0.18309859154929578
'101101111100110111111011011001111111111111111101101111011101111011110110',0.00016666666666666666,9.428090415820633e-5,0.1267605633802817
'111110110100110001000011011111101000011100111011100101110011111001110110',,,0.176056338028169
'111101010111110111000011111001111111111111100111100101111111111101110110',,,0.14084507042253522
'010000001000001110111100011000000000010000011000011010001000000111001000',,,0.21830985915492956
'000110000111001000000110000000010111100000111110010000001110110100001001',,,0.18309859154929578
'111101111100110001111011011001111111111111111101101111100101111011110110',,,0.11971830985915492
'101101110111110111000011100001101000001111100011100101111011111000010111',,,0.21830985915492956
'010000000000001000000100100000000000000000000010010000000010000100001001',0.00013333333333333334,4.7140452079103176e-5,0.06338028169014084
'000100000011001000000110100110010111100000100110010000000110110100001001',,,0.18309859154929578
'110001111011111110111001111001111111111111000101101111001100000011101010',,,0.23943661971830985
'010000001111001110111100100000010111100000000100011010001100000110001001',0.00013333333333333334,4.714045207910317e-5,0.15492957746478872
'101001110111110110000001111001101000011111011011110101111011000101110110',,,0.2676056338028169
'000100001000001110111110000000000000000000111000011010001000110110001001',,,0.20422535211267606
'000000001000001110111100100110010111100000000100011010010100000110001001',0.00016666666666666666,9.428090415820633e-5,0.15492957746478872
'111101110100110111000011000111111111101111111111100101111111111000110111',0.00016666666666666666,9.428090415820633e-5,0.18309859154929578
'101111111100110001111011111001111111111111100101101111100101111011110110',0.0001,0.0,0.1056338028169014
'101100111111110001111011100001111111101111100101101111000101111011110110',,,0.20422535211267606
'110100001011001001111111111000111111110000100100001111000100111111101000',,,0.2676056338028169
'111101011100010111010011000000101000001011111011100101111011111100110111',,,0.2605633802816901
'001010000111000000000100000110000000000000000010010000110011000100010101',,,0.20422535211267606
'101100101011000001111011011111111111110100100100101111100101111011100100',,,0.20422535211267606
'111101111100110111111011100111101000001111100001101111110001111110110111',,,0.19014084507042253
'010010001011001000110100011110000000010000000010010000100010000101001000',,,0.21830985915492956
'010010001111001000111100111110000000010000000000011010000000000110001001',,,0.1619718309859155
'010010001011001110111100100110010111100000011100011010011100000110001001',0.0003333333333333333,4.714045207910318e-5,0.15492957746478872
'111110111000010001111011011001111111111100111101101111100101111011100110',,,0.14788732394366197
'101101110111110111000011100111101000001111100011100101111011111001110110',,,0.16901408450704225
'111011111111110001111001011001101000011111011001101111101001001111110110',,,0.19718309859154928
'111001111100110001000001011001111111111111011101100111100111001001110110',,,0.21830985915492956
'111111110100110111000011011001101000011111111011100101011011111001110110',,,0.16901408450704225
'000010001011001000111100011000000000010000011000011010101000000111001000',,,0.23943661971830985
'000000000000001110000100000110000000000000000010010000110010000100001001',0.0002666666666666667,0.00012472191289246472,0.1267605633802817
'111110100100100001000011011001111111110100111111100101100111111001110100',,,0.2323943661971831
'110111111011111111111011000001101000001111100001101111011000111010101011',,,0.2676056338028169
'000010001011001000111100111000010111110000000100011010100100000110001001',,,0.19014084507042253
'000010001011001110111100000110000000000000000000011010011000000110001001',0.0002,0.0,0.15492957746478872
'101111110000110111000011111111101000011111100011100101110011111001110110',0.00013333333333333334,4.7140452079103176e-5,0.14788732394366197
'001011011111110110111000000110000000001011011001111010111001000110010111',0.00016666666666666666,4.714045207910317e-5,0.23943661971830985
'010010000100001000000100111000010111110000011110010000100110000100001001',,,0.15492957746478872
'000010001000001110111100100000010111100000000100011010100100000110001001',,,0.1619718309859155
'110111111011111111111011000001111111101111111101101111011100111010101011',,,0.21830985915492956
'111111110100110001000011011111111111111111100111100101110111111001110110',0.0002333333333333333,9.428090415820631e-5,0.14084507042253522
'000001010011001110111100100000000000000011000000011010001000000110001001',,,0.16901408450704225
'000001011011111110111100100110000000001011000001111010111000000110001011',,,0.23943661971830985
'100101111000111111111011000111101000001111111001101111011000111010101011',,,0.24647887323943662
'010001000011001110000100100000010111100000000110010000001110000100001001',,,0.14084507042253522
'111111110011110111000011111111101000011111111011100101011011111001110110',0.0002,0.0001414213562373095,0.14084507042253522
'101011111011110111111001000111101000001111000001101111011001001011110110',,,0.2323943661971831
'101111110011110111000011011111101000011111111011100101111011111001110110',0.00023333333333333333,4.714045207910315e-5,0.11971830985915492
'000110000111001000101110000110010111100000100100011010000100110110001001',,,0.20422535211267606
'111111110111110001000011111111101000011111100011100101110011111001110110',0.00016666666666666666,9.428090415820633e-5,0.14084507042253522
'010010001011001000111100000000000000000000011000011010001000000110001001',0.00016666666666666666,4.714045207910317e-5,0.15492957746478872
'111101110011110111000011111001101000011111111011100101111011111001110110',,,0.13380281690140844
'000001010111001000000100011110010111110011011110010000101110000100001001',,,0.19014084507042253
'000000000000001110000100000000010111100000011110010000001110000100001001',0.00016666666666666666,4.714045207910317e-5,0.09859154929577464
'001011011111110110111000000110000000001011000001111010111001000110010111',,,0.2535211267605634
'100110100000101111000111100001111111100100100110000101000110111000101001',,,0.2887323943661972
'101011110111110111000001111111111111111111000101100111111111001001110110',,,0.19718309859154928
'010000001011001110111100100110000000000000011000011010011000000110001001',,,0.15492957746478872
'111110111100110111111011011111101000011110100001101111110001111011110110',,,0.1267605633802817
'011011011111110110111000011000000000011011011001111011111001000111010111',,,0.31690140845070425
'011000000100000000000100011110000000010000011010010000100011000000010101',,,0.2112676056338028
'111101111011110111111011100111101000001111100001101111111001111010110111',,,0.1619718309859155
'000000000100001110000100011000010111110000011110010000101110000100001001',,,0.1619718309859155
'111100100100000001000011111001111111110100111110000101000111111001110100',,,0.23943661971830985
'110101110011111111000011011111111111111111100111100101011110111001101010',,,0.18309859154929578
'111111111000110001111011011001101000011111111001101111100001111011110110',0.00016666666666666666,4.714045207910317e-5,0.11267605633802817
'111001111100110111111001011001101000011111011001101111011001001011110110',0.00013333333333333334,4.7140452079103176e-5,0.20422535211267606
'111111111011110111111011011111101000011111100001101111011001111011110110',0.00013333333333333334,4.7140452079103176e-5,0.11971830985915492
'000010001000001000111100011000000000010000011000011010100000000110001001',,,0.1619718309859155
'000010000100001000000100100110010111100000000110010000000110000100001001',,,0.09859154929577464
'111011111111110001111001111001101000011111000001101111000001001011110110',,,0.19718309859154928
'111101111100110111111011100111101000001111100001101111010001111010110111',,,0.20422535211267606
'010000000000001000000100000110010111100000011110010000000110000100001001',0.00023333333333333333,4.714045207910315e-5,0.1056338028169014
'111111011111110111111011000111111111101111100101101111111101111110110111',,,0.15492957746478872
'101111110000110111000011111111101000011111100011100101010011111001110110',,,0.176056338028169
'101001111111110001111001100111111111101111000101101111010101001011110110',,,0.23943661971830985
'101101111011110001111011100111101000001111111001101111011001111011110110',,,0.14788732394366197
'101101110000110111000011111001111111111111100111100101010111111001110110',,,0.176056338028169
'111011111111110001111001011111111111111111011101101111111101001011110110',,,0.14788732394366197
'101101111111110001111011100001101000001111100001101111100001111010110111',,,0.19014084507042253
'111111111000110111111011011111101000011111111001101111011001111011110110',0.00016666666666666666,4.714045207910317e-5,0.11971830985915492
'111101111011110001111011011001101000011111111001101111001001111011110110',,,0.15492957746478872
'001100000100000001000110000000000000000000100010010000000011111100010101',,,0.2323943661971831
'100110101011001111111110100111010111100100111100011011111100111110101001',,,0.28169014084507044
'111101111000000001111011100001101000001111100001101111000001111011110100',,,0.19014084507042253
'010110001011001000111110100000010111100000100100011010000100110110001001',,,0.20422535211267606
'101001111111110001111001011111111111111111000101101111110101001011110110',,,0.19014084507042253
'101111110100110111000011000111101000001111111011100101011011111000110111',,,0.23943661971830985
'010000001011001000111100000000010111100000000100011010000100000110001001',0.00016666666666666666,4.714045207910317e-5,0.13380281690140844
'010000001011001110111100100000000000000000000000011010101000000110001001',,,0.18309859154929578
'111100111111110001111011011111101000011111111001101111011001111011110110',,,0.14084507042253522
'011011010111110110000100000000000000001011000011110000111011000100010111',,,0.23943661971830985
'000100000011001110000110100110000000000000111010010000011010110100001001',,,0.16901408450704225
'000010000000001000000100000000000000000000000010010000000010000100001001',,,0.04929577464788732
'110110100011101111000110000111100000000100100010010000011010111000001001',,,0.2605633802816901
'001010001100000000111100011110010111110000011100011010100101000111010100',0.0001,0.0,0.29577464788732394
'111101110011110111000011011111111111111111111111100101111111111001110110',,,0.1056338028169014
'111101110111110111111011011111101000011111111001101111011001111011110110',,,0.11971830985915492
'111111110111110001111011011111111111111111111101101101011101111011110110',,,0.11971830985915492
'000001001011001110111100111000010111110001000100011010001100000110001001',,,0.19718309859154928
'011100000111000001000110000000010111100000100110010000100111111100010101',,,0.2535211267605634
'110101110011111111000011011001111111111111100111100101011110111001101010',,,0.19718309859154928
'000110000011001110000110100000000000000000100010010000011010110100001001',,,0.19014084507042253
'111100110111110001000011011111111111111111111111100101011111111001110110',,,0.1619718309859155
'111111111011110111111011111001101000011111111001101111111001111011110110',,,0.08450704225352113
'010110001111001000111110111000000000010000100000011010100000110110001001',,,0.2323943661971831
'000010000011001110000100000000010111100000000110010000101110000100001001',,,0.13380281690140844
'110111111011111111111011000001111111101111111101101111011100111011101010',,,0.19014084507042253
'000001001000001000111100000000000000000000011000011010100000000110001001',,,0.14788732394366197
'010000001111001000111100011000000000010000011000011010001000000111001000',,,0.2112676056338028
'111101110100000001000011011001101000011111100011100101100011111001110100',,,0.19014084507042253
'010000000011001110000100100110010111100000011110010000111110000100001001',0.00016666666666666666,4.714045207910317e-5,0.13380281690140844
'010010000000001110000100100000010111100000011110010000001110000100001001',0.0003333333333333333,9.428090415820634e-5,0.1267605633802817
'000000000111001110101100100000000000000000011000011000101000000100001001',,,0.19014084507042253
'011000001100000000111100011000000000010000000000011010100001000111010100',,,0.2112676056338028
'000110001100001110111110100000010111100000100100011010000100110110001001',,,0.19718309859154928
'000000001011001000111100100110000000000000011000011010101000000110001001',,,0.16901408450704225
'111101111011110111111011011001101000011111111001101111011001111011110110',0.00023333333333333333,0.00012472191289246472,0.1267605633802817
'110110101000001111111010100001010111100100100100001011000100111010101001',,,0.2676056338028169
'111111110011110111000011011001101000011111100011100101011011111001110110',,,0.176056338028169
'111111111100110111111011100111111111101111100101101111010101111010110111',,,0.19014084507042253
'100000101000001000111000011111110111110100000100001011000100000011101000',,,0.2323943661971831
'010000001000001110111100000000010111100000011100011010001100000110001001',0.00013333333333333334,4.7140452079103176e-5,0.15492957746478872
'001110001100000001111110000110000000000000100000011010110001111110010101',,,0.23943661971830985
'101111110100110001000011111111111111111111100111100101010111111001110110',0.00013333333333333334,4.7140452079103176e-5,0.176056338028169
'111111110111110111000011011001101000011111100011100101111011111001110110',,,0.14084507042253522
'111111111100110001111011111111111111111111111101101111010101111011110110',,,0.11971830985915492
'010000000011001110000100000110000000000000011010010000111010000100001001',,,0.13380281690140844
'010000001111001000010100111000000000010000011010010000001010000100001001',,,0.14788732394366197
'110011110011111110000001011001111111111111000111100101101110000001101010',,,0.2535211267605634
'011011111100110110111000100111000000001111000001111010110001000010010111',,,0.2676056338028169
'100111110011111111000011100001111111101111111111100101011110111001101010',0.0001,0.0,0.19718309859154928
'100101110011111111000011011111111111111111111111100101011110111001101010',,,0.15492957746478872
'101111110100110001000011100001101000001111111011100101100011111000110111',,,0.22535211267605634
'010010000111001000000100111000010111110000000110010000100110000100001001',,,0.15492957746478872
'111011111000110001111001011111111111111111000101101111100101001011110110',,,0.19014084507042253
'111111110000110001000011111111111111111111100111100101110111111001110110',,,0.14084507042253522
'010000000111001000000100011110010111110000000110010000000110000101001000',0.00016666666666666666,9.428090415820633e-5,0.16901408450704225
'011011011100010110111000111000000000011011011001111010111001000110010111',,,0.2746478873239437
'010010000111001110000100011110010111110000000110010000111110000101001000',,,0.2112676056338028
'010010000100001110000100100000010111100000000110010000000110000100001001',,,0.09859154929577464
'000001000000001110000100000000010111100001011110010000101110000100001001',,,0.14788732394366197
'111001111011110111111001100111111111101111011101101111111101001011110110',,,0.15492957746478872
'101101111011110001111011000111111111101111111101101111011101111011110110',,,0.13380281690140844
'000110001011001000111110100110010111100000111100011010001100110110001001',,,0.2112676056338028
'010000001111001000111100100000010111100000000100011010000100000110001001',,,0.13380281690140844
'101001111111110111111001011111101000011111000001101111111001001011110110',0.00013333333333333334,4.7140452079103176e-5,0.176056338028169
'110011111011111110111001100001101000001111011001101111001000000011101010',,,0.28169014084507044
'111110110100010001000011111001101000011110100011100101000011111001110110',,,0.19014084507042253
'111101110111110001000011000001111111101111111111100101001111111001110110',,,0.2112676056338028
'111101110100110001000011100111111111101111111111100101010111111001110110',,,0.19718309859154928
'010010001000001000111100011110000000010000000000011010000000000110001001',,,0.14788732394366197
'001011010111111110000100100110010111101011011111110000011110000100011011',,,0.14788732394366197
'000110001000001110111110100110000000000000111000011010011000110110001001',,,0.20422535211267606
'000010000100001000000100000000000000000000000010010000000010000100001001',,,0.056338028169014086
'101100011100110001111011000110111111101000111101101111110101111110110111',,,0.24647887323943662
'000110100000001111000110100000010111100100100110010000000110111000001001',,,0.2112676056338028
'010000100011001000000100111000000000010000000010010000000010000001001000',,,0.16901408450704225
'010001001000001110111100011000010111110000000100011010000100000111001000',,,0.22535211267605634
'111101110000110111000011011111101000011111111011100101111011111001110110',0.00013333333333333334,4.7140452079103176e-5,0.14084507042253522
'111101111111110001111011011001101000011111100001101111100001111011110110',0.00016666666666666666,4.714045207910317e-5,0.11267605633802817
'000000000100101110000100000110010111100000011110010000111110000100001001',,,0.14788732394366197
'010010000000001110000100100000000000000000011010010000001010000100001001',0.00013333333333333334,4.714045207910317e-5,0.11971830985915492
'001000001100000000111100111110000000010000000000011010100001000111010100',,,0.2323943661971831
'001001010100000000000100011110010111110011011110010000100111000101010100',,,0.3028169014084507
'101011110011110001000001011111101000011111011011100101111011001001110110',,,0.20422535211267606
'110110101000111111111011100111101000001100100000001111010000111010101011',,,0.2887323943661972
'010000001000001110111100100110000000000000011000011010011000000110001001',,,0.16901408450704225
'110110111000110001111011011001101000011100100001101111000001111011100110',,,0.14084507042253522
'010010000100001110011100000110010111100000000100011000010100000110001001',,,0.176056338028169
'001110001111000001111110000000000000000000100000011010100001111110010101',0.0002,8.16496580927726e-5,0.22535211267605634
'111101110000110111000011111111111111111111100111100101110111111001110110',,,0.14788732394366197
'100101111000111111111011000111111111101111111101101111011100111010101011',0.00013333333333333334,4.714045207910317e-5,0.2112676056338028
'110001110011111000000001011001111111111111011111100101001110000001101010',,,0.2323943661971831
'111111110111110111000011011001111111111111100111100101111111111001110110',0.00023333333333333333,0.00012472191289246472,0.11971830985915492
'010110000000001000000110000000000000000000100010010000000010110100001001',0.00013333333333333334,4.7140452079103176e-5,0.13380281690140844
'000110001100001000111110000000000000000000100000011010000000110110001001',0.0001,0.0,0.15492957746478872
'101101111011110111111011111111111111111111100101101111011101111011110110',,,0.09859154929577464
'001001010111000000000100000000000000000011011011110000101011000100010101',,,0.22535211267605634
'010100000011001110000110100110000000000000100010010000011010110100001001',,,0.19718309859154928
'101101111000110001111011100001111111101111111101101111100101111010110111',,,0.19014084507042253
'101001111011110001111001100111111111101111011101101111011101001011110110',,,0.19718309859154928
'000100000000001110000110000110010111100000100110010000110110110100001001',,,0.20422535211267606
'111111111100110111111011000111111111101111111101101111111101111011110110',,,0.09154929577464789
'101111111111110001111011000111111111101111100101101111110101111110110111',,,0.19718309859154928
'111101110111000001000011011001101000010111100010100101100011111001110100',,,0.20422535211267606
'000000001100001000111100000000010111100000000100011010100100000110001001',,,0.14084507042253522
'100110101011001001111011000111000000000100100000011010000000111010001001',,,0.2605633802816901
'101101110011110001000011100111111111101111100111100101110111111000110111',0.0001,0.0,0.21830985915492956
'010010001011001000111100000110010111100000000100011010100100000110001001',,,0.18309859154929578
'111111110111110111000011000111101000001111100011100101111011111000110111',,,0.19718309859154928
'101111110011110111000011100111111111101111111111100101111111111000110111',,,0.1619718309859155
'000010000011001000000100000110000000000000000010010000000010000100001001',,,0.07746478873239436
'111001111111110001111001011001101000011111011001101111101001001011110110',,,0.176056338028169
'111101111011110001001011000001111111101111100111100101100111111001110110',,,0.19718309859154928
'011010000111000000000100111000010111110000000110010000100111000101010100',0.00013333333333333334,4.7140452079103176e-5,0.24647887323943662
'000000001100001110111100000110010111100000000100011010010100000110001001',,,0.15492957746478872
'000000001011001000111100100000010111100000000100011010100100000110001001',0.00013333333333333334,4.7140452079103176e-5,0.15492957746478872
'101111110111110111000011011111101000011111100011100101111011111001110110',0.0001,0.0,0.14084507042253522
'000010000100001110000100011000000000010000000010010000100010000101001000',,,0.16901408450704225
'000001001011001000111100000110000000000011011000011010101000000110001001',,,0.19014084507042253
'010000001000001000111100111110000000010000011000011010000000000111001000',,,0.20422535211267606
'111111110011110111000011111111101000011111100011100101011011111001110110',,,0.15492957746478872
'000000000011001110011100100110010111100000000100011010111100000110001001',,,0.19014084507042253
'111111111011110111111011100001111111101111111101101111011101111011110110',,,0.11971830985915492
'101101110011110001000011011111111111111111100111100101010111111001110110',,,0.18309859154929578
'000000001000111110111100100110000000001000011000011010111000000110001011',,,0.21830985915492956
'000001001011111110111100000110000000001011011000011010011000000110001011',,,0.2112676056338028
'010000000000001000000100011110010111110000011110010000000110000101001000',,,0.176056338028169
'000110001000001000111110100000000000000000111000011010000000110110001001',,,0.16901408450704225
'110101111011111111111011011001111111111111111101101111011100111011101010',,,0.16901408450704225
'010010001000001000111100000110000000000000000000011010100000000110001001',0.00013333333333333334,4.7140452079103176e-5,0.14788732394366197
'111101110111110001000011100111111111101111111111100101111111111001110110',,,0.13380281690140844
'101101111100110111111011011111111111111111100101101111010101111011110110',,,0.14788732394366197
'101101110100110001000011100001111111101111111111100101100111111001110110',,,0.19718309859154928
'010010000000001110000100100110010111100000000110010000010110000100001001',0.00016666666666666666,4.714045207910317e-5,0.13380281690140844
'100101110011111111000011100111111111101111100111100101011110111000101011',,,0.2323943661971831
'000100000000001000000110000000010111100000100110010000100110110100001001',,,0.176056338028169
'010001011011001110111100000000000000000011011000011010001000000110001001',,,0.176056338028169
'001101111100110001111011000110001000001111100001101111010001111010110111',,,0.23943661971830985
'000010001111001000101100100000000000000000000000011000100000000100001001',,,0.176056338028169
'010110001011001001111110000110010111100000100100011010000100111110001001',,,0.24647887323943662
'111111111111110001111011111111111111111111111101101111111101111011110110',0.0003,0.0001414213562373095,0.056338028169014086
'010010000100001000000100111110010111110000011110010000100110000100001001',,,0.16901408450704225
'011100000100000111000110011000000000010000100010010000110011111100010101',,,0.24647887323943662
'010100000111001110000110000110000000000000111010010000011010110100001001',,,0.16901408450704225
'011110001111000001111110000000000000000000100000011010100001111110010101',,,0.2112676056338028
'010010001000001000110100000000000000000000011010010010000010000110001001',,,0.1056338028169014
'101001110111110000000001111111101000011111011011110100111011001001010110',,,0.2676056338028169
'110101110011111111000011111111111111111111111111100101011110111001101010',0.00013333333333333334,4.714045207910317e-5,0.176056338028169
'110101110000111111000011111111111111111111111111100101011110111001101010',,,0.19014084507042253
'010100001111001000111110100000010111100000100100011010100100110110001001',,,0.2323943661971831
'010010000111001110000100111000000000010000011010010000001010000100001001',,,0.14084507042253522
'110001111000111110111001111001111111111111011101101111001100000011101010',,,0.23943661971830985
'111101111111110001111011100111101000001111100001101111110001111011110110',,,0.13380281690140844
'010000000000001000000100100110000000000000000010010000000010000100001001',,,0.07746478873239436
'010011000011101000000100000110010111100000000110010000000110000100001001',,,0.14788732394366197
'111101110111110001000011111111111111111111100111100101010111111001110110',,,0.16901408450704225
'001011010111110110000100000110000000001011011011110000111011000100010111',0.00023333333333333336,0.00012472191289246472,0.22535211267605634
'111001011111110110111001011000101000011011000001111110011001000111010110',,,0.28169014084507044
'000011001000001110111100100110010111100000011100011010111100000110001001',,,0.20422535211267606
'110011110011111110000001011001111111111111011111100101001110000001101010',,,0.23943661971830985
'111101110111110001000011111001101000011111100011100101000011111001110110',,,0.176056338028169
'010010001111001000111100011000000000010000011000011010001000000110001001',,,0.176056338028169
'000010000000001000000100011110000000010000000010010000000010000100001001',0.00016666666666666666,4.714045207910317e-5,0.09154929577464789
'101011010100110000000001111000111111111011011111100101100111000101110110',,,0.2676056338028169
'111111110111110111000011011111101000011111100011100101111011111001110110',,,0.1267605633802817
'111100110111010001000011011001111111111100100111100101100111111001110100',,,0.20422535211267606
'010000001000001000111100100000000000000000000000011010100000000110001001',,,0.13380281690140844
'101111111011110111111011111111101000011111111001101111111001111011110110',0.0001,0.0,0.07042253521126761
'000000000000101110000100100000010111100000000110010000100110000100001001',,,0.1267605633802817
'001001011111000000111100111000000000010011011001111010001001000111010100',,,0.2887323943661972
'000010000011001110000100000000000000000000000010010000001010000100001001',0.0002666666666666666,4.714045207910315e-5,0.09859154929577464
'011110010111000001000110000000000000000011111011110000101011111100010101',,,0.2605633802816901
'101001110100110001000001011111111111111111011111100101100111001001110110',0.0001,0.0,0.2323943661971831
'101100101111000001111011000001111111100100100100101111000101111011110100',,,0.2535211267605634
'010010000111001110000100100110010111100000011110010000011110000100001001',,,0.1056338028169014
'000110000011001111000110111000010111110000111110010000011110110100001001',,,0.2112676056338028
'100000101000111110111001000111111111101100000100001111010100000011101010',,,0.2746478873239437
'100101110011111001000011111001111111111111111111100101001110111001101010',,,0.20422535211267606
'111110110100110111000011111111101000011111100011100101110011111001110110',,,0.1619718309859155
'001110000111000001000110000000000000000000100010010000000011111100010101',,,0.23943661971830985
'000100000100001000000110011000010111110000100110010000000110110100001001',,,0.18309859154929578
'111101110011110111000011100001101000001111100011100101111011111001110110',,,0.176056338028169
'001110000100000001000110000000000000000000100010010000100011111100010101',,,0.2112676056338028
'000110000100001001000110100110000000000000111010010000010010110100001001',,,0.19014084507042253
'000000000011001110000100100000010111100000011110010000001110000100001001',0.00016666666666666666,9.428090415820633e-5,0.1056338028169014
'010100001011001110111110000110000000000000100000011010011000110110001001',,,0.21830985915492956
'111110101100000111000111111111101000010100100010010100010011111001110100',,,0.2746478873239437
'101111111100110001111011000001111111101111100101101111100101111010110111',,,0.18309859154929578
'101101110100110001000011111001101000011111111011100101000011111001110110',,,0.19014084507042253
'010000000111101110000100000110010111100000000110010000111110000100001011',,,0.14788732394366197
'000010000111001000000100000000010111100000000110010000000110000100001001',,,0.09154929577464789
'100111110011111111000011100111111111101111111111100101011110111000101011',,,0.2112676056338028
'111101111100110111111011011111111111111111111101101111111101111111110110',,,0.08450704225352113
'111101110111110111000011011001101000011111111011100101011011111001110110',,,0.1619718309859155
'000000000000001000000100100110010111100000011110010000100110000100001001',0.00016666666666666666,9.428090415820633e-5,0.1267605633802817
'111011110000110001000001111111111111111111000111100101000111001001110110',,,0.23943661971830985
'111001111111110111111001111001101000011111011001101111111001001011110110',,,0.15492957746478872
'100001110000111110000001000111111111101111011111100101111110000001101010',,,0.2323943661971831
'000000001000001110111100000000010111100000011100011010101100000110001001',,,0.16901408450704225
'001000001100000000111100111000010111110000011100011010100101000111010100',,,0.2676056338028169
'101100110111000001000011111001101000011110100011100101000011111001110100',,,0.24647887323943662
'101111110100110001000011011111111111111111111111100101110111111001110110',0.00023333333333333336,0.00012472191289246472,0.15492957746478872
'000011001011111110111100000110010111101000000100011010111100000110001011',,,0.2323943661971831
'010010000011001110000100111000000000010000000010010000101010000100001001',,,0.176056338028169
'100100100011001001000111111001111111110100100110000101000110111001101000',,,0.23943661971830985
'010000001011001000111100000110000000000000011000011010001000000110001001',,,0.14788732394366197
'000100100000001001000010100000011111100000111110000001000110111000101001',,,0.3028169014084507
'101001110011110111000001011111101000011111011011100101111011001001110110',,,0.18309859154929578
'111011111111110111111001111001101000011111000001101111011001001011110110',,,0.20422535211267606
'000100000111001000000110000000010111100000100110010000000110110100001001',,,0.16901408450704225
'000010001111101110111100111110010111110000011100011010111100000110001001',,,0.21830985915492956
'111111111100110001111011000001101000001111100001101111000001111011110110',,,0.14788732394366197
'111001111111110111111001011111101000011111011001101111011001001011110110',,,0.176056338028169
'010010101000001000111100111001010111110100000100011010100100000011101000',,,0.2535211267605634
'111111110011110111000011111111111111111111111111100101111111111001110110',,,0.09154929577464789
'010010001000001110111100011000000000010000000000011010100000000110001001',,,0.176056338028169
'110011111000111110111001011001101000011111011001101111001000000011101010',,,0.2605633802816901
'101101110100110111000011111111111111111111111111100101111111111001110110',0.00016666666666666666,9.428090415820633e-5,0.11971830985915492
'000000001000001000111100011110010111110000011100011010000100000111001000',,,0.20422535211267606
'111001111000110111111001011111111111111111011101101111111101001011110110',,,0.14788732394366197
'010010001011001110111100000110010111100000011100011010011100000110001001',0.0001,0.0,0.14788732394366197
'111101110011110111000011100111111111101111100111100101011111111001110110',,,0.16901408450704225
'000000100000001000000100011110000000010000000010010000100010000001001000',,,0.176056338028169
'111111111100110001111011000111111111101111100101101111110101111110110111',,,0.18309859154929578
'010010000000001110000100100110000000000000011010010000011010000100001001',,,0.13380281690140844
'111111111111110111111011100001111111101111100101101111011101111011110110',,,0.1267605633802817
'010000000011001110000100100110000000000000000010010000111010000100001001',,,0.15492957746478872
'111111111011110111111011011111101000011111111001101111111001111011110110',0.00013333333333333334,4.7140452079103176e-5,0.07746478873239436
'010010000011001000000100111000010111110000011110010000001110000101001000',,,0.19718309859154928
'010000000000001110000100011000000000010000000010010000100010000100001001',,,0.1267605633802817
'101001110100110001000001011111111111111111000111100101000111001001110110',,,0.24647887323943662
'101101110111110111000011000001111111101111111111100101011111111000110111',,,0.22535211267605634
'101111110100110001000011111111101000011111111011100101110011111001110110',,,0.15492957746478872
'000000001111001000111100100000000000000000000000011010000000000110001001',,,0.11267605633802817
'110010000000001110000100111111000000010100011010010000011010000101001000',,,0.23943661971830985
'010110000000001110000110111000000000010000111010010000001010110100001001',,,0.21830985915492956
'111101111111110111111011011001101000011111100001101111111001111011110110',0.00023333333333333333,4.714045207910315e-5,0.1056338028169014
'111011111100110001111001111001101000011111000001101111100001001011110110',,,0.15492957746478872
'011000000100000000000100111000010111110000011110010000100111000101010100',,,0.23943661971830985
'101001110111110111000001111001111111111111000111100101111111001001110110',,,0.19014084507042253
'111111110111110111000011000111111111101111111111100101011111111001110110',,,0.14788732394366197
'100110101000001001111011111111111111110100111100001111000100111011101000',0.0001,0.0,0.2323943661971831
'000000000011001110000100100000000000000000011010010000001010000100001001',0.0003,8.164965809277261e-5,0.09859154929577464
'011000001100000110111100111000000000010000000000011010110001000110010101',0.0001,0.0,0.21830985915492956
'000010000000001110000100100000010111100000011110010000001110000100001001',0.00023333333333333336,0.00012472191289246472,0.11267605633802817
'101001111111110111111001011001101000011111011001101111111001001111110110',,,0.19014084507042253
'001010001100000000111100000000000000000000011000011010100001000110010101',0.00013333333333333334,4.7140452079103176e-5,0.19014084507042253
'111111111111110111111011111001101000011111100001101111011001111011110110',0.00019999999999999998,8.16496580927726e-5,0.11971830985915492
'111111110100110111010011011001101000011111100011100101010011111001110110',,,0.19014084507042253
'111101111011110111111011111111101000011111111001101111011001111011110110',,,0.1056338028169014
'000010000100001110000100000110010111100000000110010000110110000100001001',,,0.14788732394366197
'101101110011110111000011100111101000001111100011100101111011111001110110',,,0.1619718309859155
'111011110011110111000001111111101000011111011011100101011011001001110110',,,0.2112676056338028
'111101110011110111000011000001111111101111100111100101011111111001110110',,,0.19014084507042253
'001000000100000110000100111000010111110000000110010000110111000101010100',,,0.2676056338028169
'010010101000001000111100111111010111110100000100001011000100000011101000',,,0.2746478873239437
'011100001100000001111110100000000000000000100000011010100001111110010101',,,0.19718309859154928
'100101010011110111000011011001101000011111100011100101011011111101100110',,,0.21830985915492956
'010001111011001000111100000110000000000011011001111010001000000010001001',,,0.21830985915492956
'000010001100001110111100111000000000010000011000011010101000000111001000',,,0.2535211267605634
'110011110000111110000001011111111111111111011111100101011110000001101010',,,0.22535211267605634
'111111110111110001000011011001111111111111111111100101001111111001110110',,,0.176056338028169
'000010001011001000111100111000010111110000011100011010001100000111001000',,,0.22535211267605634
'011100000100000001000110100000000000000000111010010000100011111100010101',0.0001,0.0,0.2112676056338028
'011010111111010000111000011000000000011111000000111010100001001011010110',,,0.31690140845070425
'010010001111001000111100111110010111110000011100011010101100000110001001',0.0001,0.0,0.21830985915492956
'011010000100000000000100100110000000000000011010010000100011000100010101',0.00013333333333333334,4.714045207910317e-5,0.16901408450704225
'010010000100001110000100000110010111100000011110010000011110000100001001',0.0002,0.0001414213562373095,0.11267605633802817
'111011111111110111111001011001111111111111000101101111111101001011110110',,,0.1619718309859155
'000010000011001110000100000000010111100000011110010000001110000100001001',,,0.1056338028169014
'101111111011110111111011011001111111111111111101101111111101111011110110',,,0.07042253521126761
'100010000011001000000100111000110111110000011110010100001110000101001000',,,0.21830985915492956
'000010001000001000111100000110000000000000000000011010000000000110001001',0.00016666666666666666,9.428090415820633e-5,0.1056338028169014
'101101110111110001000011011111111111111111100111100101010111111001110110',0.00016666666666666666,4.714045207910317e-5,0.19014084507042253
'010000000000001000000100000000010111100000011110010000000110000100001001',0.0002666666666666667,0.00012472191289246472,0.09154929577464789
'110001111000111110111001011111111111111111011101101111011100000011101010',,,0.21830985915492956
'111001111000110111111001111111101000011111011001101111011001001011110110',,,0.19014084507042253
'010010000000001110000100011000000000010000000010010000000010000101001000',,,0.14788732394366197
'111111111111110001111011011001111111111111111101101111001101111011110110',0.0002,0.0001414213562373095,0.13380281690140844
'101101111011110001111011000111111111101111100101101111010101111011110110',,,0.16901408450704225
'000100001011001000111110000000010111100000111100011010001100110110001001',,,0.2112676056338028
'011001011100110110111000100110000000001011000001111010110001000110010111',,,0.24647887323943662
'100111111000111111111011100111111111101111111101101111111100111010101011',,,0.2112676056338028
'010000001000001000111100000110000000000000011000011010100000000110001001',,,0.15492957746478872
'111101110100110111000011100111111111101111100111100101010111111001110110',,,0.19718309859154928
'101101110100110111000011011001111111111111111111100101111111111001110110',0.0002666666666666666,4.714045207910315e-5,0.14084507042253522
'101101111111110111111011111001101000011111111001101111011001111011110110',0.00016666666666666666,4.714045207910317e-5,0.1267605633802817
'111011111111110001111001011001111111111111011101101111101101001011110110',,,0.176056338028169
'111111010111110111000011100001101000001011111011100101011011111100110111',,,0.24647887323943662
'011101011111110111111011000000111111101011100101101111111101111110110111',,,0.19718309859154928
'010010000000001000000100100110000000000000011010010000100010000100001001',0.00016666666666666666,9.428090415820633e-5,0.1267605633802817
'111111110011110001000011111001101000011111100011100101100011111001110110',,,0.14788732394366197
'000000001000001000111100011000000000010000011000011010100000000110001001',,,0.15492957746478872
'100100101000001001111011111111111111110100111100001111000100111011101000',,,0.23943661971830985
'110101110011111111000011100001111111101111111111100101011110111001101010',,,0.21830985915492956
'010000001011101000111100000110010111100000011100011010001100000110001001',,,0.16901408450704225
'101001111100110110111001111001101000011111011001101111111001000011110110',,,0.21830985915492956
'111101111011110001111011100111101000001111100001101111110001111011110110',,,0.14084507042253522
'101101110111110111000011111001101000011111100011100101111011111101110110',,,0.16901408450704225
'011000000100000000000100011110000000010000000010010000000011000101010100',,,0.2112676056338028
'100000100000111110000001111111111111111100000110000101110110000001101010',,,0.28169014084507044
'010010001111001110111100000000000000000000000000011010001000000110001001',,,0.14788732394366197
'101111110011110111000011011111101000011111100011100101011011111001110110',,,0.1619718309859155
'001001011111110110111100100000000000001011011001111010111001000110010111',,,0.23943661971830985
'111001110111110111000001111111101000011111000011100101111011001001110110',,,0.18309859154929578
'000010001000001000111100000000010111100000000100011010000100000110001001',,,0.11267605633802817
'001111010111000001000110100000000000000011111011110000101011111100010101',,,0.2746478873239437
'010000000011001000000100111000000000010000000010010000000010000101001000',,,0.14788732394366197
'101111111111110001111011000111101000001111100001101111010001111111110110',,,0.19014084507042253
'100110001100000111111111111001101000010000100000001111000001111111100100',,,0.2112676056338028
'001010011100000110111000100000000000000000000000111010110001000110010101',,,0.24647887323943662
'111101110111110001000011000001111111101111111111100101101111111001110110',,,0.18309859154929578
'010010000111001110000100100110010111100000011110010000111110000100001001',0.00016666666666666666,9.428090415820633e-5,0.13380281690140844
'010011001000101110110100000000010111100011011100010010001110000100001011',,,0.19014084507042253
'010000001000001110111100100000000000000000011000011010001000000110001001',0.00019999999999999998,8.16496580927726e-5,0.15492957746478872
'111111111000110001111011111001111111111111100101101111100101111011110110',,,0.09859154929577464
'010010001000001110111100011000000000010000011000011010001000000111001000',,,0.22535211267605634
'111011111111110111111001100001101000001111000001101111011001001011110110',,,0.2323943661971831
'010000000000001000000100011110010111110000000110010000100110000100001001',,,0.14788732394366197
'000000000011001000000100100000010111100000011110010000001110000100001001',,,0.1056338028169014
'000100000000001000000110011000000000010000111010010000000010110100001001',,,0.16901408450704225
'111101110011110001000011111001101000011111100011100101100011111001110110',0.0001,0.0,0.15492957746478872
'101101011100110111111011100001101000001111100001101111010001111110110111',,,0.23943661971830985
'100111111000111111111011111001111111111111111101101111001100111011101010',,,0.18309859154929578
'111101011111110001111011111001111111111111111101101111101101111111110110',,,0.1267605633802817
'101100111111110001111011111001101000011111100011101111000001111011110110',,,0.18309859154929578
'101101111111010001111011111001101000011111111001101111101001111011110110',,,0.14084507042253522
'000000001000001110111100100110010111100000000100011010110100000110001001',,,0.18309859154929578
'001000001100000110111100100110000000000000000000011010110001000110010101',,,0.20422535211267606
'100101111011111111111011011001111111111111100101101111011100111011101010',0.00023333333333333333,4.714045207910315e-5,0.16901408450704225
'111001110111110111000001111111101000011111011011100101011011001001110110',,,0.19718309859154928
'110001111000111110111001011001101000011111011001101111001000000011101010',,,0.2535211267605634
'101100111100010111000011111111101000011110100011100101110011111001110110',,,0.19718309859154928
'111101111111110111111011011001101000011111111001101111111001111011110110',,,0.09154929577464789
'011100000100000111000110111110000000010000100010010000110011111100010101',,,0.23943661971830985
'010000001011001000111100100000010111100000011100011010101100000110001001',,,0.19014084507042253
'110101110011111111000011011111111111111111111111100101011110111001101010',,,0.16901408450704225
'010011010011111110000100000110010111100011000110010000011110000100001011',,,0.19718309859154928
'100101110011111111000011100001111111101111111111100101011110111000101011',,,0.2323943661971831
'101111110100110111000011111001111111111111111111100101111111111001110110',,,0.1267605633802817
'010000000000001000000100111110000000010000011010010000000010000001001000',,,0.176056338028169
'000100001000001110111110111110000000010000100000011010010000110110001001',,,0.2323943661971831
'000000001011001110111100011000010111110000000100011010101100000110001001',,,0.19718309859154928
'110111110000111111000011011111111111111111111101100111011110111011101010',,,0.20422535211267606
'100100100000001001000111111001111111110100111110000101000110111001101000',,,0.23943661971830985
'111101111100110001111011111111101000011111111001101111110001111011110110',0.0002666666666666667,0.0001699673171197595,0.1056338028169014
'000010000111001110000100100110010111100000011110010000011110000100001001',,,0.1056338028169014
'111011110011110001000001011111111111111111000111100101010111001001110110',,,0.24647887323943662
'011100001111000001111110100000000000000000100000011010100001111110010101',,,0.2112676056338028
'000010000111001000000100000110010111100000000110010000100110000100001001',,,0.13380281690140844
'111101111000110111111011011001101000011111111001101111011001111011110110',0.00016666666666666666,4.714045207910317e-5,0.14084507042253522
'010000001011001110111100011000010111110000011100011010101100000111001000',,,0.2535211267605634
'100101111011111111111011000001111111101111100101101111011100111011101010',,,0.19718309859154928
'000000001111001110111100111000010111110000000100011010001100000110001001',,,0.18309859154929578
'111011110100110001101001111111111111111111000111100111100101001001110110',,,0.2112676056338028
'010010000100001000000100111000000000010000000010010000000010000101001000',,,0.13380281690140844
'000010001011001110111100111110000000010000011000011010111000000110001001',,,0.20422535211267606
'010100101000101001110110100110010111100000111100001011100110111010101001',,,0.34507042253521125
'111011110100110111000001111001111111111111000111100101010111001001110110',,,0.2323943661971831
'111100111100110001111011100111101000001110100001101111110001111010110111',,,0.19718309859154928
'101101110011110111000011000111111111101111100111100101011111111001110110',,,0.176056338028169
'101111111000110111111011111111101000011111100001101111010001111011110110',,,0.13380281690140844
'010100101011001001111110100110000000000100100000011010000000111010001001',,,0.2535211267605634
'101111111111110111110011000111101000001111111001101111011011111010110111',,,0.2323943661971831
'000010000000001110000001000000011111100000000110010000100110000100101001',,,0.2323943661971831
'100111111000111111111011100001111111101111111101101111001100111010101011',,,0.23943661971830985
'010010000011001000000100100000000000000000011010010000101010000100001001',0.00013333333333333334,4.7140452079103176e-5,0.14788732394366197
'101111110111110111000011000111101000001111111011100101111011111000110111',0.00013333333333333334,4.7140452079103176e-5,0.19718309859154928
'010010000111101110000100000110010111100000011110010000011110000100001001',,,0.11267605633802817
'110110101011001001111011111111111111110100100100001111000100111011101000',0.00013333333333333334,4.7140452079103176e-5,0.24647887323943662
'101111111100110001111011000001111111101111111101101111000101111010110111',,,0.22535211267605634
'110011001100101110111101011001111111110011011100001111001100000111001010',,,0.29577464788732394
'010100000100101111000110000110010111100000100110010000010110110100001011',,,0.2112676056338028
'010010001100001110111100011110010111110000011100011010011100000111001000',,,0.22535211267605634
'101111110000110111000011100001111111101111111111100101111111111001110110',,,0.14788732394366197
'000010000111001000000100100000010111100000000110010000000110000100001001',,,0.09859154929577464
'011000000100000000000100111110010111110000011110010000100111000101010100',,,0.2535211267605634
'100101110000111111000011111111111111111111111111100101011110111001101010',,,0.176056338028169
'101101111111110111111011100001101000001111111001101111011001111011110110',,,0.15492957746478872
'000000000000001110000100100110000000000000000010010000010010000100001001',,,0.1056338028169014
'100011110011111110000001111001101000011111011011100101001010000001101010',,,0.2535211267605634
'000010001011001110111100011000010111110000011100011010001100000111001000',,,0.21830985915492956
'000000001011001110111100011110010111110000011100011010011100000111001000',,,0.19718309859154928
'111101110111110111000011111111111111111111111111100101111111111001110110',0.00013333333333333334,4.714045207910317e-5,0.09154929577464789
'111101110111110111000011111111111111111111111111100101011111111001110110',,,0.11971830985915492
'111101111100110111111011100001101000001111111001101111111001111011110110',,,0.1267605633802817
'111111110111010001000011000001111111100111111111100101101111111100010111',,,0.23943661971830985
'000000001100001000111100111000010111110000000100011010000100000111001000',,,0.19014084507042253
'111111111100110111111011111001111111111111100101101111010101111011110110',,,0.11971830985915492
'100110101111111111111011111001111111111100100100001111011100111011101010',,,0.22535211267605634
'000100000100001000000110100000000000000000100010010000000010110100001001',,,0.14084507042253522
'101101110011110111000011011111111111111111111111100101011111111001110110',,,0.13380281690140844
'101100110100110001000011111111111111111111111111100101110111111001110110',,,0.176056338028169
'111111110000110001101011000111101000001111100001101111010011111011110110',,,0.20422535211267606
'111111111111110111111011111001111111111111111101101111111101111011110110',,,0.056338028169014086
'110101111011111111111011011111111111111111100101101111011100111011101010',0.00013333333333333334,4.7140452079103176e-5,0.16901408450704225
'010110001111001000111110000110010111100000111100011010101100110110001001',,,0.23943661971830985
'011011010111110110000100011110000000011011000011110000111011000100010111',,,0.2535211267605634
'000000001011001000111100111110000000010000011000011010101000000110001001',,,0.19718309859154928
'101101110100110111000011011001111111111111100111100101010111111001110110',,,0.19014084507042253
'011100000100000001000110100000010111100000100110010000100111111100010101',,,0.2323943661971831
'010010001000001110111100100110000000000000011000011010011000000110001001',,,0.176056338028169
'000010001000001000111100011000010111110000000100011010100100000111101000',,,0.20422535211267606
'101101111100110111111011100111111111101111111101101111111101111010110111',,,0.14788732394366197
'111111110100110001000011111111111111111111111111100101110111111001110110',0.00023333333333333333,0.00012472191289246472,0.13380281690140844
'101011111111110001000001111111101000011111000001100101100011001001110110',,,0.23943661971830985
'111111111000110001111011111111111111111111100101101111110101111011110110',,,0.09859154929577464
'101101110011110111000011100111111111101111100111100101111111111001110110',,,0.14084507042253522
'000000000011001000000100111000010111110000000110010000100110000100001001',,,0.14084507042253522
'110111111000111111111011011001111111111111111101101111001100111011101010',0.0001,0.0,0.19014084507042253
'101101110100010001000011011001101000011111111011100101000011111001110110',,,0.2112676056338028
'100001111000111110111001000001111111101111011101101111001100000011101010',,,0.2323943661971831
'101101111100110111111011011001101000011111111001101111111001111011110110',,,0.11971830985915492
'010010000000001000000100011000010111110000000110010000000110000101001000',,,0.15492957746478872
'110011001011101000111100111111100000010100011000011010101000000111001000',,,0.33098591549295775
'000011011011111110111100100110000000001011000001011010011000000110001011',,,0.23943661971830985
'000010000000001000000100000000010111100000000110010000000110000100001001',0.00016666666666666666,4.714045207910317e-5,0.07042253521126761
'111101110100110001000011100111111111101111100111100101010111111000110111',,,0.23943661971830985
'111011111111110111111001011111111111111111000101101111111101001011110110',,,0.14788732394366197
'111011111011110001111001011001101000011111000001101111100001001011110110',,,0.18309859154929578
'010010000111001000000100100000000000000000000010010000000010000100001001',,,0.07746478873239436
'101111111100110001011011000001101000001111111001101101100011111011110110',,,0.16901408450704225
'111001110011110001000001011111101000011111000011100101000011001001110110',,,0.24647887323943662
'101111110011110001000011111111101000011111111011100101111011111001110110',,,0.1267605633802817
'101111110111000001000011011001101000010111100011100101100011111001110100',,,0.2112676056338028
'110011111011111110011001011111101000011111011011101101011000000011101010',,,0.2605633802816901
'011110001100000111111110100000010111100000100100011010110101111110010101',,,0.23943661971830985
'101011110100110111000001111111111111111111011111100101111111001001110110',,,0.18309859154929578
'110011110000111000000001011111111111110111011110000101000110000001101010',,,0.2535211267605634
'101111111111110111111011111001111111111111100101101111111101111011110110',,,0.08450704225352113
'101101110100110001000011111111111111111111100111100101110111111001110110',0.0002666666666666666,4.714045207910315e-5,0.15492957746478872
'010010101000001000111100011110000000010000000000011010000000000011001000',,,0.2112676056338028
'111111110111110001000011011001101000011111111011100101001011111001110110',,,0.18309859154929578
'010010001000001110111100100000000000000000011000011010101000000110001001',,,0.19014084507042253
'111010111100010111111000011001100000011111011001101111111001001011110100',,,0.24647887323943662
'101111111011110111111011011111111111111111100101101111111101111011110110',,,0.07042253521126761
'101111111111110001111011011111101000011111111001101111111001111011110110',0.00013333333333333334,4.7140452079103176e-5,0.09859154929577464
'010000001100001000111100111110010111110000011100011010100100000011001000',,,0.2605633802816901
'000000000100001000000100111110010111110000000110010000100110000100001001',,,0.14788732394366197
'100001111011111110111001011001111111111111011101101111101100000011101010',,,0.2323943661971831
'101101110111110001000011011111101000011111100011100101110011111001110110',0.0002666666666666667,9.428090415820635e-5,0.16901408450704225
'000000001011001110111100000000000000000000000000011010101000000110001001',,,0.1619718309859155
'101100111100110001111011011001111111111111100101101111000101111011110110',,,0.16901408450704225
'111101011111110001111011000001111111101011111101101111101101111110110111',,,0.2112676056338028
'010000000111101110000100000000010111100000000110010000001110000100001001',,,0.11971830985915492
'000000001011001000111100100110000000000000011000011010001000000110001001',0.00016666666666666666,4.714045207910317e-5,0.14084507042253522
'111111110111110001000011000001101000001111111011100101001011111000110111',,,0.2535211267605634
'101101110011110001000011000111101000001111100011100101110011111001110110',,,0.19014084507042253
'010010001011001000111100011110000000010000000000011010000000000110001001',,,0.1619718309859155
'111011110000110111000001011001111111111111011111100101111111001001110110',,,0.19718309859154928
'101001110111110111000001111111111111111111011111100101111111001001110110',0.0002333333333333333,9.428090415820631e-5,0.1619718309859155
'000010001011001000111100111110010111110000000100011010000100000110001001',,,0.176056338028169
'000010001011001000111100011000010111110000011100011010001100000111001000',,,0.21830985915492956
'001000001111000000111100000110000000000000000000011010110001000110010101',,,0.2112676056338028
'111011011111110000111001011001101000011111000001101111100001000111110110',,,0.2323943661971831
'000011011011111110111000000000000000001011011001111010001000000010001011',,,0.23943661971830985
'111001111111110001111001011111111111111111011101101111111101001011110110',,,0.14084507042253522
'000010000011001110000100000110010111100000011110010000011110000100001001',,,0.09154929577464789
'000000001011001000111100011110010111110000011100011010001100000111001000',,,0.2112676056338028
'000110001011001001111110100000010111100000100100011010100100110110001001',,,0.2323943661971831
'000001010011001000000000111000011111110011000110000001000110000101101000',,,0.2605633802816901
'011010001100000000111100111000000000010000011000011010100001000111010100',0.00016666666666666666,9.428090415820633e-5,0.22535211267605634
'000000000111001110000100000110000000000000011010010000011010000100001001',,,0.09859154929577464
'111111110100110111000011011111101000011111111011100101011011111001110110',0.00013333333333333334,4.714045207910317e-5,0.15492957746478872
'010000000011001000000100100110000000000000000010010000000010000100001001',0.0002,8.16496580927726e-5,0.09154929577464789
'101101111111110001111011011001111111111111111101101111101101111011110110',0.0002,0.0,0.1267605633802817
'000010000100001110000100011000010111110000011110010000101110000100001001',,,0.16901408450704225
'010010001000001000111100011110010111110000011100011010000100000111001000',,,0.22535211267605634
'111111111100110111111011011111101000011111111001101111111001111011110110',,,0.08450704225352113
'000011000011001000000100000110000000000001000010010000000010000100001001',,,0.09859154929577464
'011001110111000110000000111000000000010011011011110000111011001001010100',,,0.2887323943661972
'111101111111110001111011011001111111111111111101101111101101111011110110',0.0003,8.164965809277261e-5,0.11267605633802817
'110110100000000001000111111111101000010100100010010100100010111001101000',,,0.2605633802816901
'111111111100110111111011011001111111111111100101101111110101111011110110',,,0.09859154929577464
'000010000111001000000100111110010111110000011110010000101110000100001001',,,0.176056338028169
'011101011111000001111110000000000000000011111001111010101001111110010101',0.00013333333333333334,4.7140452079103176e-5,0.2746478873239437
'011011010111110110000100100000000000001011011011110000111011000100010111',,,0.21830985915492956
'000001000011111110000100000110010111101001000111010000011110000100001011',,,0.16901408450704225
'111110011100110001111011011111111111111111111100101111010101111111110110',,,0.18309859154929578
'010100000011001110000110000000000000000000100010010000011010110100001001',,,0.20422535211267606
'010100000000001110000110100110010111100000100110010000010110110100001001',,,0.19718309859154928
'000110001011001000111110000000010111100000111100011010001100110110001001',,,0.20422535211267606
'000000000000001000000100011000010111110000000110010000000110000101001000',,,0.13380281690140844
'111111110100110111000011000001101000001111100011110101110011111000010111',,,0.2323943661971831
'001010000100000000000100000000000000000000011010010000100011000100010101',,,0.176056338028169
'000110001000001000111110000000010111100000111100011010100100110110001001',,,0.2112676056338028
'010000000000001110000100100000000000000000000010010000000010000100001001',,,0.07746478873239436
'001010001111000000111100111110000000010000000000011010110001000110010101',,,0.23943661971830985
'010000000111001000000100100000010111100000000110010000100110000100011001',,,0.13380281690140844
'100100100000111001000011111111111111111100111110000101000110111001101010',,,0.2323943661971831
'101101111000110111111011011111101000011111111001101111011001111011110110',,,0.1267605633802817
'000010001000001000111100111000000000010000011000011010000000000111001000',,,0.18309859154929578
'111111110000110111000011011111101000011111100011100101010011111001110110',,,0.18309859154929578
'000110000000001000000110011110000000010000111010010000100010110100001001',,,0.20422535211267606
'101111111111110001111011000111101000001111111001101111111001111111110110',,,0.14084507042253522
'100100101000111111111011100111101000001100100000001111010000111010101011',,,0.28169014084507044
'010010000100001000000100100110010111100000000110010000000110000100001001',,,0.09859154929577464
'101001111111110111111001111001111111111111011101101111111101001011110110',0.00013333333333333334,4.7140452079103176e-5,0.14788732394366197
'101101110111110001000011100001101000001111111011100101101011111001110110',,,0.19718309859154928
'000010001000001110111100100110000000000000011000011010011000000110001001',,,0.1619718309859155
'000001001100001000111100000000010111100001011100011010100100000110001001',,,0.176056338028169
'010010000100001110000100100000010111100000011110010000101110000100001001',,,0.14788732394366197
'111101111011110111111011011001101000011111111001101111111001111011110110',,,0.09859154929577464
'010010000011001000000100011000000000010000000010010000000010000100001001',,,0.1056338028169014
'100110110000111111000011100111101000001111111011100101011010111000101011',,,0.28169014084507044
'110110100011001001000111111111111111110100100110000101000110111001101000',,,0.2605633802816901
'000100000111001000000110100000000000000000100010010000100010110100001001',,,0.18309859154929578
'010010001111001110111100100110010111100000100100011010111100000110001001',,,0.20422535211267606
'111101110100010001000011111001111111111111100111100101100111111001110110',,,0.15492957746478872
'101100110100000001000011011001111111110110111111100101100111111001110100',,,0.24647887323943662
'111101111100110111111011011001111111111111111101101111111101111011110110',0.00019999999999999998,8.16496580927726e-5,0.08450704225352113
'101111110111110001000011111001101000011111111011100101101011111001110110',0.00023333333333333333,4.714045207910315e-5,0.1619718309859155
'101101111000110001111011011111111111111111111101101111010101111011110110',,,0.14084507042253522
'100010111011111110111001111111111111111110011101101111011100000011101010',,,0.22535211267605634
'111011111111110111111001000111101000001111000001101111111001001011110110',,,0.19718309859154928
'111101110100110111000011000001101000001111111011100101011011111001110110',,,0.20422535211267606
'011000001100001000111100100000010111100000011100011010100101000110011001',,,0.18309859154929578
'111001111100110111111001111111101000011111000001101111110001001011110110',,,0.176056338028169
'010000000000001000000100100000000000000000011010010000000010000100001001',0.0002,0.0001414213562373095,0.07746478873239436
'101001110111110001000001111111101000011111011011100101111011001001110110',,,0.19718309859154928
'000110001100001110111110000110000000000000100000011010010000110110001001',,,0.19718309859154928
'000110001011001000111110100110000000000000111000011010001000110110001001',,,0.20422535211267606
'101101111111110111111011011001101000011111111001101111111001111011110110',0.00019999999999999998,8.16496580927726e-5,0.1056338028169014
'010010001000001000111100100110000000000000000000011010000000000110001001',0.00013333333333333334,4.714045207910317e-5,0.1267605633802817
'101111110111110111000011000111111111101111100111100101111111111001110110',,,0.14788732394366197
'000000000000001110000100000110010111100000000110010000010110000100001001',,,0.1056338028169014
'111001111000110111111001111001101000011111011001101111111001001011110110',,,0.176056338028169
'010010000000001110000100100110010111100000011110010000011110000100001001',,,0.1267605633802817
'111011111100110111111001011111111111111111011101101111111101001011110110',0.0002,8.16496580927726e-5,0.14788732394366197
'010000001000001000111100111110010111110000011100011010100100000110001001',,,0.2112676056338028
'010000000011001110111100100110000000000000011000011010111000000110001001',,,0.18309859154929578
'001001111111000000111100011110000000010011011001111010101001000011000100',,,0.31690140845070425
'000110000011001000000110100000010111100000100110010000100110110100001001',,,0.19014084507042253
'000010000011001000000100000110010111100000000110010000000110000100001001',0.00013333333333333334,4.7140452079103176e-5,0.09859154929577464
'000010000111001000000100100000010111100000000110010000100110000100001001',0.00016666666666666666,4.714045207910317e-5,0.1267605633802817
'010010001011001110111100011110010111110000000100011010011100000110001001',,,0.19014084507042253
'010001000011001110000100100000000000000001000010010000001010000100001001',,,0.13380281690140844
'101101111100110111111011111001101000011111111001101111111001111011110110',0.0002666666666666667,0.0001699673171197595,0.11267605633802817
'110110101011111111111011000001111111101100100101101111011100111010101011',,,0.2605633802816901
'111001110100110111000001111111111111111111000111100101110111001001110110',,,0.19718309859154928
'111111110100110111000011100111111111101111111111100101111111111100110111',,,0.18309859154929578
'101111111100110001111011011001111111111111111101101111100101111011110110',,,0.1267605633802817
'000010000000001110000100000110010111100000000110010000010110000100001001',0.00016666666666666666,9.428090415820633e-5,0.11267605633802817
'010011001000111110111100000110010111100011011100011010111100000110001011',,,0.2535211267605634
'000100000011001110000110100000010111100000100110010000111110110100001001',,,0.21830985915492956
'110100101000001111111011100001111111100100100100001111000100111011101000',,,0.2676056338028169
'101100100100000001000111011001111111110100100110000101100111111001110100',,,0.2323943661971831
'010000001000001110111100111110010111110000011100011010011100000110001001',0.00013333333333333334,4.7140452079103176e-5,0.19014084507042253
'001010000100000000000100111110000000010000000010010000100011000101010100',,,0.22535211267605634
'111111111111110001111011011111111111111111111101101111111101111011110110',0.0002666666666666667,0.0001699673171197595,0.06338028169014084
'010001000011111110000100000110010111101000011110010000011110000100001011',,,0.16901408450704225
'111101110011110111000011011111101000011111100011100101011011111001110110',,,0.16901408450704225
'101110011100110111111010000111101000001110100001111111010001111110110111',,,0.2887323943661972
'001100000100000001000110100110000000000000100010010000110011111100010101',,,0.23943661971830985
'010010000011001110000100100000000000000000000010010000001010000100001001',,,0.11971830985915492
'010000000100001000000100100000010111100000011110010000000110000100001001',,,0.09154929577464789
'000000000000001110000100111000010111110000011110010000101110000101001000',,,0.20422535211267606
'100101111011111001010011100111111111101111111101101111101110111000101011',,,0.2676056338028169
'011000000100000110000100000000000000000000000010010000110011000100010101',0.0001,0.0,0.18309859154929578
'010100001011001000111110111000000000010000100000011010100000110110001001',,,0.24647887323943662
'001000000100000110000100111110000000010000000010010000110011000101010100',,,0.24647887323943662
'101101111111110111111011000001101000001111100001101111011001111011110110',,,0.176056338028169
'111101111000110111111011111111111111111111111101101111111101111011110110',0.00019999999999999998,8.16496580927726e-5,0.07042253521126761
'101011111100110001111001100111101000001111011001101111000001001011110110',,,0.2535211267605634
'010001000011101110000100100110010111100001011110010000011110000100001011',,,0.14084507042253522
'101111111100110111111011011111111111111111111101101111011101111011110110',,,0.1056338028169014
'101011110111110111000001011001101000011111011011100101111011001101110110',,,0.22535211267605634
'101101111111110111111011000111101000001111100001101111111001111010110111',0.00016666666666666666,9.428090415820633e-5,0.176056338028169
'101101111111110001111011011001111111111111111101101111001101111011110110',,,0.15492957746478872
'111101111011110111111011000111101000001111100001101111011001111010110111',,,0.19718309859154928
'010000001000001000010100100110000000000000011010010000000010000100001001',,,0.1056338028169014
'010010001000001000111100000110000000000000000000011010000000000010001001',,,0.13380281690140844
'001011010100000110101100100000000000001011000000011010110001000100010101',,,0.2535211267605634
'000011010011111110000100100110010111101011000111110000011110000000001011',,,0.18309859154929578
'010010001000001110111100100110000000000000000000011010110000000110001001',0.00013333333333333334,4.714045207910317e-5,0.19718309859154928
'111000101100110111111001011001111111111100000101101111110101001011110110',,,0.20422535211267606
'111011110111110111000001011001111111111111000111100101111111001001110110',,,0.19014084507042253
'111111111111110111111011011111101000011111100001101111011001111011110110',,,0.11267605633802817
'101111111011110111111011100111101000001111111001101111111001111010110111',,,0.14084507042253522
'000000001000001000111100011110000000010000011000011010100000000111001000',,,0.2112676056338028
'001100101100000001111110000000000000000100111001011010100001111010010101',,,0.2605633802816901
'101001111100110001111001011001111111111111000101101111000101001011110110',,,0.20422535211267606
'010010000100001110000100100000010111100000000110010000100110000100001001',,,0.1267605633802817
'111111110000110111000011000111101000001111100011100101110011111001110110',,,0.18309859154929578
'010110000111001000000110100110010111100000111110010000001110110100001001',0.0001,0.0,0.19014084507042253
'111111111100110111111011111111101000011111100001101111110001111011110110',,,0.09859154929577464
'111011111100110111111001011111101000011111011001101111111001001011110110',,,0.16901408450704225
'101111111011110111111011111001101000011111111001101111011001111011110110',0.0002333333333333333,9.428090415820631e-5,0.11267605633802817
'001000000100000000000100111000010111110000000110010000100111000101010100',,,0.23943661971830985
'000000001100001110111100100110010111100000011100011010011100000110001001',,,0.15492957746478872
'000110001000001000111110100110010111100000100100011010000100110110001001',,,0.19014084507042253
'000100000011001000000110000110000000000000111010010000001010110100001001',,,0.176056338028169
'010000001111001000111100100000010111100000011100011010101100000110001001',0.0002,0.0001414213562373095,0.18309859154929578
'111111110000110001000011011111101000011111111011100101010011111001110110',0.00016666666666666666,9.428090415820633e-5,0.18309859154929578
'010010000011001000000100000110010111100000011110010000001110000100001001',0.00023333333333333333,4.714045207910315e-5,0.11971830985915492
'111111111111110001111011111001101000011111100001101111000001111011110110',,,0.1267605633802817
'111001111111110110111001011001101000011111000001111110011001000111010110',,,0.28169014084507044
'000010001011101000111100011111010111110100011100011010101100000111001000',,,0.28169014084507044
'010000001111001110111100000000000000000000000000011010001000000110001001',,,0.14084507042253522
'101111111111110001111011011111101000011111100001101111110001111011110110',,,0.11971830985915492
'010100001000001110111110100110000000000000111000011010011000110110001001',,,0.22535211267605634
'010000100000001000000100111111010111110100000110010000000110000001001000',,,0.19718309859154928
'000001001000001000111100000000010111100000011100011010100100000110001001',,,0.16901408450704225
'001011110011110000000000000111000000001111011011110000111011000000010111',,,0.2605633802816901
'000000000011001110000100100000000000000000000010011000001010000100001001',,,0.11971830985915492
'010000001000001110111100011000000000010000011000011010001000000110001001',,,0.176056338028169
'000000000100001110000100011110000000010000011010010000011010000100001001',,,0.14084507042253522
'101001111011110111111001000001101000001111011001101111111001001011110110',,,0.19718309859154928
'100110001011001110111110000111100000000000111000011010011000110110001001',,,0.2112676056338028
'100001101011101000111001100111111111100101000100001111100100000011101010',,,0.30985915492957744
'010000000000001110000100111110000000010000000010010000010010000100001001',,,0.14788732394366197
'010100001000001000111110000110010111100000111100011010000100110110001001',,,0.21830985915492956
'111111111111110111111011100001101000001111111001101111111001111010110111',0.00016666666666666666,4.714045207910317e-5,0.14788732394366197
'110011110011110110000001100001111111101111000111100101101111001001100110',,,0.2605633802816901
'000000000100001000000100000000000000000000000010010000000010000100001001',,,0.04929577464788732
'001001011111000000111100011000000000010011011001111010101001000110010101',,,0.2676056338028169
'000011001011001110111100100000000000000011000000011010101000000110001001',,,0.20422535211267606
'001011010111110110000101111110111111111011000111100101111111000101110110',,,0.24647887323943662
'011110000100000111000110000110010111100000100110010000110111111100010101',,,0.24647887323943662
'010010000011001000000100011110010111110000011110010000101110000101001000',,,0.21830985915492956
'101111111111110001111011111001101000011111111001101111101001111011110110',,,0.11971830985915492
'100010001000111110111001111111111111111100000100001111010100000111101010',,,0.29577464788732394
'000010000111001000000100000000010111100000000110010000100110000100001001',,,0.11971830985915492
'100001110011111000000001011001101000011111011011100101001010000001101010',,,0.23943661971830985
'101110111100000001111011011001111111111111100101101111100101111011110100',,,0.18309859154929578
'101001110111110111000001111001111111111111011111100101111111001001110110',,,0.176056338028169
'111100110000110001000011100111101000001111100011100101110011111000110111',,,0.24647887323943662
'111001111011110001111001011001111111111111000101101111100101001011110110',,,0.18309859154929578
'111101111100110111111011111001111111111111111101101111111101111011110110',,,0.07746478873239436
'001101011111000001111110100000000000000011111001111010001001111110010101',,,0.29577464788732394
'011110001111000001111110000000010111100000100100011010100101111110010101',,,0.24647887323943662
'101111110100000001000011111111111111110111100111100101110111111001110100',,,0.19718309859154928
'010100101000001001111110000111010111100100100100001011000100111010101001',,,0.28169014084507044
'010000000011001110000100011000000000010000011010010000001010000100001001',0.0002,8.16496580927726e-5,0.13380281690140844
'101000100100110111000001111111111111111100000110000101110111001001110110',,,0.2605633802816901
'111001111100110111111001111001101000011111011001101111011001001011110110',,,0.19718309859154928
'100101111011111111111011000111101000001111111001101111011000111010101011',,,0.2323943661971831
'101100111100110111111011111001101000011110100001101111010001111011110110',,,0.16901408450704225
'111111110100010001000011011111101000011111100010100101110011111001110100',,,0.176056338028169
'011100001100000001111110000000000000000000111000011010100001111110010101',,,0.21830985915492956
'000000001000001110111100100110000000000000000000011010110000000110001001',0.0002,0.0,0.176056338028169
'111111110111110001000011111111111111111111111111100101111111111001110110',0.00016666666666666666,9.428090415820633e-5,0.09859154929577464
'100001111011111000111001111001111111111111011101101111001110000011101010',,,0.2323943661971831
'000010000100001110000100011110010111110000000110010000110110000100001001',,,0.176056338028169
'000010001011001110111100111000010111110000000100011010001100000110001001',,,0.18309859154929578
'101111011111110111111011111111101000011011100001101111111001111111110110',,,0.11971830985915492
'011010000100000110000100011000000000010000000010010000110011000101010100',,,0.24647887323943662
'000000000000001000000100000000010111100000000110010000000110000100001001',0.0002666666666666667,0.0001699673171197595,0.06338028169014084
'101111110000110001000011111111101000011111100011100101010011111001110110',,,0.176056338028169
'010010001100001000111100000110010111100000011100011010000100000110001001',0.0001,0.0,0.14788732394366197
'010010001000001000111100100110010111100000000100011010000100000110001001',,,0.14788732394366197
'000100001000001110111110100110000000000000100000011010010000110110001001',,,0.20422535211267606
'111111110100110111000011011111111111111111100111100101110111111001110110',,,0.14084507042253522
'111110110111110001000011011111101000011100100011100101110011111001110110',,,0.176056338028169
'000010001111001110111100000000000000000000011000011010001000000110001001',,,0.14788732394366197
'001011010111000000000100111000010111110011011111110000101111000101010100',0.0001,0.0,0.2887323943661972
'010100001011001110111110100000000000000000100000011010011000110110001001',,,0.23943661971830985
'111101111100110111111011000111101000001111111001101111111001111011110110',,,0.11971830985915492
'010000000000001110000100011000010111110000000110010000000110000101001000',,,0.1619718309859155
'000010000011001110000100100000000000000000011010010000101010000100001001',,,0.13380281690140844
'001000001100000000111100111000000000010000000000011010100001000110010101',,,0.19014084507042253
'001100000111000001000110111110000000010000100010010000110011111100010101',,,0.2535211267605634
'001000001100000000111100011110000000010000000000011010000001000111010100',0.0001,0.0,0.23943661971830985
'101111111000110111111011100111101000001111100001101111110001111011110110',,,0.13380281690140844
'111111111100110111111011111001101000011111100001101111010001111011110110',0.0002,0.0,0.1267605633802817
'111101111111110111111011011111111111111111111101101111111101111011110110',,,0.056338028169014086
'101001111100110111111001111000101000011111000001101111110001001011110110',,,0.20422535211267606
'001110000100000001000110111000010111110000111110010000100111111100010101',,,0.2676056338028169
'010000000000001110000100000000010111100000000110010000100110000100001001',,,0.11971830985915492
'000100000100001110000110100000000000000000111010010000001010110100001001',,,0.19014084507042253
'111111110100110001000011011111101000011111100011100101110011111001110110',,,0.14788732394366197
'110001111011111000111001011111111111111111011101101111001100000011101010',,,0.2323943661971831
'110100101000111111111011000111111111101100100100001111010100111011101010',,,0.2535211267605634
'111111110100110001000011111001101000011111111011100101000011111001110110',,,0.16901408450704225
'101001010111110000000001111111101000010111000011100101000011001101010110',,,0.31690140845070425
'000010001111001110111100111000000000010000011000011010001000000110001001',,,0.18309859154929578
'111101111100110111111011000111101000001111111001101111111001111010110111',,,0.1619718309859155
'001010000111000000000100011110000000010000000010010000110011000101010100',,,0.2605633802816901
'010110000000001110000110000000000000000000111010010000001010110100001001',,,0.18309859154929578
'010000000011001000000100111110000000010000000010010000000010000101001000',0.00013333333333333334,4.7140452079103176e-5,0.1619718309859155
'101101110100110001000011011111101000011111111011100101010011111001110110',,,0.19718309859154928
'110110100000001001000111111001111111110100111110000101000110111001101000',,,0.24647887323943662
'010000001000001000111100000110010111100000000100011010000100000110001001',,,0.13380281690140844
'101101111111110111111011011111111111111111111101101111111101111011110110',0.00016666666666666666,4.714045207910317e-5,0.07042253521126761
'000010001011001110000100100110000000000000011010010010011010000100001001',,,0.13380281690140844
'010000001011001000111100100000000000000000011000011010101000000110001001',,,0.18309859154929578
'010100001011001110111110100000010111100000111100011010111100110110001001',,,0.24647887323943662
'111110101111110001111011011001101000011100100001101111100001111011110110',,,0.13380281690140844
'111101111111110111111011111001101000011111111001101111011001111011110110',,,0.11267605633802817
'010110001100001110111110000000010111100000111100011010011100110110001001',,,0.2112676056338028
'000110101011001001111110100111000000000100100000011010000000111010001001',,,0.2323943661971831
'111101111100110111111011000111111111101111111101101111011101111010110111',,,0.16901408450704225
'010010001000001000111100100000000000000000011000011010100000000110001001',,,0.15492957746478872
'101111110100110111000011000001111111101111100111100101010111111000110111',,,0.2535211267605634
'000010001000001110111100000110010111100000011100011010011100000110001001',,,0.14788732394366197
'100001111011111000111001011001111111111111011101101111001100000011101010',,,0.21830985915492956
'010000001000001000111100111110000000010000000000011010000000000111001000',,,0.19014084507042253
'101001111000110111111001011001101000011111011001101111101001001011110110',,,0.18309859154929578
'111101110100110111000011011001111111111111111111100101111111111001110110',0.0002,8.16496580927726e-5,0.1267605633802817
'101111110011110001000011111001101000011111111011100101101011111001110110',,,0.15492957746478872
'010010000011001110000100011110010111110000011110010000111110000100001001',,,0.1619718309859155
'101101110111110001000011100111101000001111100011100101110011111001110110',,,0.19014084507042253
'111110111111010001111011111111111111111110100101101111110101111011110110',,,0.1267605633802817
'111111111000110001111011100111101000001111100001101111010001111010110111',,,0.20422535211267606
'000010001011001110111100111110000000010000000000011010011000000110001001',0.0001,0.0,0.19014084507042253
'111001110111110001000001011111111111111111000111100101110111001001110110',,,0.20422535211267606
'010000001000001000111100000110000000000000011000011010000000000110001001',0.00013333333333333334,4.7140452079103176e-5,0.1267605633802817
'101111111100110111111011111001101000011111111001101111011001111011110110',0.0003,0.00016329931618554522,0.13380281690140844
'001001011111110000111000100110000000001011011001111010111001000110010111',,,0.23943661971830985
'000100000100001110000110000110000000000000111010010000111010110100001001',,,0.2112676056338028
'110110100000001001000111011001111111110100111110000101000110111001101000',0.0002,8.16496580927726e-5,0.23943661971830985
'111110111100000001111011111001111111111110100101101111100101111011110100',,,0.1619718309859155
'111101110111110001000011100111101000001111100011100101110011111000110111',,,0.21830985915492956
'000000000100001000000100011000010111110000011110010000000110000100001001',,,0.11267605633802817
'101101110111110111000011000001101000001111111011100101111011111000110111',0.00019999999999999998,8.16496580927726e-5,0.21830985915492956
'101001110000110111000001111111101000011111000011100101110011001001110110',,,0.2112676056338028
'010010001011001110111100100000010111100000000100011010101100000110001001',,,0.19718309859154928
'010010000011001110000100000110010111100000011110010000011110000100001001',,,0.1056338028169014
'010010000111001110000100111000010111110000000110010000101110000101001000',,,0.21830985915492956
'000010000011001000000100000110010111100000011110010000001110000100001001',,,0.1056338028169014
'111111110100110111000011000111111111101111111111100101111111111001110110',,,0.13380281690140844
'101001110000110001101001011001101000011111000001101111000001001011110110',,,0.20422535211267606
'001010000100000110101100100000000000000000000000011010110001000100010101',,,0.2112676056338028
'111111110011110111000011011001111111111111100111100101011111111001110110',,,0.15492957746478872
'000000000100001000000100111110010111110000000110010000000110000100001001',,,0.11971830985915492
'111111111000110111111011011001101000011111111001101111011001111011110110',,,0.13380281690140844
'010010000011001110000100011110000000010000000010010000011010000100001001',,,0.15492957746478872
'101011111100110111111001100111101000001111000001101111110001001011110110',,,0.22535211267605634
'010010001100001110111100000110010111100000011100011010011100000110001001',,,0.15492957746478872
'101101111011110001111011111111111111111111100101101111010101111011110110',,,0.13380281690140844
'100100100011101001101011011111111111110100100110001101000100111011101000',,,0.2605633802816901
'000100001011001110111110000000000000000000100000011010011000110110001001',,,0.21830985915492956
'101111110111110001000011011111101000011111100011100101010011111001110110',0.00016666666666666666,4.714045207910317e-5,0.19014084507042253
'111011110111110110000001011111111111111111011111100101111111001001110110',,,0.176056338028169
'000000001111001000111100000000000000000000000000011010000000000110001001',,,0.1056338028169014
'010001010011111000000000100110010111101011011111110000111110000100011011',,,0.19014084507042253
'011100001111000001111110000110000000000000100000011010010001111110010101',,,0.24647887323943662
'101101111011110111111011000111111111101111111101101111111101111011110110',,,0.09154929577464789
'101101111111110111111011000111111111101111100101101111011101111011110110',,,0.14084507042253522
'101111110100110111000011100111101000001111111011100101011011111000110111',,,0.2323943661971831
'101111111100110111111011011111111111111111100101101111110101111011110110',0.0001,0.0,0.11267605633802817
'111111110111110111000011011111101000011111111011100101111011111001110110',0.00023333333333333336,0.0001885618083164127,0.11267605633802817
'010000001000001110111100000110000000000000000000011010010000000110001001',,,0.15492957746478872
'111111111000110001111011100001101000001111100001101111000001111011110110',,,0.14788732394366197
'111111110100110111000011111111111111111111111111100101011111111001110110',0.00013333333333333334,4.7140452079103176e-5,0.1267605633802817
'010000001100001000111100000000010111100000000100011010100100000110001001',0.00016666666666666666,9.428090415820633e-5,0.14084507042253522
'011110000100000001000110000110000000000000100010010000110011111100010101',0.00013333333333333334,4.7140452079103176e-5,0.22535211267605634
'101111110111110111000011000001111111101111100111100101011111111001110110',,,0.19014084507042253
'010010001000001000111100000110000000000000011000011010000000000110001001',,,0.13380281690140844
'010000000100001000000100111000010111110000000110010000000110000101001000',,,0.14788732394366197
'010000000100001000000100111110010111110000011110010000000110000100001001',,,0.13380281690140844
'000010000000001000000100100000000000000000000010010000000000000100001001',,,0.07746478873239436
'010010000011001000000100000110010111100000000110010000000110000100001001',,,0.11267605633802817
'010010001000001110111100000000000000000000011000011010001000000110001001',,,0.15492957746478872
'010000001100001110111100000000010111100000000100011010100100000110001001',,,0.15492957746478872
'000000001111001110111100100110010111100000011100011010111100000110001001',,,0.16901408450704225
'011100000100000111000110000110000000000000100010010000010011111100010101',,,0.24647887323943662
'010000001100001000111100011110010111110000011100011010000100000111001000',0.0001,0.0,0.2112676056338028
'101111111011110111111011111111101000011111100001101111111001111011110110',0.00013333333333333334,4.7140452079103176e-5,0.08450704225352113
'101101111111110001111011111001111111111111100101101111100101111011110110',0.0002,8.16496580927726e-5,0.1267605633802817
'000010001000001110111100100000000000000000011000011010001000000110001001',,,0.14788732394366197
'010010001100001000111100000000000000000000011000011010000000000110001001',,,0.11267605633802817
'010000001011001110111100100000010111100000011100011010101100000110001001',,,0.19014084507042253
'100010100000111110000001000111010111100100000110010000010110000000001011',,,0.2112676056338028
'101101110011110111000011100111111111101111111111100101111111111001110110',,,0.1267605633802817
'010010100000001110100100000110010111100000000100011010010110000000001001',,,0.16901408450704225
'101111110111110111000011111111101000011111100011100101011011111001110110',0.0002666666666666667,0.00012472191289246472,0.1619718309859155
'101111111111110001111011111001101000011111100001101111000001111011110110',,,0.14084507042253522
'101111110100110001000011000001111111101111100111100101000111111001110110',,,0.2112676056338028
'010010001000001000111100111000000000010000000000011010000000000110001001',0.0001,0.0,0.14084507042253522
'101111110111110111000011111001101000011111111011100101011011111001110110',0.0001,0.0,0.1619718309859155
'110011111000111110111001011111111111111111011101101111011100000111101010',,,0.23943661971830985
'111101111100110001111011011111111111111111111101101111010101111011110110',,,0.13380281690140844
'011110000111000001101111000110001000000000100000011110010001111110010101',,,0.24647887323943662
'101111110100110001000011000001111111101111111111100101100111111001110110',,,0.19718309859154928
'101001110100110110000001011111111111111111000111100101110111000101110110',,,0.2676056338028169
'010000001100001110111100000110010111100000000100011010110100000110001001',,,0.18309859154929578
'101111111111110111111011100111111111101111100101101111111101111011110110',,,0.09859154929577464
'000000001011001000111100111110000000010000011000011010001000000111001000',,,0.2112676056338028
'101111110111110111000011000001111111101111100111100101111111111001110110',,,0.1619718309859155
'101111111100110111111011011001111111111111111101101111111101111011110110',0.00016666666666666666,9.428090415820633e-5,0.09154929577464789
'000000001111001110111100111000010111110000000100011010001100000111001000',,,0.22535211267605634
'010110001000001001111110100000000000000000100000001010000000111110001001',,,0.22535211267605634
'010110001111001000111110000110000000000000100000011010100000110110001001',,,0.2112676056338028
'111101111111110001100011011111111111111111100101101111110101111001110110',,,0.14788732394366197
'111111110111110111101011011111111111111111100101101111011101111011110110',,,0.1056338028169014
'010010000111001000000100000110010111100000011110010000111110000100001001',,,0.14084507042253522
'101001111111110111111001111001111111111111000101101111111101001011110110',,,0.1619718309859155
'010000101000001000111100011110000000010000011000011010000000000011001000',,,0.21830985915492956
'101111111100110001111011000111101000001111100001101111110001111011110110',,,0.14788732394366197
'101101110111110001000011100111111111101111111111100101111111111000110111',0.00013333333333333334,4.7140452079103176e-5,0.19014084507042253
'111111111011110001111011000001101000001111100001101111100001111011110110',,,0.14084507042253522
'001010000111000000000100100000000000000000000010010000100011000100010101',0.00013333333333333334,4.7140452079103176e-5,0.16901408450704225
'000010001100001000111100000110010111100000011100011010100100000110001001',0.00013333333333333334,4.7140452079103176e-5,0.176056338028169
'111101110100110001000011011001101000011111100011100101000011111001110110',,,0.16901408450704225
'000110000000001000000110000000000000000000111010010000000010110100001001',,,0.13380281690140844
'101101110111110111000011111111101000011111111011100101111011111001110110',,,0.1267605633802817
'101111110111110111000011000111111111101111100111100101111111111000110111',,,0.19014084507042253
'101101111100110111111011011111111111111111100101101111110101111011110110',,,0.11971830985915492
'010000001000001000111100011000000000010000000000011010000000000111001000',0.0002,8.16496580927726e-5,0.16901408450704225
'111111110100110111000011011001101000011111111011100101111011111001110110',,,0.14084507042253522
'110101110011111111000011000111101100001111100011100101011010111000101011',,,0.28169014084507044
'010100000111001000000110011110010111110000100110010000000110110100001001',,,0.2112676056338028
'010010000000001000000100111110000000010000000010010000100010000101001000',,,0.18309859154929578
'111111110000110111000011000111101000001111100011100101010011111000110111',,,0.2535211267605634
'000110001011001000111110100000000000000000100000011010000000110110001001',0.00016666666666666666,4.714045207910317e-5,0.16901408450704225
'001111111100010001111010100111000000001111111001101011110001111010110101',,,0.24647887323943662
'101111111100110111111011100001101000001111100001101111110001111010110111',,,0.18309859154929578
'111111111100110001111011100001101000001111100001101111000001111011110110',0.0001,0.0,0.14084507042253522
'111111110100110111000011011111101000011111100011100101010011111001110110',,,0.176056338028169
'101111111111110001111011000111111111101111100101101111110101111011110110',,,0.14084507042253522
'010000001111001000111100100000010111100000000100011010100100000110001001',,,0.1619718309859155
'101101111100110001111011000001101000001111100001101111100001111010110111',,,0.18309859154929578
'010000001100001000111100111110010111110000011100011010000100000111001000',,,0.21830985915492956
'011100001100000001111110100110010111100000111100011010110101111110010101',,,0.24647887323943662
'100011110000111110000001011111111111111111011111100101011110000001101010',,,0.2112676056338028
'010000001000001000111100100000000000000000000000011010000000000110001001',,,0.1056338028169014
'101101110100110001000011111111111111111111111111100101010111111001110110',0.00013333333333333334,4.7140452079103176e-5,0.18309859154929578
'101001010111110111000001011111101000011111000011100101111011001101110110',,,0.22535211267605634
'101100100100000001000111111001101000010100100010010100000011111001110100',,,0.2535211267605634
'001100001100000001111110000000000000000000100000011010000001111110010101',,,0.2323943661971831
'010000001100001110111100000110000000000000011000011010011000000110001001',,,0.15492957746478872
'111111111111110111010011100001101000001111100011100101111011111000110111',,,0.20422535211267606
'111111111000110111111011000001111111101111111101101111111101111011110110',,,0.11267605633802817
'000001000011001110000100011110000000010000000010010000011010000100001001',,,0.15492957746478872
'000100000000001110000110000110000000000000100010010000010010110100001001',,,0.16901408450704225
'110110100000001111000111111001111111110100100110000101000110111001101000',,,0.24647887323943662
'100100100011001001000111011111111111110100100110000101000110111001101000',,,0.24647887323943662
'000000000100001000000100111000010111110000011110010000000110000101001000',,,0.1619718309859155
'000110001011101001111110100000010111100000111100011010001100110110001001',,,0.23943661971830985
'111111111011110111111011100111101000001111111001101111011001111011110110',,,0.1267605633802817
'010000001100001000010100000110010111100000000100011010100110000100001001',,,0.14788732394366197
'010100001100001110111110100000000000000000111000011010001000110110001001',,,0.21830985915492956
'110101111011111111111011100111111111101111111101101111011100111010101011',0.00016666666666666666,9.428090415820633e-5,0.21830985915492956
'010000001100001000111100100110010111100000011100011010100100000110001001',0.0001,0.0,0.176056338028169
'010010000100001000000100011110010111110000000110010000100110000100001001',,,0.14788732394366197
'111100110100000001000011011001101000011100111011100101000011111001110100',,,0.24647887323943662
'101011111111010000111001111000101000011011000001101111100001000011110100',,,0.23943661971830985
'101101111100110111111011100001101000001111100001101111110001111110110111',,,0.20422535211267606
'111111110011110111000011000111111111101111100111100101111111111001110110',,,0.14084507042253522
'111111111111110111111011011001101000011111111001101111011001111011110110',,,0.11267605633802817
'010000001000001000111100111110010111110000011100011010000100000111001000',,,0.22535211267605634
'010100000100001000000110100110010111100000100110010000000110110100001001',,,0.176056338028169
'101111111011110001111011100001111111101111111101101111101101111010110111',,,0.176056338028169
'010100001100001110111110011110000000010000111000011010011000110110001001',,,0.23943661971830985
'010110001111000110111110011000000000010000100000011010111000110110000101',,,0.2887323943661972
'001001001100000000111100011000000000010001000000011010100001000111010100',,,0.24647887323943662
'010000001100001000111100100000010111100000000100011010000100000110001001',,,0.11971830985915492
'010000000011001000000100011000010111110000000110010000000110000100001001',0.00013333333333333334,4.7140452079103176e-5,0.11971830985915492
'110100100011001001000111011001111111110100100110000101000110111001101000',,,0.24647887323943662
'010000000000001000000100100110000000000000000010010000000010000100011001',,,0.09154929577464789
'011000001100000000111100011000010111110000000100011010100101000111010100',0.00013333333333333334,4.714045207910317e-5,0.24647887323943662
'000010000011001110000100100110010111100000011110010000011110000100001001',0.00013333333333333334,4.7140452079103176e-5,0.09859154929577464
'010000001100001000111100100110000000000000000000011010100000000110001001',,,0.14084507042253522
'000000001011001110111100000000000000000000000000011010001000000110001001',,,0.13380281690140844
'010010001011001110111100000000010111100000000100011010001100000110001001',0.0001,0.0,0.1619718309859155
'010110001111001000111110100000010111100000100100011010000100110110001001',,,0.19718309859154928
'101111110000110111000011011111101000011111111011100101011011111001110110',,,0.1619718309859155
'101101111100010111111011111001111111111111100101101111010101111011110100',,,0.15492957746478872
'000000001000001110111100111000010111110000000100011010100100000111001000',,,0.22535211267605634
'111111111100110001111011000001101000001111111001101111000001111011110110',0.00013333333333333334,4.7140452079103176e-5,0.1619718309859155
'010100000100001110000110100110000000000000100010010000010010110100001001',,,0.18309859154929578
'010010001011101110111100011000000000010000011000011010001000000110001001',,,0.19718309859154928
'010000001000001000111100000000000000000000000000011010000000000110001001',0.0002333333333333333,9.428090415820631e-5,0.09859154929577464
'000000001000001000111100100000000000000000000000011010000000000110001001',,,0.09154929577464789
'000000001011001000111100111000010111110000000100011010100100000110001001',,,0.18309859154929578
'000000001100001110111100111000000000010000011000011010001000000110001001',,,0.176056338028169
'101101011111110001111011100000100000000011111001101111101001111010010111',,,0.2535211267605634
'111100100111000001000011111111111111110100111110000101101111111001110100',,,0.2323943661971831
'110101111011111111100011000111111111101111100101100111111110111000101011',,,0.2535211267605634
'111111111100110001111011111111101000011111111001101111010001111011110110',,,0.1267605633802817
'010000000000001110000100011110000000010000000010010000110010000101001000',,,0.2112676056338028
'101001110011110001000001011111101000011111011011100101011011001001110110',,,0.22535211267605634
'010000000111001000111100111110000000010000000000011010100000000111001000',,,0.22535211267605634
'001001011111110110111000000110000000001011011001111010111001000110010111',,,0.2323943661971831
'010001000011001000000100100110010111100001011111010000101110000100001001',,,0.18309859154929578
'011001000111000000000100111000000000010001000010010000000011000101010100',,,0.22535211267605634
'111110100111000001000011000111101000000100100011110101010011111000010101',,,0.29577464788732394
'000100001011001000111110000110010111100000111100011010001100110110001001',0.00013333333333333334,4.714045207910317e-5,0.2112676056338028
'011111011111110111111011011110111111111011111101101111111101111111110110',,,0.09154929577464789
'111111110100110111000011111111111111111111111111100101111111111001110110',0.0002,8.16496580927726e-5,0.09859154929577464
'000010000100001000000100000110010111100000011110010000100110000100001001',,,0.13380281690140844
'110100111000111111111011011001111111111100111101101111001100111011101010',,,0.22535211267605634
'000010101000001000111100000110010111100100000100011010000100000011001000',,,0.2112676056338028
'100101110000111111000011100001111111101111111111100101101110111000101011',,,0.2605633802816901
'010010000000001110000100000000010111100000011111010000001110000100001001',,,0.13380281690140844
'111101111100110111111011000001101000001111111001101111111001111010110111',,,0.176056338028169
'111111111100110001111011100001111111101111111101101111000101111011110110',,,0.1619718309859155
'101011110111110001000001111001111111111111011111100101101111001001110110',,,0.2112676056338028
'000100000011001001111110000000010111100000100100001011000100110110101001',,,0.2605633802816901
'000010000000001000000100100000000000000000011010010000000010000100001001',,,0.07042253521126761
'101101111111110111111011100001101000001111100001101111011001111010110111',0.00013333333333333334,4.714045207910317e-5,0.2112676056338028
'010000001011001110111100011110000000010000011000011010111000000110001001',,,0.20422535211267606
'000000001000001110111100100000010111100000000100011010100100000110001001',0.00013333333333333334,4.7140452079103176e-5,0.15492957746478872
'101011111011110111011001011111101000011111011001101111111011001011110110',,,0.18309859154929578
'010000000000001000000100000110000000000000000010010000000010000100001001',0.0002,8.16496580927726e-5,0.07042253521126761
'011011100111010000000100111110001000010111000010010100110011001001010100',,,0.323943661971831
'101001110000110001000001011001111111111111000111100101000111001001110110',,,0.22535211267605634
'101111110111000001000011011001111111111111100111100101100111111001110100',,,0.21830985915492956
'101101110100010001101011011001101000011111100011101111100001111001110100',,,0.15492957746478872
'000010001100001110111100011000000000010000011000011010001000000111001000',,,0.21830985915492956
'111111110111110001000011011001101000011111100011100101000011111001110110',,,0.176056338028169
'000000001000001000111100011000000000010000000000011010000000000111001000',,,0.15492957746478872
'111101111111110111111011000111111111101111100101101111111101111010110111',,,0.14084507042253522
'010100000000001000000110000110000000000000100010010000100010110100001001',,,0.18309859154929578
'000011001111001000111100111000010111110000011100011010001100000110001001',,,0.2112676056338028
'010110000000001000000110000110010111100000111110010000100110110100001001',,,0.2112676056338028
'001110001111000001111110000110000000000000100000011010110001111110010101',,,0.23943661971830985
'000110001100001000111110000000000000000000111000011010100000110110001001',,,0.19718309859154928
'010000001100001000111100100110010111100000000100011010000100000110001001',,,0.13380281690140844
'000010001000001000111100100000010111100000000100011010000100000110001001',0.00023333333333333336,0.00012472191289246472,0.11971830985915492
'010000001011001110111100000000010111100000000100011010001100000110001001',,,0.15492957746478872
'111111110111110001000011011111111111111111111111100101111111111001110110',0.00023333333333333336,0.0001885618083164127,0.1056338028169014
'111101111100110001010011100001101000001111100011100101100011111001110110',,,0.1619718309859155
'111011110111110001000001011001101000011111011011100101001011001001110110',,,0.23943661971830985
'101111110011110001000011111111101000011111100011100101010011111001110110',,,0.176056338028169
'000000000100001110000100100000010111100000011110010000001110000100001001',,,0.11267605633802817
'000011001011001110111100100000000000000001011000011010001000000110001001',,,0.16901408450704225
'111111111111110111111011100111101000001111111001101111011001111010110111',,,0.1619718309859155
'101011010111110000000101011110101000011011011011110100011011000101010110',,,0.3028169014084507
'011011000100000000000100000110000000000000000010010000100011000100010101',,,0.18309859154929578
'010110001011001000111110100110000000000000100000011010000000110110001001',,,0.19718309859154928
'101110111100110001111011111001111111111111111101101111100101111011110110',,,0.14084507042253522
'000000001100001000111100011000000000010000011000011010000000000110001001',,,0.13380281690140844
'101101111100110111111011100111101000001111111001101111011001111010110111',,,0.19718309859154928
'010100001111001110111110000110010111100000100100011010111100110110001001',,,0.2323943661971831
'110100100000001001000111111001111111110100111110000101000110111101101000',,,0.2676056338028169
'101001111000110111111001011111111111111111011101101111111101001011110110',,,0.14788732394366197
'111101110011110001000011111111101000011111100011100101110011111001110110',,,0.15492957746478872
'000000001011001000111100111000000000010000000000011010000000000110001001',,,0.13380281690140844
'101111110000110111000011111001101000011111100011100101110011111001110110',,,0.14788732394366197
'111111110111110111000011111111101000011111100011100101111001111001110110',,,0.1267605633802817
'101101110111110111110011111001101000011111111011100111111001111011110110',,,0.1619718309859155
'010100000100001000000110000000000000000000111010010000000010110100001001',,,0.14788732394366197
'111101111100110111111011100001111111101111100101101111110101111010110111',,,0.16901408450704225
'111101111111110111111011100001101000001111100001101111111001111110110111',,,0.18309859154929578
'000100000100001000000110011000010111110000111110010000000110110100001001',,,0.19718309859154928
'101111110100110001000011111001111111111111111111100101100111111001110110',,,0.1619718309859155
'101101111111110111111011100111101000001111100001101111011001111010110111',,,0.19718309859154928
'110001110011111110000001011001111111111111000111100101001110000001101010',0.0002,0.0,0.2323943661971831
'000010001011001110111100100000000000000000011000011010001000000110001001',0.0002666666666666666,4.714045207910315e-5,0.14788732394366197
'010000001000001110111100011110000000010000000000011010010000000110001001',,,0.18309859154929578
'101101111111110001111011100111101000001111100001101111110001111010110111',,,0.19014084507042253
'001010001111001000111100100000010111100000000100011010100100000110011001',,,0.18309859154929578
'111101110111110001000011011111111111111111100111100101110111111001110110',0.0002333333333333333,9.428090415820631e-5,0.14788732394366197
'010100000011001000000110000110000000000000100010010000000010110100001001',,,0.16901408450704225
'111011110011110111000001111111101000011111011011100101111011001001110110',,,0.18309859154929578
'101111111000110111111011011001111111111111111101101111111101111011110110',,,0.08450704225352113
'111111110011110111000011111001101000011111111011100101111011111001110110',,,0.1267605633802817
'110011110011111110000001011001101000011111000011100101001010000001101010',,,0.2605633802816901
'111101011100110001111011000111111111101011111101101111110101111110110111',,,0.20422535211267606
'110110100000001001000111011111111111110100111110000101000110111001101000',,,0.2535211267605634
'101111111111110111111011111001101000011111111001101111111001111011110110',0.00013333333333333334,4.7140452079103176e-5,0.09154929577464789
'111101111111110111111011011111111111111111111101101111011101111011110110',,,0.08450704225352113
'010010001100001110111100111000010111110000000100011010000100000111001000',,,0.2112676056338028
'111101111011110001111011111111101000011111100001101111010001111011110110',,,0.14084507042253522
'101101110011110001000011011111101000011111100011100101010011111001110110',,,0.19014084507042253
'011010001100000000111100011110000000010000000000011010000001000111010100',,,0.2323943661971831
'000010000100001000000100100110000000000000000010010000000010000100001001',,,0.07746478873239436
'100000101011001110111000011111010111110100011100111010011100000011001000',,,0.21830985915492956
'101101111000110111111011100111101000001111111001101111111001111010110111',,,0.1619718309859155
'110111110011111001000011100111101000001111111011100101001010111000101011',,,0.2887323943661972
'010010000111001000000100111000000000010000011010010000001010000100001001',,,0.14084507042253522
'101111111111110111111011100111101000001111100001101111111001111110010111',,,0.16901408450704225
'101101111100110111111011011111101000011111100001101111110001111011110110',,,0.1267605633802817
'110101110011111111001011000111111111101111100111100101011110111000101011',,,0.2535211267605634
'111101110011110111000011000111111111101111100111100101111111111001110110',,,0.14788732394366197
'111110111111000001111011011111101000010110111000101111001001111111110100',,,0.2112676056338028
'111101111111110111111011000111111111101111111101101111111101111010110111',0.0002666666666666667,0.0001699673171197595,0.1267605633802817
'101101110100010001000011011111101000011111111011100101110011111001110100',,,0.18309859154929578
'111101111011110001111011100111101000001111111001101111111001111011110110',0.0001,0.0,0.11971830985915492
'010010001100001000111100111110010111110000011100011010000100000110001001',,,0.18309859154929578
'001110000100000001000110100110000000000000100010010000110011111100010101',0.0001,0.0,0.2323943661971831
'101111110111110111000011011001111111111111100111100101011111111001110110',0.0001,0.0,0.1619718309859155
'000000000000001110000100011000010111110000000110010000100110000101001000',,,0.176056338028169
'111101110011110111000011011111101000011111111011100101011011111001110110',,,0.15492957746478872
'111011110111110001000001011111101000011111011011100101111011001001110110',,,0.19718309859154928
'101001110111110111000001011001111111111111000111100101111111001001110110',,,0.19718309859154928
'010000000111001000000100100110010111100000011110010000101110000100001001',,,0.14084507042253522
'101111111011110111111011111111101000011111100001101111011001111011110110',0.00016666666666666666,4.714045207910317e-5,0.11267605633802817
'010010001000001110111100111000000000010000000000011010100000000110001001',,,0.18309859154929578
'011000000100000000000100100000000000000000011010010000100011000100010101',0.00013333333333333334,4.7140452079103176e-5,0.14788732394366197
'101111110111110001000011111001111111111111111111100101101111111001110110',,,0.15492957746478872
'100100100000111111000011000001101000000100100010000101000010111000101011',,,0.2605633802816901
'101111111011110001111011000111101000001111100001101111110001111010110111',,,0.18309859154929578
'110001111000111110111001100111111111101111011101101111011100000011101010',,,0.23943661971830985
'011110000100000001000110100000000000000000111010010000100011111100010101',0.00023333333333333333,4.714045207910315e-5,0.20422535211267606
'010000000000001000000100111110000000010000000010010000000010000100001001',0.00016666666666666666,9.428090415820633e-5,0.1056338028169014
'101011111100110111111001111001101000011111011001101111111001001011110110',,,0.19014084507042253
'110100100000001001000111011111111111110100100110000101000110111001101000',,,0.24647887323943662
'000010001100001000111100100000000000000000000000011010000000000110001001',,,0.1056338028169014
'010000000011001000000100100110010111100000011110010000001110000100001001',,,0.11971830985915492
'000010000100001000000100011000000000010000000010010000000010000100001001',,,0.08450704225352113
'101101111111110001111011000111101000001111111001101111011001111011110110',,,0.1619718309859155
'111101110111110001000011011111111111111111111111100101111111111001110110',0.00036666666666666667,0.00023570226039551582,0.11267605633802817
'111111111011110111111011111111111111111111111101101111011101111011110110',,,0.07746478873239436
'011100001100000001111110000110000000000000111000011010110001111110010101',,,0.2323943661971831
'010010000000001110000100011000010111110000011110010000001110000100001001',,,0.14788732394366197
'111111110111110001000011011001111111111111100111100101100111111001110110',,,0.15492957746478872
'001011010111110110000100000000000000001011000011110000111011000100010111',,,0.2535211267605634
'000001001011111110111100100110010111100011000100011010011100000110001011',,,0.22535211267605634
'010010011011111000111100100110010111101010011101101010101100000110001011',,,0.23943661971830985
'000000000111001000000100000000010111100000000110010000100110000100001001',,,0.11267605633802817
'111100101111000001111011011001101000010100100000001111100001111011110100',,,0.16901408450704225
'001101011111110111111011100000101000001011111001101111111001111110110111',,,0.19718309859154928
'111111110111110111000011011111101000011111111011100101011011111001110110',,,0.14084507042253522
'000010001011001110111100100110000000000000011000011010111000000110001001',,,0.176056338028169
'111101110100110001000011100111101000001111111011100101010011111000110111',,,0.24647887323943662
'001011010111000000000100000000000000000011011011110000101011000100010101',0.00013333333333333334,4.7140452079103176e-5,0.2323943661971831
'000010001111001110111100000110010111100000011100011010011100000110001001',,,0.14084507042253522
'110111111000111111111011000001111111101111111101101111001100111010101011',,,0.24647887323943662
'000011001011001000111100000110010111100011011100011010101100000110001001',,,0.20422535211267606
'010011000111001000000100011000010111110011011111010000001110000001001000',,,0.23943661971830985
'111111110111110111000011000001111111101111100111100101111111111001110110',,,0.14788732394366197
'010010001111001000111100100000010111100000011100011010001100000110001001',,,0.1619718309859155
'110001111011111110111001111111111111111111000101101111111100000011101010',,,0.23943661971830985
'000010000000001110000100011110000000010000000010010000010010000101001000',0.0001,0.0,0.176056338028169
'010000000000111110000100100110000000000000011010010000111010000100001011',,,0.19014084507042253
'101101111111110001111011100001111111101111111101101111101101111010110111',,,0.19014084507042253
'000110001011001000011110000110010111100000100110011000000100110110001001',,,0.2112676056338028
'111101111000110111111011011111111111111111111101101111011101111011110110',,,0.1056338028169014
'111111011100110111111011111111111111111111100101101111110101111111110110',,,0.11267605633802817
'101101111011110001111011111001101000011111111001101111101001111011110110',0.00013333333333333334,4.7140452079103176e-5,0.11971830985915492
'010010001011001110111100100000010111100000011100011010001100000110001001',0.00016666666666666666,4.714045207910317e-5,0.16901408450704225
'101111110111110001000011100111111111101111111111100101111111111000110111',,,0.18309859154929578
'000010100011001000000100011000000000010000011010010000001010000000001001',,,0.14788732394366197
'111111010100110111000011111111101000011011111011100101111011111101110110',,,0.14788732394366197
'001001010111110110000100000110000000001011011011110000111011000100010111',,,0.21830985915492956
'101101110000110001000011011111101000011111111011100101110011111001110110',,,0.1619718309859155
'111011110111110111000001011001111111111111011111100101111111001001110110',,,0.176056338028169
'000000001100001000111100100110010111100000011100011010000100000110001001',,,0.14788732394366197
'110100100000111111000011000111111111101100100110000101010110111000101011',,,0.29577464788732394
'101111111111110111111011111111111111111111111101101111011101111011110110',,,0.08450704225352113
'111101111111110001111011111111101000011111111001101111011001111011110110',,,0.11267605633802817
'111011110100000001000000011111110111110111011111110001100111001001110100',,,0.2887323943661972
'101011110011110001000001011111101000011111011011100101011011001001110110',,,0.2323943661971831
'000000000100001000000100111110010111110000011110010000000110000101001000',,,0.176056338028169
'000010001000001000111100100000010111100000011100011010000100000110001001',0.00023333333333333336,0.00012472191289246472,0.13380281690140844
'010000001111001000111100111000000000010000000000011010000000000111001000',,,0.18309859154929578
'111111111111110001111011111001101000011111111001101111001001111011110110',0.00013333333333333334,4.7140452079103176e-5,0.13380281690140844
'011001110111000000000100111000000000010011011011110000101011001001010100',,,0.2887323943661972
'010010001100001000111100100110010111100000000100011010000100000110001001',,,0.14084507042253522
'000010000111001110000100000000000000000000011010010000001010000100001001',,,0.1056338028169014
'000010001000001000111100100110000000000000000000011010100000000110001001',0.00013333333333333334,4.7140452079103176e-5,0.14084507042253522
'101101111111110001111011100001111111101111111101101111101101111011110110',,,0.14788732394366197
'000010001011001000111100000000010111100000011100011010001100000110001001',0.0001,0.0,0.14788732394366197
'110100001000101111010111000000111111100000111110000101111110110100101011',,,0.3732394366197183
'000000001000001000111100011000010111110000011100011010000100000111001000',,,0.19014084507042253
'010100000000001110000110000000010111100000100110010000100110110100001001',,,0.20422535211267606
'000110000100001000000110000110010111100000100110010000100110110100001001',,,0.19014084507042253
'000000000111001110000100000000000000000000000010010000001010000100001001',,,0.09859154929577464
'111001111111110111011001111001101000011111000001101111111001001011110110',,,0.18309859154929578
'011010000100000000000100111000000000010000000010010000100011000100010101',,,0.16901408450704225
'000000000000001000000100100000000000000000011010010000000010000100001001',0.00019999999999999998,8.16496580927726e-5,0.06338028169014084
'010011000011001000000100000110010111100000011110010000001110000100001001',,,0.14084507042253522
'111011110111110001000001111111111111111111011111100101111111001001110110',,,0.16901408450704225
'111111111111110111111011011111111111111111100101101111011101111011110110',,,0.09154929577464789
'100001110011111110000001111111111111111111011111100101111110000001101010',,,0.2112676056338028
'001000000100000110000100111000000000010000000010010000110011000101010100',,,0.24647887323943662
'111110111100110111111011111111111111111110100101101111010101111011110110',,,0.14084507042253522
'010000001100001000111100100000000000000000011000011010000000000110001001',,,0.11267605633802817
'000000001011001110111100000000000000000000011000011010001000000110001001',,,0.13380281690140844
'101101111011110111111011011001101000011111111001101111111001111011110110',,,0.09859154929577464
'000110001111001110111110100110000000000000100000011010011000110110001001',,,0.2112676056338028
'000000001111001110111100111110000000010000011000011010011000000110001001',,,0.176056338028169
'001010001111000000111100011000000000010000000000011010100001000111010100',,,0.24647887323943662
'001100000100000111000110000110010111100000100110010000110111111100010101',,,0.2676056338028169
'111111110100110111000011100001101000001111111011100101111011111001110110',,,0.1619718309859155
'111101110011110111000011011001111111111111111111100101111111111001110110',,,0.11971830985915492
'011000001100000000111100111110000000010000011000011010100001000111010100',,,0.2323943661971831
'111001111100110001111001111111101000011111000001101111100001001011110110',,,0.1619718309859155
'111101111100110111111011011111111111111111100101101111010101111011110110',,,0.13380281690140844
'000110001111001000111110100110000000000000111000011010001000110110001001',,,0.2112676056338028
'000000000100001000000100111000010111110000011110010000100110000100001001',,,0.14788732394366197
'010000001011101110111100000110010111100000000100011010011100000110001001',,,0.16901408450704225
'000010001100001110111100000000000000000000000000011010000000000110001001',,,0.11267605633802817
'111111110100110001000011111001111111111111100111100101100111111001110110',,,0.13380281690140844
'100110100000111111000011111111111111111100100110000101010110111001101010',,,0.22535211267605634
'010100000000001000000110000000010111100000100110010000000110110100001001',,,0.1619718309859155
'010100001100001000111110000000010111100000100100011010000100110110001001',0.00019999999999999998,8.16496580927726e-5,0.18309859154929578
'111101111000110001111011011111111111111111111101101111110101111011110110',,,0.11267605633802817
'101111110100110001000011011111101000011111100011100101110011111001110110',0.00013333333333333334,4.714045207910317e-5,0.1619718309859155
'101011111011110001111001111001101000011111011001101111101001001011110110',,,0.18309859154929578
'010110000100001001000110000000010111100000100110010000000110110100001001',,,0.1619718309859155
'101011111100110001111001100001101000001111000001101111100001001011110110',,,0.19718309859154928
'010000001100001000011100011110000000010000000000011010000010000110001001',,,0.14084507042253522
'000010000100001000000100000110010111100000000110010000100110000100001001',0.0001,0.0,0.11971830985915492
'101111111111010001111011011111111111111111100101101111110101111011110110',,,0.1267605633802817
'010100001100001110111110100110010111100000100100011010010100110110001001',,,0.21830985915492956
'011000000111000000000100011110000000010000000010010000010011000101010100',,,0.23943661971830985
'111001111000110111111001111001111111111111011101101111111101001011110110',,,0.15492957746478872
'111111111111110111111011111001101000011111111001101111011001111011110110',0.00013333333333333334,4.7140452079103176e-5,0.1056338028169014
'010000100011001000101100011110010111110000000110010010000100000001001000',,,0.24647887323943662
'010000000100001000000100100110010111100000000110010000100110000100001001',,,0.11971830985915492
'101101110100110001000011111111101000011111111011100101010011111001110110',,,0.19014084507042253
'111101110111110111000011011001111111111111111111100101111111111001110110',0.0001,0.0,0.11267605633802817
'111101110111110111000011111001111111111111100111100101011111111001110110',0.00013333333333333334,4.714045207910317e-5,0.14788732394366197
'111001011100110111111001111001101000011111011001101111111001001111110110',,,0.19014084507042253
'101111111100110111111011011001111111111111100101101111010101111011110110',,,0.14084507042253522
'000010000000001000000100111110000000010000000010010000100010000101001000',,,0.16901408450704225
'000011001000001110111100000110000000000001011000011010011000000110001001',,,0.176056338028169
'010000001000001000111100100000010111100000000100011010000100000110001001',0.0001,0.0,0.1267605633802817
'111101110111110111000011100001101000001111111011100101111011111000110111',,,0.19718309859154928
'000000001011001000111100111000000000010000011000011010001000000111001000',,,0.2112676056338028
'010010001100001110111100100110010111100000011100011010111100000110001001',,,0.19014084507042253
'001111011100110111111011100110111111101011111101101111111101111110110111',,,0.18309859154929578
'101001111111110111111001011111111111111111000101101111111101001011110110',0.00016666666666666666,4.714045207910317e-5,0.15492957746478872
'101101111100110001111011100111111111101111100101101111110101111010110111',,,0.18309859154929578
'111111111111110001111011000111111111101111111101101111111101111010110111',,,0.13380281690140844
'111101111111110111111011111111111111111111100101101111111101111011110110',,,0.06338028169014084
'001110000100000111000110100110000000000000100010010000010011111100010101',,,0.24647887323943662
'000110001011001000111110000000010111100000111100011010101100110110001001',,,0.2323943661971831
'000100001000001110111110000000000000000000100000011010000000110110001001',0.00023333333333333333,4.714045207910315e-5,0.16901408450704225
'100111110011111001000011000111101000001111111011100101001010111000101011',,,0.2676056338028169
'111101111111110111111011000001111111101111111101101111111101111110110111',,,0.15492957746478872
'000001000011001110000100100110010111100011000110010000111110000100001001',,,0.1619718309859155
'011010000100000110000100111110000000010000000010010000010011000101010100',,,0.23943661971830985
'010000001011001110111100100110010111100000000100011010111100000110001001',0.0001,0.0,0.19014084507042253
'010000001011001110111100011000000000010000011000011010101000000110001001',,,0.20422535211267606
'011001010100110110000100000000000000001011011011110000111011000100010111',,,0.2323943661971831
'100110100011101001000111000001111111100100100110000101000110111001101000',,,0.2535211267605634
'010011001100001110111100100000000000000000011000011010001000000110001001',,,0.176056338028169
'000010101000001000111100111110010111110100000100011010000100000011001000',,,0.2323943661971831
'010010001111001000000100100000010111100000011110010000101110000100001001',,,0.1619718309859155
'111101111000110001111011111111111111111111111101101111010101111011110110',,,0.13380281690140844
'100001111011111110000001111111111111111111000111100101011110000001101010',,,0.2112676056338028
'001001010000110110000100100110000000001011011011110000111011000100010111',,,0.21830985915492956
'101101111111110001111011000111111111101111111101101111111101111010110111',,,0.15492957746478872
'111001111111110111111001011111101000011111011001101111111001001011110110',,,0.14788732394366197
'101111111111110111111011011111101000011111100001101111011001111011110110',0.00013333333333333334,4.714045207910317e-5,0.1267605633802817
'101111111111110111111011000111101000001111100001101111111001111010110111',,,0.16901408450704225
'101010111011110111111001011001101000011111011001101111111001001011110110',,,0.19718309859154928
'010010000011001000000100011000000000010000000010010000000010000101001000',,,0.14788732394366197
'110110100011001001000111111111111111110100100110000101000110111101101000',,,0.2746478873239437
'000000001011001000111100000110000000000000000000011010000000000110001001',0.0002333333333333333,9.428090415820631e-5,0.11267605633802817
'000000000000001110000100000110000000000000000010010000010010000100001001',0.00013333333333333334,4.7140452079103176e-5,0.09859154929577464
'101101111111110001111011000111101000001111111001101111111001111010110111',0.00013333333333333334,4.7140452079103176e-5,0.176056338028169
'010001011111111000111000000110010111101011000100001011110100000110011011',,,0.30985915492957744
'010000000100001110000100100110010111100000000110010000010110000100001001',,,0.11971830985915492
'011011011111110000111000000110000000001011011001111010111001000110010111',0.0001,0.0,0.23943661971830985
'111111110011110111000011011001111111111111111111100101111111111001110110',,,0.11267605633802817
'000100001000001000111110000110010111100000100100011010000100110110001001',0.0001,0.0,0.19014084507042253
'010000001000001000111100011000000000010000011000011010000000000111001000',,,0.18309859154929578
'010000000011001110000100011000010111110000000110010000101110000101001000',,,0.2112676056338028
'010000001000001110111100000110010111100000000100011010010100000110001001',0.00013333333333333334,4.7140452079103176e-5,0.1619718309859155
'010010001011001110111100000110000000000000000000011010111000000110001001',,,0.19718309859154928
'111101110100110111000011100001111111101111111111100101111111111001110110',,,0.14788732394366197
'101111111100110001111011100111111111101111111101101111110101111011110110',,,0.13380281690140844
'101111110111110111000011111001111111111111100111100101111111111001110110',0.00016666666666666666,9.428090415820633e-5,0.1267605633802817
'010110000111001110000110100000010111100000100110010000011110110100001001',,,0.19014084507042253
'010000000000001000000100111110010111110000000110010000100110000100001001',,,0.15492957746478872
'101101110011110111000011111111101000011111100011100101111011111001110110',,,0.13380281690140844
'010000000000001110000100011110010111110000000110010000010110000101001000',,,0.19014084507042253
'000100100000001111000110100000010111100000100110010000000110111000001001',,,0.22535211267605634
'111111110100110111000011111111111111111111100111100101010111111001110110',,,0.1619718309859155
'010010000000001110000100111110000000010000000010010000110010000100001001',,,0.18309859154929578
'011000001100000110111100100000000000000000000000011010110001000110010101',,,0.19014084507042253
'010000000011001000000100111110000000010000011010010000101010000100001001',,,0.16901408450704225
'010110001011001001111110000110010111100000100100011010100100111110101001',,,0.28169014084507044
'010011000111001110000100000000000000000001011010010000001010000100001001',,,0.1267605633802817
'101101110011110001000011000001111111101111111111100101101111111001110110',,,0.19014084507042253
'000010001000001110111100100110000000000000000000011010110000000110001001',,,0.18309859154929578
'101111111111010001111011111111111111111111100101101111110101111011110100',,,0.11971830985915492
'111101110100110001000011100111111111101111100111100101110111111000110111',,,0.2112676056338028
'000010001000001000111100100110000000000000000000011010000000000110001001',0.00013333333333333334,4.714045207910317e-5,0.11267605633802817
'101101110100110001000011011111101000011111100011100101110011111001110110',,,0.16901408450704225
'000010000011001000000100000000010111100000011110010000101110000100001001',0.00019999999999999998,8.16496580927726e-5,0.13380281690140844
'101111110000110111000011011111101000011111100011100101110011111001110110',,,0.15492957746478872
'101111110100110001000011100111111111101111100111100101010111111001110110',,,0.20422535211267606
'100011110000111110000001111001111111111111011111100101001110000001101010',0.0002,0.0001414213562373095,0.2323943661971831
'010010001011001000111100011110000000010000000000011010100000000111001000',,,0.2323943661971831
'111101111011110111111011000001101000001111100001101111011001111011110110',0.0001,0.0,0.16901408450704225
'101101110000110001000011011111111111111111111111100101010111111001110110',,,0.18309859154929578
'101101111111110111111011100001111111101111111101101111111101111011110110',,,0.1056338028169014
'110101110000111111000011100001111111101111111111100101101110111000101011',,,0.2746478873239437
'111101110111110111000011111111111111111111100111100101011111111001110110',,,0.13380281690140844
'101111110000110001000011100001101000001111111011100101000011111000110111',,,0.24647887323943662
'000010000011001000000100111000000000010000000010010000000010000101001000',,,0.14084507042253522
'101101110111110111000011100111101000001111111011100101111011111000110111',0.00013333333333333334,4.7140452079103176e-5,0.19718309859154928
'110011111011111110111001111001111111111111011101101111001100000011101010',,,0.24647887323943662
'100111111011111111111011000111111111101111100101101111011100111010101011',,,0.20422535211267606
'010010000000001110000100111110000000010000000010010000010010000100001001',0.0001,0.0,0.15492957746478872
'111111010111110001000011000111101000001011111011100101111011111100010111',,,0.21830985915492956
'000110000000001111000110000000010111100000100110010000000110110000001001',,,0.18309859154929578
'101000010100010110000101111110101000011011011011110100111011000101010100',,,0.28169014084507044
'000010001000001000111100011000010111110000000100011010000100000111001000',,,0.18309859154929578
'111111110000110111000011111111101000011111111011100101111011111001110110',,,0.1267605633802817
'101101111111110001111011111111111111111111100101101111010101111011110110',,,0.14084507042253522
'111111111011110111111011100111111111101111100101101111111101111010110111',,,0.13380281690140844
'111001110111110111000001111111101000011111000011100101111011001101110110',,,0.19718309859154928
'110111111000111111111011000111101000001111111001101111011000111010101011',,,0.2535211267605634
'010010000000001110000100000000010111100000000110010000000110000100001001',0.00016666666666666666,4.714045207910317e-5,0.09859154929577464
'101101110111110001100011011111111111111111111101100111111101111001110110',,,0.13380281690140844
'010000001111001110111100111000010111110000000100011010101100000110001001',,,0.2112676056338028
'010010001000001110111100100000010111100000011100011010001100000110001001',0.00013333333333333334,4.7140452079103176e-5,0.16901408450704225
'010010001011001000111100100000000000000000011000011010001000000110001001',0.00013333333333333334,4.714045207910317e-5,0.1619718309859155
'010010000011111110000100000110000000000000000010010000011010000100001011',,,0.176056338028169
'000110001111001000111110100110010111100000100100011010100100110110001001',,,0.23943661971830985
'101011110111110111000001011001111111111111011111100101111111001001110110',0.00013333333333333334,4.7140452079103176e-5,0.19014084507042253
'010010001011001110111100000000000000000000011000011010001000000110001001',0.0002,8.16496580927726e-5,0.15492957746478872
'101110111111110001111011111111101000011110100001101111110001111011110110',,,0.13380281690140844
'111111111100110111111011111001111111111111111101101111111101111011110110',0.00016666666666666666,4.714045207910317e-5,0.07042253521126761
'111100101100010111111111111001111111111100100100001111110101111011110100',,,0.19014084507042253
'001001010111000000000100100000000000000011011011110000101011000100010101',,,0.21830985915492956
'111111111111110001111011011111111111111111100101101111010101111011110110',0.00013333333333333334,4.714045207910317e-5,0.1267605633802817
'010100001011001000111110000110010111100000100100011010100100110110001001',,,0.24647887323943662
'101001111011110111111001011111101000011111011001101111111001001011110110',,,0.15492957746478872
'101101111100110001111011011001101000011111100001101111100001111011110110',0.00016666666666666666,4.714045207910317e-5,0.11267605633802817
'111001111000110111111001011001101000011111011001101111111001001011110110',,,0.18309859154929578
'101101111100110111111011011111101000011111100001101111010001111011110110',,,0.15492957746478872
'100110100000001001000111011111111111110100111110000101000110111001101000',0.0002333333333333333,9.428090415820631e-5,0.23943661971830985
'101110110100110001000011111001101000011111111011100101000011111001110110',,,0.20422535211267606
'101111111100110111111011111111101000011111111001101111111001111011110110',,,0.09154929577464789
'011000000100000000000100011000000000010000011010010000100011000101010100',,,0.2112676056338028
'010010000011001110000100100000010111100000000110010000001110000100001001',,,0.1267605633802817
'110111111011111111111011100111111111101111111101101111111100111010101011',,,0.2112676056338028
'101111111100110111111011000001111111101111111101101111111101111011110110',,,0.11971830985915492
'101111110100110111000011100001111111101111111111100101011111111001110110',,,0.18309859154929578
'000010001000001000111100011110010111110000000100011010000100000110001001',,,0.15492957746478872
'110101111011111001111011100001111111101111111101101111101100111010101011',,,0.2605633802816901
'111001110100110110000001011111101000011111000011110100110011001001010110',,,0.28169014084507044
'000100000011001110000110100000010111100000111110010000011110110100001001',,,0.176056338028169
'101011111111110111111001011111111111111111011101101111111101001011110110',,,0.14788732394366197
'101101110100110111000011111111111111111111100111100101010111111001110110',0.00016666666666666666,9.428090415820633e-5,0.18309859154929578
'111111110000110001000011000111111111101111100111100101010111111001110110',,,0.20422535211267606
'010010000011001000000100100000010111100000011110010000001110000100001001',,,0.1267605633802817
'110110011011111111111011100001100100101011100001101111011000110110101011',,,0.33098591549295775
'111001111011110111111001111001101000011111000001101111111001001011110110',,,0.176056338028169
'010010001011001110111100000110000000000000011000011010011000000110001001',,,0.15492957746478872
'000010000000001000000100011000000000010000011010010000000010000100001001',,,0.09154929577464789
'000110001111001110111110100110010111100000100100011010011100110110001001',,,0.20422535211267606
'000010000000001000000100000110000000000000000010010000000010000100001001',0.0003333333333333333,0.00012472191289246472,0.06338028169014084
'101111111100110111111011000001111111101111100101101111110101111010110111',,,0.18309859154929578
'000110001111001000111110100000000000000000100000011010000000110110001001',,,0.176056338028169
'101101110000110111000011111111111111111111100111100101110111111001110110',,,0.14788732394366197
'111100111000010001111011100001110111101100111101101111100101111010110101',,,0.23943661971830985
'000000001111001000111100011000000000010000000000011010000000000110001001',,,0.13380281690140844
'111011111111110001111001000111101000001111000001101111100001001011110110',,,0.21830985915492956
'000010000111001110000100011000010111110000000110010000001110000101001000',,,0.18309859154929578
'100011111000111110111001000111101000001111011001101111011000000011101010',0.0001,0.0,0.2605633802816901
'101101110100110001000011000111111111101111111111100101110111111001110110',,,0.19014084507042253
'100001110011111110000001011111101000011111000011100101011010000001101010',,,0.23943661971830985
'100011111000111110111001011001111111111111011101101111001100000011101010',,,0.22535211267605634
'111011110011110001000001011001101000011111011011100101101011001001110110',,,0.21830985915492956
'000110001000001000111110100000010111100000100100011010000100110110001001',0.0001,0.0,0.176056338028169
'101101110100110001000011011001101000011111111011100101100011111001110110',,,0.16901408450704225
'000000000011001000000100011110000000010000011010010000001010000100001001',,,0.11971830985915492
'111001110000110001000001100111111111101111011111100101100111001001110110',,,0.24647887323943662
'000110000000001110000110100110000000000000111010010000011010110100001001',,,0.176056338028169
'010000000011001110111100100110010111100000011100011010011100000110001001',,,0.14788732394366197
'010010001111001000111100100000000000000000000000011010000000000110001001',,,0.11971830985915492
'001011010011111000000000000110000000001011011011110000011010000000011011',,,0.2112676056338028
'101111111100110111111011111111111111111111100101101111110101111011110110',,,0.1056338028169014
'100110111011111001111011111001111111111111111101101111001100111011101010',,,0.20422535211267606
'000010000000001000000100011000010111110000000110010000000110000100001001',0.00013333333333333334,4.7140452079103176e-5,0.09859154929577464
'000000000111001000000100100110010111100000011110010000101110000100001001',0.0001,0.0,0.14084507042253522
'010010000011001000000100111000000000010000000010010000000010000100001001',,,0.11267605633802817
'111110111100000001111011011001111111110100100100101111100101111011110100',,,0.176056338028169
'010010001011001110111100100000000000000000000000011010101000000110001001',,,0.19014084507042253
'101101111100110001111011111001111111111111111101101111000101111011110110',,,0.15492957746478872
'111101011111110001111011000110111111101011111101101111111101111110110111',,,0.16901408450704225
'010010001011001000111100000000000000000000000000011010100000000110001001',,,0.14788732394366197
'000100001100001000111110111000000000010000100000011010000000110110001001',,,0.19718309859154928
'010010000000101110000100111110000000010000000010010000010010000101001000',,,0.2112676056338028
'111110100111000001000011011001111111110100100111100101100111111001110100',,,0.2323943661971831
'100011110011111000000001011111111111111111011111100101001110000001101010',,,0.22535211267605634
'111111110111110111000011011111101000011111100011100101011011111001110110',0.0001,0.0,0.15492957746478872
'111111111111110111111011111001101000011111111001101111111001111011110110',,,0.07746478873239436
'111101111100110001111011111111111111111111111101101111010101111011110110',,,0.1267605633802817
'100100100000111111000011011111111111111100100110000101010110111001101010',,,0.22535211267605634
'001001001100000000111100011000000000010011000001011010100001001110010101',,,0.24647887323943662
'101011111011110111111001011111101000011111000001101111011001001011110110',,,0.20422535211267606
'000000000011001000000100000110000000000000011010010000101010000100001001',0.00013333333333333334,4.714045207910317e-5,0.11971830985915492
'010010001011001110111100011000000000010000000000011010001000000111001000',,,0.22535211267605634
'100001111011111110111001011111101000011111011001101111011000000011101010',,,0.22535211267605634
'000000000011001110000100000110000000000000000010010000111010000100001001',,,0.13380281690140844
'010011000000001110000100100000010111100011011110010000001110000100001001',,,0.15492957746478872
'101101111111110001111011000111111111101111111101101111011101111011110110',,,0.14084507042253522
'100010001011001110111100011111110111110000000100001011111100000111101000',,,0.3028169014084507
'111111110100110001000011111111101000011111111011100101110011111001110110',0.00013333333333333334,4.7140452079103176e-5,0.14084507042253522
'010000001111001110111100000000010111100000000100011010001100000110001001',,,0.14788732394366197
'010100001100001000111110000000010111100000111100011010000100110110011001',,,0.22535211267605634
'000000001000001000111100100000010111100000000100011010000100000010001001',,,0.1267605633802817
'000000000100001110000100100110000000000000011010010000011010000100001001',,,0.11971830985915492
'010100000111001110000110100000010111100000111110010000011110110100001001',,,0.18309859154929578
'000101111011001001111010100111010111100111111100101011001100111010101001',,,0.3028169014084507
'010010000000001000000100000110010111100000000110010000100110000100001001',,,0.1267605633802817
'000000000100001000000100000000010111100000011110010000000110000100001001',,,0.08450704225352113
'000000000011001000000100011000000000010000011010010000001010000101001000',,,0.1619718309859155
'010000000011001110000100111000010111110000011110010000101110000101001000',,,0.21830985915492956
'111111110011110111000011111001111111111111111111100101011111111001110110',,,0.13380281690140844
'111011111111110001111001011001111111111111000101101111100101001011110110',,,0.18309859154929578
'010000101000001000111100011000010111110000011100011010000100000011001000',,,0.22535211267605634
'101111111100110111111011000111101000001111111001101111111001111010110111',,,0.16901408450704225
'101001110000110111000001011001101000011111011011100101111011001001110110',,,0.2112676056338028
'111111110011110111000011011001101000011111111011100101011011111001110110',,,0.1619718309859155
'010010001011101110111100111110000000010000000000011010111000000110001011',,,0.24647887323943662
'101001111111110001111001011111111111111111011101101111111101001111110110',,,0.16901408450704225
'100100111011111111111011011111111111111110100101101111011100111011101010',,,0.176056338028169
'000100000100001000000110100000000000000000111010010000100010110100001001',,,0.18309859154929578
'000110001100001110111110000000010111100000100100011010100100110110001001',,,0.21830985915492956
'011010000100000000000100011110010111110000011110010000100111000101010100',,,0.2676056338028169
'000000001011001110111100100000010111100000011100011010101100000110001001',,,0.176056338028169
'101111011000110111111011000111101000001111111001101111111001111110110111',,,0.18309859154929578
'010010001011001110111100111000010111110000000100011010101100000111001000',,,0.2676056338028169
'101011011111110110111000111000100000011011000001101111111001000111110110',,,0.28169014084507044
'101111110011110001000011000001101000001111100011100101100011111000110111',,,0.22535211267605634
'101101111100110111111011111111111111111111100101101111110101111011110110',,,0.11267605633802817
'010000001111001000111100000110000000000000000000011010000000000110001001',,,0.11971830985915492
'001100000111000001000110000110000000000000100010010000110011111100010101',,,0.24647887323943662
'111111110100110001000011011001111111111111100111100101100111111001110110',0.0002,8.16496580927726e-5,0.14084507042253522
'001000001100000000111100011110000000010000000000011010000001000011010100',,,0.2535211267605634
'000110000111001000000110100000010111100000111110010000101110110100001001',,,0.21830985915492956
'101111110111110111000011111111111111111111111111100101111111111001110110',,,0.09859154929577464
'000000001011001110111100000110010111100000011100011010111100000110001001',,,0.15492957746478872
'000010000011101000000100111110010111110000000110010000100110000100001011',,,0.176056338028169
'101111111100110111111011100111101000001111100001101111110001111011110110',,,0.14084507042253522
'011110000100000111000110100110000000000000100010010000010011111100010101',,,0.2323943661971831
'111111110011110111000011100001101000001111100011100101011011111001110110',,,0.19718309859154928
'100010101000111110111001111111111111111100000100001111110100000011101010',,,0.2887323943661972
'101111110011110111000011011001101000011111100011100101011011111001110110',,,0.176056338028169
'100001110000111110000001011111111111111111011111100101011110000001101010',0.0001,0.0,0.20422535211267606
'100100101000001001111011111001111111110100100100001111000100111011101000',0.00013333333333333334,4.7140452079103176e-5,0.2112676056338028
'100111110011111111000011000111111111101111111111100101011110111000101011',0.00016666666666666666,9.428090415820633e-5,0.20422535211267606
'000100000111001000000110100000010111100000100110010000000110110100001001',,,0.176056338028169
'111101111000010001111011011001101000011111111001101111000001111011110110',,,0.1619718309859155
'101111111011110001111011011111111111111111100101101111110101111011110110',,,0.1056338028169014
'111100110100110001000011011001111111111111100111100101000111111001110110',,,0.19718309859154928
'011010001100000000111100100000000000000000000000011010100001000110010101',,,0.15492957746478872
'110101111000111111111011000001111111101111111101101111001100111010101011',0.00013333333333333334,4.7140452079103176e-5,0.2535211267605634
'111101110111110001000011011111101000011111111011100101111011111001110110',0.0002333333333333333,9.428090415820631e-5,0.13380281690140844
'000010000000001110000100100000000000000000000010010000000010000100001001',0.0002,8.16496580927726e-5,0.07042253521126761
'000110001011001000111110000110010111100000100100011010100100110110001001',,,0.22535211267605634
'000110001100001000111110100000000000000000100000011010000000110110001001',,,0.1619718309859155
'101111111111110001111011000001101000001111111001101111001001111010110111',,,0.22535211267605634
'101011110100110001000001011111111111111111011111100101100111001001110110',,,0.23943661971830985
'010000000011001000000100111000000000010000011010010000001010000101001000',,,0.18309859154929578
'010011010111111110000100011000010111111011000111010000111110000100001011',,,0.24647887323943662
'010010001100001110111100111000010111110000000100011010100100000110001001',,,0.19718309859154928
'111001011111110110111001011001101000011111000001101111111001001111110110',,,0.2112676056338028
'000010001000001110111100000110000000000000000000011010010000000110001001',0.00013333333333333334,4.7140452079103176e-5,0.14788732394366197
'000111101011011001111011000000101000001011111001101111001000110010001011',,,0.2887323943661972
'111101111100110001111011100111111111101111111101101111110101111011110110',,,0.1267605633802817
'101101110100010001000011011001101000011111111011100101000011111001110100',,,0.2112676056338028
'111111111111110001111011111001111111111111100101101111100101111011110110',,,0.1056338028169014
'000000000011001000000100111000000000010000000010010000000010000100001001',,,0.09154929577464789
'110101111011111111111011100111111111101111100101101111111100111010101011',,,0.2323943661971831
'111111111100110001111011100111101000001111100001101111110001111010110111',,,0.16901408450704225
'001100001100000001111110100110010111100000111100011010110101111110010101',,,0.2605633802816901
'011000000100000110000100011110000000010000000010010000110011000101010100',,,0.23943661971830985
'110000101000111110111001000111111111101100000100001111010100000011101010',,,0.2887323943661972
'010000000100001110000100111000000000010000000010010000000010000100001001',,,0.09859154929577464
'101101110100110111000011111111101000011111100011100101010011111001110110',,,0.19014084507042253
'010000001111001110111100011110000000010000000000011010011000000110001001',,,0.18309859154929578
'111111111111110001111011011111111111111111100101101111110101111011110110',,,0.09859154929577464
'001101011100000001111010000000010111100000100101101011100101111110110101',,,0.30985915492957744
'010010000100001000000100111110010111110000000110010000100110000100001001',,,0.15492957746478872
'010000000100001000000100011110010111110000011110010000000110000100001001',,,0.1267605633802817
'000010000011001000111100000000010111100000011100011010001100000110001001',,,0.14788732394366197
'000010000000001110000100111000010111110000000110010000000110000101001000',,,0.1619718309859155
'000100000111001000000110111110010111110000100110010000000110110100001001',,,0.21830985915492956
'000000000111001000000100011000010111110000000110010000000110000100001001',,,0.11267605633802817
'111101110111110111000011011001101000011111111011100101111011111001110110',0.0002,8.16496580927726e-5,0.13380281690140844
'010001001011001110111100100000000000000001000000011010101000000110001001',,,0.20422535211267606
'011010000100000000000100011000000000010000011010010000100011000101010100',0.0002333333333333333,9.428090415820631e-5,0.21830985915492956
'001011010111110110000000100110000000001011000011110000111011000000010111',,,0.2605633802816901
'101101111111110001111011000001101000001111100001101111100001111011110110',0.0001,0.0,0.15492957746478872
'101111110100110111000011011111111111111111100111100101110111111001110110',,,0.15492957746478872
'101111111011110001111011111111101000011111100001101111110001111011110110',,,0.1056338028169014
'010010001011001000111100100000010111100000000100011010000100000110001001',,,0.14788732394366197
'000000001000001000111100100110010111100000000100011010000100000110001001',,,0.1267605633802817
'111101110100110111000011100111101000001111100011100101110011111001110110',,,0.176056338028169
'101111111011110111111011000001101000001111111001101111011001111011110110',,,0.14788732394366197
'111101111111110001111011011111111111111111111101101111111101111011110110',0.0002666666666666666,4.714045207910315e-5,0.07042253521126761
'111111110111110111000011111001101000011111111011100101111011111001110110',0.00023333333333333333,4.714045207910315e-5,0.11971830985915492
'010000000111001110000100011110010111110000000110010000111110000100001001',,,0.1619718309859155
'111111111011110111111011011111101000011111100001101111111001111011110110',,,0.09154929577464789
'101101110011110111000011111001111111111111100111100101011111111001110110',,,0.15492957746478872
'011001010111110110000100000110000000001011000011110000111011000100010111',,,0.21830985915492956
'010010001000001110111100011110000000010000011000011010011000000110001001',,,0.19718309859154928
'101101110011110001000011000001111111101111100111100101000111111001110110',,,0.22535211267605634
'000000000111001110000100100110000000000000000010010000111010000100001001',,,0.14788732394366197
'000010000100001110000100000110010111100000011110010000011110000100001001',,,0.11267605633802817
'101101111011110001111011111111111111111111111101101111011101111011110110',,,0.09859154929577464
'010010000111001000000100100110000000000000011010010000001010000100001001',,,0.11267605633802817
'101111111100110001111011100001111111101111100101101111100101111011110110',,,0.13380281690140844
'000000000100001000000100000000010111100000011110010000000110000000001001',,,0.09859154929577464
'101101011111110001111011000000101000001011111001101111101001111110110111',,,0.2323943661971831
'000110001100001000111110100110010111100000111100011010100100110110001001',,,0.23943661971830985
'011000001111000000111100111110000000010000000000011010010001000111010100',,,0.24647887323943662
'010000001011001000111100000110010111100000000100011010100100000110001001',,,0.176056338028169
'111111110111110111000011100001111111101111111111100101111111111000110111',,,0.16901408450704225
'010010000000001110000100000110010111100000011110010000011110000100001001',,,0.11971830985915492
'000001111011111000111000000110010111101011011101101011101100000010001011',,,0.2535211267605634
'000010101000001000111100011111010111110100000100001010000100000011101000',,,0.23943661971830985
'110011110011111000000001011111111111111111011111100101001110000001101010',,,0.23943661971830985
'111101110111110111000011111001101000011111111011100101111011111001110110',,,0.1267605633802817
'101111110011110111000011011111111111111111100111100101111111111001110110',,,0.11267605633802817
'010000001000001110111100011110010111110000011100011010011100000110001001',,,0.18309859154929578
'000110001000001000111110000000010111100000100100001010100100110110001001',,,0.21830985915492956
'000000001000001110111100100000010111100000000100011010000100000110001001',,,0.1267605633802817
'111101111111110001111011000111111111101111111101101111111101111110110111',,,0.15492957746478872
'101111111000110001111011111001111111111111100101101111000101111011110110',,,0.1267605633802817
'011101001111000001111110100000000000000000100000011010100001111110010101',,,0.2323943661971831
'111111111100110111111011111001101000011111111001101111111001111011110110',0.00013333333333333334,4.7140452079103176e-5,0.09154929577464789
'010010000000001110000100111000000000010000000010010000100010000100001001',,,0.14084507042253522
'010000001100001000111100000110000000000000000000011010000000000110001001',,,0.1056338028169014
'110101111011111111111011000001101000001111111001101111011000111010101011',0.0002,8.16496580927726e-5,0.2605633802816901
'101101111011110001111011100001101000001111100001101111100001111010110111',,,0.18309859154929578
'101111110000110111000011100111111111101111100111100101110111111000110111',,,0.2112676056338028
'100100101000111001000011111111111111110100111110000101000110111001101010',,,0.2323943661971831
'101001110000110111000001111111101000011111011011100101111011001001110110',,,0.19014084507042253
'000010001000001110111100000000000000000000000000011010000000000110001001',,,0.1056338028169014
'100101110011111001000011100001111111101111111111100101001110111000101011',0.00013333333333333334,4.7140452079103176e-5,0.2605633802816901
'001111011111000001111110100000000000000011111001111010001001111110010101',,,0.2887323943661972
'000100001100001000111110000110010111100000111100011010000100110110001001',,,0.2112676056338028
'000010001000001000111100000000000000000000000000011010100000000110001001',,,0.11971830985915492
'000110001000001000111110100000010111100000111100011010000100110110001001',0.0001,0.0,0.19014084507042253
'010000000100001000000100011000000000010000011010010000000010000100001001',,,0.09154929577464789
'101101111011110001111011111111111111111111100101101111110101111011110110',,,0.1056338028169014
'011100000111000001000110111110000000010000100010010000010011111100010101',,,0.2535211267605634
'000010000000001110000100011000010111110000000110010000100110000100001001',0.0001,0.0,0.14084507042253522
'110110100000111111000011111111111111111100100110000101010110111001101010',,,0.23943661971830985
'101111110111110111001011111001111111111111111101101101111111111001110110',,,0.1056338028169014
'111101110111000001000011111001101000011111100011100101100011111001110100',,,0.19718309859154928
'111101111100110111111011011001101000011111111001101111111001111011110110',0.0003,0.00021602468994692865,0.1056338028169014
'000010000100001000000100100000000000000000011010010000000010000100001001',,,0.07746478873239436
'000110001000001000111110000110010111100000111100011010000100110110001001',,,0.19718309859154928
'100001111011111110111001111111111111111111011101101111011100000011101010',,,0.19718309859154928
'000000000000001110000100011110010111110000000110010000010110000101001000',0.0001,0.0,0.176056338028169
'010110000011001001000110100000010111100000100110010000100110111000001001',,,0.23943661971830985
'111101110111010001000011111001101000011111100011100101100011111001110100',,,0.1619718309859155
'010000001000001000111100011000010111110000011100001010000100000111101000',,,0.21830985915492956
'010000000000001110000100111000010111110000000110010000000110000100001001',,,0.1267605633802817
'111001110111110111000001111111101000011111011011100101111011001001110110',,,0.16901408450704225
'111011110111110111000001011111101000011111011001101111111011001001110110',,,0.19014084507042253
'010100001000001001111110000110010111100000100100001011000100110110101001',,,0.2746478873239437
'100001001011101110111100111000111111110000011101011111101100000111001010',,,0.3380281690140845
'101101010111110111000011100111111111101011100111100101111111111100110111',,,0.21830985915492956
'011110100100000001000110000001000000000100100010010000000011111000010101',,,0.22535211267605634
'110101110000111111000011100001111111101111111111100101001110111000101011',,,0.2746478873239437
'110011111011111110111001011001101000011111011001101111001000000011101010',0.0001,0.0,0.2605633802816901
'010000001011001110111100000110010111100000011100011010011100000110001001',0.00013333333333333334,4.7140452079103176e-5,0.14084507042253522
'101101111011110001111011111001111111111111111101101111001101111011110110',,,0.14084507042253522
'111101110000110001000011011111111111111111111111100101110111111001110110',,,0.15492957746478872
'000010000111001110000100111000000000010000011010010000101010000100001001',,,0.16901408450704225
'000000001011001110111100100000000000000000011000011010001000000110001001',0.00013333333333333334,4.7140452079103176e-5,0.14084507042253522
'111011011111100000111100111110000000011011000001101011110001000111110110',,,0.31690140845070425
'111111110100110111000011011001111111111111111111100101111111111001110110',,,0.11971830985915492
'111001111100110111111001111001111111111111011101101111111101001011110110',,,0.14788732394366197
'010110000000001110000110111000010111110000111110010000011110110100001001',,,0.22535211267605634
'111111110100110001000011000111101000001111100011100101110011111000110111',,,0.21830985915492956
'101111111000110001111011011111111111111111100101101111010101111011110110',,,0.13380281690140844
'100110101000111111111011000111111111101100100100001111010100111010101011',,,0.2605633802816901
'111111010100110001000011100111111111101111111111100101010111111100110111',,,0.2535211267605634
'000000000011001110000100100110010111100000000110010000111110000100001001',0.00016666666666666666,4.714045207910317e-5,0.13380281690140844
'000101100000101110000110000110010111100100111110010000011110111000001001',,,0.2535211267605634
'111101110111110001000011000001101000001111100011100101000011111001110110',,,0.2112676056338028
'101111110100110111000011111111101000011111100011100101110011111001110110',,,0.15492957746478872
'101011111100110111111001111111111111111111000101101111010101001011110110',,,0.21830985915492956
'011000001100000000111100111110010111110000011100011010100101000111010100',,,0.2676056338028169
'101101110100110001000011011001111111111111111111100101100111111001110110',,,0.176056338028169
'101101110100110111000011111001101000011111111011100101111011111001110110',0.0003333333333333333,0.00020548046676563254,0.15492957746478872
'010010001100001110111100000000000000000000000000011010000000000110001001',,,0.11267605633802817
'110101110011111111000011000001101000001111100011100101011010111000101011',,,0.2887323943661972
'111001110100110001000001000001111111101111000111100101100111001001110110',,,0.21830985915492956
'111001110100110111000001011111101000011111011011100101111011001001110110',,,0.19014084507042253
'010010001000001000111100100110010111100000011100011010100100000110001001',0.0003666666666666666,0.00016996731711975947,0.19014084507042253
'101111110111110001000011000001111111101111100111100101100111111000110111',,,0.23943661971830985
'000011011011001000111100000000010111100011011100011010001100000110001001',,,0.176056338028169
'010110000011001000000110100110000000000000100010010000000010110100001001',,,0.16901408450704225
'111111110100110111000011011001111111111111111111100101011111111001110110',,,0.14788732394366197
'010010001011001110111100111000010111110000000100011010101100000110001001',,,0.22535211267605634
'010000001000001110111100100000000000000000011000011010101000000110001001',,,0.18309859154929578
'010000000000001000000100000110010111100000000110010000000110000100001001',,,0.09154929577464789
'000100001011001000111110100000010111100000100100011010000100110110001001',,,0.19718309859154928
'101101111000110111111011011001111111111111111101101111111101111011110110',,,0.09154929577464789
'111111110000110001000011011001111111111111100111100101000111111001110110',,,0.176056338028169
'010010001111001000111100111000010111110000000100011010000100000111001000',,,0.2112676056338028
'000000000011001110000100000110000000000000011010010000111010000100001001',0.00013333333333333334,4.714045207910317e-5,0.11971830985915492
'000110000011001000000110100000000000000000111010010000001010110100001001',,,0.176056338028169
'111101110111010111000011011111101000011111100011100101111011111001110110',,,0.14788732394366197
'100011111011111110111001011111111111111111000101101111011100000011101010',0.0002666666666666667,0.00012472191289246472,0.2112676056338028
'111101111011110111111011000111111111101111100101101111011101111011110110',,,0.13380281690140844
'101100110111000001000011111001101000010100100011100101000011111001110100',,,0.2535211267605634
'101001110100110001000001011001111111111111000111100101100111001001110110',,,0.20422535211267606
'111101110100110111000011100111111111101111111111100101011111111000110111',,,0.20422535211267606
'111101110000110001000011000001111111101111111111100101000111111000110111',,,0.2676056338028169
'101100101100000001111011111001101000010100111001101111100001111011110100',,,0.19718309859154928
'000010000100001110000100011000000000010000011010010000101010000101001000',,,0.20422535211267606
'110101111000111111111011000111101000001111111001101111011000111010101011',,,0.2605633802816901
'101101111100110001111011111111101000011111100001101111010001111011110110',0.00013333333333333334,4.7140452079103176e-5,0.14788732394366197
'010000000011001000000100000000010111100000000110010000000110000100001001',0.0001,0.0,0.09154929577464789
'111101111111110001111011011111111111111111111101101111011101111011110110',,,0.09859154929577464
'000000000000001000000100000110000000000000011010010000000010000100001001',,,0.07042253521126761
'111111110111110111000011000111101000001111100011100101011011111000110111',,,0.22535211267605634
'010010001111001110111100111110000000010000000000011010011000000110001001',,,0.19718309859154928
'010010000000001000000100100110010111100000011110010000100110000100001001',,,0.14788732394366197
'010000000000001000000100011110000000010000000010010000000010000101001000',0.00013333333333333334,4.714045207910317e-5,0.14084507042253522
'111001111111110001111001000001101000001111011001101111101001001011110110',,,0.20422535211267606
'000010000011001110000100100000000000000000000010010000001010000100001001',0.00013333333333333334,4.7140452079103176e-5,0.1056338028169014
'001110001100000111111110100000000000000000100000011010110001111110010101',,,0.2323943661971831
'010000001011001110111100000110010111100000000100011010111100000110001001',,,0.18309859154929578
'010000001111001110111100100000000000000000011000011010101000000110001001',,,0.176056338028169
'101111110011110001000011100001111111101111100111100101100111111001110110',,,0.18309859154929578
'111101110011110111000011100111101000001111111011100101011011111001110110',,,0.176056338028169
'101111111100110001111011011111101000011111100001101111010001111011110110',0.00016666666666666666,9.428090415820633e-5,0.14788732394366197
'110001110011111111000001100001111111101111000111100101011110000001111010',,,0.2535211267605634
'000000000011001000000100000110010111100000011110010000001110000100001001',0.0003666666666666666,0.00016996731711975947,0.09859154929577464
'000010000000001110000100000000000000000000011010010000001010000100001001',0.00016666666666666666,4.714045207910317e-5,0.09859154929577464
'110111110011111111000011100001101000001111100011100101011010111000101011',,,0.2887323943661972
'010000000011001000000100011110000000010000000010010000000010000101001000',,,0.15492957746478872
'000000001111001000111100100000010111100000011100011010001100000110001001',,,0.15492957746478872
'111111110111110111000011100111111111101111100111100101011111111001110110',,,0.15492957746478872
'110001111000111110111001111111101000011111011001101111011000000011101010',,,0.2605633802816901
'101001111111110001111001111001111111111111000101101111100101001011110110',,,0.18309859154929578
'010000001011001000111100100110010111100000000100011010000100000110001001',,,0.15492957746478872
'111101110111110111000011100001101000001111100011100101011011111001110110',,,0.19718309859154928
'000000000111001110000100011000010111110000000110010000001110000100001001',,,0.13380281690140844
'101111111100110001111011011111111111111111111101101111110101111011110110',,,0.11267605633802817
'000000000100001000000100000110000000000000011010010000000010000100001001',,,0.07746478873239436
'101001111000110111111001011001101000011111011001101111011001001011110110',,,0.2112676056338028
'101101110100110111000011011111101000011111111011100101111011111001110110',,,0.14788732394366197
'001101001100000001111110000000000000000000100000011010100001111110010101',,,0.23943661971830985
'111101110000110111000011011001111111111111111111100101011111111001110110',,,0.1619718309859155
'111110111100010001111011011001101000011110111001101111100001111011110100',,,0.14084507042253522
'101111111100110111111011100111101000001111111001101111111001111010110111',0.00013333333333333334,4.714045207910317e-5,0.1619718309859155
'010010001100001110111100011000000000010000011000011010001000000011001000',,,0.2323943661971831
'000010000000001000000100011110010111110000000110010000000110000100001001',,,0.11267605633802817
'001000001111000000111100111000000000010000000000011010100001000111010100',,,0.2323943661971831
'000010001111001110111100000000010111100000011100011010001100000110001001',,,0.15492957746478872
'110001111011111000111001111111101000011111011001101111001000000011101010',,,0.2605633802816901
'101111111111110001111011000111101000001111111001101111111001111010110111',,,0.16901408450704225
'101111010100110111101111111001101000011011111001111110111001111101110110',,,0.2535211267605634
'011001010111000000000100000000000000000011011011110000101011000100010101',,,0.2112676056338028
'101111110100110001000011011111111111111111111111100101010111111001110110',,,0.18309859154929578
'101111010100110111000011111001111111111011111111100101111111111101110110',,,0.15492957746478872
'000000000111001110000100000000000000000000000010010000101010000100001001',,,0.1267605633802817
'010010000100001000000100100110000000000000011010010000000010000100001001',,,0.09154929577464789
'000010100000001110000100011000010111110000000110010000000110000001001000',,,0.176056338028169
'100100100000001001000111011111111111110100111110000101000110111001101000',,,0.24647887323943662
'010100000100001000000110100110000000000000100010010000000010110100001001',,,0.15492957746478872
'101001111100110000111001011001111111111111000101101111100101001011110110',,,0.19014084507042253
'010011000011001110000100000000000000000001011011010000101010000100001001',,,0.176056338028169
'100111111000111111111011100111111111101111111101101111011100111011101010',,,0.18309859154929578
'111101111100110001111011111001111111111111111101101111100101111011110110',,,0.11267605633802817
'110110101011001001111011011111111111110100100100001111000100111011101000',0.0002,0.0,0.23943661971830985
'010011110000111110000000100110010111101011011111110000011110000000001011',,,0.20422535211267606
'111111110111110111000011111111101000011111111011100101011011111001110110',,,0.13380281690140844
'111101110100110001000011111111111111111111111111100101110111111001110110',,,0.14084507042253522
'111111111100110001111011100001111111101111111101101111000101111010110111',,,0.20422535211267606
'000100000011001110000110000110000000000000100010010000011010110100001001',,,0.176056338028169
'010010000011001110000100000000010111100000011110010000001110000100001001',,,0.11971830985915492
'110110100011111111000011111001111111111100100110100101011110111001101010',,,0.23943661971830985
'001110000100000111000110100110000000000000100010010000110011111100010101',,,0.2323943661971831
'010110000000001000000110000000010111100000100110010000000110110100001001',,,0.15492957746478872
'010000001000001000111100111000010111110000000100011010000100000111001000',,,0.19718309859154928
'001001010111110110000100100110000000001011000011110000111011000100010111',0.0001,0.0,0.22535211267605634
'001001010111110000000100000110000000001011011011110000111011000100010111',0.00016666666666666666,4.714045207910317e-5,0.2323943661971831
'101111111100110111111011011111101000011111111001101111011001111011110110',,,0.1267605633802817
'000010001000001000111100000110000000000000011000011010000000000110001001',0.00016666666666666666,9.428090415820633e-5,0.11971830985915492
'000010000100001110000100000000000000000000011010010000101010000100001001',,,0.13380281690140844
'101101110111110001000011000111101000001111111011100101011011111100110111',,,0.2605633802816901
'111111111100110111111011000111101000001111100001101111110001111010110111',,,0.176056338028169
'000100000011001000000110111110000000010000100010010000000010110100001001',,,0.19014084507042253
'000010001011001000111100011110010111110000011100011010001100000111001000',,,0.21830985915492956
'111110110100110111000011111111111111111111100111100101110111111001110110',,,0.15492957746478872
'111011110000110001000001000111111111101111000111100101100111001001110110',,,0.24647887323943662
'111011111100110111111001111111101000011111000001101111110001001011110110',,,0.18309859154929578
'101110111111110001111011000111101000001011100001101111110001111010110111',,,0.2323943661971831
'101100111000110001111011011111111111111111100101101111110101111011110110',,,0.13380281690140844
'101110110111110111000011111111101000011111111011100101011011111001110110',,,0.16901408450704225
'010010000000001000000100000000000000000000000010010000100010000100001001',,,0.09154929577464789
'101101110111110111000011100001111111101111100111100101011111111001110110',,,0.19014084507042253
'000010001000001000111100011110000000010000000000011010000000000110001001',,,0.13380281690140844
'011010001111000000111100011110010111110000000100011010110101000111010100',,,0.28169014084507044
'010110000000001000000110111110000000010000111010010000000010110100001001',,,0.19718309859154928
'101111111011110001111011011001101000011111100001101111000001111011110110',,,0.14084507042253522
'111100110100110001000011011111111111111110100111100101110111111001110110',,,0.16901408450704225
'010010000100001110000100100000000000000000000010010000100010000100001001',,,0.1056338028169014
'000100001111001110111110100000010111100000100100011010011100110110001001',,,0.22535211267605634
'111100101100000001111011111001111111110100111101101111100101111011110100',,,0.19014084507042253
'000000001000001110111100100110000000000000011000011010011000000110001001',0.0002,8.16496580927726e-5,0.15492957746478872
'111111111011110001111011100001111111101111111101101111001101111011110110',,,0.1619718309859155
'010100001011001000111110100000010111100000111100011010101100110110001001',,,0.2605633802816901
'110100101000101111111011011001111111110100100100001111000100111011101010',,,0.2323943661971831
'101101110111110111000011011001101000011111111011100101011011111001110110',0.00013333333333333334,4.7140452079103176e-5,0.176056338028169
'111100110100110111000011111111101000011110100010100101110011111001110110',,,0.18309859154929578
'110001110011111110000001111111111111111111011111100101011110000001101010',0.0002,0.0001414213562373095,0.2112676056338028
'010001001011001110111100111000010111110000011100011010001100000111001000',,,0.2535211267605634
'000010000011001110000100000000000000000000011010010000101010000100001001',0.0001,0.0,0.1267605633802817
'110101110000111111000011000001111111101111111111100101001110111001101010',,,0.23943661971830985
'111101110111110111000011000111101000001111111011100101111011111000110111',,,0.19014084507042253
'000010000000001110000100100110000000000000011010010000011010000100001001',,,0.11971830985915492
'000010001000001110111100111000000000010000011000011010001000000110001001',,,0.176056338028169
'110001110011111110000001111111101000011111011011100101011010000001101010',,,0.24647887323943662
'101101111000110111111011000001101000001111111001101111011001111011110110',,,0.16901408450704225
'010001110011111000000000000110010111101111000111010000110110000000011011',,,0.2676056338028169
'100001101011101000111001111001111111110101000100001011000100000011101010',,,0.2746478873239437
'101100110111000001000011011111101000010111100011110101010011111101110100',,,0.2605633802816901
'011100000111000001000110100000000000000000100010010000100011111100010101',,,0.2112676056338028
'000100100000001111000110000000010111100100100110010000000110111000001001',,,0.2112676056338028
'000000000111001110000100111000000000010000011010010000101010000100001001',,,0.1619718309859155
'010010001100001000111100111110000000010000000000011010000000000111001000',,,0.19014084507042253
'010100001000001000111110100000000000000000111000011010000000110110001001',,,0.19014084507042253
'101111111100110111111011111001111111111111111101101111011101111011110110',,,0.11267605633802817
'001000000100000000000100111110000000010000000010010000100011000101010100',,,0.21830985915492956
'101101111100110111111011000111101000001111111001101111111001111010110111',,,0.176056338028169
'000001111011111000111100000000010111101111011100001011101100000010001011',,,0.29577464788732394
'101111110111110001000011111001111111111111111111100101111111111001110110',,,0.1267605633802817
'110011001011101110111100111110000000010000000000011010011000000111001000',,,0.30985915492957744
'000010000100001110000100000110000000000000000010010000010010000100001001',,,0.11267605633802817
'100111110011111111000011111111111111111111100111100101011110111001101010',,,0.16901408450704225
'100110101011001001111011011001111111110100100100001111000100111011101000',,,0.2112676056338028
'111111111111110111111011000001101000001111111001101111111001111010110111',,,0.15492957746478872
'110110100011001001000111011001111111110100100110000101000110111001101000',,,0.23943661971830985
'010000000000001110000100100110010111100000011110010000011110000100001001',,,0.11971830985915492
'011000001111000000111100100110000000000000000000011010110001000110010101',,,0.19014084507042253
'101011111011110001111001111001111111111111011101101111101101001011110110',,,0.176056338028169
'101111110100110111000011011111101000011111111011100101111011111001110110',,,0.14084507042253522
'010001000111101110000100000000000000000001000010010000001010000100001011',,,0.13380281690140844
'101111111100110001111011011111101000011111111001101111010001111011110110',0.0001,0.0,0.14788732394366197
'110110100000001001000110000111110111100100100110010000000110111000001001',,,0.21830985915492956
'100101110011111001000011100001101000001111111011100101001010111000101011',,,0.28169014084507044
'100100101011001001010011111111111111110100100110001101000110111001101000',,,0.2605633802816901
'111101111111110111111011000111101000001111111001101111011001111011110110',0.00013333333333333334,4.7140452079103176e-5,0.13380281690140844
'000110001100001110111110000110010111100000100100011010010100110110001001',,,0.20422535211267606
'010010000000001110000100111000010111110000011110010000001110000100001001',,,0.15492957746478872
'000000000011001000000100100110000000000000011010010000101010000100001001',,,0.1267605633802817
'101101111000110001111011000001111111101111111101101111100101111011110110',,,0.15492957746478872
'111011111100110111111001011001101000011111011001101111111001001011110110',,,0.18309859154929578
'001000000111000000000100111000000000010000000010010000000011000101010100',,,0.21830985915492956
'100100101000000001111011011111101000010100100000001111000001111011100100',,,0.176056338028169
'111101110111110001000011100111101000001111111011100101111011111001110110',,,0.15492957746478872
'001001011111000000111100000000000000000011000001111010100001000110010101',,,0.2323943661971831
'110011111011111000111001011111101000011111011001101111001000000011101010',,,0.2605633802816901
'100110100000001111000111111001111111110100100110000101000110111001101000',,,0.2323943661971831
'110100100000001001100111011111111111110100100100000111000110111001101000',,,0.2605633802816901
'101111111000110111111011111001101000011111100001101111010001111011110110',,,0.13380281690140844
'000000001000001110111100000110000000000000011000011010011000000110001001',0.00013333333333333334,4.7140452079103176e-5,0.14788732394366197
'000000001111001000111100100000010111100000000100011010100100000110001001',,,0.1619718309859155
'000010001111001000111100011000010111110000011100011010101100000110001001',,,0.2112676056338028
'000010001100001110111100100110000000000000011000011010111000000110001001',,,0.19718309859154928
'110001110000111110000001011111111111111111011111100101011110000001101010',,,0.21830985915492956
'001001011011000000111000111110000000010011000001111010110001000111010100',,,0.3028169014084507
'101101110111110001000011000111101000001111100011100101010011111000110111',,,0.2676056338028169
'001110001100000001111110100110000000000000100000011010110001111110010101',,,0.2323943661971831
'000000000000001000000100111000010111110000011110010000000110000100001001',,,0.11267605633802817
'000110000000001001000110100110000000000000111010010000000010110100001001',,,0.16901408450704225
'101111111000110001111011011111101000011111100001101111010001111011110110',,,0.14084507042253522
'000100001100001000111110000000010111100000111100011010100100110110001001',,,0.22535211267605634
'111111110111110001000011111001111111111111100111100101000111111001110110',,,0.176056338028169
'101110110100000001000011011001101000010100111011100101100011111001110100',,,0.23943661971830985
'100111110011111001000011111001111111111111111111100101001110111001101010',,,0.19718309859154928
'100111110011111111000011100001111111101111100111100101111110111000101011',,,0.23943661971830985
'011000000100000110000100011000000000010000000010010000000011000101010100',,,0.2112676056338028
'111101111000110001111011011111101000011111100001101111010001111011110110',,,0.14788732394366197
'101111111000110001111011111111101000011111100001101111110001111011110110',,,0.1056338028169014
'101111111111110111111011111111101000011111100001101111011001111011110110',0.00016666666666666666,4.714045207910317e-5,0.11971830985915492
'111111111111110111111011111111111111111111111101101111011101111011110110',,,0.07042253521126761
'000100000000001000000110100000010111100000100110010000100110110100001001',,,0.18309859154929578
'010010001000001110111100000000010111100000011100011010001100000110001001',,,0.1619718309859155
'110101111011111111111011000111111111101111100101101111011100111011101010',,,0.19718309859154928
'001110000100000001000110100000010111100000100110010000100111111100010101',0.00013333333333333334,4.7140452079103176e-5,0.23943661971830985
'111101111100110111111011111111101000011111100001101111110001111011110110',0.00013333333333333334,4.7140452079103176e-5,0.1056338028169014
'000110001111001001111110011110010111110000100100001011000100111111101000',,,0.23943661971830985
'111010110100110111000001111001111111111111000111100101110111001001110110',,,0.22535211267605634
'101101111100110001111011111001111111111111100101101111000101111011110110',,,0.14084507042253522
'100100101011001001111011011111111111110100100100001111000100111011101000',,,0.2323943661971831
'101111110011110111000011100111101000001111111011100101111011111001110110',,,0.14084507042253522
'100010101000111110111001000111111111101100000100001111010100000011101010',,,0.28169014084507044
'101111110111110001000011100111111111101111111111100101111111111001110110',,,0.14084507042253522
'110111111011111111111011000001111111101111100101101111011100111010101011',,,0.2323943661971831
'000000001111001110111100100000010111100000011100011010001100000110001001',0.00013333333333333334,4.7140452079103176e-5,0.15492957746478872
'101011110011110111000001111111101000011111000011100101111011001001110110',,,0.19718309859154928
'101111110111110111000011011111111111111111100111100101011111111001110110',0.00013333333333333334,4.7140452079103176e-5,0.14788732394366197
'111101111100110111111011111111101000011111111001101111111001111011110110',0.0002666666666666666,4.714045207910315e-5,0.08450704225352113
'010000000000001000000100111000010111110000011110010000100110000101001000',,,0.19718309859154928
'110001110011111110000001111001111111111111000111100101101110000001101010',,,0.2535211267605634
'101101110100110111000011000001101000001111100011100101110011111000110111',,,0.23943661971830985
'011000001111000000111100111110000000010000000000011010110001000111010100',,,0.24647887323943662
'111011111000110111111001111001101000011111011001101111011001001011110110',,,0.2112676056338028
'010000001111001110111100011000010111110000000100011010101100000110001001',,,0.20422535211267606
'010010000011001000000100100110010111100000000110010000000110000100001001',0.0003,8.164965809277261e-5,0.11971830985915492
'001001001111000000111100100110000000000011000000011010110001000110010101',,,0.2323943661971831
'111100111100000001111011111001111111111110100101101111100101111011110100',,,0.16901408450704225
'010010001000001000111100011110010111110000000100011010000100000111001000',,,0.2112676056338028
'101101110100000111000011011001101000011111100011100101110011111001110100',,,0.20422535211267606
'001000001100000000111100100000000000000000011000011010100001000110010101',,,0.176056338028169
'101011111111110001111001111001101000011111011001101111001001001011110110',,,0.21830985915492956
'010110000000001110000110100000000000000000100010010000000010110100001001',,,0.15492957746478872
'010001001011101110111100000000000000000000011000011010001000000110001011',,,0.18309859154929578
'111001111000110001111001011001101000011111000001101111100001001011110110',,,0.1619718309859155
'101011111000110111111001011111111111111111011101101111111101001011110110',,,0.15492957746478872
'111101110011110001000011000111111111101111111111100101111111111001110110',,,0.14788732394366197
'010100000011001110000110000000000000000000111010010000111010110100001001',,,0.21830985915492956
'111111111100010001010011011111101000011111100001101101010011111001110110',,,0.19718309859154928
'000000001011001000111100011110000000010000011000011010101000000111001000',0.00016666666666666666,4.714045207910317e-5,0.2323943661971831
'000011011000111110111100000110000000001011011001111010011000000110001011',,,0.22535211267605634
'111101111011110001111011111111101000011111111001101111111001111011110110',,,0.09154929577464789
'111011111111110111111001111111101000011111011001101111011001001011110110',,,0.176056338028169
'010000000000001110000100000000000000000000000010010000000010000100001001',,,0.07042253521126761
'001011101111000000111100011001000000010100000000011010100001001111010100',,,0.2887323943661972
'101001111000110111111001000111111111101111011101101111111101001011110110',,,0.176056338028169
'111111111111110111000011000001101000001111100011100101111011111001110110',,,0.16901408450704225
'101001110011110111000001111001111111111111000111100101011111001001110110',,,0.2112676056338028
'101111111000110001111011100111101000001111111001101111110001111010110111',,,0.176056338028169
'101111110111110001000011000001101000001111100011100101100011111001110110',,,0.19014084507042253
'000110001111001110111110100000000000000000111000011010011000110110001001',,,0.2112676056338028
'101111110100110111000011000001101000001111100011100101010011111001110110',,,0.21830985915492956
'110100110111000001000011011111101000011110100011100101000011111001100100',,,0.23943661971830985
'101101010111110111000011111001111111111011111111100101111111111101110110',,,0.14788732394366197
'101101111111110111111011111001101000011111100001101111111001111011110110',,,0.11267605633802817
'101111110011110111000011000001111111101111100111100101011111111001110110',,,0.18309859154929578
'100110110011111111000011111111111111111111100111100101011110111001101010',,,0.19014084507042253
'010010000111001110000100011000010111110000011110010000001110000101001000',,,0.18309859154929578
'000000001011001110111100111000010111110000011100011010001100000110001001',,,0.176056338028169
'101111111000010111111011000001101000001111111001101111001001111011110110',,,0.19014084507042253
'001001010100110110000100000000000000001011011011110000111011000100010111',0.0001,0.0,0.24647887323943662
'111001110011110111000001011111111111111111000111100101011111001001110110',,,0.20422535211267606
'011010000100000000000100011110010111110000000110010000100111000101010100',,,0.2535211267605634
'010000000000001000000100000000010111100000000110010000100110000100001001',0.00013333333333333334,4.7140452079103176e-5,0.1056338028169014
'010010000011001110000100100000010111100000011110010000101110000100001001',,,0.15492957746478872
'000100001011001001111110000000010111100000111100011010101100110110001001',,,0.2535211267605634
'101101110000110111101011111111111111111111111101101111111101111001110110',,,0.08450704225352113
'101101110111110001000011111111101000011111111011100101111011111001110110',0.0002,8.16496580927726e-5,0.14084507042253522
'101111110111110001000011011001111111111111100111100101100111111001110110',,,0.16901408450704225
'000100000011001000000110000110010111100000100110010000100110110100001001',,,0.20422535211267606
'111001111000110001111001011111101000011111000001101111100001001011110110',,,0.176056338028169
'001100110100010111000110100001000000001100100011010000110011111000010101',,,0.3028169014084507
'101111110011110111000011000111101000001111111011100101111011111000110111',,,0.19014084507042253
'001010000100000000000100011110000000010000011010010000100011000101010100',,,0.24647887323943662
'010110000000001110000110100000010111100000111110010000111110110100001001',,,0.22535211267605634
'100111110000111111000011000111101000001111111011100101011010111000101011',,,0.2535211267605634
'111011111000110001111001111001101000011111000001101111100001001011110110',,,0.1619718309859155
'010000000011001000000100100110010111100000000110010000100110000100001001',0.00023333333333333333,4.714045207910315e-5,0.14084507042253522
'001110001100000001111110000110000000000000111000011010010001111110010101',,,0.2535211267605634
'111111111000110111111011011111111111111111100101101111110101111011110110',,,0.1056338028169014
'010010000100001000000100011000010111110000011110010000000110000101001000',,,0.1619718309859155
'000010001011001000111100000110000000000000011000011010101000000110001001',,,0.16901408450704225
'110010100011001000000100011111010111110100000110010000000110000001001000',,,0.2112676056338028
'011011010100110110000100100110000000001011011011110000111011000100010111',0.0002,8.16496580927726e-5,0.21830985915492956
'100100100011001110101110100001110111100100111110011011011100111010101001',,,0.3028169014084507
'101111111100110001111011111111111111111111111101101111110101111011110110',,,0.1056338028169014
'111101111111110001111011111001111111111111100101101111100101111011110110',,,0.11267605633802817
'111011111100110111110001111111101000011111000001101111010011001001110110',,,0.24647887323943662
'011000000100000000000100011000000000010000000010010000100011000101010100',0.0001,0.0,0.19718309859154928
'101111110111110111000011100001101000001111111011100101111011111001110110',,,0.1619718309859155
'101101111100110111111011111111111111111111100101101111010101111011110110',,,0.14084507042253522
'010000001000001110111100011110000000010000011000011010011000000110001001',,,0.19014084507042253
'111011110011110001000001011111111111111111000111100101110111001001110110',,,0.21830985915492956
'000000000011001000000100011110010111110000011110010000001110000101001000',,,0.16901408450704225
'000000000000001110000100100000000000000000000010010000000010000100001001',,,0.06338028169014084
'001011110111000000000100111000000000010011011011110000101011001001010100',,,0.30985915492957744
'101011111111110110111001111111101000011111000001101111111001001011110110',,,0.19014084507042253
'101111111000110111111011111111111111111111100101101111010101111011110110',,,0.1267605633802817
'000010000011101110000100100110010111100000011110010000011110000100001001',,,0.11267605633802817
'010010000011001110000100000000010111100000011110010000101110000100001001',,,0.14788732394366197
'111101110000110001001011111111101000011111100011101101010001111011110110',,,0.16901408450704225
'000010001000001110010100100110000000000000000010010000110010000100001001',,,0.15492957746478872
'000100000111001000000110000110010111100000111110010000001110110100001001',,,0.19014084507042253
'000100001000001000111110100110010111100000111100011010000100110110001001',,,0.2112676056338028
'100111110000111111000011111001111111111111111111100101001110111001101010',,,0.19718309859154928
'111101110100110111000011111111101000011111111011100101011011111001110110',,,0.15492957746478872
'000010001011001000111100011110000000010000011000011010001000000110001001',,,0.16901408450704225
'101111111000110001111011011001111111111111100101101111100101111011110110',0.00013333333333333334,4.714045207910317e-5,0.1056338028169014
'010000000111001110000100000110010111100000000110010000111110000100001001',,,0.13380281690140844
'100110100000001001000111011001111111110100111110000101000110111001101000',,,0.22535211267605634
'010010000000001000001100111000010111110000000110010000100100000110001001',,,0.19718309859154928
'101001111100110111111001111111111111111111000101101111110101001011110110',,,0.18309859154929578
'010011000000101110000100011110000000010001011010010000011010000100001011',,,0.19014084507042253
'000000001000001000111100000000000000000000011000011010000000000110001001',0.00016666666666666666,4.714045207910317e-5,0.09859154929577464
'000010000111001000000100000000010111100000011110010000101110000100001001',,,0.14084507042253522
'011010001100000000111100111000000000010000011000011010000001000111010100',,,0.22535211267605634
'101111110100110001000011111001101000011111100011100101000011111001110110',0.00013333333333333334,4.7140452079103176e-5,0.16901408450704225
'000110001011001000111110100000010111100000100100011010000100110110001001',,,0.19014084507042253
'101101110011110001000011100001101000001111100011100101100011111001110110',,,0.18309859154929578
'000010001111001110111100000110000000000000011000011010011000000110001001',,,0.14788732394366197
'010010000000101110000100000000010111100000011110010000111110000100001001',,,0.176056338028169
'101111111111110111111011011111111111111111111101101111111101111011110110',,,0.06338028169014084
'101101110111110111000011000001101000001111100011100101111011111001110110',,,0.19014084507042253
'000000001011001110111100000000010111100000011100011010101100000110001001',,,0.16901408450704225
'111111111011110111111011000111101000001111100001101111011001111011110110',0.0001,0.0,0.14788732394366197
'101111111011110111111011000001111111101111111101101111111101111010110111',,,0.14084507042253522
'010010001100001000111100111110010111110000000100011010000100000110001001',,,0.16901408450704225
'011010001111000000111100111110000000010000000000011010110001000111010100',0.0001,0.0,0.2535211267605634
'010000000100001000000100011110010111110000011110010000100110000100001001',,,0.15492957746478872
'110011111011111110111001011001111111111111000101101111001100000011101010',,,0.23943661971830985
'010010000100001110000100100110010111100000000110010000110110000100001001',,,0.15492957746478872
'101001111000110001111001011001111111111111000101101111100101001011110110',,,0.16901408450704225
'101111110011110111000011111001111111111111111111100101111111111001110110',,,0.1056338028169014
'010111000000001110000110000000000000000000111010010000001010110100001001',,,0.20422535211267606
'111001110011110111000001100001111111101111000101101111111111001001110110',,,0.21830985915492956
'101111110100110111000011011111101000011111100011100101010011111001110110',0.0002,8.16496580927726e-5,0.19014084507042253
'000000000011001000000100100110010111100000011110010000101110000100001001',,,0.13380281690140844
'000100000111001110100110100110000000000000111000010010011000110100001001',,,0.19718309859154928
'000001001011001110111100100000010111100001011100011010101100000110001001',,,0.19718309859154928
'011000001100000000011100111110000000010000000010011000100001000110010101',,,0.20422535211267606
'011001010111110110000100111000000000011011000011110000111011000100010111',,,0.2535211267605634
'000000000011001110000100011110000000010000011010010000011010000100001001',,,0.11971830985915492
'101001111111110111111001111111111111111111000101101111011101001011110110',,,0.176056338028169
'101001110111110001000001011111111111111111011111100101111111001101110110',,,0.19718309859154928
'101101111111110001111011100001101000001111100001101111000001111010110111',,,0.21830985915492956
'010000000100001000000100100110010111100000000110010000000110000100001001',0.00016666666666666666,4.714045207910317e-5,0.09154929577464789
'101111111111110111111011100001111111101111100101101111011101111010110111',,,0.18309859154929578
'101001111000110001111001011111111111111111011101101111000101001011110110',,,0.22535211267605634
'111111110100110111000011000001111111101111111111100101011111111000110111',,,0.21830985915492956
'110100001000001001111111011111111111110100100100001111000100111111101000',,,0.2535211267605634
'001001010111110110000100000110000000001011000011110000111011000100010111',,,0.2323943661971831
'000000000000001000000100011000000000010000000010010000100010000100001001',,,0.09859154929577464
'000000000000001110000100100110000000000000011010010000011010000100001001',,,0.11267605633802817
'011010000111001000000100100000010111100000000110010000100110000100011001',,,0.14084507042253522
'101001111111110111000001111001101000011111011011100101011011001001110110',,,0.22535211267605634
'111001111000110001111001011001101000011111011001101111100001001011110110',0.0001,0.0,0.176056338028169
'101101111100110001111011111111111111111111100101101111110101111011110110',,,0.11267605633802817
'000010001111001110111100100110010111100000011100011010011100000110001001',,,0.14788732394366197
'110101110011111111000011100001111111101111100111100101011110111000101011',0.0002,8.16496580927726e-5,0.2605633802816901
'101100111111110001111011100111111111101111100101101111010101111011110110',,,0.19014084507042253
'010100000111001110000110111110010111110000100110010000011110110100001001',,,0.2112676056338028
'011000001100000000111100100000000000000000000000011010100001000110010101',0.00016666666666666666,4.714045207910317e-5,0.14788732394366197
'110001111000111110001001111111111111111111011111100101011100000001101010',,,0.2605633802816901
'010000001000001110111100011000000000010000000000011010000000000110001001',,,0.14084507042253522
'101011110111110111000001111111101000011111011011100101011011001001110110',,,0.21830985915492956
'111101111100110001111011000111111111101111100101101111110101111010110111',,,0.176056338028169
'000010000000001000000100000000010111100000011110010000000110000100001001',0.0002,0.0,0.08450704225352113
'101111110100110001000011011111111111111111100111100101110111111001110110',,,0.15492957746478872
'001011010111110110000100100000000000001011000011110000111011000100010111',,,0.24647887323943662
'100011110011111110000001011111101000011111000011100101011010000001101010',,,0.24647887323943662
'111001110111110111000001011001111111111111011111100101111111001001110110',,,0.16901408450704225
'101011110111110111000001111001101000011111011011100101111011001001110110',,,0.20422535211267606
'000000001111001000111100111000010111110000000110010000000100000111001000',,,0.2112676056338028
'101111111011110001111011100111111111101111111101101111111101111010110111',,,0.13380281690140844
'001100000100000001000110011000000000010000100010010000100011111100010101',,,0.2323943661971831
'111101111000110111111011000001101000001111111001101111011001111011110110',,,0.16901408450704225
'010000001000001000111100000110000000000000000000011010100000000110001001',,,0.14084507042253522
'001110001100000001111110100110000000000000100000011010010001111110010101',,,0.24647887323943662
'101111110100110001000011111001101000011111100011100101100011111001110110',0.0001,0.0,0.14084507042253522
'101111110011110111000011011001111111111111111111100101011111111001110110',,,0.14084507042253522
'001110010111000111000110100000000000001011100011110000111011111100010101',,,0.2535211267605634
'101000110111110110000001011001101000011111000011110100111011001001110110',,,0.2887323943661972
'111101011111110001111011111110101000011011111001101111011001111111110110',,,0.14084507042253522
'110110100000001001100111111001111111110100100100000111000100111001101000',,,0.2535211267605634
'000110000000001000000110100000010111100000111110010000100110110100001001',,,0.19014084507042253
'111111111011110001111011011001101000011111100001101111100001111011110110',,,0.11267605633802817
'100001001011111110111101011001111111111001000101001111101100000111101010',,,0.2887323943661972
'010000001000001110111100100110000000000000000000011010010000000110001001',0.0002666666666666667,0.0001699673171197595,0.1619718309859155
'111111111011110001111011011111101000011111111001101111111001111011110110',,,0.09154929577464789
'000001001011001110111100000000000000000001011000011010001000000110001001',,,0.15492957746478872
'111110110111010001000011111001111111111110100111100101100111111001110100',,,0.18309859154929578
'101001110111110111000001000111111111101111000111100101111111001001110110',,,0.2112676056338028
'010000001011001110111100011110010111110000011100011010011100000111001000',,,0.2112676056338028
'101101110100110111000011011001101000011111111011100101011011111001110110',,,0.19014084507042253
'111101110111110111000011000001101000001111100011100101111011111000110111',,,0.21830985915492956
'111111110100110001000011100001111111101111111111100101100111111001110110',,,0.176056338028169
'000100111011111111111010100001010111101110111101101111111100111010101011',,,0.2676056338028169
'010001000011101110000100011110000000010000000010010000011010000100001001',,,0.18309859154929578
'010010000011001110111100111110010111110000011100011010011100000111001000',,,0.22535211267605634
'000100000000001000000110100110010111100000111110010000000110110100001001',,,0.18309859154929578
'111101111000110111111011011111101000011111111001101111011001111011110110',,,0.1267605633802817
'000010000000001000000100000000010111100000011110010000100110000100001001',0.0001,0.0,0.11267605633802817
'111111110111110001000011111111111111111111100111100101010111111001110110',,,0.1619718309859155
'100001111011111110111001111111111111111111000101101111011100000011101010',0.00016666666666666666,4.714045207910317e-5,0.2112676056338028
'010000001000001110111100111000010111110000000100011010100100000110001001',,,0.19718309859154928
'111111111011110111111011111111101000011111111001101111111001111011110110',,,0.07042253521126761
'111011110000110111000001111111101000011111000011100101110011001001110110',,,0.21830985915492956
'010010001100001110111100000000010111100000000100011010100100000110001001',,,0.1619718309859155
'011110001111000001111110100000000000000000100000011010000001111110010101',,,0.21830985915492956
'000000001000001000111100100110000000000000011000011010000000000110001001',0.0002666666666666666,4.714045207910315e-5,0.11971830985915492
'000010000000001000000100111110010111110000000110010000000110000100001001',,,0.11971830985915492
'001010000111000000000100111110010111110000000110010000110111000101010100',,,0.2746478873239437
'010000000111001000000100000110010111100000000110010000100110000100001001',,,0.1267605633802817
'111111110111110111000011100001101000001111111011100101111011111001110110',,,0.14788732394366197
'001010001100000000111100100110000000000000000000011010100001000110010101',,,0.18309859154929578
'000010000000001000000100000000000000000000000010010000100010000000001001',,,0.09154929577464789
'000010001011001110111100000110010111100000000100011010011100000010001001',,,0.1619718309859155
'110101111011011111111011011001111111111111100101101111011100111011101010',,,0.19718309859154928
'101101011111110001111011100000101000001011111001101111101001111110110111',,,0.22535211267605634
'101111111100110111111011000001101000001111111001101111011001111010110111',,,0.2112676056338028
'000000100011001110000100011001010111110100011110010000101110000001001000',,,0.22535211267605634
'101111110111110111000011011111101000011111111011100101011011111001110110',,,0.15492957746478872
'000110000000001000000110111000010111110000100110010000000110110100001001',,,0.176056338028169
'010100001100001000111110100000010111100000100100011010000100110110001001',,,0.19014084507042253
'101101110100110001000011111111111111111111111111100101110111111001110110',0.00013333333333333334,4.7140452079103176e-5,0.15492957746478872
'110000100000001000000101011001101000010100000010010000000010000001001000',,,0.2112676056338028
'010100100000001000000110000000010111100000100110010000100110110000101001',,,0.2323943661971831
'000100001000101001111110000000010111100000100100001011100100110110101001',,,0.2746478873239437
'111111110111110111000011000111111111101111111111100101111111111001110110',,,0.11971830985915492
'010010000011001000000100000110000000000000011010010000001010000100001001',0.00016666666666666666,4.714045207910317e-5,0.11267605633802817
'000010000111001110000100111000010111110000000110010000001110000100001001',,,0.14788732394366197
'001010001100000000111100111000000000010000011000011010100001000110010101',,,0.2112676056338028
'101101111100110001111011111111111111111111100101101111010101111011110110',,,0.14084507042253522
'101110100111000001000011111001111111110100100110000101100111111001110100',,,0.2323943661971831
'000010000100001110000100111000010111110000000110010000000110000100001001',,,0.1267605633802817
'000000001011001000111100011110010111110000000100011010000100000111001000',0.00013333333333333334,4.7140452079103176e-5,0.20422535211267606
'010010000000101000000100100000010111100000000110010000100110000100001001',,,0.13380281690140844
'000010000000001000000100100110010111100000011110010000000110000100001001',0.00013333333333333334,4.7140452079103176e-5,0.1056338028169014
'111001111011110001111001011111101000011111011001101111111001001011110110',,,0.16901408450704225
'010010001000001000111100000000010111100000000100011010100100000110001001',,,0.15492957746478872
'010000001000101000111100000000010111100000000100011010100100000110001001',,,0.1619718309859155
'101111110111110001000011100111101000001111100011100101010011111001110110',,,0.2112676056338028
'000110100011001001000110011000000000010000111010010000001010111000001001',,,0.23943661971830985
'111101110111010001000011011111101000011111111011100101001011111001100100',,,0.20422535211267606
'010010001111001000111100100110010111100000011100011010101100000110001001',,,0.19014084507042253
'101100111100010001111011000001111111101111100101101111100101111011110110',,,0.18309859154929578
'000010001000001000111100000110010111100000000100011010100100000110001001',,,0.15492957746478872
'000111001000001110111110000000000000000001111000011010001000110110001001',,,0.21830985915492956
'000000100000001000000100111001000000010100000010010000100010000001001000',,,0.176056338028169
'001011011100110110111000100110000000001011000001111010110001000110010111',,,0.2676056338028169
'010010000011001000000100011000010111110000000110010000000110000100001001',,,0.1267605633802817
'010010000011001110000100111000010111110000000110010000001110000101001000',,,0.19718309859154928
'000010000011001000000100100000010111100000011110010000001110000100001001',0.00023333333333333333,4.714045207910315e-5,0.11267605633802817
'110010101000111110111001100111111111101100000100001111010100000011101010',,,0.3028169014084507
'111111110111110001000011000001101000001111111011100101101011111000110111',,,0.22535211267605634
'101101111111110001111011111111111111111111100101101111110101111011110110',0.00016666666666666666,4.714045207910317e-5,0.11267605633802817
'001001001111000000111100011110000000010000000000011010010001000111010100',,,0.2887323943661972
'010010000000001110000100100000000000000000011010010000101010000100001001',,,0.14788732394366197
'110110101011001001111011111001111111110100100100001111000100111011101000',,,0.2323943661971831
'111111111000110111111011011111101000011111100001101111010001111011110110',,,0.14084507042253522
'101001110111110111000001011111101000011111000011100101011011001001110110',,,0.2323943661971831
'010010000011001110000100111000010111110000011110010000101110000101001000',,,0.22535211267605634
'101100110111000001000011111001111111111100100111100101100111111001110100',,,0.24647887323943662
'010000000011001000101100011000000000010000000000011010000000000101001000',,,0.18309859154929578
'100010101000111110111001011111111111111100000100001111010100000011101010',0.00016666666666666666,4.714045207910317e-5,0.2676056338028169
'111001111100110111111001111111101000011111011001101111111001001011110110',,,0.15492957746478872
'010110000100001000000110100000010111100000100110010000000110110100001001',0.0001,0.0,0.15492957746478872
'111001110011110111000001011001111111111111000111100101011111001001110110',,,0.21830985915492956
'000000000000001110000100011000010111110000011110010000001110000101001000',,,0.16901408450704225
'010000000100001000000100000000000000000000000010010000000010000100001001',,,0.04929577464788732
'111111111011110111111011111111111111111111111101101111111101111011110110',,,0.04929577464788732
'000010001000001110111100011000010111110000000100011010000100000011101000',,,0.20422535211267606
'010000000011001110000100000110010111100000000110010000111110000100001001',,,0.14084507042253522
'010001000011001000000100011000000000010000011011010000101010000100001001',,,0.19718309859154928
'111111110111110111101011100001101000001111111011100111111001111000110111',,,0.18309859154929578
'101111110011110001000011011001111111111111100111100101100111111001110110',,,0.1619718309859155
'100111111011111001111011011111111111111111111101101111011100111011101010',,,0.14788732394366197
'000000001111001000111100011110000000010000011000011010001000000110001001',,,0.16901408450704225
'010000001000001110111100000000000000000000011000011010001000000110001001',,,0.14788732394366197
'101111110000110001000011011111101000011111111011100101110011111001110110',,,0.15492957746478872
'000110000111001000000110111110000000010000100010010000000010110100001001',,,0.19014084507042253
'101011111111110111111001111001111111111111000101101111111101001011110110',,,0.16901408450704225
'101111111111110001111011100001111111101111111101101111001101111011110110',,,0.16901408450704225
'000000000000001000000100000110010111100000011110010000100110000100001001',,,0.11971830985915492
'111101110100110111000011111001111111111111111111100101011111111001110110',0.0002,8.16496580927726e-5,0.14788732394366197
'101101110111110111000011000001111111101111100111100101011111111001110110',,,0.19718309859154928
'000010001011001110111100011000010111110000000100011010101100000110001001',,,0.20422535211267606
'000000001000101110111100000110010111100000000100011010010100000110001001',,,0.1619718309859155
'111110110100000001000011011001111111110110100110100101000111111001110100',,,0.22535211267605634
'111100110100010001000011111111101000011110100011100101010011111001110100',,,0.2112676056338028
'010010001111001000111100011110000000010000011000011010001000000110001001',,,0.176056338028169
'000000000100001000000100011000010111110000000110010000100110000100001001',,,0.1267605633802817
'000010000000001110000100000000010111100000000110010000100110000100001001',0.00016666666666666666,4.714045207910317e-5,0.11267605633802817
'101111111000110001111011011111101000011111100001101111110001111011110110',,,0.11267605633802817
'000000000000001110000100000000010111100000000110010000000110000100001001',0.0001,0.0,0.07746478873239436
'111011111011110111111001111001111111111111000101101111111101001011110110',,,0.1619718309859155
'111011110011110001000001011001111111111111011111100101101111001001110110',,,0.2112676056338028
'010100000000101111000110000110010111100100111110010000011110111100101001',,,0.2605633802816901
'010000000011001000000100000110000000000000000010010000000010000100001001',0.0002,0.0,0.08450704225352113
'100001110011110001000001011111101000011111011011100101101011001001100110',,,0.2112676056338028
'010010001000001000111100111110010111110000011100011010100100000111001000',,,0.2605633802816901
'010010001000001110111100100110010111100000011100011010111100000110001001',0.00013333333333333334,4.7140452079103176e-5,0.19718309859154928
'001110000100000001000110000000010111100000100110010000100111111100010101',0.00016666666666666666,4.714045207910317e-5,0.24647887323943662
'111101111011110111111011100111101000001111111001101111111001111011110110',,,0.1056338028169014
'011010001100000110111100011110010111110000000100011010110101000111010100',,,0.28169014084507044
'111101111100010001111011011001111111111111100101101111100101111011110100',,,0.11971830985915492
'111101110100110111000011000111111111101111111111100101011111111000110111',,,0.2112676056338028
'110111110011110111000011111111101000011111100011100101011010111001100110',,,0.20422535211267606
'111111110111010001000011111001101000011111100011100101100011111001110110',,,0.15492957746478872
'000110000111001110000110000110000000000000111010010000011010110100001001',,,0.1619718309859155
'101111110111110001000011011001101000011111111011100101101011111001110110',,,0.16901408450704225
'111111110100110111000011000000101000001111100011110101110011111000010111',,,0.24647887323943662
'010000001011001000111100111110010111110000000100011010000100000111001000',,,0.22535211267605634
'111111111100110111111011000001101000001111100001101111110001111010110111',,,0.176056338028169
'101101111011110001111011000001111111101111111101101111101101111010110111',,,0.19014084507042253
'000000000100001110000100000110010111100000011110010000111110000100001001',0.00016666666666666666,4.714045207910317e-5,0.13380281690140844
'010010001011001000011100000000010111100000000110010000100100000100001001',,,0.19014084507042253
'101001111011110001111001111001101000011111011001101111001001001011110110',,,0.20422535211267606
'110111110011111111000011100001111111101111100111100101011110111000101011',0.0001,0.0,0.2535211267605634
'000011000011001000000100000000010111100000011110010000001110000100001001',,,0.1267605633802817
'111001110011110111000001111001101000011111000011100101011011001001110110',,,0.2323943661971831
'101101110100110001000011000111101000001111100011100101010011111000110111',,,0.2676056338028169
'000010001011001110111100011110010111110000011100011010111100000110001001',,,0.19014084507042253
'101101110100110001000011111001101000011111100011100101100011111001110110',0.00019999999999999998,8.16496580927726e-5,0.14788732394366197
'100111110011111001000011100111101000001111111011100101001010111000101011',,,0.2746478873239437
'111101111111010001111011100111101000001111111001111111011001111010010111',,,0.2112676056338028
'000100000100001000000110011110000000010000100010010000000010110100001001',,,0.176056338028169
'101001110100110111000001111111111111111111000111100101110111001001110110',,,0.2112676056338028
'101101111100110111111011011001111111111111111101101111111101111011110110',,,0.09859154929577464
'100111111011111111111011000001101000001111100001101111011000111010101011',0.00013333333333333334,4.7140452079103176e-5,0.2535211267605634
'010010000011001000000100111110010111110000011110010000101110000100001001',,,0.18309859154929578
'000000001011001000111100000000000000000000011000011010001000000110001001',0.0002666666666666667,0.00012472191289246472,0.13380281690140844
'010100000000001110000110100110010111100000111110010000011110110100001001',,,0.19014084507042253
'010110000100001000000110100000000000000000111010010000000010110100001001',,,0.14788732394366197
'110111111000111111111011100001111111101111111101101111101100111010101011',,,0.2535211267605634
'101111110011110111000011000111111111101111111111100101111111111000110111',,,0.16901408450704225
'111111110100110111000011111111101000011111111011100101111011111001110110',0.0002,8.16496580927726e-5,0.11971830985915492
'111101110100110001000011000111111111101111100111100101010111111001110110',,,0.20422535211267606
'000010001011001110111100011000000000010000000000011010001000000110001001',,,0.16901408450704225
'000000000100001000000100011110010111110000000110010000000110000101001000',,,0.15492957746478872
'101101111100110111111011111001111111111111100101101111010101111011110110',,,0.14084507042253522
'100100100000001001000110000111000000000100111010010000000010111000001001',,,0.21830985915492956
'110000101011101000111001011111111111110100000100001011000100000011101010',,,0.3028169014084507
'010010100000001000000100000110010111100000000110010000000110000000001001',,,0.11971830985915492
'010100001000001000111110100000000000000000100000011010000000110110001001',0.00013333333333333334,4.7140452079103176e-5,0.176056338028169
'000110000100001000000110000000000000000000100010010000000010110100001001',,,0.1267605633802817
'111111110000110001000011111001111111111111100111100101000111111001110110',,,0.16901408450704225
'010010000100001110000100011000010111110000011110010000101110000100001001',,,0.16901408450704225
'000010001111001000111100111000010111110000011100011010101100000110001001',,,0.21830985915492956
'101101111011110111111011011001111111111111111101101111011101111011110110',,,0.1056338028169014
'110100100000001001000111111001111111110100100110000101000110111001101000',,,0.23943661971830985
'000000000000001110000100000000000000000000011010010000001010000100001001',,,0.09154929577464789
'001001010100110110000100011110000000011011000011010000110011000100010111',,,0.2887323943661972
'000110001111001110111110000110000000000000100000011010011000110110001001',,,0.20422535211267606
'010110000011001000000110100000010111100000111110010000101110110100001001',,,0.22535211267605634
'111011110111110001000001011111111111111111011111100101111111001001110110',,,0.176056338028169
'001010001100000000111100100110000000000000011000011010100001000110010101',,,0.19718309859154928
'111001010111110110000001111001111111111011000111100101111111000101110110',,,0.22535211267605634
'010000001000001110111100100000010111100000000100011010000100000110001001',,,0.14084507042253522
'011010001100000000111100111110010111110000011100011010100101000111010100',,,0.2746478873239437
'010010000000001000000100000110000000000000011010010000000010000100001001',,,0.09154929577464789
'011010000100000110000100000110000000000000000010010000110011000100010101',,,0.19014084507042253
'000000001111001110111100100110010111100000011100011010011100000110001001',,,0.14084507042253522
'000110100000001001000110000000010111100000111110010000000110110000001001',,,0.19014084507042253
'100110101000001001111011011111111111110100100100001111000100111011101000',0.00013333333333333334,4.714045207910317e-5,0.2112676056338028
'000110100011001001000011000110010111100000100110000001000110111000101001',,,0.3028169014084507
'010000001000001000111100011110000000010000000000011010100000000111001000',,,0.2112676056338028
'110100100000001111000011111001111111110100100110000101000110111001101000',,,0.2535211267605634
'000110001100001000111110000110010111100000100100011010100100110110001001',,,0.21830985915492956
'111111111100110001111011111001111111111111111101101111000101111011110110',,,0.13380281690140844
'101011011111110000111001011000101000011011011001101111101001000011110110',,,0.24647887323943662
'010000000111001000000100000000000000000000011010010000101010000100001001',,,0.1267605633802817
'101111110111110111000011000001101000001111100011100101111011111001110110',,,0.18309859154929578
'101001110100110111000001111001101000011111000011110101110011001001110110',,,0.23943661971830985
'111101111100110001111011011001101000011111100001101111100001111011110110',0.00013333333333333334,4.714045207910317e-5,0.09859154929577464
'111101111000110111111011111001111111111111100101101111110101111011110110',,,0.1056338028169014
'011001011111110111111101111000001000011011011001101111111001000111110110',,,0.21830985915492956
'001001010100110110000100011000000000011011011011110000111011000100010111',,,0.2746478873239437
'111111111000110111111011111111101000011111111001101111111001111011110110',,,0.08450704225352113
'011000001100000000111100100110000000000000000000011010100001000110010101',0.00013333333333333334,4.7140452079103176e-5,0.1619718309859155
'010010001011001000111100000110010111100000011100011010001100000110001001',0.00023333333333333333,4.714045207910315e-5,0.1619718309859155
'011010001111000001111100111110010111110000000100011010110101000111010100',,,0.2887323943661972
'111111111100110111111011011111101000011111111001101111011001111011110110',0.0002,8.16496580927726e-5,0.11267605633802817
'010000001000001000111100100110000000000000011000011010000000000110001001',0.00023333333333333333,4.714045207910315e-5,0.13380281690140844
'010001001011101110111101011000110111110011011100001011001100000111101000',,,0.3028169014084507
'101011111011110111111001111111111111111111011101101111111101001011110110',,,0.13380281690140844
'110100101000001001111011111001111111110100111100001111000100111011101000',,,0.23943661971830985
'010001110000101110000100100000000000000011011011110000001010000000001001',,,0.19718309859154928
'110101111011111111111011000111111111101111100101101111011100111010101011',,,0.22535211267605634
'100111111000111111111011011111111111111111111101101111011100111011101010',,,0.14788732394366197
'111110111100000001111011011001101000011100100001101111100001111011110100',,,0.16901408450704225
'000110000000001000000110000110000000000000111010010000000010110100001001',0.00013333333333333334,4.7140452079103176e-5,0.14788732394366197
'000010000000001000000100011000010111110000011110010000000110000101001000',0.0001,0.0,0.15492957746478872
'111101011111110111111011100001111111101011111101101111011101111110110111',,,0.19014084507042253
'010110000000001110000110100110000000000000100010010000010010110100001001',0.0002,0.0,0.18309859154929578
'000000000011001110000100111000000000010000011010010000001010000101001000',,,0.16901408450704225
'011011011111110000111000000110000000001011000001111010110001000110010111',,,0.2605633802816901
'000100000000001110000110000000010111100000100110010000000110110100001001',,,0.1619718309859155
'101111111111110001111011100001101000001111100001101111100001111011110110',,,0.14084507042253522
'000010000100001000000100000110010111100000011110010000000110000100001001',,,0.1056338028169014
'111111111111110001111011011111101000011111111001101111111001111011110110',0.00016666666666666666,4.714045207910317e-5,0.08450704225352113
'111101110100010001000011011001101000011111111011100101100011111001110110',,,0.16901408450704225
'101111110111110001000011011001101000011111100011100101000011111001110110',0.00013333333333333334,4.7140452079103176e-5,0.19014084507042253
'101011010100110110000001111111111111111011011111100101111111000101110110',,,0.2323943661971831
'000000001000001000111100011110010111110000000100011010100100000111001000',,,0.21830985915492956
'111111111111110111111011000001101000001111100001101111011001111010110111',,,0.19718309859154928
'101111110111110001000011011111101000011111111011100101111011111001110110',0.00016666666666666666,9.428090415820633e-5,0.14084507042253522
'101110110111010001000011111001101000011100111011100101001011111001110100',,,0.2323943661971831
'010000001000001000111100011000010111110000000100011010100100000110001001',,,0.176056338028169
'010100001111001000111110000110000000000000100000011010100000110110001001',,,0.21830985915492956
'000100001011001110111110100000000000000000111000011010011000110110001001',,,0.2112676056338028
'101110100111000001000011011001111111110100100110100101100111111101110100',,,0.2605633802816901
'010000001000001000111100011110010111110000000100011010000100000111001000',,,0.20422535211267606
'101101110100110001000011111001111111111111100111100101000111111001110110',,,0.18309859154929578
'000100001100001000111110100000000000000000100000011010000000110110001001',,,0.16901408450704225
'111111111011110001111011100111101000001111111001101111111001111010110111',,,0.15492957746478872
'101100111100010001111011011111101000011110111001101111010001111011110100',,,0.19014084507042253
'111101111111110001111011111001101000011111100001101111000001111011110110',0.00016666666666666666,4.714045207910317e-5,0.13380281690140844
'000011001011001000111100000000000000000000011000011010101000000110001001',,,0.19014084507042253
'000000000011001000000100100110000000000000000010010000000010000100001001',0.00019999999999999998,8.16496580927726e-5,0.07746478873239436
'010000000111001000000100100110000000000000000010010000000010000100001001',,,0.08450704225352113
'010010001011001000111100111000010111110000000100011010100100000111001000',,,0.24647887323943662
'000010000100001110000100100000000000000000000010010000000010000100001001',,,0.07746478873239436
'000010001000001000111100111110000000010000000000011010000000000111001000',,,0.18309859154929578
'110111111011111001111011011001111111111111111101101111001100111011101010',,,0.19014084507042253
'011001011111110110111000000110000000001011000001111010111001000110010111',,,0.2323943661971831
'101111111100110001111011011111111111111111100101101111110101111011110110',,,0.11267605633802817
'010010000000001110000100000000010111100000011110010000001110000100001001',,,0.11971830985915492
'111101111111110111111011000001101000001111100001101111111001111010110111',,,0.176056338028169
'010010000000001000000100111110000000010000000010010000000010000101001000',,,0.15492957746478872
'010010000100001110000100011110010111110000011110010000111110000100001001',,,0.16901408450704225
'010110001011001000111110100000010111100000100100011010100100110110001001',,,0.2323943661971831
'101111110111110111000011011001111111111111100111100101111111111101110110',,,0.14788732394366197
'001010001100000110111100111110000000010000000000011010110001000111010100',,,0.2676056338028169
'111011111000110111111001111001111111111111000101101111110101001011110110',0.0001,0.0,0.18309859154929578
'111101111100110001111011111001111111111111100101101111000101111011110110',,,0.1267605633802817
'000010001111001000111100000110000000000000000000011010000000000110001001',,,0.1267605633802817
'000001011011111110111100000110010111101011000101001010111100000110001011',,,0.22535211267605634
'000110000111001110000110000110010111100000100110010000011110110100001001',,,0.16901408450704225
'111001111111110111111001100001111111101111011101101111111101001011110110',,,0.1619718309859155
'101111111111110001111011000111101000001111111001101111111001111011110110',,,0.1267605633802817
'101111110000110111000011011001101000011111111011100101011011111001110110',,,0.176056338028169
'100100100000111111000011111111111111111100100110000101010110111001101010',0.0001,0.0,0.2323943661971831
'101101111011110001111011011001101000011111111001101111101001111011110110',,,0.1267605633802817
'010010001011001110111100000000000000000000000000011010101000000110001001',,,0.18309859154929578
'100110100011001001000111000111110111100100100110010000000110111000001001',,,0.23943661971830985
'010010000100001110000100000110010111100000000110010000010110000100001001',,,0.11971830985915492
'010010000111001000000100111110010111110000000110010000100110000100001001',,,0.16901408450704225
'000010000000001000000100000110000000000000011010010000000010000100001001',0.00013333333333333334,4.7140452079103176e-5,0.07746478873239436
'101111110111110111000011000111101000001111100011100101011011111000110111',,,0.23943661971830985
'111101111100110001111011100111111111101111100101101111110101111011110110',,,0.1267605633802817
'101101011100110111011011111111111111111111100101101101010101111111110110',,,0.176056338028169
'010110000000001000000110100110010111100000111110010000100110110100001001',,,0.21830985915492956
'110001111011111000111001111001111111111111011101101111001100000011101010',,,0.23943661971830985
'101101110000110001000011011001111111111111111111100101000111111001110110',,,0.19718309859154928
'111111110100110111000011111111101000011111100011100101010011111001110110',0.0002,0.0,0.16901408450704225
'111111110100110111101011000001111111101111100111101101110101111111110110',,,0.16901408450704225
'000100000100001000000110000000000000000000100010010000000010110100001001',,,0.13380281690140844
'001000010111110110000100000110000000001011000011110000111011000100010111',,,0.22535211267605634
'101111111100110001111011100111111111101111100101101111110101111011110110',0.00013333333333333334,4.7140452079103176e-5,0.13380281690140844
'010010001100001110111100000000010111100000011100011010001100000110001001',,,0.15492957746478872
'111101111100110111111011000111111111101111100101101111110101111010110111',,,0.176056338028169
'110110000100001001100111111001111111110100100100000111000110111101101000',,,0.24647887323943662
'010000001100001000111100000110010111100000011100011010100100000110001001',,,0.16901408450704225
'000010001011001000111100000110010111100000011100011010101100000110001001',0.00016666666666666666,4.714045207910317e-5,0.176056338028169
'000011111011111110111001111000111111111011000101101111001100000011101010',,,0.2535211267605634
'011001010111110000000100100110000000001011011011110000111011000100010111',,,0.2112676056338028
'111111111000110001111011100001111111101111100101101111100101111011110110',,,0.1267605633802817
'111011111111110001111001100111111111101111000101101111110101001011110110',,,0.20422535211267606
'101100111111110111111011111111111111111111111101101111111101111011110110',,,0.08450704225352113
'111011111111110111111001011001101000011111000001101111111001001011110110',,,0.18309859154929578
'101111111111110001111011100001101000001111100001101111100001111010110111',,,0.18309859154929578
'000000000000001000000100111110010111110000011110010000000110000100001001',,,0.1267605633802817
'111001110100110111000001111111101000011111000011100101110011001001110110',,,0.20422535211267606
'001011010111110110000100011000000000011011011011110000111011000100010111',,,0.2676056338028169
'000010001011101110111100100110010111100000000100011010011100000110001001',,,0.16901408450704225
'011000001100000000111100011000000000010000011000011010100001000111010100',,,0.22535211267605634
'111111111100110111000011100001101000001111111011100101111011111001110110',,,0.1619718309859155
'000010001000001110111100011110000000010000011000011010011000000110001001',0.00013333333333333334,4.7140452079103176e-5,0.18309859154929578
'010010000000001000000100100110000000000000000010010000000010000100001001',0.00013333333333333334,4.7140452079103176e-5,0.08450704225352113
'111111111000110111111011011111101000011111111001101111111001111011110110',,,0.09154929577464789
'001110000100000001000110100110010111100000100110010000110111111100010101',,,0.2535211267605634
'100110101000001001111011011111111111110100111100001111000100111011101000',,,0.22535211267605634
'101101110011110111000011000111101000001111100011100101111011111001110110',,,0.16901408450704225
'100011000011001000000100011001010111110001011110010000001110000101001000',,,0.2112676056338028
'101101111100110111111011011111111111111111111101101111111101111011110110',,,0.08450704225352113
'010001000011001110000100100110010111100001011110010000011110000100001001',,,0.1267605633802817
'000110100011001001000110100110010111100100100110010000000110111000001001',,,0.22535211267605634
'110111110000111111000011111111111111111111111111100101011110111001101010',0.00016666666666666666,4.714045207910317e-5,0.18309859154929578
'000000001011001110111100100000010111100000000100011010001100000110001001',,,0.14788732394366197
'011110000100000111000110100110010111100000100110010000110111111100010101',,,0.23943661971830985
'101001111011110111111001111001101000011111000001101111011001001011110110',,,0.20422535211267606
'000000001000001110111100000110000000000000000000011010010000000110001001',0.00013333333333333334,4.7140452079103176e-5,0.14084507042253522
'111111110100110001000011100001111111101111111111100101000111111001110110',,,0.20422535211267606
'010000001011001110111100000000000000000000011000011010001000000110001001',,,0.14788732394366197
'010010001000001000010100011000010111110000011110011000100110000111001000',,,0.2323943661971831
'111100000100000001000111011000101000010000100010010100000011111101110100',,,0.24647887323943662
'110100101000111111111011100111111111101100100100001111010100111010101011',,,0.2887323943661972
'111101111100110001111011011001101000011111111001101111100001111011110110',,,0.11267605633802817
'101101110011110001000011111111111111111111111111100101111111111001110110',0.00013333333333333334,4.7140452079103176e-5,0.11267605633802817
'111101110000110111000011111111101000011111111011100101011011111001110110',,,0.1619718309859155
'000000000000001000000100100110000000000000011010010000100010000000001001',,,0.11971830985915492
'010110000111001000000110100000000000000000111010010000001010110100001001',,,0.18309859154929578
'101111010111110111000011100000101000001011111011100101111011111100110111',,,0.2323943661971831
'101011111100110001111001011111111111111111011101101111100101001011110110',,,0.2112676056338028
'010010001000001110100100111000000000010000000000010010000010000101001000',,,0.18309859154929578
'011011010111000000000100111000000000010011011011110000001011000101010100',,,0.2676056338028169
'000000001000001110111100100000000000000000000000011010000000000110001001',0.00019999999999999998,8.16496580927726e-5,0.1056338028169014
'101111111100110111111011000111101000001111100001101111010001111010110111',,,0.21830985915492956
'111111110111110111000011011111111111111111111111100101111111111001110110',,,0.09154929577464789
'101101110111110001000011100111111111101111111111100101011111111001110110',,,0.176056338028169
'111101111100110111111011111001111111111111100101101111110101111011110110',,,0.09859154929577464
'011110001111000001111110100110010111100000100100011010110101111110010101',,,0.23943661971830985
'101011110011110001000001111001101000011111000011100101100011001001110110',,,0.20422535211267606
'111011111000110111111001111001101000011111000001101111110001001011110110',,,0.19014084507042253
'111101111100110001111011111111111111111111100101101111010101111011110110',,,0.1267605633802817
'000010001011001110000100100000010111100000011110010000101110000100001001',,,0.15492957746478872
'111101111100110111111011111001101000011111100001101111110001111011110110',0.00023333333333333333,9.428090415820633e-5,0.1056338028169014
'010000001011001000111100111000000000010000011000011010101000000110001001',,,0.2112676056338028
'111101110011110001000011111001111111111111100111100101000111111001110110',,,0.19014084507042253
'101001111111110111111001111111111111111111000101101111111101001011110110',,,0.14788732394366197
'010000001000001000111100011110000000010000000000011010000000000110001001',0.00013333333333333334,4.7140452079103176e-5,0.14084507042253522
'001111010111110001000111000000101000001011111011100100001011111100010111',,,0.3028169014084507
'010011001011111110111100000110000000001001011000011010011000000110001011',,,0.22535211267605634
'001110001111000001111110100110000000000000100000011010110001111110010101',0.00019999999999999998,8.16496580927726e-5,0.2323943661971831
'000000001011001000111100000000010111100000011100011010001100000110001001',,,0.14084507042253522
'001110000100000001000110100110001000000000111010010000010011111100010101',,,0.2535211267605634
'010010001000001000111100100110000000000000011000011010000000000110001001',0.0001,0.0,0.14084507042253522
'111111110111110111000011000001111111101111111111100101111111111100110111',,,0.19014084507042253
'101111111011110001111011000001111111101111100101101111100101111011110110',,,0.14788732394366197
'111111011111110111111011100001101000001011111001101111011001111110110111',,,0.20422535211267606
'010000000111001000000100100000000000000000000010010000000010000100001001',,,0.07042253521126761
'101101111100110001010011011111111111111111111101101111110111111011110110',,,0.16901408450704225
'000000001011001000111100111110000000010000011000011010001000000110001001',,,0.16901408450704225
'010010001011101000111100100000000000000000000000011010000000000110001001',,,0.14084507042253522
'010110100000001111000110100001010111100100100110010000000110111000001001',,,0.22535211267605634
'110100101000001001111011011001111111110100111100001111000100111011101000',0.0001,0.0,0.2323943661971831
'001000001111000000111100011110000000010000000000011010010001000111010100',,,0.2676056338028169
'101101111011110001111011011111101000011111111001101111011001111011110110',,,0.1267605633802817
'001100001100000001111110100000000000000000100000011010000001111110010101',,,0.22535211267605634
'010011000000001000000000100000010111100000011110010000000110000100001001',,,0.16901408450704225
'111011110011110111000001111001101000011111000011100101111011001001110110',,,0.2112676056338028
'111101110011110111100011000001111111101111111111100101111101111000110111',,,0.19718309859154928
'101101111100110111111011111111101000011111111001101111111001111011110110',0.00013333333333333334,4.7140452079103176e-5,0.09859154929577464
'110001111011111110111001011111101000011111011001101111011000000011101010',,,0.23943661971830985
'111111110100110111000011000111111111101111111111100101111111111000110111',0.00013333333333333334,4.714045207910317e-5,0.176056338028169
'110010100011001000100100011111010111110100000100011010100110000101001000',,,0.2605633802816901
'101111111111110111111011011001101000011111111001101111011001111011110110',0.00013333333333333334,4.7140452079103176e-5,0.1267605633802817
'111111110011110111000011100001111111101111100111100101111111111001110110',,,0.14788732394366197
'101100101100000001111111011001101000010100111000001111100001111111110100',,,0.2112676056338028
'101111111111110001111011111111111111111111111101101111111101111011110110',0.00023333333333333333,4.714045207910315e-5,0.07042253521126761
'010000001011001110111100111000010111110000000100011010001100000111001000',,,0.2323943661971831
'101011110111110001000001111111111111111111000111100101010111001001110110',,,0.24647887323943662
'001110001100000001111110000000010111100000111100011010100101111110010101',,,0.2605633802816901
'000000001111001000111100011000010111110000011100011010101100000110001001',,,0.20422535211267606
'111111111100110111111011011111111111111111111101101111111101111011110110',,,0.06338028169014084
'101111110000110111000011000001111111101111111111100101111111111000110111',,,0.19718309859154928
'101101110111110001000011100001101000001111111011100101001011111001110110',,,0.22535211267605634
'101101111111110001111011011111111111111111111101101111111101111011110110',,,0.08450704225352113
'101111110111110001000011000111111111101111111111100101011111111001110110',0.00013333333333333334,4.714045207910317e-5,0.176056338028169
'000010000100001110000100111110000000010000000010010000010010000100001001',,,0.14788732394366197
'101111110011110111000011011111101000011111100011100101111011111001110110',,,0.13380281690140844
'111011110000110001000001111111111111111111011111100101100111001001110110',,,0.22535211267605634
'010010001000001000111100011000010111110000000100011010000100000111001000',,,0.19718309859154928
'111111111100110001111011111111111111111111100101101111010101111011110110',,,0.11971830985915492
'111101111111110001111011111001101000011111100001101111100001111011110110',,,0.1056338028169014
'111001111000110111111001111111111111111111011101101111111101001011110110',,,0.14084507042253522
'110101111011111111111011000001111111101111111101101111011100111011101010',,,0.19718309859154928
'000000000000001110000100011000000000010000000010010000000010000101001000',,,0.1267605633802817
'000010000011001000000100100110000000000000011010010000101010000100001001',,,0.13380281690140844
'110001111011111110111001011001111111111111000101101111001100000011101010',0.00023333333333333333,4.714045207910315e-5,0.2323943661971831
'010000000000001110000100011000000000010000011010010000001010000100001001',,,0.13380281690140844
'011011010111110000000100011110000000011011011011110000111011000100010111',,,0.2535211267605634
'111100110100110111000011111001111111111100100111100101010111111001110110',,,0.19718309859154928
'100011111000111110111001100111111111101111011101101111011100000011101010',,,0.2323943661971831
'000000001011001000111100000000000000000000000000011010100000000110001001',0.00016666666666666666,4.714045207910317e-5,0.1267605633802817
'101111111111110111111011111111101000011111111001101111011001111111110110',,,0.11971830985915492
'101111110011010111000011111001101000011111111011100101111011111001100110',,,0.16901408450704225
'010110000011001000000110100000000000000000100010010000100010110100001001',,,0.18309859154929578
'101111111111110001111011011111111111111111100101101111010101111011110110',,,0.14084507042253522
'101011111000111111111001011111111111111111011101101111011100000011111010',,,0.22535211267605634
'101111110011110111000011011001111111111111100111100101111111111001110110',,,0.1267605633802817
'000000001000001110111100111000010111110000011100011010101100000111001000',,,0.24647887323943662
'010001111011111000111000100110010111101111011101101011101100000010001011',,,0.28169014084507044
'111111110111110111000011000111111111101111100111100101111111111001110110',,,0.13380281690140844
'101100111111110001111011011001111111111110111101101111001101111011110110',,,0.176056338028169
'111101111111110111111011011111101000011111100001101111011001111011110110',,,0.11971830985915492
'100100101000001111111011111001111111110100100100001111000100111011101000',,,0.22535211267605634
'000000000000001110000100011000000000010000000010010000100010000101001000',,,0.15492957746478872
'111001110000110001000001111111101000011111011011100101000011001001110110',,,0.23943661971830985
'001010000100100110000100011110000000010000000010010000110011000100010111',,,0.24647887323943662
'111001110100110111000001011001101000011111011011100101011011001001110110',,,0.2323943661971831
'010100000000001000000110000000010111100000100110010000100110110100001001',,,0.19014084507042253
'010000001011001000111100011110000000010000011000011010001000000111001000',,,0.21830985915492956
'111111111100110111111011111111111111111111100101101111110101111011110110',,,0.09154929577464789
'111101111000110001111011111111101000011111111001101111110001111011110110',,,0.11267605633802817
'101101111000110001111011011001101000011111100001101111100001111011110110',0.0001,0.0,0.1056338028169014
'000010001111001000111100000110000000000000000000011010100000000110001001',,,0.15492957746478872
'101011111011110111111001011111101000011111011001101111111001001011110110',,,0.1619718309859155
'010100000000001000000110011000000000010000111010010000000010110100001001',,,0.18309859154929578
'111101110100110111000011011001101000011111100011100101110011111001110110',0.00016666666666666666,4.714045207910317e-5,0.15492957746478872
'000010000011001110000100000000000000000000000010010000101010000100001001',0.0001,0.0,0.1267605633802817
'111111110111110111000011011001101000011111111011100101111011111001110110',0.00016666666666666666,4.714045207910317e-5,0.1267605633802817
'101100111100110111111011011111111111111110100101101111110101111011110110',,,0.14084507042253522
'000001000011001110000100100000000000000011000010010000001010000100001001',,,0.1267605633802817
'000000000100001000000100100000000000000000000010010000000010000100001001',,,0.056338028169014086
'010000101000001000111100000110010111100000011100011010100100000010001001',,,0.19718309859154928
'110001110011101000000001111111101000010111011011100101001010000001101010',,,0.29577464788732394
'000010001000001110111100000000000000000000000000011010100000000110001001',,,0.13380281690140844
'010010000111001000000100111110000000010000011010010000001010000100001001',,,0.14084507042253522
'101111111111110001111011111111101000011111111001101111111001111011110110',0.0002666666666666666,0.00012472191289246472,0.09154929577464789
'101100111100110001111011100111111111101111100101101111110101111011110110',,,0.1619718309859155
'011000001100000000111100011110010111110000000100011010100101000111010100',,,0.2605633802816901
'111011110111110111000001011111111111111111011111100101111111001001110110',,,0.1619718309859155
'010010100000001000000100000000010111100000000110010000000110000000101001',,,0.14084507042253522
'010000001111001110111100011000000000010000000000011010101000000110001001',,,0.19718309859154928
'000010000000001110000100000110000000000000011010010000111010000100001001',,,0.14084507042253522
'110110100000111111000011000111101000001100100010000101010010111000101011',0.00016666666666666666,4.714045207910317e-5,0.29577464788732394
'011011011100110110111000100000000000001011011001111010111001000110010111',0.0001,0.0,0.24647887323943662
'001100001100000001111110100000010111100000111100011010100101111110010101',0.00013333333333333334,4.7140452079103176e-5,0.2605633802816901
'111100110100010111000011111001111111111111100111100101010111111001110100',,,0.20422535211267606
'101111111100110111111011011111101000011111100001101111010001111011110110',,,0.14788732394366197
'111101110000110111000011011001101000011111111011100101011011111001110110',0.0001,0.0,0.18309859154929578
'000000101011001000111001111111011111110100000100001011000100000011101000',,,0.30985915492957744
'010100001100001110000110111110000000010000100010010000010010110100001001',,,0.22535211267605634
'110111110011111111000011011111111111111111111111100101011110111001101010',,,0.1619718309859155
'010010001011001000111100011000000000010000000000011010000000000110001001',,,0.14788732394366197
'000000000100001000000100000110010111100000000110010000000110000100001001',,,0.08450704225352113
'011011010100110110000100011000000000011011011011110000111011000100010111',,,0.2676056338028169
'111111110011110001000011100111111111101111111111100101111111111000110111',,,0.176056338028169
'010000000000001000000100111110010111110000000110010000000110000101001000',,,0.16901408450704225
'010110000100001110000110100110010111100000100110010000110110110100001001',,,0.2112676056338028
'101111111000110001111011100001101000001111100001101111100001111010110111',,,0.1619718309859155
'000110001000001110111110100110010111100000111100011010011100110110001001',,,0.19718309859154928
'000010001100001000111100111110010111110000000100011010000100000111001000',,,0.2112676056338028
'010010000000001110000100000110000000000000000010010000010010000100001001',0.0002,8.16496580927726e-5,0.11971830985915492
'000010001000001000111100111110010111110000011100011010100100000111001000',,,0.24647887323943662
'010011001011111110111100000000010111100011011100011010001100000110001011',,,0.22535211267605634
'101100101100000001111011111001101000010100111000101111100001111011110100',,,0.19718309859154928
'101001011100110110111000011001101000011111011001111111011001001111010110',,,0.31690140845070425
'100011111011111110111001011111101000011111000001101111011000000011101010',,,0.24647887323943662
'010000001111001110111100000110010111100000011100011010111100000110001001',,,0.1619718309859155
'000010000000001110000100011110010111110000000110010000010110000100001001',,,0.14084507042253522
'010100001000001110111110000000000000000000100000011010000000110110001001',,,0.18309859154929578
'010110001011001110111110000000000000000000111000011010011000110110001001',,,0.2112676056338028
'000010000000001000000100100110010111100000011110010000100110000100001001',0.00016666666666666666,9.428090415820633e-5,0.13380281690140844
'101011111111110001111001100001101000001111000001101111000001001011110110',,,0.23943661971830985
'111111111000110001111011100111101000001111111001101111110001111010110111',,,0.176056338028169
'010010100011001000000100000000000000000000000010010000000010000000001001',,,0.09859154929577464
'010000000000001110000100000000010111100000011110010000001110000100001001',,,0.11267605633802817
'111101111100110001111011000111101000001111100001101111110001111011110110',,,0.14084507042253522
'101101111100110001111011011111101000011111111001101111110001111011110110',0.00023333333333333333,4.714045207910315e-5,0.1267605633802817
'010011000011001000000100000000010111100001011110010000001110000100001001',,,0.14084507042253522
'101110110100000001000011011111101000011110111010100101110011111001110100',,,0.2323943661971831
'111111110000110111000011100001111111101111100111100101110111111000110111',,,0.2112676056338028
'111111111000110111111011011001101000011111111001101111111001111011110110',,,0.1056338028169014
'010010001100001000111100011000010111110000011100011010000100000110001001',,,0.1619718309859155
'000000001100001000111100111000010111110000011100011010000100000110001001',,,0.1619718309859155
'111111111000110001111011000001101000001111100001101111100001111011110110',,,0.1267605633802817
'111001110111110111000001011111111111111111011111100101111111001001110110',,,0.15492957746478872
'101100111111110001111011011111101000011111100001101111110001111111110110',,,0.1619718309859155
'000010001100001000111100111110010111110000011100011010000100000111001000',,,0.22535211267605634
'111101110111110111000011011001111111111111111111100101011111111001110110',,,0.14084507042253522
'010000000111001000000100100000010111100000000110010000100110000100001001',,,0.11971830985915492
'000000001111001110111100100000000000000000000000011010001000000110001001',,,0.14788732394366197
'110100101000001111111011000001111111100100100100001111000100111011101000',,,0.2605633802816901
'111101111100110111111011100111101000001111111001101111111001111010110111',,,0.15492957746478872
'101111110100110001000011000111101000001111111011100101110011111000110111',,,0.2323943661971831
'101111110000110111000011111001101000011111100011100101010011111001110110',,,0.176056338028169
'110100100000001001000111011111111111110100111110000101000110111001101000',0.00016666666666666666,4.714045207910317e-5,0.2605633802816901
'001000000100010110000100011000100000011010000011010100110011000101010110',,,0.33098591549295775
'000100000111001000000110000000010111100000111110010000001110110100001001',,,0.19014084507042253
'010000000111001000111100000110000000000000011000011010001000000110001001',,,0.14084507042253522
'101111111111110111111011100111111111101111111101101111111101111011110110',,,0.08450704225352113
'111101110100110001000011000001101000001111111011100101100011111001110110',,,0.18309859154929578
'000010001100001000111100111110000000010000000000011010000000000110001001',,,0.14788732394366197
'000100000111001110000110100000010111100000100110010000111110110100001001',,,0.22535211267605634
'101111110111110001000011011001101000011111100011100101100011111001110110',,,0.1619718309859155
'111111110011110001000011111001101000011111111011100101001011111001110110',,,0.18309859154929578
'001001000100000000000100111110010111110000000111000000100111001101010100',,,0.31690140845070425
'010000000011001000000100100000000000000000011010010000001010000100001001',,,0.11267605633802817
'000110000000001110000110100110000000000000100010010000010010110100001001',,,0.16901408450704225
'111111111011110111111011011001101000011111100001101111111001111111110110',,,0.11971830985915492
'010010001000001000111100100000010111100000011100011010100100000110001001',,,0.176056338028169
'011010000100000000000100000000000000000000000010010000100011000100010101',,,0.14788732394366197
'000010001011001000111100111000000000010000011000011010001000000111001000',,,0.21830985915492956
'101101110000110111000011111111101000011111111011100101011011111001110110',,,0.1619718309859155
'000110000011001000000110000110010111100000100110010000000110110100001001',,,0.16901408450704225
'111101110100110001000011100001111111101111100111100101000111111001110110',,,0.19718309859154928
'011110000100000111000110100000000000000000100010010000110011111100010101',,,0.21830985915492956
'101011110100110111000001011111101000011111000011100101110011001001110110',,,0.2323943661971831
'000000000111001110000100100110010111100000000110010000111110000100001001',,,0.14084507042253522
'000100000111001000000110100110000000000000100010010000000010110100001001',,,0.16901408450704225
'000010001000001000111100100110000000000000011010011010100000000110001001',,,0.16901408450704225
'111101010111110001000011100111101000001111111011110100111011111100010111',,,0.24647887323943662
'010000001000001000111100011110010111110000011100011010100100000110001001',,,0.20422535211267606
'000011000011001110000100111000010111110011000110010000101110000101001000',,,0.23943661971830985
'000000001000001000111100111110010111110000011100011010000100000111001000',0.00016666666666666666,9.428090415820633e-5,0.2112676056338028
'000000000100001110000100011110010111110000000110010000010110000101001000',,,0.18309859154929578
'111011110111110111000001111111111111111111000111100101111111001001110110',,,0.16901408450704225
'100111110011111111000011111111111111111111111111100101011110111001101010',,,0.15492957746478872
'111101111000110111111011100111101000001111100001101111010001111011110110',,,0.16901408450704225
'111101110100110001000011011111111111111111100111100101110111111001110110',,,0.14788732394366197
'101011110100110001000001111111101000011111000011100101000011001001110110',,,0.23943661971830985
'101110001111000001111111111000101000010000100000001111100001111111110100',,,0.19718309859154928
'101100100011110001000011111111101000011100111010100101111011111001110110',,,0.176056338028169
'100011111000111110111001111001111111111111011101101111101100000011101010',,,0.24647887323943662
'010110001100001110111110100000000000000000111000011010001000110110001001',,,0.2112676056338028
'001111010111110001000111111110101000011011111011100101111011111101110110',,,0.1619718309859155
'101111111011110111111011011111101000011111111001101111111001111011110110',,,0.07746478873239436
'111101110000110111000011111001101000011111111011100101111011111001110110',0.00013333333333333334,4.714045207910317e-5,0.14788732394366197
'111101111100110001111011011111101000011111100001101111110001111011110110',0.00013333333333333334,4.7140452079103176e-5,0.11267605633802817
'000010001011001000111100000000000000000000000000011010000000000110001001',0.0003333333333333333,9.428090415820634e-5,0.1056338028169014
'001010000100000000000100111000010111110000000110010000100111000101010100',,,0.24647887323943662
'000010001100001110111100000000010111100000011100011010001100000110001001',,,0.15492957746478872
'000000000011001000000100111000010111110000000110010000000110000001001000',,,0.16901408450704225
'011010000100000000000100111000010111110000000110010000100111000101010100',,,0.2323943661971831
'010000000011001000000100100000010111100000000110010000000110000100001001',,,0.09859154929577464
'101001110011110001000001100001111111101111011111100101101111001001110110',,,0.22535211267605634
'000001011011111000111100000000010111100011011101111010101100000110011011',,,0.23943661971830985
'000000001011101110111100100110000000000000000000011010011000000110001001',,,0.16901408450704225
'010110001111001001111110100000010111100000111100001011001100110110101001',,,0.2887323943661972
'100000100000111110000001111111101000010100000010010100000010000001001010',,,0.24647887323943662
'111100111100000001111011011001101000010100100001101111100001111011110100',,,0.176056338028169
'101101111000110111111011000111101000001111100001101111010001111011110110',,,0.176056338028169
'100100100000001111000111011001111111110100100110000101000110111101101000',,,0.24647887323943662
'001000100100000000000100011000010111110000011110010000100111000001010100',,,0.28169014084507044
'001100000111000001000110100000000000000000100010010000100011111100010101',,,0.22535211267605634
'110100100000111111000011100111111111101100100110000101010110111000101011',,,0.3028169014084507
'010000000011001110000100100000000000000000000010010000101010000100001001',,,0.14084507042253522
'101111110100110111000011100111101000001111111011100101111011111000110111',0.00019999999999999998,8.16496580927726e-5,0.20422535211267606
'111101110100110111000011100111111111101111111101101101111111111000110111',,,0.18309859154929578
'111111111000110111111011100001111111101111100101101111010101111010110111',,,0.19718309859154928
'101111111011110111111011011001101000011111100001101111111001111011110110',0.0001,0.0,0.1056338028169014
'110101110011111111100011011001111111111111100111100111011110111001101010',,,0.2112676056338028
'000010000111001110000100100000000000000000000010010000101010000100001001',,,0.14084507042253522
'111101110000110001000011011111101000011111111011100101010011111001110110',0.00013333333333333334,4.7140452079103176e-5,0.19014084507042253
'101011111011110111111001111111111111111111000101101111111101001011110110',,,0.14788732394366197
'111111110100110111000011111001101000011111111011100101111011111001110110',0.00013333333333333334,4.714045207910317e-5,0.13380281690140844
'010111001011001000111110100110010111100000111100001011001100110110101001',,,0.3028169014084507
'110011110011111110000001111001101000011111011011100101001010000001101010',,,0.2676056338028169
'000010000000001110000100000110000000000000011000011010111010000100001001',,,0.1619718309859155
'000000000011001000000100111110010111110000000110010000100110000101001000',,,0.19718309859154928
'000000000011001000000100000110000000000000011010010000001010000100001001',0.00013333333333333334,4.7140452079103176e-5,0.09154929577464789
'101011111100110111111001011001101000011111011001101111111001001011110110',,,0.19718309859154928
'111101110100110001100011000001101000001111100001100111000001111000110111',,,0.24647887323943662
'001001011111110110111000011110000000011011000001111011111001000010010111',,,0.31690140845070425
'111111111111110111010011100111101000001111111011100111111011111000110111',,,0.19014084507042253
'101111110111110111000011011001101000011111100011100101011011111001110110',0.00016666666666666666,9.428090415820633e-5,0.18309859154929578
'000010101011001000010000111000010111110100000110010000100110000001001000',,,0.24647887323943662
'000000000111001110000100000000010111100000000110010000001110000100001001',,,0.1056338028169014
'111001111011110110111001011111111111111111011101101111111101001011110110',,,0.14788732394366197
'101011111111110111111001011001111111111111011101101111111101001011110110',,,0.1619718309859155
'111111110100110111000011000111101000001111100011100101110011111000110111',,,0.21830985915492956
'000010000100001000101100000110000000000000000000011000000000000100001001',,,0.1267605633802817
'101101110000110001000011100111111111101111111111100101110111111000110111',,,0.21830985915492956
'000000001011001000111100100110010111100000000100011010000100000110001001',0.00023333333333333333,9.428090415820633e-5,0.14084507042253522
'110101111011111111111011100001101000001111100001101111011000111010101011',,,0.28169014084507044
'111111111100110111111011011111101000011111100001101111110001111011110110',0.00016666666666666666,4.714045207910317e-5,0.1056338028169014
'111101111000110111111011011001111111111111100101101111110101111011110110',,,0.11267605633802817
'011100000111000001000110100000010111100000100110010000100111111100010101',0.0001,0.0,0.24647887323943662
'010000001000001000111100000000000000000000011000011010000000000110001001',0.0002666666666666666,4.714045207910315e-5,0.11267605633802817
'010001000100001000000100100000010111100011000110010000100110000100001001',,,0.13380281690140844
'111111110111010001000011111001111111111111100111100101000111111001110110',,,0.19014084507042253
'111101110111110111000011100001111111101111111111100101111111111001110110',,,0.13380281690140844
'000100101011001001111010100110000000000000100000011010000000111010101001',,,0.2676056338028169
'010000001011001000111100000110000000000000000000011010100000000010001001',,,0.16901408450704225
'110011110011111000000001111111101000011111011011100101001010000001101010',,,0.2676056338028169
'010010000100001000000100100110010111100000000110010000100110000100001001',,,0.1267605633802817
'010010100000001110000100011001000000010100011010010000101010000001001000',,,0.23943661971830985
'010100000000001000000110100110010111100000100110010000100110110100001001',,,0.2112676056338028
'110110101011001001111011011001111111110100100100001111000100111011101000',,,0.22535211267605634
'111111111011110111111011000111101000001111100001101111011001111010110111',,,0.19014084507042253
'111101111111110111111011111111101000011111111001101111011001111011110110',0.00013333333333333334,4.714045207910317e-5,0.09859154929577464
'000010001000001000111100100110010111100000011100011010000100000110001001',0.00013333333333333334,4.714045207910317e-5,0.14788732394366197
'101101110100110001000011000001111111101111111111100101000111111001110110',,,0.2323943661971831
'000001000111001110000100000110010111100000000110010000111110000100001001',,,0.15492957746478872
'101110110100110111000011100001101000001111100011100101110011111100110111',,,0.2605633802816901
'000000000111001000000100011110000000010000000010010000000010000101001000',,,0.14788732394366197
'111111111100110111111011100111111111101111111101101111111101111010110111',,,0.1267605633802817
'101100111111000001111011011001101000011100100001101111000001111011110100',,,0.21830985915492956
'001111010111000001000110000000000000000011111011110000101011111100010101',,,0.28169014084507044
'111111111111110111111011000111111111101111100101101111111101111010110111',0.00023333333333333333,9.428090415820633e-5,0.13380281690140844
'000010000000011110000100100110010111100000011110010000011110000100001001',,,0.1619718309859155
'101111111100110111111011111111101000011111100001101111110001111011110110',,,0.11267605633802817
'010010001000001110111100000000010111100000000100011010000100000110001001',0.00013333333333333334,4.7140452079103176e-5,0.14084507042253522
'101101111111110001111011100111101000001111100001101111110001111011110110',,,0.14788732394366197
'110100101011001001111011011111111111110100100100001111000100111011101000',,,0.24647887323943662
'101111111111110111111011100111101000001111100001101111111001111011110110',0.00013333333333333334,4.7140452079103176e-5,0.11971830985915492
'000110001000001000111110100110010111100000111100011010100100110110001001',,,0.2323943661971831
'010000001000001000111100000000010111100000011100011010000100000110001001',,,0.13380281690140844
'101101110111110001000011111111111111111111100111100101110111111001110110',0.00023333333333333336,0.00012472191289246472,0.15492957746478872
'101111110111110001000011100111111111101111100111100101010111111001110110',,,0.20422535211267606
'101111111011110001011011011001101000011111100011101101100001111011110110',,,0.1267605633802817
'111111111011110001111011000111101000001111111001101111011001111110110111',,,0.20422535211267606
'010000001000001110111100111000000000010000011000011010001000000111001000',,,0.22535211267605634
'110110101000101001111011111111111111110100111100001111000100111011101000',,,0.24647887323943662
'010010000100001000000100111000010111110000000110010000000110000101001000',,,0.15492957746478872
'101111110100110001000011011001101000011111111011100101000011111001110110',,,0.19014084507042253
'110110101000001111111011011001111111110100100100001111000100111011101000',,,0.22535211267605634
'000010001000001000111100000000010111100000011100011010000100000110001001',,,0.1267605633802817
'000110000100001000000110011110010111110000111110010000000110110100001001',,,0.20422535211267606
'010000000011001000000100000110010111100000000110010000000110000100001001',,,0.1056338028169014
'000010000011001110101100100000000000000000011010011000101000000110001001',,,0.19014084507042253
'000100000011001000000110000000000000000000100010010000000010110100001001',,,0.14084507042253522
'111001111100110111111001111111111111111111000101101111110101001011110110',,,0.16901408450704225
'010110100000001000000110000110010111100000111110010000000110110100001001',,,0.20422535211267606
'111101111111110111111011011111111111111111100101101111011101111011110110',,,0.09859154929577464
'111101111000110001111011100111101000001111111001101111110001111011110110',,,0.14084507042253522
'000000000011001110101100011000010111110000011110010010001100000100001001',,,0.176056338028169
'101101110011110111001011011001101000011111111001101101111011111011110110',,,0.13380281690140844
'111111110000110111000011011111101000011111111011100101111011111001110110',0.0002,0.0,0.13380281690140844
'000100000111001000000110000110000000000000111010010000001010110100001001',,,0.18309859154929578
'010000000000001110000100100110010111100000000110010000010110000100001001',0.00013333333333333334,4.7140452079103176e-5,0.1267605633802817
'011010001100000000111100011000000000010000011000011010000001000111010100',,,0.2323943661971831
'000000001000001110111100100000000000000000011000011010101000000110001001',,,0.16901408450704225
'011010001100000000111100100000000000000000011000011010100001000110010101',0.0001,0.0,0.16901408450704225
'010000101000001000111100000110010111100000000100011010000100000010001001',,,0.15492957746478872
'101111111111110111111011011111101000011111100001101111111001111011110110',0.00016666666666666666,9.428090415820633e-5,0.09859154929577464
'111111111100110001111011111111111111111111100101101111110101111011110110',0.00013333333333333334,4.7140452079103176e-5,0.09154929577464789
'001110000111000001000110000000010111100000100110010000100111111100010101',0.00013333333333333334,4.714045207910317e-5,0.2605633802816901
'111111110011110001000011111001111111111111111111100101001111111001110110',,,0.176056338028169
'010001100011001000000100000111000000000111011010010000001010000000001001',,,0.1619718309859155
'000110000000001110000110000000000000000000111010010000001010110100001001',0.0001,0.0,0.16901408450704225
'011101010111110111000111100110111111101011111111100101111111111100010111',,,0.18309859154929578
'010000001011001000111100111000010111110000011100011010001100000011001000',,,0.24647887323943662
'111101110011110111000011111111111111111111100111100101111111111001110110',,,0.11267605633802817
'000000001100001000111100111000010111110000000100011010000100000110001001',,,0.14788732394366197
'111101110000110111000011011001111111111111111111100101111111111001111110',,,0.1619718309859155
'010000100011001000000100011110000000010000000010010000000010000001001000',,,0.176056338028169
'101101110111110111000011000111101000001111111011100101111011111000110111',0.00016666666666666666,4.714045207910317e-5,0.20422535211267606
'010010000011001000000100011000010111110000000110010000000110000101001000',,,0.16901408450704225
'010000001011001000111100011000010111110000000100011010000100000111001000',0.00013333333333333334,4.714045207910317e-5,0.20422535211267606
'001000001111000000111100100000000000000000000000011010100001000110010101',,,0.176056338028169
'111111111011110111111011111001111111111111100101101111111101111011110110',,,0.07746478873239436
'000000001000001000111100000110010111100000011100011010100100000110001001',,,0.1619718309859155
'111101111111110001111011100001111111101111100101101111100101111010110111',,,0.18309859154929578
'101011111111110111111001111111101000011111011001101111111001001011110110',0.00016666666666666666,4.714045207910317e-5,0.1619718309859155
'010000001011001110111100100000010111100000000100011010001100000110001001',0.0001,0.0,0.1619718309859155
'101101110111110001000011111001111111111111111111100101001111111001110110',,,0.19014084507042253
'000110000000001000000110011110000000010000100010010000000010110100001001',,,0.1619718309859155
'000010001011101000111100100000000000000000011000011010101000000110001001',,,0.19014084507042253
'011001011111000000111100100000000000000011011001111010101001000110010101',,,0.21830985915492956
'100111110011111111000011111001111111111111111111100101011110111001101010',0.00016666666666666666,4.714045207910317e-5,0.16901408450704225
'111101111011110111111011111001101000011111111001101111111001111011110110',,,0.09154929577464789
'111111110111110001000011011111111111111111100111100101110111111001110110',0.0001,0.0,0.14084507042253522
'101110101000110111111011011001111111111100100100101111110101111011110110',,,0.14788732394366197
'000010000111001000000100000000000000000000011010010000101010000100001001',,,0.13380281690140844
'001011011111110110111000100110000000001011011001111010111001000110010111',,,0.2323943661971831
'111111110111110001000011111001101000011111100011100101100011111001110110',0.00013333333333333334,4.714045207910317e-5,0.14084507042253522
'111101110111110111000011011111101000011111100011100101111011111001110110',,,0.13380281690140844
'011000001111000000111100100000000000000000000000011010100001000110010101',,,0.1619718309859155
'010100101000001111111110000000010111100000100100011010000100111010001001',,,0.2605633802816901
'010000000000001110000100000110010111100000011110010000011110000100001001',,,0.11267605633802817
'000100000000001000000110000110010111100000111110010000000110110100001001',0.00019999999999999998,8.16496580927726e-5,0.176056338028169
'010010001000001110111100000000000000000000011000011010101000000110001001',0.00016666666666666666,4.714045207910317e-5,0.18309859154929578
'101111111011110111111011100111111111101111100101101111011101111010110111',,,0.1619718309859155
'000000000000001000000100011000010111110000000110010000000110000100001001',,,0.09154929577464789
'111101111011110111111011000111101000001111111001101111011001111011110110',,,0.14084507042253522
'000110000111001000000110100110000000000000111010010000001010110100001001',,,0.18309859154929578
'000010000000001000000100000000000000000000011010010000000010000100001001',0.0002666666666666666,4.714045207910315e-5,0.06338028169014084
'011010001100000000111100000110000000000000000000011010100001000110010101',,,0.176056338028169
'111011110100110001000001111111101000011111011011100101100011001001110110',,,0.2112676056338028
'101101110100110111000011000111101000001111100011100101110011111000110111',,,0.23943661971830985
'111110110100010001000011111001111111111100100111100101000111111001110110',,,0.20422535211267606
'010010001011101110111100000110000000000000000000011010011000000110001011',,,0.18309859154929578
'010100000111001110000110000000000000000000111010010000011010110100001001',,,0.18309859154929578
'111111110100110001000011111111111111111111100111100101110111111001110110',0.0001,0.0,0.13380281690140844
'111101110111110111000011011001101000011111100011100101111011111001110110',,,0.14788732394366197
'101101111000110001111011000111111111101111111101101111110101111011110110',,,0.14084507042253522
'101101110111110111000011011001111111111111111111100101011111111101110110',,,0.16901408450704225
'111101111111110111111011100001111111101111111101101111111101111011110110',,,0.09154929577464789
'010000001011001000111100000000000000000000011000011010001000000110001001',,,0.14788732394366197
'101111111011110111111011000111111111101111100101101111111101111010110111',,,0.14084507042253522
'100101111011111111111011100111101000001111111001101111011000111010101011',,,0.23943661971830985
'110100000000110111000011111111101000011100100010000101010010111101100110',,,0.2605633802816901
'011001011100110110111000100000000000001011011001111010111001000110010111',,,0.23943661971830985
'111111110011110001000011011001101000011111100011100101100011111001110110',,,0.15492957746478872
'111101111000110001111011111111101000011111100001101111010001111011110110',,,0.14084507042253522
'101101110100110001000011011111101000011111111011100101110011111001110110',,,0.16901408450704225
'010000001011001000111100000110010111100000011100011010101100000110001001',0.00023333333333333336,0.00012472191289246472,0.18309859154929578
'111101110100110111000011011001101000011111111011100101011011111001110110',0.00016666666666666666,4.714045207910317e-5,0.176056338028169
'010010001000001000111100011000000000010000011000011010000000000111001000',,,0.19014084507042253
'111111111100110111111011011001111111111111111101101111111101111011110110',,,0.07746478873239436
'000100000000001110000110100110010111100000111110010000011110110100001001',,,0.176056338028169
'111101111011110111111011111111111111111111100101101111111101111011110110',,,0.07042253521126761
'110111111000111111011011111111111111111111111111101101011110111011101010',,,0.176056338028169
'101101110011110111000011011001101000011111111011100101111011111001110110',,,0.14084507042253522
'010110001011001000111110000110000000000000100000011010000000110110001001',0.00013333333333333334,4.7140452079103176e-5,0.19014084507042253
'111111111100110111111011111111101000011111111001101111011001111011110110',0.00023333333333333333,4.714045207910315e-5,0.1056338028169014
'000000000100001000000100100110010111100000000110010000100110000100001001',0.00013333333333333334,4.7140452079103176e-5,0.11971830985915492
'111011110000110001000001100111111111101111011111100101100111001001110110',,,0.2535211267605634
'011111010100110001000011000000101000001011111011100101100011111100110111',,,0.24647887323943662
'000010001000001000111100011000000000010000011000011010100000000111001000',,,0.20422535211267606
'000110001111001000111110000110000000000000111000011010001000110110001001',0.0001,0.0,0.20422535211267606
'111101111111000001111011111001111111110111100101101111100101111011110100',,,0.1619718309859155
'111101111111110001111011000001101000001111111001101111001001111010110111',,,0.21830985915492956
'101111110100010001000011111111111111111111111111100101110111111001110100',,,0.1619718309859155
'101011110100110001000001111001111111111111000111100101100111001001110110',,,0.20422535211267606
'010000000011001000000100111110000000010000011010010000001010000100001001',,,0.14084507042253522
'111011111100110001111001000001101000001111011001101111000001001011110110',,,0.2323943661971831
'010010000000101110000100100000010111100000011110010000001110000100001011',,,0.14084507042253522
'000010000011001110000100111000000000010000011010010000101010000101001000',,,0.20422535211267606
'110111110011111111000011100111111111101111100111100101111110111000101011',,,0.23943661971830985
'000000001011001110111100111110010111110000000100011010111100000110001001',,,0.20422535211267606
'111011111011110001111001000001101000001111000001101111100001001011110110',,,0.2112676056338028
'010000000011001000000100011000000000010000011010010000001010000101001000',,,0.176056338028169
'000000000000001000000100000000010111100000011110010000100110000100001001',,,0.1056338028169014
'010110001100001110111110000000010111100000100100011010000100110110001001',,,0.19014084507042253
'111101111100110001111011100111111111101111111101101111010101111011110110',,,0.15492957746478872
'011001111111110001111000011001000000011111011001101111101001001011110110',,,0.2323943661971831
'101111110100110111000011011001101000011111111011100101011011111001110110',,,0.18309859154929578
'111111111111110001111011000111101000001111111001101111111001111011110110',,,0.11267605633802817
'000000101000001000111100000001000100100100011000011010000100000010001001',,,0.13380281690140844
'010110001000001110111110100110010111100000100100011010110100110110001001',,,0.24647887323943662
'010010001100001000111100000110000000000000000000011010000000000110001001',0.0001,0.0,0.11267605633802817
'101101110100110111000011111001101000011111100011100101010011111001110110',0.00016666666666666666,4.714045207910317e-5,0.19014084507042253
'111111110111110001000011100111111111101111111111100101011111111000110111',,,0.19718309859154928
'101111110111110111000011011001101000011111111011100101111011111001110110',0.0002666666666666666,4.714045207910315e-5,0.14084507042253522
'101111110100000001000010100001000000000111111011100001100011111000110101',,,0.29577464788732394
'111011111100110111111001111111101000011111011001101111111001001011110110',,,0.1619718309859155
'000000000011001000000100111110010111110000011110010000001110000101001000',0.0001,0.0,0.176056338028169
'100001110011111110000001111111111111111111000111100101011110000001101010',,,0.2112676056338028
'000000000111001110000100111110010111110000000110010000011110000100001001',,,0.14084507042253522
'101001110111110111000001011001101000011111011011100101011011001001110110',,,0.2323943661971831
'101101111000110001111011011111101000011111100001101111110001111011110110',0.0001,0.0,0.11971830985915492
'000010001011001110111100111110000000010000011000011010111000000111001000',,,0.24647887323943662
'111001111011110001111001111111101000011111000001101111100001001011110110',,,0.18309859154929578
'011001010100000000000100111110000000010011000011110000100011000101010100',,,0.2535211267605634
'111111111111110111111011100001111111101111100101101111111101111011110110',,,0.09859154929577464
'111011111111110111111001011001111111111111011101101111111101001011110110',,,0.14788732394366197
'111111111100110001111011111001101000011111111001101111000001111011110110',,,0.1267605633802817
'110111111011111001111011000111111111101111111101101111001100111011101010',,,0.21830985915492956
'111101110111110001000011111001111111111111100111100101000111111001110110',,,0.18309859154929578
'010010001000001000111100000110000000000000000000011010000000000110001001',,,0.11971830985915492
'101111111111110111111011000111101000001111100001101111011001111110110111',,,0.2112676056338028
'000010000111001110000100100000010111100000000110010000001110000100001001',,,0.11971830985915492
'010000000011001000000100000110010111100000011110010000101110000100001001',,,0.14084507042253522
'000100000011001110000110000000010111100000111110010000011110110100001001',,,0.16901408450704225
'101111110100110111100011000111101000001111100011100101110001111001110110',,,0.19718309859154928
'000100001011001110111110100110000000000000111000011010011000110110001001',,,0.19718309859154928
'101101111011110111111011011001101000011111111001101111011001111011110110',,,0.1267605633802817
'000010000000001110000100111110010111110000000110010000010110000100001001',,,0.14788732394366197
'001011010100111110000100000110000000001011011011110000011011000100011011',,,0.2112676056338028
'010010000100111110000100100110000000000000011010010000011010000100001011',,,0.176056338028169
'000110001011001110111110100000000000000000111000011010011000110110001001',,,0.20422535211267606
'111111110000110111000011000111101000001111111011100101111011111000110111',,,0.20422535211267606
'000011001011111110111100100110010111100001000100011010111100000110001011',,,0.23943661971830985
'111010101000100000111000111001100000010100011000001010000001001011110110',,,0.29577464788732394
'001001011100110110111000000000000000001011011001111010111001000110010111',,,0.2605633802816901
'101011110111110111000001111111111111111111011111100101111111001001110110',,,0.16901408450704225
'010000001011001000111100100110000000000000000000011010100000000110001001',0.00013333333333333334,4.714045207910317e-5,0.1619718309859155
'000000000100001110000100000110000000000000000010010000010010000100011001',,,0.11971830985915492
'010010001100001000111100000110010111100000000100011010100100000110001001',0.00016666666666666666,9.428090415820633e-5,0.1619718309859155
'101101110111110111000011111001101000011111100011100101111011111001110110',0.0002,0.0,0.15492957746478872
'010000000000001110000100111000010111110000011110010000101110000100001001',,,0.176056338028169
'111111111111110001111011000001101000001111100001101111100001111010110111',,,0.176056338028169
'000010000100001110000100111110000000010000000010010000110010000100001001',,,0.176056338028169
'010010001011001110111100000000010111100000011100011010001100000110001001',0.00013333333333333334,4.714045207910317e-5,0.1619718309859155
'010010001000001000111100111110000000010000011000011010000000000111001000',,,0.2112676056338028
'010000001011001000111100000110000000000000000000011010000000000110001001',,,0.1267605633802817
'101011111011110110111001011111111111111111011101101111111101001011110110',,,0.15492957746478872
'101101111111110001111011111111101000011111100001101111110001111011110110',0.00016666666666666666,4.714045207910317e-5,0.11971830985915492
'111101111011110001111011000001111111101111100101101111100101111011110110',,,0.15492957746478872
'101011111100110110111001011001101000011111000001101111110001001011110110',,,0.21830985915492956
'101101111011110111111011011111101000011111100001101111111001111011110110',,,0.09859154929577464
'111101110111110001000011100001111111101111100111100101100111111001110110',0.0001,0.0,0.18309859154929578
'000010000100001000000100100000010111100000000110010000100110000100001001',,,0.11267605633802817
'000010000011001110000100111000000000010000000010010000001010000100001001',,,0.13380281690140844
'000000001111001110111100011110000000010000011000011010111000000110001001',,,0.19718309859154928
'101001111100110111111001011001101000011111000001101111010001001011110110',,,0.22535211267605634
'000000000100001000000100100110010111100000011110010000100110000100001001',,,0.13380281690140844
'000010000000001110000100000110010111100000011110010000011110000100001001',0.0002,8.16496580927726e-5,0.1056338028169014
'111111110100110001000011100001111111101111100111100101100111111001110110',,,0.1619718309859155
'010100000111001000000110100000010111100000100110010000000110110100011001',,,0.19014084507042253
'000100001111001110111110100000010111100000100100011010111100110110001001',,,0.2535211267605634
'101101110111110111000011111111111111111111100111100101111111111001110110',,,0.11971830985915492
'011000000100000110000100111110000000010000000010010000110011000101010100',,,0.2323943661971831
'111011111111110111111001111111101000011111000001101111111001001111110110',,,0.176056338028169
'010010001011001110111100000110010111100000000100011010111100000110001001',,,0.19014084507042253
'110111110011111001000011100001101000001111111011100101001010111000101011',,,0.2887323943661972
'101011111111110111111001011111101000011111000001101111011001001011110110',,,0.2112676056338028
'000000000000001000000100111110010111110000000110010000000110000100001001',0.0001,0.0,0.11267605633802817
'110001111011111110111001011111111111111111000101101111111100000111101010',,,0.24647887323943662
'101101111100110111111011011001101000011111100001101111110001111011110110',,,0.1267605633802817
'101101111100110001111011011111111111111111111101101111110101111011110110',0.00013333333333333334,4.714045207910317e-5,0.11971830985915492
'111101110000110111000011011111111111111111100111100101110111111001110110',,,0.15492957746478872
'101101110111110001000011100001111111101111111111100101001111111001110110',,,0.21830985915492956
'111101110000110111000011000111111111101111111111100101111111111001110110',,,0.14788732394366197
'001110000100000111000110000000010111100000100110010000110111111100010101',,,0.2605633802816901
'110100101000111001111011000111101000000100111000001111000000111010101011',,,0.2746478873239437
'011010001100000000111100011110010111110000000100011010100101000111010100',,,0.2676056338028169
'111101110111110001000011111111101000011111111011100101111011111001110110',,,0.1267605633802817
'110100000100001000000110011000110111110000111110010100000110110101101000',,,0.23943661971830985
'000100000000001110000110000000010111100000111110010000011110110100001001',,,0.18309859154929578
'010010001011111000111100000000010111100000011100001010001100000110001011',,,0.20422535211267606
'010110001011001110111110000000000000000000100000011010011000110110001001',,,0.22535211267605634
'000000001011001000111100111000010111110000011100011010001100000111001000',,,0.21830985915492956
'101111111100110111010011011001101000011111100001100111110011111001110110',,,0.176056338028169
'011010000100000000000100011110000000010000000010010000100011000100010101',,,0.19014084507042253
'101101110111110111000011111001101000011111100011100101011011111001110110',,,0.18309859154929578
'011100000100000111000110011110010111110000100110010000110111111100010101',,,0.2676056338028169
'011011011100110110111001011110101000011011011001101111111001000111110110',,,0.21830985915492956
'101111111111110001000011011001111111111111111111100101001111111001110110',,,0.19014084507042253
'111001110000110001000001111001101000011111011011100101000011001001110110',,,0.22535211267605634
'101111111111110111111011111001111111111111111101101111011101111011110110',,,0.09859154929577464
'101011110000110001000001111111111111111111000111100101000111001001110110',,,0.23943661971830985
'001010001100000110111100011000000000010000000000011010100001000111000100',,,0.2323943661971831
'111001110011110001000001111111101000011111011011100101111011001001110110',,,0.19014084507042253
'010110001011001000111110000110010111100000100100011010000100110110001001',,,0.2112676056338028
'010010001000001110111100111110000000010000000000011010010000000110001001',,,0.19718309859154928
'100111111000111111111011100001101000001111111001101111001000111010101011',,,0.2605633802816901
'010000001011001110111100111110010111110000000100011010011100000111001000',,,0.2323943661971831
'101111111111110001111011111001111111111111100101101111100101111011110110',,,0.11971830985915492
'000010001100001110111100100000000000000000000000011010000000000110001001',,,0.11971830985915492
'000000001111001000111100000000010111100000011100011010101100000110001001',0.00013333333333333334,4.7140452079103176e-5,0.176056338028169
'011111010111000001000110000110000000001011111011110000011011111100010101',,,0.2535211267605634
'110111110011111001000011100111111111101111111111100101001110111000101011',,,0.2676056338028169
'010000000000001000000100100110010111100000011110010000000110000100001001',0.00016666666666666666,4.714045207910317e-5,0.11267605633802817
'000100000011001110000110100000010111100000100110010000011110110100001001',,,0.19014084507042253
'101101111111110001111011100111101000001111111001101111111001111010110111',,,0.16901408450704225
'010010000000001000000100000000010111100000011110010000100110000100001001',0.00019999999999999998,8.16496580927726e-5,0.1267605633802817
'101111111000110001010011100111101000001111100011101101010011111010110111',,,0.2535211267605634
'101111111111110111111011000001111111101111111101101111111101111010110111',,,0.14788732394366197
'010010000000001110000100111000010111110000011110010000101110000101001000',,,0.22535211267605634
'010001001011001000111100000000010111100000011100011010101100000110001001',,,0.20422535211267606
'000000001100001000111100011110010111110000000100011010100100000110001001',,,0.18309859154929578
'111101111111110001111011000111101000001111100001101111010001111011110110',,,0.16901408450704225
'110111110011111111000011111111111111111111111111100101011110111001101010',0.00016666666666666666,4.714045207910317e-5,0.16901408450704225
'011110000100000111000110100110000000000000100010010000110011111000010101',,,0.2323943661971831
'010100001000001000111110100000010111100000100100011010100100110110001001',,,0.22535211267605634
'111001110100110001000001011111101000011111000011100101100011001001110110',,,0.19718309859154928
'010010000100001000000100000000000000000000011010010000000010000100001001',0.0001,0.0,0.07042253521126761
'011000001100000000111100011110000000010000000000011010100001000111010100',,,0.22535211267605634
'111101110111110001000011111001111111111111111111100101101111111001110110',,,0.14788732394366197
'111101110111110111000011100111101000001111111011100101111011111000110111',0.0001,0.0,0.18309859154929578
'010000001111001110111100111000000000010000000000011010101000000110001001',,,0.20422535211267606
'000110000000001110000110100110000000000000100010010000110010110100001001',,,0.19718309859154928
'010110000111001000000110000110000000000000100010010000000010110100001001',,,0.15492957746478872
'101111110100110111000011000111101000001111100011100101010011111001110110',,,0.21830985915492956
'010000000000001000000100100110000000000000011010010000000010000100001001',,,0.09154929577464789
'111111111100110001111011100001111111101111100101101111100101111010110111',,,0.1619718309859155
'110100101000001001111011011001111111110100100100001111000100111011101000',,,0.21830985915492956
'111111111111110111110011011001101000011111100011100101111001111011110110',,,0.14788732394366197
'010000000011001110001100100110000000000000011010010000111010000100001001',,,0.18309859154929578
'000001001011111110111100100000010111101000000100011010101100000110001011',,,0.2323943661971831
'000000000100001000000100011110010111110000011110010000100110000100001001',,,0.15492957746478872
'010100000011001000000110100110000000000000111010010000101010110100001001',,,0.22535211267605634
'101011111011110001111001100111101000001111011001101111111001001011110110',,,0.19718309859154928
'111101111100110001100011000111111111101111100111100101110101111001110110',,,0.18309859154929578
'100101111011111111111011100001111111101111100101101111011100111011101010',,,0.20422535211267606
'001011011111000000111100111000000000010011011001111010001001000111010100',,,0.29577464788732394
'101111110111110111000011100111101000001111111011100101111011111000110111',,,0.19014084507042253
'101111110000110111000011011111111111111111111111100101011111111001110110',,,0.14084507042253522
'110001110011111110000001111111101000011111000011100101011010000001101010',,,0.2605633802816901
'101111111111110111111011000111111111101111111101101111111101111011110110',0.0001,0.0,0.09154929577464789
'111101110100010111000011100001101000001111100011110101010011111000010111',,,0.2746478873239437
'010011010100111110000100100110010111101011011111110000111110000100000011',,,0.21830985915492956
'101001110111110000000001011111111111111111000111100101110111000101110110',,,0.2676056338028169
'111111110100110001000011000001101000001111111011100101100011111001110110',,,0.176056338028169
'010010001100001000111100000000010111100000000100011010100100000110001001',0.00016666666666666666,4.714045207910317e-5,0.14788732394366197
'001010001111000000111100000110000000000000000000011010110001000110010101',,,0.21830985915492956
'110111110000111111000011000001111111101111111111100101101110111000101011',0.00013333333333333334,4.7140452079103176e-5,0.2605633802816901
'111101110111110111000011111001101000011111111011100101011011111001110110',0.0001,0.0,0.15492957746478872
'010100001000001110111110100000000000000000100000011010000000110110001001',,,0.19014084507042253
'010010001000001110111100111110000000010000011000011010011000000111001000',,,0.24647887323943662
'010100001100001110111110100000000000000000100000011010000000110110001001',,,0.18309859154929578
'111101110011110111000011000111101000001111100011100101011011111001110110',,,0.19718309859154928
'111101111100110111111011100111111111101111100101101111110101111010110111',,,0.16901408450704225
'000000001100001000111100011110000000010000011000011010000000000111001000',,,0.19014084507042253
'101101110111110111000011100001101000001111100011100101111011111000110111',,,0.22535211267605634
'011000001100000000111100100000000000000000011000011010100001000110010101',,,0.1619718309859155
'111001110000110001000001000111111111101111011111100101100111001001110110',,,0.2535211267605634
'101111111100110001111011000111111111101111100101101111010101111011110110',,,0.16901408450704225
'111110000100000001000111111001111111110000111110000101000111111101110100',,,0.24647887323943662
'000000001000001110111100100000000000000000011000011010001000000110001001',0.00016666666666666666,4.714045207910317e-5,0.14084507042253522
'010010000011001000000100011110000000010000011010010000101010000100001001',,,0.16901408450704225
'010000101011001000111100111111010111110100000100001011000100000011101000',,,0.28169014084507044
'111111111100110001111011000001101000001111100001101111000001111010110111',,,0.19014084507042253
'111101110111110111000011100111101000001111100011100101111011111000110111',,,0.19718309859154928
'001100000100000001000110000000010111100000100110010000100111111000010101',,,0.2676056338028169
'101111111011110001111011100111111111101111100101101111010101111010110111',,,0.19718309859154928
'111110101100110111111011011001101000011100100001101111010001111011110110',,,0.1619718309859155
'101011110111110111000001011111101000011111011011100101011011001001110110',,,0.22535211267605634
'000001001011001000111100100000000000000011011000011010101000000110001001',,,0.19718309859154928
'111111110011110111000011100111111111101111111111100101011111111000110111',,,0.19014084507042253
'100001111011111000111001011001101000011111011001101111001000000011101010',,,0.23943661971830985
'010010000000001110000100011110010111110000000110010000010110000100001001',,,0.15492957746478872
'111001110011110001000001111111111111111111000111100101010111001001110110',,,0.2323943661971831
'011100000111000001000110100110000000000000100010010000010011111100010101',,,0.23943661971830985
'010010000000001000000100100110010111100000000110010000000110000100001001',0.00013333333333333334,4.714045207910317e-5,0.1056338028169014
'010000001000001110111100100110010111100000011100011010011100000110001001',,,0.1619718309859155
'101101110011110001000011011111101000011111100011100101110011111001110110',,,0.1619718309859155
'100011110011111000000001111111111111111111011111100101101110000001101010',,,0.24647887323943662
'111101111111110111111011100001111111101111100101101111111101111011110110',,,0.1056338028169014
'111101110100110001000011100001101000001111111011100101000011111001110110',,,0.20422535211267606
'011100001100000001111110000110000000000000100000011010110001111110010101',,,0.2323943661971831
'100011111000111110111001111111111111111111011101101111111100000011101010',,,0.2323943661971831
'000000001100001110111100111110010111110000000100011010010100000111001000',,,0.2323943661971831
'000010000011001000000100100110010111100000000110010000000110000100001001',0.0002333333333333333,9.428090415820631e-5,0.1056338028169014
'111101111111110111111011011001101000011111100001101111011001111011110110',0.0002666666666666666,0.00012472191289246472,0.13380281690140844
'010010000111001000000100111000010111110000000110010000000110000100001001',,,0.1267605633802817
'010010000000001110000100011000010111110000000110010000000110000101001000',,,0.16901408450704225
'000110000011001000000110000000010111100000100110010000000110110100001001',,,0.15492957746478872
'101111110111110111000011011111111111111111100111100101111111111001110110',,,0.11971830985915492
'111001111000110001111001111001101000011111000001101111100001001011110110',,,0.15492957746478872
'111101111011110111111011100001111111101111111101101111111101111010110111',,,0.14084507042253522
'000001001011001000010100100110010111100001011110010000001110000110001001',,,0.14084507042253522
'000000001000001000111100000110000000000000011000011010100000000110001001',0.00013333333333333334,4.7140452079103176e-5,0.14084507042253522
'101111110100110001000011111111111111111111111111100101010111111001110110',0.0001,0.0,0.176056338028169
'000010001000001000111100000000000000000000000000011010000000000110001001',,,0.09154929577464789
'100101111011011001111011111001111111111111111101101111001100111011101010',,,0.20422535211267606
'001000001100000000111100011110010111110000000100011010100101000011010100',,,0.2887323943661972
'111101110100000111000011011111101000010111100011110101110011111001110100',,,0.19718309859154928
'000010001011001110111100000000010111100000000100011010001100000110001001',0.00023333333333333336,0.00012472191289246472,0.14788732394366197
'101101110111110001000011100111111111101111100111100101110111111001110110',,,0.18309859154929578
'000000000011101000000100000110010111100000011110010000101110000100001001',,,0.14084507042253522
'101111110000110001000011100111101000001111100011100101010011111001110110',,,0.20422535211267606
'010100101011101001111110100000010111100000100100011010000100110010001001',,,0.2605633802816901
'000010001000001110111100011000000000010000011000011010001000000110001001',,,0.16901408450704225
'110001111011111110111001011001111111111111011101101111101100000011101010',,,0.24647887323943662
'101111111111110111111011100111101000001111111001101111011001111011110110',,,0.13380281690140844
'000010000011101110000100000110010111100000011110010000111110000100001011',,,0.13380281690140844
'000000000000001000000100000000010111100000000110010000100110000100001001',,,0.09154929577464789
'101111110100110111000011100111111111101111100111100101010111111001110110',,,0.20422535211267606
'111011111011110001111001011111111111111111011101101111111101001011110110',,,0.15492957746478872
'101101110011110111000011011001101000011111100011100101111011111001110110',,,0.15492957746478872
'000100000100001110000110111110000000010000100010010000110010110100001001',,,0.23943661971830985
'100101111011111111111011100001101000001111100001101111011000111010101011',,,0.2676056338028169
'000000000100001110000100011110010111110000000110010000110110000100001001',,,0.16901408450704225
'111111110100110111000011111001111111111111111111100101011111111001110110',0.00016666666666666666,4.714045207910317e-5,0.14084507042253522
'111101111111110001111011100111101000001111111001101111011001111011110110',,,0.14084507042253522
'110111111011111111111011111111111111111111111101101111011100111011101010',,,0.15492957746478872
'111101111000110111111011111111101000011111111001101111111001111011110110',,,0.09154929577464789
'101011111000110111111001111001101000011111011001101111011001001011110110',,,0.2112676056338028
'011001000100000000000100000000000000000011000010010000100011000100010101',,,0.16901408450704225
'110001110011111110000001011001111111111111011111100101001110000001101010',,,0.2323943661971831
'111111111100110001111011100001101000001111111001101111100001111011110110',,,0.1267605633802817
'010010001011001110111100100110000000000000000000011010011000000110001001',0.00013333333333333334,4.7140452079103176e-5,0.176056338028169
'111100110111010001000011011001111111111110100111100101100111111001110100',,,0.19718309859154928
'111101111011010111111011011001111111111111100101101111111101111011110100',,,0.1056338028169014
'100101111011111001111011011111111111111111111101101111001100111011101010',,,0.18309859154929578
'010000000000001000000100000000000000000000011010010000000010000100001001',0.00013333333333333334,4.7140452079103176e-5,0.07042253521126761
'111111111011110111111011100001101000001111111001101111011001111011110110',,,0.14084507042253522
'001000000100000110000100100000000000000000000010010000110011000100010101',,,0.19014084507042253
'101100111111110001111011100001111111101100100101101111100101111010110111',,,0.22535211267605634
'111111110000110111000011111111101000011111100011100101110011111001110110',,,0.14788732394366197
'011001011111000000111100000000000000000011011001111010101001000110010101',,,0.22535211267605634
'010001000111111110000100100110010111101000000111010000111110000100001011',,,0.19718309859154928
'000100000011001000000110100000010111100000100110010000100110110100001001',,,0.19718309859154928
'111111111100110111111011111111101000011111111001101111111001111011110110',,,0.07746478873239436
'000010101000001000111000000111010111100100000100011010000100000010001001',,,0.16901408450704225
'111110100100000111000011011001101000010100100010010100010011111101110100',,,0.28169014084507044
'101101110100110001000011011111111111111111100111100101010111111001110110',0.00016666666666666666,9.428090415820633e-5,0.19014084507042253
'101111111100110111010011100001111111101111111111100101111111111011110110',,,0.15492957746478872
'101101111111110001000011111111101000011111111011100101011011111001110110',,,0.16901408450704225
'101110100100110111000011011001101000011100100011100101110011111001110110',,,0.19014084507042253
'111111011100110001111011000111101000001011100001101111110001111110110111',,,0.20422535211267606
'110001111011111110111001011111111111111111011101101111111100000011101010',,,0.21830985915492956
'111001110111110110000101011001111111111111000111100101111111000101110110',,,0.2605633802816901
'011011011111110110111000100110000000001011000001111010111001000110010111',,,0.2323943661971831
'110001111011111110111001111111111111111111000101101111011100000011101010',0.0002,0.0,0.22535211267605634
'010011000011001110000100100000000000000000011010010000001010000100001001',,,0.14084507042253522
'000100001000001000111110100110000000000000100000011010000000110110001001',,,0.176056338028169
'000000001011001110111100000110010111100000000100011010111100000110001001',0.0001,0.0,0.16901408450704225
'010000001011001000111100100000000000000000000000011010000000000110001001',0.00016666666666666666,4.714045207910317e-5,0.11971830985915492
'111101000111000001000111111000100000010001100010000101000011111101110100',,,0.2323943661971831
'001110110100010001000011000110001000001000111011110101110011111000010101',,,0.30985915492957744
'101101111100110001111011000111111111101111100101101111110101111011110110',,,0.14788732394366197
'100011111000111110111001111001111111111111011101101111001100000011101010',0.00013333333333333334,4.7140452079103176e-5,0.2323943661971831
'010010000000001000000100111110000000010000000010010000000010000100001001',,,0.11267605633802817
'111101110111110001000011011001101000011111111011100101001011111001110110',0.0001,0.0,0.19014084507042253
'101101110011110111000011111111101000011111111011100101011011111001110110',,,0.14788732394366197
'101111111100110111111011011001101000011111100001101111010001111011110110',,,0.14788732394366197
'111111110111110001000011111111101000011111111011100101011011111001110110',0.00013333333333333334,4.7140452079103176e-5,0.14788732394366197
'111111111011110111010011011001101000011111100011100101111011111011110110',,,0.14788732394366197
'010010000111001110000100011110000000010000000010010000111010000101001000',,,0.21830985915492956
'000100001100001000111110000110000000000000100000011010000000110110001001',,,0.176056338028169
'000010001111001110111100100000000000000000011000011010001000000110001001',,,0.15492957746478872
'111101110111110001000011000111101000001111100011100101110011111000110111',,,0.22535211267605634
'000110001011001110111110000110000000000000111000011010111000110110001001',,,0.2112676056338028
'111101110111110001000011000111101000001111111011100101111011111100110111',,,0.21830985915492956
'011011010111110110000100000000000000001011011011110000111011000100010111',0.0001,0.0,0.22535211267605634
'101101010111110001000011100111111111101011100111100101110111111100110111',,,0.2535211267605634
'010010000100001000000100011110000000010000011010010000000010000101001000',,,0.15492957746478872
'101111111111110111111011011001111111111111111101101111111101111011110110',,,0.07746478873239436
'010010000111001110000100100000010111100000000110010000101110000100001001',,,0.14788732394366197
'000011000100001110000100000110010111100001011110010000011110000100001001',,,0.13380281690140844
'101111111111110111111011100111111111101111111101101111111101111010110111',0.0001,0.0,0.1267605633802817
'101101101100000001011110000000100000000101111010011000000001111010010101',,,0.323943661971831
'101111110100110111000011011001111111111111100111100101010111111001110110',,,0.18309859154929578
'111101110011110111000011111001101000011111100011100101011011111001110110',0.0002,0.0001414213562373095,0.176056338028169
'101011001100110110111001111110100000011001000001001111110001000111110110',,,0.28169014084507044
'101101110111110111100011000111111111101111100101100111111101111000110111',,,0.20422535211267606
'101111110100010001000011011111101000011111100011100101010011111001110110',,,0.20422535211267606
'010010000000101000000100000110000000000000000010010000100010000100001001',,,0.11971830985915492
'101011111111110001111001011111101000011111011001101111111001001011110110',,,0.18309859154929578
'101101111100110001111011000111101000001111111001101111010001111011110110',,,0.18309859154929578
'000010001011001110111100100110010111100000011100011010011100000110001001',0.0001,0.0,0.14084507042253522
'101111110011110111000011000001101000001111100011100101111011111000110111',,,0.21830985915492956
'010100001000001000111110000000000000000000100000011010100000110110001001',,,0.19718309859154928
'111111111000110001111011111111101000011111111001101111010001111011110110',,,0.13380281690140844
'000010001111001000111100000110000000000000011000011010001000000110001001',,,0.14788732394366197
'111101110111110111000011100001111111101111111111100101111111111000110111',0.00013333333333333334,4.714045207910317e-5,0.176056338028169
'001010101111000001011100011000000000010100000000001011000011001011110100',,,0.2887323943661972
'110100101000001001111011111111111111110100111100001111000100111011101000',,,0.2535211267605634
'101111110011110111000011011001101000011111100011100101111011111001110110',,,0.14788732394366197
'010010001000001110111100000110000000000000011000011010011000000110001001',,,0.16901408450704225
'111101110111110001000011111111111111111111100111100101110111111001110110',,,0.14084507042253522
'010100001011001000111110100000010111100000100100011010100100110110001001',,,0.23943661971830985
'111111110000110111000011000111111111101111100111100101110111111001110110',,,0.176056338028169
'000000000000001000000100000000000000000000000010010000000010000100001001',,,0.04225352112676056
'010010001000001000111100000110010111100000011100011010100100000110001001',,,0.18309859154929578
'111101111011110001111011100001111111101111100101101111000101111011110110',,,0.176056338028169
'000000000111001000000100011000000000010000011010010000001010000101001000',,,0.16901408450704225
'111101111111110001111011011111101000011111100001101111110001111011110110',0.0002,8.16496580927726e-5,0.11267605633802817
'011001011111110110111000000110000000001011011001111010111001000110010111',,,0.21830985915492956
'110101111011111001111011000001111111101111111101101111001100111010101011',,,0.2535211267605634
'111111110111110111000011100001111111101111111111100101111111111001110110',,,0.1267605633802817
'010000001100001000111100011110010111110000000100011010100100000110001001',,,0.18309859154929578
'101111111111110001111011111111101000011111100001101111000001111011110110',,,0.15492957746478872
'101001111100110111111001111001101000011111011001101111111001001011110110',0.0002,0.0001414213562373095,0.18309859154929578
'001100001111000001111110111110000000010000100000011010110001111110010101',,,0.2535211267605634
'101101111011110111111011011111111111111111100101101111111101111011110110',0.00016666666666666666,4.714045207910317e-5,0.07746478873239436
'111101111100110001111011011001101000011111100001101111000001111011110110',,,0.1267605633802817
'111100001100000001111111111111101000011110111000001111110001111111110100',,,0.20422535211267606
'100111110000111111000011000001111111101111111111100101001110111001101010',,,0.21830985915492956
'000000000000001000000100000000000000000000011010010000100010000100001001',,,0.08450704225352113
'110110100011001001000111011111111111110100111110000101001110111001101000',0.0001,0.0,0.2605633802816901
'101101110011110111000011011111111111111111111111100101111111111001110110',,,0.1056338028169014
'000001001011111110111100100110010111101000011100011010111100000110001011',,,0.21830985915492956
'000100001000001001010110000000000000000000100010011000000010110010001001',,,0.19014084507042253
'111111111111110111111011111001111111111111100101101111011101111011110110',,,0.09859154929577464
'010110001000001000111110100110000000000000100000011010000000110110001001',,,0.18309859154929578
'000000000000001110000100100110010111100000000110010000110110000100001001',,,0.14084507042253522
'000000001000001000111100000110000000000000000000011010000000000110001001',,,0.09859154929577464
'010110001111001110111110100110010111100000111100011010011100110110001001',,,0.19014084507042253
'010001110011111110000000100111010111101111011111110000011110000000001011',,,0.19014084507042253
'011110001100000001111110100110010111100000111100011010110101111110010101',,,0.23943661971830985
'111101111111110111111011100001111111101111111101101111111101111010110111',,,0.13380281690140844
'100101110011111111000011100001101000001111111011100101011010111000101011',0.0001,0.0,0.2676056338028169
'010010001000001110111100000110000000000000000000011010010000000110001001',,,0.1619718309859155
'000011000000001110000100111000010111110000011110010000001110000100001001',,,0.1619718309859155
'111101111100110001111011011111101000011111111001101111110001111011110110',,,0.11267605633802817
'101011110100110111000001111111111111111111000111100101110111001001110110',,,0.21830985915492956
'001010000100000000000100100110000000000000000010010000100011000100010101',0.0002,8.16496580927726e-5,0.16901408450704225
'101011111100110001111001000111111111101111000101101111100101001011110110',,,0.22535211267605634
'010010000011001110000100011110010111110000000110010000011110000100001001',,,0.14788732394366197
'101101110111110111000011000001101000001111111011100101111011111001110110',,,0.176056338028169
'000100001011001001111110000110010111100000100100011010100100111010001001',,,0.2676056338028169
'101011111111110000111001011001111111111111000101101111100101001111110110',,,0.22535211267605634
'010000001000001000111100111110010111110000011100011010000100000110001001',,,0.18309859154929578
'101101110100110111000011011001111111111111100111100101110111111001110110',0.00016666666666666666,4.714045207910317e-5,0.1619718309859155
'000000001000001110111100111000010111110000000100011010000100000111001000',,,0.19718309859154928
'101111110100110001000011000111111111101111100111100101010111111001110110',,,0.2112676056338028
'000010100000001000000100100111010111100100000110010000100110000000001001',,,0.14788732394366197
'000000000111001000000100100000010111100000011110010000101110000100001001',,,0.14084507042253522
'010100000000001000000110011110000000010000111010010000000010110100001001',,,0.19718309859154928
'110001111000111110111001011111111111111111011101101111111100000011101010',,,0.2323943661971831
'101101111111110001111011100111101000001111111001101111111001111011110110',,,0.1267605633802817
'000000000011001110000100000000010111100000000110010000101110000100001001',,,0.1267605633802817
'000000001000001000111100100110010111100000000100011010100100000110001001',0.00013333333333333334,4.714045207910317e-5,0.15492957746478872
'000010000111101110000100111000010111110000000110010000101110000100001001',,,0.19014084507042253
'111011110100110111000001111001101000011111011011100101011011001001110110',,,0.2323943661971831
'100100101000001111111011011001111111110100100100001111000100111011101000',,,0.21830985915492956
'110100100011001001000111111001111111110100111110000101001110111001101000',0.0001,0.0,0.2746478873239437
'101101110100110111000011011001111111111111111111100101011111111001110110',,,0.16901408450704225
'111101110100110111000011011111111111111111100111100101010111111001110110',0.00013333333333333334,4.7140452079103176e-5,0.176056338028169
'111111110011110001000011011111101000011111111011100101011011111001110110',,,0.1619718309859155
'000011000100001000000100000000000000000001000010010000000010000100001001',,,0.07746478873239436
'101111110100110001000011011001101000011111100011100101100011111001110110',0.0002,8.16496580927726e-5,0.14788732394366197
'101101111000110111111011111111101000011111111001101111011001111011110110',,,0.11971830985915492
'000000001011001000111100000000010111100000000100011010100100000110001001',,,0.14788732394366197
'101111110100110001001011011111101000011111111011100101110001111001110110',,,0.15492957746478872
'000110000111001110000110011110000000010000100010010000011010110100001001',,,0.20422535211267606
'111111111011110111111011011001101000011111111001101111011001111011110110',0.00016666666666666666,4.714045207910317e-5,0.11971830985915492
'000000001011001110111100100110000000000000011000011010011000000110001001',,,0.14084507042253522
'000010000011001000000100011110000000010000000010010000100010000100001001',,,0.13380281690140844
'101101111100010001111011011001111111111111100101101111000101111011110100',,,0.1619718309859155
'000000000100001000000100000000000000000000011010010000100010000100001001',,,0.09154929577464789
'101111110100110001000011100111101000001111100011100101110011111001110110',,,0.18309859154929578
'110011110011101110000101111001111111110111011111010001001110000001001010',,,0.323943661971831
'111101110100110111000011111001101000011111111011100101111011111001110110',0.0002,0.0,0.14084507042253522
'010000001011001110111100100110010111100000011100011010011100000110001001',,,0.14788732394366197
'101111111000110111111011111111101000011111111001101111111001111011110110',,,0.08450704225352113
'001011111000110110010000000000000000001011000011110000110011000000010111',,,0.2746478873239437
'101111111011110001111011011111101000011111100001101111010001111011110110',,,0.14084507042253522
'101101110011110111000011100001101000001111100011100101111011111001110110',,,0.176056338028169
'010010001011001000111100100110000000000000011000011010101000000110001001',,,0.19014084507042253
'010100001011001000111110100000010111100000100100011010000100110110001001',0.00016666666666666666,9.428090415820633e-5,0.2112676056338028
'101011111100110001111001011001111111111111000101101111100101001011110110',,,0.18309859154929578
'111011111100110001111001011111101000011111000001101111000001001011110110',,,0.20422535211267606
'000010001011001110111100011110000000010000011000011010011000000110001001',,,0.16901408450704225
'110001111000111110111001000001111111101111011101101111001100000011101010',,,0.24647887323943662
'000010001011001000111100000110000000000000000000011010000000000110001001',0.00016666666666666666,4.714045207910317e-5,0.11971830985915492
'000000001000001110111100011110010111110000011100011010111100000110001001',,,0.19718309859154928
'111111110100110111000011011001111111111111100111100101110111111001110110',,,0.14084507042253522
'111100100100000111000011111001101000010100100010010100010011111001110100',,,0.28169014084507044
'110100111011111111111011100111101000001111100001101111011000111010101011',,,0.2887323943661972
'101111110000110111000011011111101000011111111011100101111011111001110110',,,0.13380281690140844
'000000001100001110111100011110010111110000000100011010110100000110001001',,,0.2112676056338028
'111101110000110001000011100001101000001111111011100101100011111001110110',,,0.18309859154929578
'111111111100110001111011100001111111101111111101101111100101111110110111',,,0.19014084507042253
'011001100100010000000000011000111111111111011111010100100111001001010100',,,0.34507042253521125
'111001111111110111111001100111101000001111011001101111111001001011110110',,,0.16901408450704225
'000000000011001000000100000000010111100000011110010000001110000100001001',,,0.09859154929577464
'111001111111110111111001111111101000011111000001101111111001001011110110',0.00013333333333333334,4.7140452079103176e-5,0.15492957746478872
'001001010111010110000100011110000000011011011011110000111011000101010100',,,0.2746478873239437
'001010011100010000111001011110111111111011011101111110100101000111010110',,,0.323943661971831
'101101111000110001111011000111101000001111111001101111110001111011110110',0.00013333333333333334,4.7140452079103176e-5,0.14788732394366197
'111101110111110111000011111001111111111111111111100101011111111101110110',,,0.14788732394366197
'000010001100001000111100011000000000010000000000011010100000000110001001',,,0.15492957746478872
'000010001000001110111100111110000000010000000000011010110000000110001001',,,0.2112676056338028
'101111110100110111000011000001101000001111111011100101111011111000110111',0.00013333333333333334,4.7140452079103176e-5,0.22535211267605634
'000010000111001000000100000000000000000000000010010000100010000100001001',0.00016666666666666666,4.714045207910317e-5,0.09859154929577464
'101101110000110001000011100111111111101111111111100101110111111001110110',,,0.176056338028169
'001010001100000000111100011000000000010000011000011010100001000111010100',,,0.24647887323943662
'101011110100110111000001111001111111111111000111100101110111001001110110',,,0.21830985915492956
'111101110100110001000011111001101000011111100011100101000011111001110110',,,0.1619718309859155
'101110100100000111000011011001111111111100100110100101110111111001110100',,,0.2323943661971831
'110000101000111110111001011111111111111100000100001111010100000011101010',,,0.2746478873239437
'101101111100110111111011000001101000001111100001101111110001111010110111',,,0.19718309859154928
'111001110111110111000001100001111111101111000111100101011111001001110110',,,0.2323943661971831
'010100001111001000111110011000000000010000111000011010001000110110001001',,,0.23943661971830985
'001001011111000000111100111000000000010011011001111010101001000110010101',,,0.2605633802816901
'101101111111110001111011111001101000011111100001101111100001111011110110',,,0.11971830985915492
'000010000000001110000100011110010111110000011110010000011110000101001000',,,0.176056338028169
'001001011111110110111000100000000000001011000001111010111001000110010111',,,0.2535211267605634
'010011011011101110111100000000010111100011000100011010111100000110001011',,,0.24647887323943662
'000011011011111110111100100110010111101011000100001011011100000110001011',,,0.28169014084507044
'111101111100110111111011100111111111101111111101101111111101111010110111',,,0.13380281690140844
'001010001100000110111100011000000000010000000000011010010001000111010100',,,0.2746478873239437
'111111111111110001111011111111101000011111100001101111110001111011110110',0.00016666666666666666,9.428090415820633e-5,0.09859154929577464
'010010000000001000000100000110010111100000011110010000100110000100001001',0.0002,0.0,0.14084507042253522
'011010001100000110111100000000000000000000000000011010110001000110010101',,,0.20422535211267606
'010010100011001110000100100001000000000100011010010000001010000000001001',,,0.14788732394366197
'101111110100110111101011011001111111111111111101100111111101111011110110',,,0.1267605633802817
'111101111100110001111011000111111111101111100101101111010101111010110111',,,0.20422535211267606
'101101010100110111000011100001101000001011100011100101010011111101110110',,,0.24647887323943662
'111111111111110111111011000001111111101111111101101111011101111011110110',,,0.11971830985915492
'101111111111110111111011111111101000011111100001101111111001111011110110',0.00016666666666666666,9.428090415820633e-5,0.09154929577464789
'101111110100110111000011100001111111101111111111100101111111111001110110',,,0.15492957746478872
'111111110111010001000011111111111111111111100111100101110111111001110110',,,0.14788732394366197
'111101110111110111000011000001111111101111100111100101111111111000110111',0.00013333333333333334,4.714045207910317e-5,0.19718309859154928
'010110001100001000111110000000010111100000111100011010000100110110001001',,,0.19014084507042253
'101101110100110111000011000111111111101111111111100101111111111001110110',,,0.15492957746478872
'000100001011001000111110100110010111100000111100011010101100110110001001',,,0.24647887323943662
'010000001011001110111100011110000000010000000000011010011000000110001001',,,0.19014084507042253
'000011001011101000111100100110010111100001011100011010101100000110001001',,,0.21830985915492956
'010000000100001000000100100000010111100000000110010000100110000100001001',0.00016666666666666666,9.428090415820633e-5,0.1056338028169014
'000010001000001110111100011110010111110000000100011010010100000111001000',,,0.22535211267605634
'111111111011110001111011111001101000011111111001101111101001111011110110',,,0.11267605633802817
'100000101000111110111001011111111111111100000100001111010100000011101010',,,0.2605633802816901
'111101111100110001111011111111101000011111111001101111010001111011110110',0.00016666666666666666,9.428090415820633e-5,0.13380281690140844
'011000000111000000000100111000010111110000000110010000100111000101010100',,,0.23943661971830985
'001000000100000000001100111000000000010000011000011010100011000111010100',,,0.2535211267605634
'111111110011110001000011111111111111111111100111100101110111111001110110',,,0.14084507042253522
'110000101000001110111000100001010111100100000100011010000100000110001001',,,0.16901408450704225
'001000001100000110111100111000010111110000000100011010110101000111010100',,,0.28169014084507044
'010000000111001000000100111000010111110000000110010000100110000100001001',,,0.14788732394366197
'101100110111110111000011011001101000011110111011100101111011111001110110',,,0.16901408450704225
'010000001000101000111100100110010111100000011100011010000100000110001011',,,0.16901408450704225
'000100000100001000000110111000010111110000111110010000000110110100001001',,,0.20422535211267606
'010000001000001000111100000110010111100000011100011010000100000110001001',0.0001,0.0,0.14788732394366197
'011110000100000111000110100000010111100000100110010000110111111100010101',,,0.23943661971830985
'101100110100000001000011011001111111110111111111100101100111111001110100',,,0.24647887323943662
'111011111000110111111001100111111111101111011101101111111101001011110110',,,0.176056338028169
'101011010100110110000001011001111111111011011111100101111111000101110110',,,0.2535211267605634
'101100100111000001000011011111101000010100100010010101010011111001110100',,,0.24647887323943662
'111011110111110001000001011001111111111111011111100101101111001001110110',0.0001,0.0,0.20422535211267606
'000011000011001000000100011000000000010000011010010000001010000001001000',,,0.20422535211267606
'101101111100110111111011011111101000011111111001101111011001111011110110',,,0.13380281690140844
'001100000100000001000110100000000000000000111010010000100011111100010101',0.0002,0.0001414213562373095,0.22535211267605634
'000110001011001000111110000110010111100000111100011010101100110110001001',,,0.2323943661971831
'000000001100001000111100000110010111100000000100011010100100000110001001',0.00023333333333333336,0.00012472191289246472,0.15492957746478872
'010000001100001000111100111000000000010000011000011010100000000111001000',,,0.2112676056338028
'101100100100110001000111100111101000001100111010000101110011111100110111',,,0.29577464788732394
'110000111000111110111001011111101000011111011001101111011000000011101010',,,0.2746478873239437
'111101111011110111111011011111101000011111100001101111011001111011110110',,,0.1267605633802817
'000000000011001000000100000000000000000000011010010000001010000100001001',,,0.09154929577464789
'100001110011111110000001011111111111111111000111100101011110000001101010',0.0001,0.0,0.20422535211267606
'000010000011001110000100000110010111100000011110010000111110000100001001',,,0.11971830985915492
'001000000100000000000100011000000000010000000010010000100011000100010101',0.0001,0.0,0.18309859154929578
'000000001011001110111100100000010111100000000100011010101100000110001001',0.00016666666666666666,4.714045207910317e-5,0.176056338028169
'010000001011101110111100000000000000000000011000011010001000000110001001',,,0.1619718309859155
'011010000100000000000100000110000000000000000010010000100011000100010101',0.00013333333333333334,4.7140452079103176e-5,0.1619718309859155
'101111111000110111111011100111101000001111111001101111011001111011110110',,,0.14084507042253522
'111101110111110001000011100111101000001111111011100101111011111000110111',,,0.19718309859154928
'101111110100110001000011111001101000011111111011100101000011111001110110',,,0.18309859154929578
'101001110100110111000001011111101000011111011011100101111011001001110110',,,0.20422535211267606
'101011111111110111111001100111101000001111000001101111111001001011110110',,,0.20422535211267606
'101111111100110111111011111111111111111111100101101111010101111011110110',,,0.13380281690140844
'101111110111110001000011011001111111111111100111100101000111111001110110',,,0.19718309859154928
'000010001011001110111100100000010111100000011100011010001100000110001001',0.00019999999999999998,8.16496580927726e-5,0.15492957746478872
'111111110011110111000011011111101000011111100011100101011011111001110110',0.00016666666666666666,4.714045207910317e-5,0.1619718309859155
'101111110111110001000011111111101000011111111011100101111011111001110110',0.00016666666666666666,4.714045207910317e-5,0.13380281690140844
'110110000011111111000010100111111111100100111111110100111110111100001011',,,0.28169014084507044
'001110001111000001111110111000000000010000100000011010100001111110010101',,,0.2323943661971831
'000000001100001110111100000000010111100000000100011010100100000110001001',,,0.15492957746478872
'101110110111110001000011011001111111111110100111100101100111111001110110',,,0.19014084507042253
'100101010000111111000011100111111111101011111111100101011110110100101011',,,0.2535211267605634
'111100110111000001000011111111111111110111111111100101101111111001100100',,,0.2323943661971831
'010010000011101000000100100110010111100000000110010000100110000100001001',,,0.1619718309859155
'010010000011001110000100100000010111100000000110010000101110000100001001',0.00016666666666666666,9.428090415820633e-5,0.15492957746478872
'000010000100001000000100100110000000000000011010010000000010000100001001',,,0.09154929577464789
'010010001000001000111100000110010111100000011100011010000100000110001001',,,0.15492957746478872
'001010001100000000100100011110000000010000011010010010100011000101010100',,,0.2746478873239437
'101011110011110111000001011111101000011111000011100101011011001001110110',,,0.2323943661971831
'001110000100000001000110000110010111100000111110010000100111111100000101',,,0.2605633802816901
'101100111100110001111011000111101000001100111001101111110001111011110110',,,0.18309859154929578
'101101111111110001111011111001111111111111100101101111000101111011110110',,,0.15492957746478872
'000010001000001000111100000110010111100000011100011010100100000110001001',0.0001,0.0,0.16901408450704225
'100111111000111111111011000001101000001111111001101111001000111010101011',0.00016666666666666666,4.714045207910317e-5,0.2535211267605634
'111011010111110000000101011110101000011011011011110100111011000101010110',,,0.2746478873239437
'010000000100001110000100011000010111110000000110010000000110000101001000',,,0.15492957746478872
'000110000011001000000110000110000000000000111010010000001010110100001001',,,0.16901408450704225
'010000000000001110000100111000000000010000011010010000101010000100001001',,,0.16901408450704225
'111111111111110111111011111001101000011111100001101111111001111011110110',,,0.09154929577464789
'100111110000111111000011100111111111101111111111100101011110111001101010',,,0.19718309859154928
'101111110000110111000011000001101000001111100011100101110011111001110110',,,0.18309859154929578
'110101111000111111111011000111111111101111111101101111011100111010101011',0.00013333333333333334,4.714045207910317e-5,0.22535211267605634
'000010001011001000111100000110000000000000011000011010001000000110001001',0.00023333333333333333,4.714045207910315e-5,0.14084507042253522
'101001111111110001111001011111101000011111000001101111100001001011110110',,,0.19718309859154928
'011000000100000000000100000000000000000000011010010000100011000100010101',0.0002,8.16496580927726e-5,0.15492957746478872
'000001000000001000000100000110010111100001011110010000100110000100001001',,,0.14084507042253522
'111111110100110001000011000001111111101111100111100101100111111001110110',,,0.16901408450704225
'011100110100000111000110000000000000001110100011110000110011111000010101',,,0.2746478873239437
'101001111100110111111001011111101000011111000001101111110001001011110110',,,0.19718309859154928
'101110111011010001111011000001111111101111100101101111000101111011110110',,,0.2112676056338028
'111011111011110001111001111111101000011111000001101111000001001011110110',,,0.21830985915492956
'101101110000110111000011000111101000001111100011100101110011111001110110',,,0.19014084507042253
'000010001011111110111100100110010111101000011100011010111100000110001011',,,0.20422535211267606
'000000000011001110000100100110010111100000011110010000011110000100001001',,,0.09154929577464789
'101111111000110111111011011111101000011111111001101111011001111011110110',,,0.11971830985915492
'101101111011110001111011100001101000001111100001101111100001111011110110',,,0.14084507042253522
'010010001011001110111100000110000000000000000000011010011000000110001001',,,0.16901408450704225
'011110000100000001000110000000000000000000100010010000000011111100010101',,,0.2112676056338028
'101101111000110001111011111001101000011111100001101111000001111011110110',,,0.1267605633802817
'111101111011110111111011111001111111111111100101101111111101111011110110',,,0.08450704225352113
'010110000000001110000110100000000000000000111010010000001010110100001001',,,0.19014084507042253
'101101111011110001111011011001101000011111100001101111100001111011110110',0.0001,0.0,0.11971830985915492
'001110001100000001111110100000010111100000100100011010100101111110010101',,,0.23943661971830985
'110101111011111001111011100111111111101111111101101111101100111010101011',,,0.2605633802816901
'001110011100110001111011000110001000001011100001101111010001111110110111',,,0.2676056338028169
'101001110000110110000001111001101000011111011011100101111011001001110110',,,0.21830985915492956
'110111110011111111000011100111101000001111100011100101011010111000101011',,,0.2746478873239437
'001110000100000001000110000000000000000000111010010000100011111100010101',,,0.22535211267605634
'111101110011110111000011111111101000011111100011100101111011111001110110',,,0.13380281690140844
'000001110011001000000000000001000000000111011011110000001010000000001001',,,0.18309859154929578
'101101111100110111111011000001111111101111111101101111111101111011110110',,,0.1267605633802817
'101001111111110001111001111111111111111111000101101111110101001011110110',,,0.18309859154929578
'111100110111110001000011111001111111111110100111100101100111111001110110',,,0.176056338028169
'010010000011001110000100011000000000010000011010010000001010000101001000',,,0.18309859154929578
'010000000011001110000100011000000000010000011010010000101010000101001000',,,0.20422535211267606
'000000000111001000000100000000000000000000011010010000001010000100001001',,,0.09859154929577464
'000010000000001000000100100000010111100000011110010000000110000100001001',0.00016666666666666666,9.428090415820633e-5,0.09154929577464789
'111101111100110001111011111111101000011111100001101111110001111011110110',,,0.1056338028169014
'111001111111110110111001111111101000011111000001111110111001001011010110',,,0.23943661971830985
'111110110000110111000011100111111111101111100111100101110111111001110110',,,0.19014084507042253
'100011110011111110000001111111111111111111011111100101011110000001101010',0.00016666666666666666,4.714045207910317e-5,0.20422535211267606
'101110110100110001000011111111111111111100111111100101110111111001110110',,,0.176056338028169
'010000000111001110000100111110010111110000000110010000011110000100001001',,,0.14084507042253522
'101111111000110001111011100001111111101111100101101111100101111011110110',,,0.1267605633802817
'011010000111000000000100100110000000000000000010010000110011000100010101',,,0.18309859154929578
'111101111011110001111011100111101000001111100001101111010001111011110110',,,0.16901408450704225
'010010000100101110000100000000010111100000011110010000001110000100001001',,,0.1267605633802817
'010000001011001000111100000000010111100000011100011010101100000110001001',,,0.18309859154929578
'111011110111110111101001011111101000011111011001101111011001001011110110',,,0.19718309859154928
'010110001011001110111110100110010111100000100100011010011100110110001001',0.0001,0.0,0.2112676056338028
'000011001011001000111100100000000000000001000000011010000000000110001001',,,0.13380281690140844
'010110001000001110111110100110000000000000100000011010010000110110001001',,,0.2112676056338028
'111011111100110111111001111111111111111111011101101111111101001011110110',0.00013333333333333334,4.7140452079103176e-5,0.14084507042253522
'000001001000001110111100100110000000000000011000011010011000000110001001',,,0.176056338028169
'011000001111000000011100111000000000010000000000011000100001000111010100',,,0.2323943661971831
'101101110011110001000011111111111111111111100111100101010111111001110110',,,0.176056338028169
'000010001111001110111100011110010111110000011100011010111100000110001001',,,0.19718309859154928
'011000001111000000000100000000000000000000000010010000100011000100010101',,,0.16901408450704225
'111101111011110111111011111111101000011111100001101111011001111011110110',,,0.11971830985915492
'101011111000110001111001011001101000011111011001101111100001001011110110',,,0.18309859154929578
'101111110000110111000011000001101000001111111011100101111011111001110110',,,0.176056338028169
'111101111000110001111011011111101000011111100001101111110001111011110110',,,0.11971830985915492
'010000000100001000000100000110010111100000000110010000000110000100001001',,,0.08450704225352113
'101111111000010001111011111111101000011111111001101111010001111011110110',,,0.14788732394366197
'010010001011001110111100000110000000000000011000011010111000000110001001',,,0.18309859154929578
'000000000111001110000100000000010111100000011110010000001110000100001001',,,0.1056338028169014
'010000001011001000111100000110000000000000011000011010101000000110001001',,,0.176056338028169
'111101110000110001000011100111101000001111100011100101110011111001110110',,,0.18309859154929578
'111010101111110111111001011111111111111100000101101111111101001011100110',,,0.19014084507042253
'101011011100110110111001011111101000011111000001101111110001001111110110',,,0.23943661971830985
'101000111000000001111001111001000000010111011001101011000001001011110100',,,0.28169014084507044
'111111111111110111111011100001111111101111111101101111111101111010110111',,,0.1267605633802817
'000011001011001000111100000000000000000011011000011010101000000110001001',,,0.19718309859154928
'010010000011001000000100011000000000010000011010010000001010000101001000',,,0.18309859154929578
'101111111111010001111111011111101000011111111001101111011001111011110110',,,0.18309859154929578
'000010100011001000000100100000000000000000000010010000000010000000001001',,,0.09154929577464789
'111101110100110111000011111001101000011111100011100101110011111001110110',,,0.14788732394366197
'111111110111110111000011111001101000011111100011100101111011111001110110',,,0.13380281690140844
'111101110100110111000011000001111111101111111111100101111111111000110111',0.00016666666666666666,4.714045207910317e-5,0.19718309859154928
'111101110111110111000011011001111111111111100111100101111111111001110110',0.00016666666666666666,9.428090415820633e-5,0.1267605633802817
'110001111011111110111001011111111111111111011101101111011100000111101010',,,0.21830985915492956
'111111110100110001000011011111111111111111100111100101010111111001110110',,,0.16901408450704225
'010010000011111110000100100110000000001000000011010000011010000100001011',,,0.18309859154929578
'010000001000001110111100011000000000010000000000011010000000000111001000',,,0.18309859154929578
'101111110111110001000011011111111111111111111111100101111111111001110110',0.0002,8.16496580927726e-5,0.11971830985915492
'110000101000001110111000111111010111110100000100011011010100000011101000',,,0.2746478873239437
'010010000000001000000100111110010111110000011110010000000110000001001000',,,0.20422535211267606
'010000001100001000111100000110000000000000011000011010000000000110001001',0.00013333333333333334,4.7140452079103176e-5,0.11971830985915492
'111101110111110111000111111111101000011111100011100101111011111001110110',,,0.15492957746478872
'010010000000001110000100100000010111100000011110010000101110000100001001',0.0001,0.0,0.15492957746478872
'000010001000001110111100111110010111110000000100011010110100000110001001',,,0.21830985915492956
'010010001000001000111100011110010111110000011100011010100100000111001000',,,0.2535211267605634
'000010000111001110001100111000010111110000011110010000001110000101001000',,,0.2323943661971831
'001011010111000000000100011000000000010011011011110000101011000100010101',,,0.2605633802816901
'011110110100110001000011100000111111100110100111110100100111111000010111',,,0.28169014084507044
'101101110011110111000011111111111111111111100111100101111111111001110110',,,0.11267605633802817
'010011010000001110000100111000000000010011011010010000001010000100001001',,,0.176056338028169
'000010000011001110000100100000010111100000000110010000001110000000001001',,,0.1267605633802817
'101111110100110001000011100001111111101111100111100101100111111000110111',,,0.21830985915492956
'101011111100110001111001111111101000011111011001101111100001001011110110',,,0.19718309859154928
'000000000011001000000100000110010111100000011110010000101110000100001001',,,0.1267605633802817
'111101111100110001111011011111101000011111111001101111010001111011110110',,,0.14084507042253522
'001000000100000000000100100000000000000000011010010000100011000100010101',,,0.1619718309859155
'010000001011001110111100111110000000010000000000011010011000000110001001',,,0.19718309859154928
'101111110111110111000011011111101000011111111011100101111011111101110110',,,0.14084507042253522
'010000100011001000000101111001010111110100000110000001000110000001101000',,,0.2605633802816901
'101101111111110111110011000001111111101111111101101111011101111000110111',,,0.22535211267605634
'111101110000110111000011000111101000001111100011100101010011111001110110',,,0.21830985915492956
'000000001011001110111100011000000000010000011000011010001000000110001001',,,0.1619718309859155
'111010111111110000111001111111111111111111000101101111110101000011110110',,,0.2323943661971831
'110101111011111001111011111111111111111111111101101111001100111011101010',,,0.20422535211267606
'000010001000001110111100000000010111100000000100011010100100000110001001',,,0.15492957746478872
'111001111011110111111001100111101000001111000001101111111001001011110110',,,0.19014084507042253
'001001010111110110000100111110000000011011011011110000111011000100010111',,,0.23943661971830985
'101101110111110111000011000111111111101111111111100101011111111001110110',,,0.16901408450704225
'011111010111110111000110000110000000001011111011110000111011111100010111',,,0.24647887323943662
'001100001111000001111110000000000000000000100000011010100001111110010101',0.0001,0.0,0.2323943661971831
'101111110000110111000011111111101000011111111011100101011011111001110110',,,0.15492957746478872
'001010000100000000000100011000000000010000011010010000100011000100010101',,,0.20422535211267606
'101001111111110110111001011001101000011111011001101111011001001011110110',,,0.21830985915492956
'010010000000001110000100000110010111100000000110010000010110000100001001',,,0.1267605633802817
'011110001100000001111110000000000000000000100000011010100001111110010101',0.00016666666666666666,4.714045207910317e-5,0.19718309859154928
'010110001111001000111110000110000000000000111000011010001000110110001001',,,0.20422535211267606
'011101110100000111000110100000000000000011111011110000111011111000010101',,,0.2746478873239437
'011000000100000110000100100110000000000000000010010000110011000100010101',0.00023333333333333333,4.714045207910315e-5,0.176056338028169
'000011000100001110000100100000000000000011011011010000001010000100001001',,,0.15492957746478872
'011110001100000111111110000110000000000000100000011010110001111110010101',,,0.22535211267605634
'111101110100110111000011111111111111111111100111100101110111111001110110',0.0002666666666666667,9.428090415820634e-5,0.14084507042253522
'101110111111000001111011111111101000011111111001101111111001111011110100',,,0.14788732394366197
'011010000111000000000100111000000000010000000010010000100011000100010101',,,0.18309859154929578
'011011010100110110000100111000000000011011011011110000111011000100010111',,,0.2605633802816901
'000001001000101110111100000110000000000001011000011010011000000110001001',,,0.18309859154929578
'010100000011001000000110100000010111100000111110010000001110110100001001',,,0.20422535211267606
'100100100011001001000111000001111111100100100110000001000110111000101001',,,0.29577464788732394
'111111111000110001111011011111111111111111100101101111110101111011110110',,,0.1056338028169014
'000010000011111110000100000110010111101000000110010000011110000100001011',,,0.15492957746478872
'111111111111110001010011000001101000001111111001101111101011111011110110',,,0.19014084507042253
'110110100011001001000110100001100000000100111010000000001010111000001001',,,0.2746478873239437
'000100001111001000111110111000000000010000100000011010000000110110001001',,,0.2112676056338028
'010000001100001000111100011110010111110000011100011010000100000110001001',,,0.16901408450704225
'110110111011111111111011100111101000001100100001101111011000111010101011',,,0.2887323943661972
'101101111011110111111011000001111111101111111101101111111101111010110111',,,0.14788732394366197
'010110001000001000111110000110000000000000100000011010000000110110001001',,,0.176056338028169
'111101111111110001111011111111111111111111111101101111111101111111110110',,,0.07746478873239436
'101011011111110110111001111001111111111111011101101111111101001111110110',,,0.19014084507042253
'111110110100110001000011011111111111111111111111100101110111111001110110',,,0.1619718309859155
'101011111011110001111001111001111111111111000101101111100101001011110110',,,0.18309859154929578
'010001001011101110111100111000010111110000000100011010101100000110001001',,,0.2535211267605634
'100010100011001110000100011111110111110100000110010000011110000001001000',,,0.20422535211267606
'000100001100001110111110100000010111100000100100011010000100110110001001',,,0.20422535211267606
'000010000000001110000100111000010111110000011110010000001110000100001001',,,0.14084507042253522
'101101110011110111000011100001101000001111111011100101011011111001110110',,,0.19014084507042253
'011001010100110110000100011000000000011011011011110000111011000100010111',,,0.2605633802816901
'101110101100110001111111100111111111101100111100001111110101111010110111',,,0.2535211267605634
'000000000100001110000100111000000000010000000010010000000010000101001000',,,0.14084507042253522
'100100010011111110000011000001111111101100100111110101011110111100101011',,,0.323943661971831
'000100000100001110000110000110000000000000111010010000011010110100001001',,,0.18309859154929578
'001011010000001000000000000000000000000011011011110000000010000100011001',,,0.18309859154929578
'101101111100110001111011111001101000011111100001101111100001111011110110',0.0003,8.164965809277261e-5,0.1056338028169014
'101011110111110111000001111001111111111111000111100101111111001001110110',,,0.19718309859154928
'111101110000110111000011000001111111101111111111100101011111111001110110',,,0.19014084507042253
'100101111000110111111011111111111111111111111101101111111100111111100110',,,0.13380281690140844
'101101111100110001111011000001101000001111100001101111100001111110110111',,,0.19718309859154928
'101011111111110111111001011111111111111111011101101111011101001011110110',,,0.176056338028169
'111011111011110111111001000111111111101111000101101111111101001011110110',0.0001,0.0,0.18309859154929578
'101110101100010111111011000000111111101000100100101111110101111010110111',,,0.2605633802816901
'111101111100110001111011111111111111111111111101101111110101111011110110',0.00016666666666666666,4.714045207910317e-5,0.09859154929577464
'101101110111110111000011000111101000001111100011100101111011111000110111',0.00013333333333333334,4.7140452079103176e-5,0.21830985915492956
'010000001000001000111100011000000000010000011000011010100000000110001001',,,0.16901408450704225
'101111111011110111111011011111111111111111100101101111011101111011110110',,,0.09859154929577464
'101101111011110111111011100001101000001111100001101111011001111010110111',,,0.20422535211267606
'000000001011001110111100111000000000010000011000011010001000000110001001',,,0.16901408450704225
'010010001011001110111100100000000000000000000000011010001000000110001001',,,0.1619718309859155
'111110111011110001111011011001101000011100100001101111000001111011110110',,,0.16901408450704225
'100111110011111111000011000111101000001111111011110100011010111000001011',,,0.2676056338028169
'000010001011001110111100000000000000000000011000011010001000000110001001',0.0002,8.16496580927726e-5,0.14084507042253522
'000010000011001000000100011000010111110000011110010000101110000101001000',,,0.20422535211267606
'101111110111110001000011111111111111111111100111100101010111111101110110',,,0.19014084507042253
'000000000000001000000100111000000000010000000010010000000010000101001000',,,0.11971830985915492
'101011111100110110111001111111101000011111011001101111111001001111110110',,,0.20422535211267606
'010110000000001110000110100000010111100000100110010000000110110100001001',0.00016666666666666666,9.428090415820633e-5,0.176056338028169
'101101111000110111111011100001101000001111100001101111110001111011110110',,,0.14084507042253522
'100100100000001001000111111111111111110100111110000101000110111001101000',0.0002,8.16496580927726e-5,0.2535211267605634
'110101110011111111000011100001111111101111111111100101011110111000101011',,,0.24647887323943662
'101101111111110111111011011001101000011111111001101111011001111011110110',,,0.13380281690140844
'101111110100110001000011011111101000011111111011100101010011111001110110',,,0.19014084507042253
'010010001111001000111100100000010111100000011100011010101100000110001001',0.00013333333333333334,4.7140452079103176e-5,0.19014084507042253
'010100100000001001000110100110010111100000100110010000000110111000001001',,,0.23943661971830985
'101001111000110111111001011111101000011111011001101111011001001011110110',,,0.19718309859154928
'011110000100000001000110100000010111100000100110010000100111111100010101',,,0.22535211267605634
'000010001111001000111100100000010111100000011100011010101100000110001001',,,0.19014084507042253
'010000101000001110111100011110000000010100000000011010010000000011001000',,,0.2535211267605634
'111111111111110111111011000111101000001111111001101111111001111010110111',,,0.14084507042253522
'100001110011111110000001111111101000011111000011100101011010000001101010',0.0001,0.0,0.24647887323943662
'010000100011001110000100100000010111100000000110010000101110000000001001',,,0.16901408450704225
'000011001100001000111100000000010111100000000100001011100100000110001001',,,0.2605633802816901
'010000001000001110111100100110010111100000011100011010111100000110001001',,,0.19014084507042253
'010000000111001110011100111110000000010000011000011010011010000110001001',,,0.18309859154929578
'010110000000001000000110111000000000010000100010010000000010110100001001',,,0.16901408450704225
'101011111100110111111001111111101000011111011001101111111001001011110110',0.0001,0.0,0.176056338028169
'100111111011111111010011000001101000001111100011100111011010111000101011',,,0.28169014084507044
'101111110100110111101011000001111111101111111101101111011101111010110111',,,0.20422535211267606
'111011110111110001000001011111111111111111000111100101110111001001110110',,,0.2112676056338028
'101111111100110001111011011001111111111111111101101111100101111011100110',,,0.11267605633802817
'000000000011001000000100000000000000000000011010010000101010000100001001',,,0.11971830985915492
'010000000011101110000100011110000000010000000010010000111010000100001001',,,0.19014084507042253
'100110100011001001000111011001111111110100111110000101001110111001101000',,,0.24647887323943662
'111101111011110001111011111111101000011111100001101111110001111011110110',,,0.11267605633802817
'101111111111110001111011111001111111111111111101101111001101111011110110',,,0.14084507042253522
'010000001011001000111100111000010111110000000100011010100100000110001001',,,0.19718309859154928
'000010000011001000000100111110000000010000011010010000101010000100001001',,,0.1619718309859155
'111111111000110111111011011111101000011111111001101111011001111011100110',,,0.13380281690140844
'000010001000001000111100100000000000000000011000011010000000000110001001',,,0.11267605633802817
'010010001000001110111100111000000000010000000000011010000000000110001001',,,0.15492957746478872
'010000001011001000111100100000000000000000011000011010001000000110001001',,,0.15492957746478872
'111110100100110001000011111111111111111100111110100101110111111001110110',,,0.176056338028169
'010011001000111110111100100110010111101011011100011010011100000110001011',,,0.24647887323943662
'101111010111100001000111000000111111101011111111100001101111111100110101',,,0.31690140845070425
'010000001011001000111100100110010111100000000100011010100100000110001001',,,0.18309859154929578
'000010000000001110000100000110000000000000000010010000110010000100001001',,,0.13380281690140844
'111101111111110111111011111001101000011111100001101111111001111011110110',0.00016666666666666666,4.714045207910317e-5,0.09859154929577464
'000010001011001000111100000000000000000000011000011010001000000110001001',,,0.14084507042253522
'111111010111110001000011011001111111111011111111100101101111111101110110',,,0.176056338028169
'000010001000001110111100100000000000000000000000011010000000000110001001',0.00023333333333333333,4.714045207910315e-5,0.11267605633802817
'010000001011001000111100100110000000000000011000011010001000000110001001',,,0.15492957746478872
'101111111011110111111011100111111111101111100101101111111101111011110110',,,0.09154929577464789
'111111111111110001111011000111101000001111100001101111010001111011110110',,,0.1619718309859155
'100110100000001001000111011111111111110100100110000101000110111001101000',0.0002,8.16496580927726e-5,0.22535211267605634
'000000000000001000000100111000000000010000000010010000000010000100001001',0.00016666666666666666,4.714045207910317e-5,0.07746478873239436
'101101111111110111000011100001111111101111111111100101011111111000110111',,,0.21830985915492956
'111111110111110111000011011001111111111111111111100101011111111001110110',0.0002,0.0,0.13380281690140844
'100101110000111111000011100001111111101111111111100101001110111000101011',,,0.2605633802816901
'111101110111110001000011111111101000011111100011100101110011111001110110',0.0002,0.0,0.14788732394366197
'101011011111110110111001011110101000011011000001101111111001000111110110',,,0.2323943661971831
'000010001000001000111100011000000000010000000000011010000000000111001000',0.0001,0.0,0.1619718309859155
'111101110100110001000011011111111111111111100111100101010111111001110110',,,0.176056338028169
'010110000111001000000110000000000000000000111010010000001010110100001001',,,0.176056338028169
'010010000011001110000100100110010111100000000110010000011110000100001001',0.00023333333333333333,4.714045207910315e-5,0.1267605633802817
'000010001011001110111100100000000000000000000000011010001000000110001001',0.00016666666666666666,4.714045207910317e-5,0.14788732394366197
'010000001011101000111100011000010111110000000100011010100100000111001000',,,0.24647887323943662
'110001101000111110111001111111111111111101000100001111010100000011101010',,,0.2746478873239437
'111111111100110111111011100111111111101111100101101111010101111011110110',,,0.14788732394366197
'101001110100110111000001011001101000011111000011100101110011001001110110',,,0.22535211267605634
'000100001000001110111110100110010111100000100100011010010100110110001001',,,0.2112676056338028
'000011001011001110111100011110000000010011011000011010011000000011001000',,,0.2535211267605634
'111011111111110001111001011001101000011111000001101111100001001011110110',,,0.176056338028169
'101111111100110111111011111111111111111111111101101111011101111011110110',,,0.09859154929577464
'010000001000001110111100111000000000010000011000011010101000000111001000',,,0.2535211267605634
'010100000111001110000110111000010111110000100110010000011110110100001001',,,0.22535211267605634
'101101110111110111000011000001101000001111100011100101011011111001110110',,,0.21830985915492956
'000110000011001000000110000000000000000000100000010000000010110110001001',,,0.1619718309859155
'000110001111001000111110100110000000000000100000011010000000110110001001',,,0.19014084507042253
'010010000111001110000100000110010111100000000110010000111110000100001001',,,0.14084507042253522
'100100101000111111111011100111111111101100100100001111010100111010101011',,,0.2746478873239437
'000110001100001110111110011000000000010000100000011010000000110110001001',,,0.19718309859154928
'100111010011111111000011100111111111101011100111110101111110110100011011',,,0.24647887323943662
'011001110111000000000000000000000000000111011011110000101011000000010101',,,0.2535211267605634
'111111010111110111000011100001101000001111111011100101011011111100110111',,,0.23943661971830985
'010000001100001110111100100000000000000000011000011010001000000110001001',,,0.14788732394366197
'101101110100110111000011100001111111101111111111100101111111111001110110',,,0.1619718309859155
'101101111100110111111011111111111111111111111101101111111101111011110110',,,0.07746478873239436
'011001010111010000000100000110000000001011011011110000111011000100010101',,,0.21830985915492956
'100001111011111110111001111111101000011111000001101111011000000011101010',,,0.24647887323943662
'000100000111001000000110100000000000000000100010010000000010110100001001',,,0.15492957746478872
'010010000000001000000100111110010111110000011110010000000110000100001001',,,0.14788732394366197
'101111110011110001000011000111101000001111100011100101010011111001110110',,,0.2112676056338028
'100101111011111001111011111111111111111111111101101111001100111011101010',,,0.19014084507042253
'010010000011111110000100000110010111100000011110010000011110000100001011',,,0.15492957746478872
'010010000000001000000100111110000000010000011010010000000010000100001001',,,0.1267605633802817
'010010000011001000000100100000010111100000000110010000100110000100001001',0.00013333333333333334,4.714045207910317e-5,0.13380281690140844
'101001111100110111111001111111111111111111011101101111111101001011110110',,,0.14788732394366197
'101101110111110111000011011111101000011111100011100101011011111001110110',,,0.176056338028169
'010001011011111110111100100000010111101011000100001011101100000110001011',,,0.3028169014084507
'010000000111001000000100111000000000010000011010010000001010000101001000',,,0.176056338028169
'101101110011110001000011100001101000001111111011100101101011111001110110',,,0.19014084507042253
'111101110100110001000011011001101000011111111011100101100011111001110110',0.00013333333333333334,4.7140452079103176e-5,0.15492957746478872
'000010000100001110100100000000010111100000000110010010100110000100001001',,,0.13380281690140844
'111101111011110001111011000111111111101111111101101111111101111010110111',,,0.14788732394366197
'101111110100110111000011111001111111111111100111100101110111111001110110',,,0.14788732394366197
'101011111011110001111001000001111111101111000101101111100101001011110110',,,0.21830985915492956
'111111110011110001000011111111101000011111111011100101011011111001110110',,,0.15492957746478872
'010010000011001000000100100000010111100000000110010000000110000100001001',0.0002,8.16496580927726e-5,0.1056338028169014
'101101110100110001000011100111111111101111111111100101110111111001110110',,,0.18309859154929578
'100110001000111111111011000111101000000100100000001111010000111110001011',,,0.29577464788732394
'101101110100000001000011011111111111111111100111100101010111111001110100',,,0.2112676056338028
'011011010111110110000100100110000000001011000011110000111011000100010111',,,0.21830985915492956
'101101111011110111111011100111101000001111111001101111011001111011110110',,,0.13380281690140844
'111110100111110111000111111001101000011100100011110100111011111101110110',,,0.2676056338028169
'101011111111110000111001111111101000011111000001101111000001000011110110',,,0.24647887323943662
'000010000111001110000100111110010111110000011110010000011110000100001001',0.0001,0.0,0.13380281690140844
'011000001111000000111100000000000000000000000000011010100001000110010101',,,0.16901408450704225
'101001111111100001111001111111100000011111000001101011110001001011110100',,,0.2535211267605634
'011100110000000111000110100110000000000010100011110000010011111000000101',,,0.30985915492957744
'000110000011001000000110100110010111100000111110010000001110110100001001',,,0.18309859154929578
'111111111000110111111011111111101000011111111001101111011001111011110110',0.00016666666666666666,4.714045207910317e-5,0.11267605633802817
'000000001011101110111100000000010111100000011100011010101100000110001001',,,0.18309859154929578
'111111110111010001000011111111101000011111100011100101110011111001110100',,,0.15492957746478872
'101101111111110001111011000001111111101111111101101111101101111011110110',,,0.15492957746478872
'010000000000001000000100111110010111110000011110010000100110000100001001',,,0.16901408450704225
'010010001000001000111100100000000000000000000000011010100000000110001001',,,0.14084507042253522
'010110000011001000000110100110010111100000100110010000000110110100001001',,,0.19014084507042253
'001100001100000001111110011000000000010000111000011010100001111110010101',,,0.24647887323943662
'010010001000001000111100000110010111100000000100011010100100000110001001',,,0.16901408450704225
'001010000100000110000100111000010111110000000110010000110111000101010100',0.0001,0.0,0.2746478873239437
'000000001011001110111100111110000000010000000000011010111000000111001000',,,0.2535211267605634
'000010001111001000111100000110010111100000000100011010000100000110001001',0.0001,0.0,0.14788732394366197
'111110101111000001111011011001101000010100100000101111100001111011110100',,,0.18309859154929578
'011011011100110110111001011000001000011011011001101111111001000111110110',,,0.2323943661971831
'101101111000110111111011011111101000011111100001101111010001111011110110',,,0.14788732394366197
'001001011111000000010100011000000000010011011001110010101011000100010101',,,0.28169014084507044
'101111111100110111111011111001101000011111111001101111111001111011110110',0.0003333333333333333,9.428090415820634e-5,0.1056338028169014
'101110111011110001111011000001101000001110111001101111001001111011110110',,,0.19718309859154928
'010000001100001110111100100000010111100000000100011010100100000110001001',,,0.1619718309859155
'000010000011001000000100011110010111110000011110010000001110000101001000',,,0.176056338028169
'101101111100110001111011000111111111101111111101101111110101111010110111',,,0.19014084507042253
'110111111000111111111011000111111111101111111101101111111100111010101011',,,0.21830985915492956
'100111110011111111000011100001111111101111111111100101011110111000101011',,,0.22535211267605634
'010010000100001000111100011000000000010000000000011010000000000110001001',,,0.1267605633802817
'000000000000001000000100100000000000000000000010010000100010000100001001',0.00013333333333333334,4.7140452079103176e-5,0.07746478873239436
'101101110111110111000011011001101000011111100011100101011011111001110110',,,0.19014084507042253
'101111110011110111000011011001101000011111111011100101111011111001110110',,,0.13380281690140844
'111111110111110001000011111001111111111111111111100101101111111001110110',,,0.14084507042253522
'010010000100001110000100000110000000000000000010010000110010000100001001',,,0.14084507042253522
'111111111100110111111011011111111111111111111101101111011101111011110110',0.00023333333333333333,4.714045207910315e-5,0.09154929577464789
'000010001011001110111100100110000000000000000000011010011000000110001001',,,0.1619718309859155
'111101010111110111111011111001111111111111100101101111111101111111110110',,,0.11267605633802817
'111111111000110001111011000001111111101111111101101111100101111011110110',,,0.14788732394366197
'000100001000001000111110000110010111100000111100011010000100110110001001',,,0.20422535211267606
'000000000000001110000100011000010111110000000110010000000110000100001001',,,0.1056338028169014
'000010001000001000111100100000000000000000000000011010000000000110001001',,,0.09859154929577464
'111111111100110001111011000111111111101111100101101111110101111011110110',,,0.1267605633802817
'110100000111001001000111111111111111110100111110000101001110111101101000',,,0.2746478873239437
'010000001000001000111100011000010111110000011100011010000100000110001001',,,0.1619718309859155
'110111111000111111111011111111111111111111111101101111011100111011101010',,,0.16901408450704225
'010000001000001000111100000000010111100000000100011010000100000110001001',,,0.11971830985915492
'101111111000110111111011111111101000011111100001101111110001111011110110',0.0001,0.0,0.1056338028169014
'000110001000001110111110000000000000000000100000011010000000110110001001',,,0.1619718309859155
'010000000100001110000100100110000000000000000010010000010010000100001001',0.00013333333333333334,4.7140452079103176e-5,0.11267605633802817
'010000001100001000111100011000000000010000011000011010000000000111001000',,,0.176056338028169
'000010000111001000000100111110010111110000000110010000000110000100001001',0.00013333333333333334,4.7140452079103176e-5,0.14084507042253522
'010011010111111110000100000110000000001011011011010000011010000100011011',,,0.18309859154929578
'101111110000110111000011111111111111111111100111100101110111111001110110',,,0.14084507042253522
'000010000000001110000100111110000000010000000010010000010010000101001000',,,0.18309859154929578
'101111110000110001000011011111101000011111100011100101110011111001110110',,,0.15492957746478872
'001010000100000000000100011110000000010000000011010000100011000001010100',,,0.2605633802816901
'010110000100001000000110000110010111100000100110010000100110110100001001',,,0.19014084507042253
'010010000111001000000100011000000000010000000010010000100010000100001001',,,0.1267605633802817
'110110100011001001000111111001111111110100100110000101000110111001101000',,,0.24647887323943662
'010000001011001000111100111000010111110000011100011010001100000111001000',,,0.2323943661971831
'000000000000001000000100011110000000010000011010010000000010000101001000',,,0.14084507042253522
'000001001011001110111100111000010111110000011100011010101100000110001001',,,0.22535211267605634
'010010000011001110010100100110010111100000000100010010011110000110001001',,,0.15492957746478872
'111110100100000111000111111001101000010100100010010100010011111001110100',,,0.2605633802816901
'111101111111110111111011011001101000011111111001101111011001111011110110',,,0.11971830985915492
'101111110111110001000011111111111111111111100111100101110111111001110110',0.00013333333333333334,4.7140452079103176e-5,0.14788732394366197
'111011111000110111111001011111111111111111000101101111110101001011110110',,,0.19014084507042253
'111001110000110001000001111001111111111111011111100101100111001001110110',,,0.20422535211267606
'001001011000111110111000000000010111101011000101101011010101000110011011',,,0.2746478873239437
'001001010111110110000100000000000000001011000011110000111011000100010111',,,0.24647887323943662
'010110001000001000111110100110010111100000100100011010000100110110001001',,,0.20422535211267606
'010011000111001110000100011000010111110000011110010000101110000100001001',,,0.19014084507042253
'010110001011001000111110000110010111100000111100011010001100110110001001',,,0.21830985915492956
'111001111000010001111001111001101000011111000001101111100001001011110110',,,0.16901408450704225
'111101110111110111000011100111111111101111111111100101111111111000110111',0.00016666666666666666,9.428090415820633e-5,0.1619718309859155
'000110000000001110000110000000000000000000100010010000000010110100001001',,,0.13380281690140844
'000001000000001110000100100110010111100000011110010000011110000100001001',,,0.1267605633802817
'111111111111110111111011011001101000011111100001101111011001111011110110',,,0.1267605633802817
'111111111011110001111011111111111111111111100101101111110101111011110110',,,0.09859154929577464
'000000001000001110111100000000000000000000000000011010100000000110001001',,,0.1267605633802817
'000000001100001000110100000000010111100000000100010010100110000100001001',,,0.1267605633802817
'010000001000001000111100111000000000010000000000011010100000000110001001',,,0.1619718309859155
'111111110000110001000011111001111111111111100111100101100111111001110110',,,0.14084507042253522
'111100101100110001111011111111101000011100111000001111110001111011110110',,,0.14084507042253522
'111001111111110111111001111111111111111111000101101111111101001011110110',,,0.13380281690140844
'000010001011001110000100011110010111110000011100011000011110000001001000',,,0.2112676056338028
'000010000000001000000100111110000000010000011010010000100010000101001000',,,0.18309859154929578
'000010001100001000011100100110010111100000011110011000100110000110001001',,,0.19014084507042253
'111111110100110111000011111001111111111111100111100101010111111001110110',,,0.1619718309859155
'101111110111110001000011011111111111111111100111100101110111111001110110',0.0001,0.0,0.15492957746478872
'110110001011001001111111111111111111110100100100001111000100111111101000',,,0.2676056338028169
'000110000000001001000110100000000000000000111010010000000010110100001001',,,0.15492957746478872
'111101110100110111000011011111101000011111100011100101010011111001110110',,,0.18309859154929578
'011000001111000000111100111000010111110000000100011010100101000111010100',,,0.2535211267605634
'010011000011101110000100100110010111100001000110010000111110000100001001',,,0.19014084507042253
'010000000000001000000100111110000000010000000010010000000010000101001000',0.0001,0.0,0.14788732394366197
'100101110011111111000011100001101000001111100011100101011010111000101011',,,0.28169014084507044
'010000000100001000000100011000010111110000011110010000000110000101001000',,,0.15492957746478872
'101111111111110111111011111001111111111111111101101111111101111011110110',0.0002,0.0001414213562373095,0.07042253521126761
'111011010111110000000001011111101000011111011011110100111011001101010110',,,0.2746478873239437
'101100110100110001000011111111111111111110100111100101110111111001110110',,,0.176056338028169
'000010000011001110000100000110000000000000000010010000111010000100001001',0.00013333333333333334,4.7140452079103176e-5,0.14084507042253522
'010010001100001110111100000110010111100000000100011010110100000110001001',,,0.19014084507042253
'110001110000111110000001111001111111111111011111100101001110000001101010',,,0.23943661971830985
'101000111100100001111001011001111111110111000101101111100101001111010100',,,0.2676056338028169
'111110110100110001000011111001111111111111100111100101100111111001110110',,,0.15492957746478872
'111111111011110111111011100111101000001111100001101111011001111011110110',,,0.14084507042253522
'000010001111001110111100011000000000010000000000011010001000000110001001',,,0.176056338028169
'010000000111001110000100100000010111100000000110010000101110000100001001',0.00013333333333333334,4.714045207910317e-5,0.14084507042253522
'000110000000001000000110000000010111100000100110010000000110110100001001',0.0002,0.0001414213562373095,0.14084507042253522
'000100100000001001000110100110010111100000100110010000000110111000001001',,,0.22535211267605634
'101111111100010001111011111001111111111111100101101111100101111011110110',,,0.11971830985915492
'111101110011110111000011000001101000001111100011100101011011111001110110',,,0.2112676056338028
'000010001111001000111100111110010111110000000100011010100100000110001001',,,0.2112676056338028
'111101111111010001111011011001101000011111100001101111100001111011110100',,,0.1267605633802817
'111101111111110001111011000001111111101111100101101111000101111010110111',,,0.21830985915492956
'000110000111001000000110000110010111100000100110010000000110110100001001',,,0.176056338028169
'111101111111110001111011011001101000011111111001101111101001111011110110',,,0.11971830985915492
'000010000000001110101100100110000000000000011000011010011000000100001001',,,0.1619718309859155
'101111111000110001111011111001101000011111111001101111000001111011110110',,,0.13380281690140844
'101101110100110111000011000111111111101111111111100101111111111000110111',,,0.19718309859154928
'011001111100000000111100100110000000000011000000011010100001000010010101',,,0.2112676056338028
'010010000100001000000100111110000000010000011010010000000010000101001000',,,0.1619718309859155
'011010000111000000000100000110000000000000000010010000110011000100010101',,,0.19014084507042253
'111110110111000001000011111001101000011110100011100101100011111001110100',,,0.2112676056338028
'010100000011001000000110000000000000000000100010010000100010110100001001',,,0.18309859154929578
'100011111000111110111001111111111111111111011101101111011100000011101010',,,0.21830985915492956
'010000001100001110111100000000010111100000000100011010000100000110001001',,,0.1267605633802817
'010000000011001110000100100110010111100000000110010000111110000100001001',,,0.14788732394366197
'011110000111000001000110000000000000000000100010010000100011111100010101',,,0.2112676056338028
'101111110111110111000011111111111111111111111111100101011111111001110110',,,0.1267605633802817
'010001111000111110111000100110000000001011011001111010011000000010001011',,,0.24647887323943662
'100101110011111111000011000111111111101111100111100101011110111000101011',,,0.22535211267605634
'101111111100110001111011111001101000011111111001101111100001111011110110',0.00023333333333333333,9.428090415820633e-5,0.11267605633802817
'100011111011111110111001011001111111111111011101101111001100000111101010',,,0.23943661971830985
'111111110111110111000011100111101000001111100011100101111011111000110111',,,0.19014084507042253
'000000000100001110000100000000000000000000011010010000101010000100001001',,,0.1267605633802817
'111111110111110001000011000111101000001111111011100101111011111001110110',,,0.15492957746478872
'010010001000001110111100011000000000010000000000011010000000000110001001',,,0.14788732394366197
'001010000100000000000100011110000000010000000010010000000011000101010100',0.00013333333333333334,4.7140452079103176e-5,0.2323943661971831
'000110000000001000000110100110000000000000100010010000100010110100001001',,,0.16901408450704225
'111101111100110111111011011111101000011111111001101111111001111011110110',,,0.09154929577464789
'100110100000001001000111111111111111110100111110000101000110111001101000',,,0.24647887323943662
'110101110011111111000011100111111111101111100111100101111110111000101011',,,0.24647887323943662
'000110000000001000000110100000010111100000100110010000000110110100001001',0.0001,0.0,0.14788732394366197
'111101110111110111000011000001111111101111111111100101111111111001110110',,,0.14084507042253522
'000000001100001110111100000110000000000000000000011010010000000110001001',,,0.14788732394366197
'101111110111110111000011111001101000011111100011100101111011111001110110',0.0001,0.0,0.14788732394366197
'001101010100010111000110000000101000001011111011110100111011111100010101',,,0.29577464788732394
'010110001111001110111110100000010111100000111100011010011100110110001001',,,0.20422535211267606
'010000000000001110000100100000010111100000011110010000001110000100001001',,,0.11971830985915492
'000001001111001110111100100110010111100001000100011010111100000110001001',,,0.20422535211267606
'010000000111001000000100111000010111110000011110010000001110000101001000',,,0.18309859154929578
'110111111011111111111011000111111111101111100101101111011100111010101011',0.00013333333333333334,4.714045207910317e-5,0.21830985915492956
'000010000011001000000100111000000000010000011010010000101010000101001000',,,0.20422535211267606
'101111110100110001000011111001111111111111100111100101100111111001110110',0.00013333333333333334,4.7140452079103176e-5,0.14788732394366197
'000011000011001110000100100000010111100000000110010000101110000100001001',,,0.1619718309859155
'001001011111110000111000000000000000000011011001111010101001000010010111',,,0.2746478873239437
'010010000011001110000100111110010111110000011110010000111110000100001001',,,0.16901408450704225
'100111110011111001000011111111111111111111111111100101001110111001101010',,,0.19718309859154928
'000000001100001000111100011110010111110000011100011010100100000111001000',,,0.23943661971830985
'111011110111110111000001100111111111101111011111100101111111001001110110',,,0.18309859154929578
'010000000011001000000100111000010111110000011110010000001110000101001000',,,0.19014084507042253
'010010101000001000111100111110000000010000011000011010000000000011001000',,,0.2323943661971831
'000100000000001110000110100000010111100000100110010000000110110100001001',,,0.16901408450704225
'111011111111110111111001111111101000011111000001101111111001001011110110',0.0001,0.0,0.1619718309859155
'111101111000110111111011111111111111111111111101101111011101111011110110',,,0.09859154929577464
'000010001100001000111100100000010111100000000100011010000100000110001001',0.0001,0.0,0.1267605633802817
'010010001000001000111100011110000000010000011000011010000000000111001000',,,0.20422535211267606
'110001110011111110000001111001111111111111000111100101001110000001101010',,,0.23943661971830985
'000010000000001000000100011000000000010000011010010000100010000100001001',,,0.11971830985915492
'000010001011001000111100011110010111110000000100011010100100000111001000',,,0.23943661971830985
'100101111011111111111011011111111111111111100101101111011100111011101010',,,0.15492957746478872
'101110110111110111000011111111111111111111100111100101111111111001110110',,,0.13380281690140844
'010010000011001110000100000110010111100000000110010000011110000100001001',,,0.11971830985915492
'010000000011001110000100100110000000000000000010010000011010000100001001',,,0.1267605633802817
'010010000000001000000100000000010111100000000110010000000110000100001001',0.00023333333333333333,0.00012472191289246472,0.08450704225352113
'010010000100001110000100000110000000000000011010010000011010000100001001',,,0.11971830985915492
'000001001011001000111100000110000000000000011000011010101000000110001001',,,0.18309859154929578
'010010000100001000000100000000010111100000011110010000100110000100001001',0.0001,0.0,0.11971830985915492
'001001010111110110000100111110000000011011011011110100111011000101010110',,,0.2887323943661972
'101101110100110001000011000111111111101111100111100101110111111001110110',,,0.19014084507042253
'010100001011001110111110100000010111100000100100011010011100110110001001',,,0.2323943661971831
'000010001011001000111100100000010111100000000100011010100100000110001001',,,0.1619718309859155
'000000001011001000111100000000000000000001000000011010000000000110001001',,,0.11267605633802817
'100001111011111110111001111001101000011111011001101111001000000011101010',,,0.24647887323943662
'011010011111010000111000000110000000001011011001111010111001000110010111',,,0.2323943661971831
'101111111111110111111011011001101000011111100001101111111001111011110110',0.0002333333333333333,9.428090415820631e-5,0.11267605633802817
'001000001100000000111100111110000000010000011000011010100001000111010100',,,0.24647887323943662
'010010001000001000111100011000000000010000000000011010000000000111001000',0.00016666666666666666,9.428090415820633e-5,0.176056338028169
'000000001000001110000100000110010111100000000110010000110110000100001001',,,0.14788732394366197
'111111110111110001001011011111111111111111100111100101110101111011110110',,,0.13380281690140844
'100111111011111111111011000001111111101111100101101111011100111010101011',,,0.21830985915492956
'001000000100000000000100100110000000000000011010010000100011000100010101',,,0.176056338028169
'111101110100110001000011100111111111101111111111100101110111111000110111',,,0.2112676056338028
'111001111100110111111001111111111111111111011101101111011101001011110110',,,0.1619718309859155
'111110110100000001000011011001111111110110100111100101100111111001110100',,,0.2112676056338028
'101101111000110001111011000001101000001111100001101111100001111011110110',,,0.13380281690140844
'011001011111110110111000100110000000001011011001111010111001000110010111',,,0.2112676056338028
'001000000100000000000100000000000000000000000010010000100011000100010101',,,0.15492957746478872
'000000001000001000111100111000010111110000011100011010100100000111001000',,,0.22535211267605634
'010110000100001000000110000110010111100000100110010000000110110100001001',,,0.1619718309859155
'111111110100110111000011011001101000011111100011100101010011111001110110',,,0.176056338028169
'111011110111110111000001111001101000011111000011100101111011001001110110',0.00013333333333333334,4.714045207910317e-5,0.20422535211267606
'000000001000001110111100100110000000000000000000011010010000000110001001',,,0.14788732394366197
'111011111100110111111001111001111111111111000101101111010101001011110110',,,0.20422535211267606
'111111111111110111111011000001101000001111111001101111011001111010110111',,,0.18309859154929578
'010000000000001000000100111000000000010000000010010000100010000100001001',,,0.11971830985915492
'101011110011110111000001111001101000011111011011100101111011001001110110',,,0.19718309859154928
'111101110100110001000011100001111111101111111111100101100111111001110110',,,0.18309859154929578
'011011010111000000000100011000010111110011011111110000101111000101010100',,,0.28169014084507044
'000000001000001110111100011000010111110000000100011010100100000110001001',,,0.176056338028169
'101101111100110111111011000111111111101111100101101111110101111011110110',,,0.14788732394366197
'000010001100001000111100100110000000000000011000011010100000000110001001',,,0.1619718309859155
'000000000000001110000100100000010111100000011110010000001110000100001001',,,0.1056338028169014
'010100001000001000111110000000000000000000100000011010000000110110001001',0.00019999999999999998,8.16496580927726e-5,0.16901408450704225
'110111000111001001000111011111111111110001111110000101001110111101101000',,,0.2605633802816901
'110100101000001001111011000111111111100100100100001111000100111011101000',,,0.2605633802816901
'100111111011111111111011111001111111111111100101101111011100111011101010',,,0.16901408450704225
'000010001000001000111100100000000000000000000000011010100000000110001001',,,0.1267605633802817
'110010101000111110111001111111111111111100000100001111010100000011101010',0.00013333333333333334,4.7140452079103176e-5,0.2887323943661972
'010010001000001000111100100000000000000000011000011010000000000110001001',,,0.1267605633802817
'111111111111110111111011000001111111101111111101101111111101111010110111',,,0.13380281690140844
'001100001111000001111110100000000000000000100000011010100001111110010101',,,0.22535211267605634
'010011000011001000000100000110000000000000011010010000001010000100001001',,,0.13380281690140844
'111111111000110001111011011001111111111111111101101111000101111011110110',,,0.14788732394366197
'101101110111110001000011011001111111111111111111100101101111111001110110',0.00019999999999999998,8.16496580927726e-5,0.16901408450704225
'101001110000110001000001011111101000011111011011100101100011001001110110',,,0.21830985915492956
'010101011011111001111110000000010111101011111101001011101100110110101001',,,0.34507042253521125
'111011110011110001000001111111111111111111011111100101111111001001110110',,,0.176056338028169
'101111110111110111000011100111101000001111111011100101111011111001110110',,,0.14788732394366197
'001100000111000001000110111000000000010000100010010000100011111100010101',0.0001,0.0,0.23943661971830985
'010000001000001000111100111110000000010000011000011010000000000110001001',,,0.1619718309859155
'101111111111110001111011111001101000011111111001101111001001111011110110',0.0001,0.0,0.14788732394366197
'111101111111110111111011100111101000001111111001101111111001111010110111',,,0.14084507042253522
'010010001011001000111100011110010111110000000100011010000100000111001000',,,0.22535211267605634
'100100101011001001111010100001000000000100100000001011000000111010101001',,,0.2535211267605634
'010010000100001000000100000000010111100000011110010000000110000100001001',,,0.09154929577464789
'101101110111110111000011000111101000001111111011100101011011111001110110',,,0.19014084507042253
'111111110111110001000011011001101000011111111011100101101011111001110110',,,0.15492957746478872
'001001011100110110111000100000000000001011011001111010111001000110010111',,,0.2535211267605634
'101101110111110001000011000111111111101111111111100101111111111000110111',,,0.19718309859154928
'111101111100110111111011100111111111101111100101101111010101111011110110',,,0.15492957746478872
'011100000100000001000110000000010111100000111110010000100111111000010101',,,0.2676056338028169
'010010001000001000111100100000000000000000000000011010000000000110001001',0.00016666666666666666,4.714045207910317e-5,0.11267605633802817
'101111110111110111000011111001111111111111111111100101111111111001110110',0.0002,0.0,0.11267605633802817
'010011011011101110111100100110010111100011000100011010111100000110001011',,,0.23943661971830985
'010000000111001000000100111110010111110000000110010000100110000101001000',,,0.20422535211267606
'010011000011001110000100000000010111100011011110010000001110000100001001',,,0.14788732394366197
'000100000000001110000110100000000000000000100010010000000010110100001001',0.0001,0.0,0.14788732394366197
'101111110000110001000011111111101000011111100011100101110011111001110110',,,0.14788732394366197
'000000000011001000000100000110010111100000000110010000000110000100001001',,,0.09154929577464789
'111101110100110001000011011111101000011111100011100101110011111001110110',0.0002,8.16496580927726e-5,0.15492957746478872
'101101110111110001000011011001111111111111111111100101001111111001110110',,,0.19718309859154928
'000100101000001110111110000111001000000100111000011010011000110110001001',,,0.2535211267605634
'011100000111000001000110100110000000000000100010010000110011111100010101',,,0.22535211267605634
'010110101000001111111110000110000000000100111000011010011000111010001001',,,0.2605633802816901
'000001001000001110111100000000000000000011011000011010001000000110001001',,,0.1619718309859155
'101110111100110001111011111111101000011110111001101111010001111011110110',,,0.1619718309859155
'010011000011001110000100100110010111100001000110010000011110000100001001',,,0.14788732394366197
'001110001100000001111110011000000000010000111000011010100001111110010101',,,0.23943661971830985
'110000101000001110111001111001110111110100000100001011000100000011101000',,,0.2746478873239437
'000000001011001000111100111110010111110000011100011010101100000110001001',,,0.20422535211267606
'111101110100110111000011100001111111101111100111100101110111111001110110',,,0.16901408450704225
'011000101100000000111100111110000000010000011000011010100001000011010100',,,0.2535211267605634
'100111111011111111111011011111111111111111111101101111011100111011101010',0.0002333333333333333,9.428090415820631e-5,0.13380281690140844
'110001111011111110111001011111111111111111000101101111011100000011101010',0.0002,8.16496580927726e-5,0.21830985915492956
'010000000011001110000100000110010111100000000110010000011110000100001001',,,0.11267605633802817
'010010000000001000000100011000010111110000011110010000100110000100001001',,,0.15492957746478872
'100000010011111110000001011111111111111110000111110100011110000101001010',,,0.24647887323943662
'000011100011001000000100011001010111110100011111000001001110000001101000',,,0.2676056338028169
'111001111000110111111001011001101000011111000001101111110001001011110110',,,0.19014084507042253
'000010000011001110000100011110010111110000000110010000011110000101001000',,,0.176056338028169
'101011010111110111000001011001101000011111011011100101111011001101110110',,,0.2323943661971831
'000000001000001110111100000000010111100011011100011010001100000110001001',,,0.1619718309859155
'111101110000110001100011000111101000001111100011100111010011111001110110',,,0.2323943661971831
'101110110100110111000011011001101000011100100011100101010011111001110110',,,0.21830985915492956
'101111110000110111000011111001101000011111111011100101011011111001110110',,,0.16901408450704225
'001110000100000001000110100000000000000000100010010000100011111100010101',,,0.20422535211267606
'001001010111000000000100011000000000010011011011110000101011000101010100',,,0.28169014084507044
'000110000111001000000110100110000000000000100010010000000010110100001001',0.0001,0.0,0.1619718309859155
'011110000100000111101110100110010111100000100100011010110101111110010101',,,0.23943661971830985
'010110101000001111111010000001010111100100100100001011000100111010101001',,,0.2746478873239437
'100101111000111111111011000001111111101111111101101111001100111010101011',0.00013333333333333334,4.7140452079103176e-5,0.23943661971830985
'010000001111001110111100111110000000010000000000011010011000000110001001',,,0.19014084507042253
'010000001011001000111100000000010111100000011100011010001100000110001001',0.0003,0.0001414213562373095,0.15492957746478872
'001010001100000000111100011110000000010000000000011010100001000111010100',,,0.24647887323943662
'000000001000001110111100111110010111110000011100011010011100000111001000',,,0.21830985915492956
'010011011000111000111100000000010111101011000101101010100100000110001011',,,0.21830985915492956
'111010000111100000000001111110101000010000000010010100100011000101010110',,,0.3028169014084507
'000000001000001000111100111000010111110000011100011010000100000110001001',,,0.15492957746478872
'111101111100010111111011000001111111101111100101101111010101111011110110',,,0.176056338028169
'011000000100000000000100011000010111110000011110010000100111000101010100',0.00013333333333333334,4.7140452079103176e-5,0.24647887323943662
'010010001100001000111100000000010111100000011100011010000100000110001001',0.0001,0.0,0.13380281690140844
'111101110100110111000011011111101000011111111011100101111011111001110110',0.0001,0.0,0.13380281690140844
'000010001011001000111100111110000000010000000000011010000000000111001000',,,0.19718309859154928
'110101110011111111000011000111101000001111100011100101011010111000101011',,,0.2746478873239437
'011101110111010111000010000000001000001111100011100101111011111000110101',,,0.2676056338028169
'000000001100001000111100000000010111100000011100011010100100000110001001',0.00013333333333333334,4.7140452079103176e-5,0.15492957746478872
'001100001100000111111110000000000000000000100000011010110001111110010101',,,0.24647887323943662
'001110000100110001000110000110000000000000111010010000110011111100010111',,,0.2746478873239437
'001110000100000001000110100000000000000000111010010000100011111100010101',,,0.21830985915492956
'101111111111110111111011111001101000011111111001101111011001111011110110',,,0.11971830985915492
'111001111111110111111001111001101000011111000001101111011001001011110110',0.00013333333333333334,4.714045207910317e-5,0.19718309859154928
'111001110011110111000001111111111111111111000111100101111111001001110110',,,0.16901408450704225
'111100110100110001000011011111111111111110111111100101110111111001110110',,,0.16901408450704225
'010000000111001000000100000000010111100000011110010000101110000100001001',,,0.13380281690140844
'100011111011111110111001111001111111111111011101101111001100000011101010',,,0.2323943661971831
'101111110111110001000011011001101000011111111011100101001011111001110110',0.0002,8.16496580927726e-5,0.19718309859154928
'010100000011001000000110000000000000000000111010010000001010110100001001',,,0.19014084507042253
'101101110111110111000011011001101000011111111011100101111011111001110110',,,0.14788732394366197
'000000001111001000111100100000010111100000011100011010101100000110001001',,,0.18309859154929578
'111101110100110001000011111111111111111111111111100101010111111001110110',,,0.16901408450704225
'000100001000001000111110100110010111100000111100011010100100110110001001',,,0.23943661971830985
'001010100111000000000100011110000000010110000010010000100011001001010100',,,0.2887323943661972
'000000001000101110111100111000000000010000011000011010001000000110001001',,,0.18309859154929578
'000000001011001000111100111110000000010000000000011010000000000111001000',,,0.19014084507042253
'111001110100110111000001111001101000011111011011100101111011001001010110',,,0.21830985915492956
'010010001011001000111100100110010111100000011100011010101100000110001001',0.00013333333333333334,4.714045207910317e-5,0.19718309859154928
'000000001111001000111100111110000000010000011000011010001000000110001001',,,0.176056338028169
'111001110000110001000001111111111111111111011111100101000111001001110110',,,0.24647887323943662
'111110110100110001000011011111101000011111111011100101010011111001110110',,,0.19718309859154928
'111101111111110001111011100111111111101111111101101111111101111010110111',,,0.13380281690140844
'011100001100000001111110100000000000000000100000011010100001111010010101',,,0.2112676056338028
'010000000000001110000100111110010111110000011110010000111110000100001001',,,0.176056338028169
'010000000011101110000100000110010111100000000110010000111110000100001011',,,0.15492957746478872
'011100000111000001000110111000010111110000100110010000100111111100010101',,,0.2605633802816901
'000100001111001000111110100110000000000000100000011010000000110110001001',,,0.19718309859154928
'010000001100001000111100011110000000010000011000011010000000000110001001',,,0.14788732394366197
'010010001000001110111100111110000000010000011000011010011000000110001001',,,0.20422535211267606
'000010001011001110111100011000000000010000000000011010101000000110001001',,,0.19718309859154928
'000011010000111110000100000110010111101011011110010000011110000100001011',,,0.18309859154929578
'111101110100110111000011100001111111101111111111100101011111111000110111',,,0.21830985915492956
'110110100011001001000111111001111111110100111110000101001110111001101000',,,0.2676056338028169
'000010000011001000000100011000000000010000011010010000001010000100001001',,,0.1267605633802817
'111011110100110111000001011111111111111111011111100101011111001001110110',,,0.20422535211267606
'101101111011110001111011100001111111101111100101101111000101111011110110',,,0.176056338028169
'011000000111000000000100000110000000000000000010010000100011000100010101',,,0.16901408450704225
'110110001000111111111011011111111111111100100100001111010100111111101010',,,0.23943661971830985
'101111111100110111111011000111111111101111100101101111110101111011110110',,,0.14084507042253522
'000110000111001000000110100110010111100000100110010000000110110100001001',,,0.18309859154929578
'010110001011001000111110100000000000000000100000011010000000110110001001',,,0.18309859154929578
'011010000100000110000100011110010111110000000110010000110111000101010100',,,0.2676056338028169
'110001001000111110111101011110111111111011011100001111011100000111101010',,,0.28169014084507044
'011001010111110110000100011110000000011011011011110000111011000100010111',,,0.2323943661971831
'101011110111110111000001111001101000011111011011100101011011001001110110',,,0.2323943661971831
'000000000100001000000100111110000000010000011010010000100010000101001000',,,0.18309859154929578
'100001111011111111111001111001111111111111011101101111011100000011101010',,,0.22535211267605634
'100101111000111111111011100001111111101111111101101111001100111011101010',,,0.21830985915492956
'111101110100110001000011000111111111101111111111100101110111111000110111',,,0.21830985915492956
'010010000000001110000100000000000000000000011010010000001010000100001001',,,0.11267605633802817
'100101101011111111111111000001111111101101111100001111011100111010101011',,,0.28169014084507044
'100111111011111111111011000111111111101111111101101111011100111010101011',0.0002,8.16496580927726e-5,0.19014084507042253
'101111010111110001111011000000101000001011111001101111101001111110110111',,,0.23943661971830985
'011010101100000000111100111000010111110000011100011010100101001011010100',,,0.2887323943661972
'101110110100010001000011111001111111111110100111100101100111111001110100',,,0.18309859154929578
'111101010100110111000011111001111111111011100111100101110111111101110110',,,0.16901408450704225
'011010001000001110111100100000000000000000000000011010010000000110011001',,,0.16901408450704225
'000011011011111110111100100110010111101011000101101011111100000110001011',,,0.2746478873239437
'011000000111000000000100111110000000010000000010010000110011000100010101',,,0.20422535211267606
'010000000011001110100100100000010111100000011100010010001100000100001001',,,0.14084507042253522
'010010001011001110111100100110000000000000000000011010111000000110001001',,,0.20422535211267606
'000100000000001110000110100000010111100000100110010000100110110100001001',,,0.19718309859154928
'000000000000001000000100111000010111110000000110010000000110000100001001',,,0.09859154929577464
'000010000000001000000100100110000000000000011010010000000010000100001001',0.0001,0.0,0.08450704225352113
'111111110100110001000011011111101000011111111011100101110011111001110110',0.00023333333333333333,0.00012472191289246472,0.14788732394366197
'010011110011001000000100100110000000000011011010010000101010000000001001',,,0.19718309859154928
'111101111000110001111011011001101000011111100001101111000001111011110110',0.00016666666666666666,4.714045207910317e-5,0.13380281690140844
'001011011111000000111100000000000000000011011001111010101001000110010101',,,0.24647887323943662
'111001111100110111111001011001111111111111000101101111110101001011110110',,,0.176056338028169
'001001010111110110000100100110000000001011011011110000111011000100010111',0.00013333333333333334,4.7140452079103176e-5,0.2112676056338028
'000110000111001110101110000110010111100000111100011010111100110110001001',,,0.2112676056338028
'101101110100110111000011000001111111101111100111100101110111111001110110',,,0.19014084507042253
'000010001000001110111100011110010111110000011100011010111100000110001001',,,0.20422535211267606
'001010000111000000000100100110000000000000000010010000110011000100010101',,,0.19718309859154928
'101101011111110001111011011110101000011011111001101111111001111111110110',,,0.13380281690140844
'101001110100110111000001111001101000011111011011100101111011001001110110',0.00016666666666666666,9.428090415820633e-5,0.2112676056338028
'010011000000001110000100100000000000000001011010010000101010000100001001',,,0.16901408450704225
'111111110100110001000011011001101000011111111011100101100011111001110110',,,0.14788732394366197
'100111110011111111000011100001101000001111100011100101011010111000101011',,,0.2746478873239437
'001100000100000111000110011110000000010000100010010000010011111100010101',,,0.2746478873239437
'100010100011101000000101111111011111110100000110000001100110000001101000',,,0.31690140845070425
'000000001000001110111100111000000000010000011000011010001000000111001000',,,0.2112676056338028
'101111111000110111111011111111101000011111111001101111011001111011110110',0.00023333333333333336,0.00012472191289246472,0.11267605633802817
'010001100011001000000100100110000000000111000010010000000010000000001001',,,0.14788732394366197
'000100000000001111000110000110000000000000111010010000011010110100001001',,,0.19014084507042253
'101101110111110111000011100001111111101111100111100101111111111000110111',,,0.20422535211267606
'101101110100110111000011011001101000011111111011100101111011111001110110',,,0.1619718309859155
'100001111000111110111001100111101000001111011001101111011000000011101010',,,0.2605633802816901
'111001011100110000111001111111101000011111011001101111100001000111110110',,,0.2323943661971831
'001101000100000001000110111000000000010011111010010000100011111100010101',,,0.2676056338028169
'000000000111001110000100000110010111100000000110010000011110000100001001',,,0.1056338028169014
'101001010011110110000101011000101000011011011011100101111011000101110110',,,0.2605633802816901
'101111111100110001111011011111101000011111100001101111110001111011110110',,,0.11971830985915492
'101111111100110001111011000001101000001111100001101111000001111011110110',,,0.1619718309859155
'000010001111001000111100000000000000000000011000011010001000000110001001',,,0.14788732394366197
'110100100011001001000110000111010111100100100110010000000110111000001001',,,0.23943661971830985
'111110110100110001000011100111101000001111111011100101010011111001110110',,,0.21830985915492956
'010000000000001110000100011110000000010000000010010000110010000100001001',,,0.16901408450704225
'101100100100110111000011011001101000011100100011100101010011111001110110',,,0.22535211267605634
'010000000111001110000100111000010111110000011110010000001110000100001001',,,0.14084507042253522
'101001111000110111111001100111101000001111000001101111110001001011110110',,,0.2112676056338028
'101011110100110111000001111001101000011111011011100101011011001001110110',,,0.24647887323943662
'001010000100000000000100011000000000010000011010010000100011000101010100',,,0.2323943661971831
'010000001000001110111100111000000000010000000000011010000000000111001000',0.00016666666666666666,4.714045207910317e-5,0.19014084507042253
'010110001011001000111110000000010111100000100100011010000100110110001001',,,0.19718309859154928
'000000001111001110111100000110010111100000000100011010011100000110001001',,,0.14788732394366197
'010010001011001110111100011110000000010000000000011010011000000111001000',,,0.23943661971830985
'110110111011111111111011100001101000001110111001101111011000111010101011',,,0.28169014084507044
'111111111111110111111011100111101000001111111001101111111001111010110111',,,0.13380281690140844
'111101110011110001000011100001111111101111100111100101100111111001110110',,,0.19014084507042253
'000010000011001000000100000000010111100000000110010000000110000100001001',0.00016666666666666666,4.714045207910317e-5,0.08450704225352113
'101011111000110001111001111001111111111111000101101111100101001011110110',,,0.16901408450704225
'101101111111110111111011000001101000001111100001101111111001111011110110',,,0.14788732394366197
'010010000000001110000100111110010111110000000110010000110110000100001001',,,0.19014084507042253
'000110001011001000111110000000010111100000100100011010000100110110001001',,,0.18309859154929578
'111101111100110001111011111001111111111111100101101111100101111011110110',0.00013333333333333334,4.714045207910317e-5,0.09859154929577464
'000000001011001110111100100000000000000000000000011010001000000110001001',0.00016666666666666666,4.714045207910317e-5,0.14084507042253522
'000000001100001110111100011000010111110000000100011010110100000110011001',,,0.22535211267605634
'010110000111001110000110100000010111100000111110010000011110110100001001',,,0.176056338028169
'111101110111110111000011000111101000001111100011100101111011111001110110',,,0.1619718309859155
'010010001100001000111100100110000000000000000000011010000000000110001001',,,0.11971830985915492
'010110001100001110111110100110010111100000100100011010010100110110001001',,,0.2112676056338028
'000110000000001000000110000110010111100000111110010000100110110100001001',,,0.19718309859154928
'111101111111110111111011100111111111101111111101101111011101111011110110',,,0.1056338028169014
'110111111011111111111011011111111111111111111101101111011100111011101010',,,0.14788732394366197
'010010001100001000111100011000000000010000011000011010100000000111001000',,,0.2112676056338028
'101111110111110111000011100001101000001111100011100101111011111001110110',,,0.176056338028169
'101101111100110001111011100001111111101111111101101111100101111011110110',,,0.15492957746478872
'000000000011101110000100000110000000000000000010010000011010000100001001',,,0.11971830985915492
'011011010100110110000100000110000000001011011011110000111011000100010111',,,0.22535211267605634
'111101111111110111111011111111111111111111100101101111011101111011110110',0.00016666666666666666,9.428090415820633e-5,0.09154929577464789
'000010000111001000000100111110010111110000000110010000000110000101001000',,,0.18309859154929578
'111111111111110001111011100111111111101111111101101111011101111010110111',,,0.15492957746478872
'101011111111110111111001111001111111111111011101101111111101001011110110',,,0.15492957746478872
'101101110100110001000011011111111111111111111111100101110111111001110110',,,0.1619718309859155
'010010000000001000000100000000010111100000000110010000100110000100001001',,,0.11267605633802817
'011101000111100001000110000110010111100000100110010000110111111100010111',,,0.2887323943661972
'000000000100001110000100000110010111100000011110010000011110000100001001',0.0001,0.0,0.1056338028169014
'101101111100110001111011111001111111111111111101101111100101111011110110',,,0.1267605633802817
'101001111111110001111001011001101000011111000001101111100001001011110110',,,0.18309859154929578
'111111111111110001111011011001101000011111100001101111000001111011110110',,,0.13380281690140844
'000010000000001000000100000000000000000000011010010000100010000100001001',,,0.09154929577464789
'001010001111000000111100011110000000010000000000011010110001000111010100',0.00016666666666666666,9.428090415820633e-5,0.2746478873239437
'111101110111110001000011100111101000001111100011100101110011111001110110',,,0.176056338028169
'000010111011001110111100011111010111110110011100011010011100000011001000',,,0.2535211267605634
'100111110011111001000011000111111111101111111111100101101110111000101011',,,0.24647887323943662
'111101110100110111000011011001111111111111100111100101110111111001110110',0.0002333333333333333,9.428090415820631e-5,0.14788732394366197
'101111111111110111111011000001101000001111100001101111011001111011110110',,,0.16901408450704225
'100101111000111111111011011001111111111111111101101111001100111011101010',0.00013333333333333334,4.714045207910317e-5,0.18309859154929578
'010000000111001000000100011110010111110000000110010000100110000100001001',,,0.15492957746478872
'010000001100001110111100000110010111100000000100011010010100000110001001',,,0.15492957746478872
'110111111011111001111011100111101000001111111001101111001000111010101011',,,0.2746478873239437
'000010000011001000000100011000010111110000000110010000000110000100001001',,,0.11267605633802817
'111111111011110111111011011001101000011111100001101111011001111011110110',,,0.13380281690140844
'101101110011110001000011100111101000001111111011100101011011111001110110',,,0.19014084507042253
'101111111011110111111011111001111111111111100101101111111101111011110110',,,0.07746478873239436
'110100100000001001100010100111000000000100100010000001000010111000101001',,,0.28169014084507044
'101111111111110111111011000001101000001111100001101111011001111010110111',,,0.2112676056338028
'111111110100010001100011011111111111111111100111100101010101111001110110',,,0.19014084507042253
'000010001000001110111100111110000000010000000000011010010000000110001001',,,0.18309859154929578
'010100001000001110111110000110000000000000111000011010011000110110001001',0.0001,0.0,0.21830985915492956
'000000001100001110111100011000010111110000000100011010000100000110001001',,,0.15492957746478872
'111011110011110001000001011111101000011111000011100101000011001001110110',,,0.2535211267605634
'100001111011111000111001100001111111101111011101101111001100000011101010',,,0.23943661971830985
'000100000111001000000110000110010111100000100110010000000110110100001001',,,0.18309859154929578
'100111110000111111000011011001111111111111111111100101001110111001101010',,,0.19014084507042253
'010010001111001000111100100000010111100000000100011010100100000110001001',,,0.16901408450704225
'111101111111110001111011100001101000001111111001101111101001111110110111',,,0.19718309859154928
'000000001011001110111100100110010111100000011100011010111100000110001001',,,0.1619718309859155
'001111010100000001000110000000000000000011111011110000100011111100010101',,,0.2746478873239437
'010100001011001000111110100000000000000000100000011010000000110110001001',,,0.19014084507042253
'111111111100110001111011111111111111111111111101101111110101111011110110',0.00013333333333333334,4.7140452079103176e-5,0.09154929577464789
'000110000000001110000110011000000000010000111010010000101010110100001001',,,0.22535211267605634
'010010000100001110000100000000010111100000011110010000001110000100001001',,,0.11267605633802817
'101001110011110111000001100111111111101111011111100101111111001001110110',,,0.18309859154929578
'010011001011001110011100000000000000000011011000011010001000000110001001',,,0.19718309859154928
'111100111111110111111011111111101000011110100001101111011001111011110110',,,0.13380281690140844
'111111111100110001111011000111111111101111111101101111010101111010110111',,,0.19718309859154928
'100110101000111111111011011111111111111100100100001111010100111011101010',0.0001,0.0,0.20422535211267606
'101111111011110111111011011111101000011111111001101111011001111011110110',,,0.1056338028169014
'000001001011001110111100100110010111100000000100011010111100000110001001',,,0.19718309859154928
'111101111111110111111011000111101000001111111001101111011001111010110111',,,0.176056338028169
'001100000111000001000110111000010111110000100110010000100111111100010101',,,0.2746478873239437
'000000001011001000111100111000000000010000011000011010101000000110001001',,,0.19718309859154928
'010010001011001110111100100110010111100000000100011010111100000110001001',0.0002,8.16496580927726e-5,0.19718309859154928
'010011010011001110000100111000000000010011011011010000001010000101001000',,,0.2323943661971831
'101111110100110111000011111111111111111111100111100101010111111001110110',,,0.176056338028169
'011001001100000000111100011110000000010000000000011010100001000111010100',,,0.24647887323943662
'111101110000110001000011100001101000001111100011100101100011111001110110',,,0.16901408450704225
'111110110000110111000011011111101000011111100011100101110011111001110110',,,0.176056338028169
'111101110011110111000011000111101000001111100011100101111011111000110111',,,0.2112676056338028
'111111110100110111000011111001111111111111111111100101111111111001110110',,,0.11267605633802817
'010010000000001110000100111000000000010000000010010000000010000101001000',0.0001,0.0,0.15492957746478872
'101011111100110001111001100111111111101111011101101111000101001011110110',,,0.2605633802816901
'111011110100110111000001011111111111111111000111100101110111001001110110',,,0.2112676056338028
'010010000000001000000100011110000000010000011010010000100010000100001001',,,0.14788732394366197
'010110000000001000000110100110010111100000111110010000000100110100001001',,,0.2112676056338028
'001000000100000000000100111110000000010000000010010000100011000100010101',,,0.19014084507042253
'001001010111110110111100100000000000001011000001111010111001000110010111',,,0.2535211267605634
'101101110100110001000011111111101000011111111011100101110011111001110110',0.00013333333333333334,4.714045207910317e-5,0.1619718309859155
'000000000100001110000100000000010111100000000110010000000110000100001001',,,0.08450704225352113
'010010001000001000111100100110010111100000000100011010100100000110001001',0.00016666666666666666,4.714045207910317e-5,0.176056338028169
'000010000100001110000100011110010111110000000110010000010110000101001000',,,0.19014084507042253
'100111111011111001111011000111111111101111111101101111001100111010101011',,,0.2323943661971831
'010100001111001001111110000110010111100000111100011010001100110110001001',,,0.2323943661971831
'010100001000001000111110100110010111100000111100011010000100110110001001',,,0.22535211267605634
'101101110111110001000011100111101000001111100011100101010011111000110111',,,0.2605633802816901
'111101111011110001111011000111101000001111100001101111110001111011110110',,,0.14788732394366197
'001101011111000111111110100110000000000011111000111010111001111110010101',,,0.23943661971830985
'001100000111000001000110000000000000000000100010010000100011111100010101',0.00016666666666666666,4.714045207910317e-5,0.2323943661971831
'101110101100010111111011111001101000011100100001101111010001111011110110',,,0.18309859154929578
'111001111100110111111001011111111111111111011101101111111101001011110110',0.00016666666666666666,4.714045207910317e-5,0.14084507042253522
'101111111011110111111011000111101000001111111001101111111001111010110111',,,0.14788732394366197
'000110000000001110000110011000000000010000100010010000000010110100001001',,,0.1619718309859155
'000000000000001110000100011000000000010000011010010000001010000100001001',,,0.11971830985915492
'111111111100010001111011011001111111111111100101101111100101111011110100',,,0.11267605633802817
'101101111100110001111011011001111111111111100101101111000101111011110110',,,0.14788732394366197
'000000000111001000000100011000010111110000000110010000100110000100001001',,,0.14084507042253522
'111000001100100001111001011000111111110000000100001111100101000111110110',,,0.28169014084507044
'100011101011111000111001111001111111110100000100001111000100000011101010',,,0.23943661971830985
'111001111111110001111001111001111111111111011101101111101101001011110110',,,0.1619718309859155
'000100000011001000000110000000010111100000111110010000101110110100001001',,,0.2112676056338028
'111111111100110111111011100111101000001111111001101111111001111011110110',,,0.1056338028169014
'101111110100110111000011111001111111111111111111100101011111111001110110',,,0.15492957746478872
'101111111111110111111011000001101000001111100001101111111001111011110110',,,0.14084507042253522
'000010001100001110111100100110010111100000000100011010010100000110001001',,,0.16901408450704225
'101111111100110001111011000111101000001111111001101111010001111011110110',,,0.176056338028169
'100011111011111000111001011111111111111111011101101111101100000011101010',,,0.23943661971830985
'000000000000001110101100100000000000000000011010010000101000000100001001',,,0.176056338028169
'010100001100011111111011011110111111111000111100001111011100111111101000',,,0.2676056338028169
'111111110100110111000011011001111111111111100111100101010111111001110110',0.00013333333333333334,4.7140452079103176e-5,0.16901408450704225
'010010001011001110111100011110000000010000000000011010111000000110001001',,,0.22535211267605634
'111001110100110111000001111001101000011111000011100101110011001001110110',,,0.20422535211267606
'010000000111001000000100111110000000010000000000010000000010000101001000',,,0.16901408450704225
'111011110100110111000001011111111111111111011111100101111111001001110110',0.00013333333333333334,4.714045207910317e-5,0.176056338028169
'100111011011111001111011000001111111101011111101101111001100110110101011',,,0.2535211267605634
'000000000100001000000100011110010111110000011110010000000110000101001000',,,0.16901408450704225
'010010001011001110111100100000010111100000000100011010001100000110001001',,,0.16901408450704225
'111101111100110001111011000001111111101111100101101111000101111011110110',,,0.1619718309859155
'101011110111110111000001100001111111101111011111100101111111001001110110',,,0.2112676056338028
'111111111000110111111011100111111111101111100101101111110101111011110110',,,0.1267605633802817
'011111010111000001000110000000000000000011111011110000101011111100010101',0.00013333333333333334,4.7140452079103176e-5,0.2676056338028169
'101101111100010001111011011001111111111111100101101111100101111011110110',,,0.13380281690140844
'010010000100001000000100111000010111110000000110010000000110000100001001',,,0.11267605633802817
'001011011111110000111000100000000000000011011001111010101001000110010111',,,0.2605633802816901
'011100001100000001111110100000010111100000100100011010100101111110010101',,,0.2323943661971831
'111101110100110111000011011111111111111111111111100101111111111001110110',,,0.11267605633802817
'000010001000001110111100000110000000000000000000011010110000000110001001',,,0.176056338028169
'111101111111110111111011000111111111101111111101101111011101111011110110',,,0.11267605633802817
'010000001000001000111100111000010111110000011100011010100100000111001000',,,0.23943661971830985
'000010000100001000000100000000010111100000000110010000100110000100001001',,,0.1056338028169014
'000011000000001110000100100110010111100000011110010000111110000100001001',,,0.1619718309859155
'000000000100001000000100111110010111110000000110010000000110000101001000',,,0.1619718309859155
'001010001111000000111100000110000000000000000000011010110001000010010101',,,0.2323943661971831
'101101111011110111111011011111101000011111100001101111011001111011110110',0.00016666666666666666,9.428090415820633e-5,0.1267605633802817
'101101110100110111000011011111111111111111100111100101010111111001110110',,,0.19014084507042253
'011011011111110110111000000000000000001011011001111010111001000110010111',,,0.23943661971830985
'101101111111110001111011100111101000001111100001101111010001111010110111',,,0.21830985915492956
'101011110100110001000001011001101000011111011011100101100011001001110110',,,0.21830985915492956
'000000000000001000000100000110010111100000000110010000100110000100001001',,,0.1056338028169014
'000010000100001110000100111000010111110000011110010000001110000101001000',,,0.19014084507042253
'010000000111001000000100011110000000010000000010010000000010000100001001',,,0.1056338028169014
'111001110100110111000001111001101000011111011011100101111011001001110110',,,0.19718309859154928
'000010000011001000000100000110010111100000011110010000101110000100001001',0.00016666666666666666,4.714045207910317e-5,0.13380281690140844
'000010000011001110000100100110010111100000000110010000011110000100001001',,,0.11267605633802817
'010101000011001001000110000000010111100000111110000000001110110000101001',,,0.2887323943661972
'100011110011111000000001111001111111111111011111100101001110000001101010',,,0.2323943661971831
'000000001000001110111100011110010111110000000100011010010100000111001000',,,0.21830985915492956
'010100000000001110000110000110000000000000111010010000111010110100001001',,,0.21830985915492956
'011110000100000001000110111000000000010000100010010000100011111100010101',,,0.20422535211267606
'010010000000001000000100111000010111110000011110010000000110000101001000',0.0001,0.0,0.176056338028169
'000010000100001000000100100000010111100000011110010000100110000100001001',,,0.1267605633802817
'010010000011001000000100000000000000000000000010010000000010000100001001',,,0.07746478873239436
'111111111011110111111011000111111111101111111101101111011101111010110111',,,0.15492957746478872
'111100110111010001000011111001111111111111100111100101100111111001110100',,,0.19014084507042253
'000010001000001110111100000000000000000000011000011010001000000110001001',0.00016666666666666666,4.714045207910317e-5,0.14084507042253522
'001000000111000000000100111110000000010000000010010000010011000101010100',,,0.24647887323943662
'000001000111001000000100011110010111110001011110010000001110000100001001',,,0.15492957746478872
'100100100000001111000111111001111111110100100110000101000110111001101000',,,0.23943661971830985
'010000001011001000111100100000010111100000000100011010000100000110001001',0.0002,8.16496580927726e-5,0.14084507042253522
'110000101000111110111001011111111111111100000100001111110100000011101010',,,0.2887323943661972
'110100111011111111111011100001101000001100111001101111011000111010101011',,,0.29577464788732394
'100111110000111111000011100001111111101111111111100101011110111000101011',,,0.23943661971830985
'110000000111111110000101111000111111111000011110000100011110000101001010',,,0.2605633802816901
'101110111111110001111011000111101000001111100001101111110001111010110111',,,0.2112676056338028
'001000000111000000000100111110000000010000000010010000110011000101010100',,,0.24647887323943662
'000010000011001110000100100110000000000000000010010000011010000100001001',0.00013333333333333334,4.714045207910317e-5,0.11971830985915492
'010000001000001000111100011110010111110000000100011010100100000111001000',,,0.2323943661971831
'101101111111010001111011011001101000011111100001101111100001111011110100',,,0.14084507042253522
'000010000011001000000100011000010111110000000110010000100110000100001001',,,0.14084507042253522
'111111110111110001000011111111111111111111100111100101110111111001110110',0.00013333333333333334,4.7140452079103176e-5,0.13380281690140844
'101111111000110111111011111001111111111111100101101111110101111011110110',,,0.09859154929577464
'000000000000001110000100000110000000000000011010010000011010000100001001',0.0001,0.0,0.1056338028169014
'111001110100110001000001111001101000011111011011100101000011001001110110',,,0.21830985915492956
'001110000111000001000110011110000000010000100010010000110011111100010101',,,0.2535211267605634
'010000000011001000000100100000000000000000000010010000100010000100001001',0.00013333333333333334,4.7140452079103176e-5,0.1056338028169014
'101101111011110001111011011111101000011111111001101111111001111011110110',,,0.09859154929577464
'011010000111000000000100100000000000000000000010010000100011000100010101',,,0.15492957746478872
'111001111100110111111001111001111111111111000101101111110101001011110110',,,0.16901408450704225
'111101110100110111000011111001101000011111111011100101011011111001110110',0.00013333333333333334,4.7140452079103176e-5,0.16901408450704225
'011110000100000111000110000110000000000000100010010000110011111000010101',,,0.23943661971830985
'000000001011001000011100000000010111100000000110011000100110000110001001',,,0.15492957746478872
'111101110011110001000011111001111111111111111111100101101111111001110110',0.0001,0.0,0.15492957746478872
'111111111000110111111011111001101000011111111001101111111001111011110110',,,0.09859154929577464
'101011111000110001111001011001111111111111000101101111100101001011110110',,,0.176056338028169
'101101110111110111000011011001111111111111100111100101111111111001110110',,,0.14084507042253522
'000000001000001000111100100000010111100000000100011010100100000110001001',0.00016666666666666666,9.428090415820633e-5,0.14084507042253522
'101101111011110001111011011111101000011111100001101111110001111011110110',0.00013333333333333334,4.7140452079103176e-5,0.11971830985915492
'010010000011001110000100100110010111100000000100011010111110000100001001',,,0.176056338028169
'101001111000110001111001111111111111111111000101101111100101001011110110',,,0.176056338028169
'010110000111001110000110000000000000000000100010010000011010110100001001',,,0.19014084507042253
'000000000011001110000100000110010111100000000110010000111110000100001001',0.00013333333333333334,4.7140452079103176e-5,0.1267605633802817
'001011011111110000111001111110101000011011000001101111100001000111110110',,,0.24647887323943662
'101101111100110001111011011111111111111111100101101111110101111011110110',,,0.11971830985915492
'100001111011111110111001000001101000001111000001101111001000000011101010',,,0.2535211267605634
'010010000000001000000100111110010111110000011110010000000110000101001000',0.0001,0.0,0.19014084507042253
'101111110111110001000011100001111111101111111111100101101111111000110111',,,0.22535211267605634
'011101000100000001000110100000000000000001111010010000100011111100010101',,,0.2323943661971831
'101101111111110111111011100111101000001111111001101111111001111011110110',,,0.11267605633802817
'100110111011111111111011000001111111101111111101101111011100111011101010',,,0.19718309859154928
'010110000011001000000110000000000000000000100010010000000010110100001001',,,0.14788732394366197
'000110000100001000000110100000010111100000100110010000000110110100001001',0.0001,0.0,0.15492957746478872
'010010001100001000010100100000010111100000011110010000100110000100001001',,,0.14084507042253522
'010110001111001000111110100000000000000000100000011010000000110110001001',0.00013333333333333334,4.714045207910317e-5,0.176056338028169
'101111111111110111111011000111111111101111100101101111111101111010110111',,,0.14788732394366197
'100100110011111111000011000001111111101100111111100101111110111000101011',,,0.2535211267605634
'100100100000111111000011100111111111101100100110000101010110111000101011',,,0.2887323943661972
'101101111111010001111011011111101000011111100001101111010001111011110100',,,0.16901408450704225
'000010001000001110111100000000010111100000011100011010101100000110001001',0.0002,0.0001414213562373095,0.176056338028169
'101111110100010001000011100111111111101111100111100101110111111001110110',,,0.19014084507042253
'110000001000001110111100011001011111110000000100011010000100000111001000',,,0.23943661971830985
'010010000000001110000100100000000000000000000010010000100010000100001001',,,0.11267605633802817
'000010000000001110000100100000000000000000011010010000001010000100001001',,,0.1056338028169014
'010110000111001000000110111000000000010000100010010000000010110100001001',,,0.176056338028169
'010000001011001110111100100000010111100000000100011010101100000110001001',0.0002666666666666666,0.00012472191289246472,0.19014084507042253
'101111110111110001000011111111111111111111111111100101011111111001110110',,,0.14084507042253522
'000010000011001000000100000000000000000000000010010000100010000100001001',0.00013333333333333334,4.7140452079103176e-5,0.09154929577464789
'001001110100000000000000111110000000010011011011110000100011001001010100',,,0.323943661971831
'111101111111110001111011000111111111101111100101101111010101111011110110',,,0.1619718309859155
'101101110100110111000011011111101000011111100011100101110011111001110110',0.0001,0.0,0.16901408450704225
'010001001000111110111101111110111111110011011100001111011100000111001010',,,0.30985915492957744
'101001111100110111111001000001101000001111011001101111011001001011110110',,,0.24647887323943662
'101111110100000001000011111001111111110111111111110101100111111001110100',,,0.20422535211267606
'010000000000001000000100011110000000010000000010010000000010000001001000',,,0.15492957746478872
'110110101000001001111011111001111111110100111100001111000100111011101000',,,0.2323943661971831
'010000000000001110000100111000010111110000011110010000001110000101001000',0.0001,0.0,0.19014084507042253
'110011111000111110111001111111101000011111011001101111011000000011101010',,,0.2676056338028169
'010000000000001110000100111000010111110000000110010000000110000101001000',,,0.16901408450704225
'111011111100110111111001011111111111111111000101101111110101001011110110',,,0.18309859154929578
'011101111111000001111110000001000000000111100001101010000001111010110101',,,0.323943661971831
'110111110011111001000011011111111111111111111111100101001110111001101010',,,0.20422535211267606
'000011011011111110111100000000010111101011011101001011001100000110001011',,,0.2746478873239437
'111101111000110111111011011111111111111111111101101111111101111011110110',0.00016666666666666666,4.714045207910317e-5,0.07746478873239436
'111101110111110001000011000001101000001111111011100101101011111001110110',,,0.19014084507042253
'111101111100110111111011111111111111111111111101101111011101111011110110',,,0.09154929577464789
'111100100000000001000111011111101000010100111010010100010011111001110100',,,0.28169014084507044
'000110001111001001111110100000010111100000100100011010000100110110001001',,,0.2112676056338028
'100110000000011111000011111110111111111000100110000101010110111101101010',,,0.2676056338028169
'100111110011111111000011000001111111101111100111100101111110111000101011',,,0.2323943661971831
'000010000000001110000100111000000000010000000010010000000010000101001000',,,0.14084507042253522
'111111010100110111000011000111101000001011111011100101011011111100110111',,,0.2535211267605634
'000000000000001110000100111000000000010000011010010000101010000101001000',,,0.19718309859154928
'100011110000110110000001111001101000011111011011100101101010000001101010',,,0.2676056338028169
'101101111111110111111011000111111111101111100101101111111101111010110111',,,0.15492957746478872
'000110000100001110000110100000010111100000100110010000000110110100001001',0.00013333333333333334,4.7140452079103176e-5,0.16901408450704225
'101111111000110001111011011111101000011111111001101111010001111011110110',,,0.14084507042253522
'101101110111110001000011011111111111111111111111100101011111111001110110',,,0.15492957746478872
'010110001100000001111111111110011111110000111100001111100100111111100000',,,0.2676056338028169
'010010001000001110111100100000000000000000011000011010001000000110001001',,,0.1619718309859155
'010010000000101110000100100110010111100000000110010000010110000100001011',,,0.14788732394366197
'011100000111000001000110111000000000010000100010010000100011111100010101',,,0.22535211267605634
'001011011011111110111100000110010111101011011101101011111100000110011011',,,0.2535211267605634
'111111111111110001111011011111101000011111100001101111110001111011110110',0.00013333333333333334,4.7140452079103176e-5,0.1056338028169014
'111101110100110001000011000111111111101111100111100101110111111001110110',,,0.176056338028169
'101101111100110111111011000111101000001111111001101111111001111110110111',,,0.19014084507042253
'101001111111110110111001111001101000011111000001101111111001000111110110',,,0.2323943661971831
'111101110011110001000011000111111111101111111111100101111111111000110111',,,0.19014084507042253
'010110000111001000000110000000010111100000000110010000000110110100001001',,,0.1619718309859155
'100110101000001001111011100001111111100100100100001111000100111011101000',,,0.2323943661971831
'000000001000001110111100000110000000000000011000011010111000000110001001',,,0.176056338028169
'011010000111000000000100000000000000000000000011010000100011000100010101',,,0.176056338028169
'010000001100001000111100011000010111110000000100011010100100000110001001',,,0.16901408450704225
'000010001011001000111100011110000000010000000000011010000000000111001000',,,0.19014084507042253
'111101110011110111000011111001111111111111100111100101011111111001110110',,,0.15492957746478872
'000001000100111110000100100110010111100000000110010000110110000100001011',,,0.20422535211267606
'101111111100110001111011111111111111111111100101101111010101111011110110',,,0.13380281690140844
'010010000100001110000100100000010111100000011110010000001110000100001001',,,0.11971830985915492
'001000111100000000111100011110000000010011011000011010100001000011010100',,,0.29577464788732394
'000000001011001000111100111110010111110000000100011010000100000111001000',0.00013333333333333334,4.7140452079103176e-5,0.2112676056338028
'011001011100110110111000000000000000001011000001111010110001000110010111',0.0001,0.0,0.2535211267605634
'010000000000001000000100000000000000000000000010010000100010000100001001',0.0002,0.0,0.08450704225352113
'101111111011110111111011111111101000011111111001101111011001111011110110',0.00016666666666666666,9.428090415820633e-5,0.09859154929577464
'110111110011001111000010100001010111100111100111100001111110111000101001',,,0.29577464788732394
'001000000111000000000100111110010111110000000110010000110111000101010100',,,0.2676056338028169
'010000001111001110111100111000000000010000000000011010001000000110001001',,,0.176056338028169
'010010000100001110000100100110000000000000000010010000110010000100001001',,,0.14788732394366197
'111101111100110111111011100111111111101111100101101111110101111011110110',,,0.1267605633802817
'101101110000110111100011000111101000001111100011100111110011111001110110',,,0.20422535211267606
'000110101000001001111110000000010111100000111100011010000100111010001001',,,0.23943661971830985
'101110111100110001111011011111111111111110111100101111110101111011110110',,,0.14788732394366197
'101101110111110111000011000111101000001111100011100101111011111000010111',,,0.2112676056338028
'101101110111110111000011011111111111111111111111100101011111111001110110',,,0.14084507042253522
'111111110100110111000011011111111111111111111111100101011111111001110110',0.0002,8.16496580927726e-5,0.13380281690140844
'000010001000001000111100111000010111110000000100011010000100000111001000',,,0.19014084507042253
'010010000011001110000100000110000000000000000010010000011010000100001001',0.00016666666666666666,4.714045207910317e-5,0.1267605633802817
'110100111011111111111011111001111111111110111101101111011100111011101010',,,0.19718309859154928
'000010001011001000111100011000010111110000000100011010000100000111001000',,,0.19718309859154928
'000100100000001001000110000000000000000000111010010000000010111000001001',,,0.19718309859154928
'100011110000111110000001000001111111101111011111100101001110000001101010',,,0.23943661971830985
'000010000000001110000100000000000000000000000010010000100010000100001001',0.0002,8.16496580927726e-5,0.09154929577464789
'011010000100000110000100011000010111110000000100011010110111000101010100',,,0.2887323943661972
'100100111011111111111011111001111111111100100101101111011100111011101010',,,0.20422535211267606
'010000000111001110000100011000010111110000011110010000001110000101001000',,,0.176056338028169
'111011111011110001111001000001111111101111000101101111100101001011110110',,,0.21830985915492956
'100001111011111000111001011111111111111111011101101111111100000011111010',,,0.21830985915492956
'101001110111110110000001011111111111111111011111100101111111001001110110',,,0.18309859154929578
'000010001011001110111100011110000000010000000000011010011000000110001001',,,0.18309859154929578
'101111111100110001111011111111101000011111100001101111110001111011110110',,,0.11267605633802817
'110101111011111111111011100111111111101111111101101111111100111010101011',,,0.21830985915492956
'000000000100001110000100111110000000010000011010010000011010000100001001',,,0.14788732394366197
'000000000100001110000100100110000000000000000010010000110010000100001001',0.00013333333333333334,4.7140452079103176e-5,0.14084507042253522
'111101111011110001111011011111111111111111111101101111111101111011110110',,,0.07746478873239436
'010010001011001000111100000000010111100000000100011010000100000110001001',0.00016666666666666666,9.428090415820633e-5,0.14084507042253522
'001010001100000110111100011110000000010000000000011010010001000111010100',,,0.2746478873239437
'101111111100110111111011011111111111111111100101101111010101111011110110',,,0.14084507042253522
'010000001011001110111100111000000000010000000000011010001000000110001001',,,0.18309859154929578
'000010001011001000111100100110010111100000011100011010101100000110001001',,,0.18309859154929578
'101101111111110001111011111001101000011111111001101111101001111011110110',0.00013333333333333334,4.714045207910317e-5,0.1267605633802817
'000010000000001110000100000000010111100000011110010000001110000100001001',0.00023333333333333333,4.714045207910315e-5,0.1056338028169014
'001100000100000001000110000000000000000000111010010000100011111100010101',,,0.2323943661971831
'111011111111110001111001100001111111101111011101101111101101001011110110',,,0.19718309859154928
'100001110011111000000001100111111111101111011111100101001110000001101010',,,0.23943661971830985
'010010000111001110000100100000010111100000011110010000001110000100001001',,,0.11971830985915492
'111101110100110111000011011001111111111111111111100101011111111001110110',,,0.15492957746478872
'010010001000001000111100000000000000000000000000011010100000000110001001',,,0.13380281690140844
'111111111000110111010011111111101000011111111011100101011011111011110110',,,0.15492957746478872
'010010000011001000000100100110000000000000000010010000000010000100001001',,,0.09859154929577464
'010001001011111110111100000000010111100000011100001010001100000110001011',,,0.21830985915492956
'010000000111001000000100111110010111110000011110010000101110000100001001',,,0.16901408450704225
'010000001111001000111100100000000000000000000000011010000000000110001001',,,0.11267605633802817
'101101110100110111000011100111101000001111111011100101111011111001110110',0.0001,0.0,0.16901408450704225
'111101111111110001111011100001111111101111111101101111001101111010110111',,,0.20422535211267606
'111111110100010001000011011001101000011111111011100101100011111001110110',,,0.1619718309859155
'111110110111000001000010100111110111100100100111100001110111111000110101',,,0.2746478873239437
'101101110100110111000011011001101000011111100011100101110011111001110110',0.0001,0.0,0.16901408450704225
'001110000100000001000110000110010111100000111110010000110111111100010101',0.00016666666666666666,9.428090415820633e-5,0.2605633802816901
'010010000011001000000100011110000000010000011010010000001010000101001000',,,0.18309859154929578
'010011000000001110000100000110000000000000000010010000010010000100001001',,,0.14084507042253522
'111101110011110111000011100001101000001111111011100101011011111000110111',,,0.2323943661971831
'111101110100110111000011011001101000011111111011100101111011111001110110',0.0003,8.164965809277261e-5,0.14788732394366197
'111111111011010001111011111111101000011111100001101111110001111011110110',,,0.11971830985915492
'101011110011110111000001111001111111111111000111100101111111001001110110',,,0.19014084507042253
'000010001000001110111100000000010111100000011100011010001100000110001001',,,0.14788732394366197
'011011011111000000111100011000010111110011011101111010101101000111010100',,,0.29577464788732394
'010010001100001110111100000000010111100000000100011010000100000110001001',,,0.13380281690140844
'101011111100110111111001111001111111111111011101101111111101001111110110',,,0.18309859154929578
'000010010011001110000100111110001000010010011011110000111010000101001000',,,0.23943661971830985
'000000001000001000111100111000000000010000000000011010100000000111001000',,,0.19014084507042253
'000000000000001110000100011110000000010000000010010000110010000100001001',,,0.15492957746478872
'101001111111110111111001000001111111101111000101101111111101001011110110',,,0.19718309859154928
'111101111111110111111011111001111111111111100101101111111101111011110110',,,0.07746478873239436
'001010000100000000000100011110000000010000011010010000100011000100010101',,,0.21830985915492956
'111111111000110001111011111111101000011111111001101111110001111011110110',,,0.1056338028169014
'111001110011110111000001011001111111111111000111100101111111001001110110',,,0.19014084507042253
'111111111100110001111011111001111111111111100101101111000101111011110110',,,0.11971830985915492
'110100111000111111111011111111111111111110111100101111011100111011101010',,,0.2112676056338028
'010010001000001110111100011110010111110000000100011010010100000111001000',,,0.23943661971830985
'111101111011110111111011100111111111101111111101101111011101111011110110',,,0.11267605633802817
'000010000011001110000100100000010111100000011110010000101110000100001001',0.00013333333333333334,4.7140452079103176e-5,0.14084507042253522
'001110000100010001000111100110011111100000111110010100110111111100010111',,,0.29577464788732394
'000000001111001000111100000110010111100000000100011010100100000110001001',,,0.16901408450704225
'000010000011001110000100000000010111100000011111010000101110000000001001',,,0.1619718309859155
'000010000000001000000100100000010111100000000110010000000110000100001001',0.00019999999999999998,8.16496580927726e-5,0.07746478873239436
'000010001000111110111100000110010111100000011100011010011100000110001011',,,0.19718309859154928
'010000000100001000000100000000000000000000011010010000000010000100001001',0.00013333333333333334,4.714045207910317e-5,0.06338028169014084
'001011110100110110000000111000011111111011011111100101111111000001110110',,,0.2746478873239437
'000000001111001110111100011000010111110000011100011010101110000110001001',,,0.2112676056338028
'111111110011110001000011100001101000001111111011100101101011111000110111',,,0.22535211267605634
'111101111000010001111011000001101000001111111001101111100001111011110110',,,0.1619718309859155
'111101110000110111000011011001111111111111111111100101111111111001110110',0.0001,0.0,0.13380281690140844
'110100101000111001111011011111111111110100100100001111000100111011101010',,,0.2112676056338028
'110100100000001001000110100111100000000100100010000001000010111000101001',,,0.2676056338028169
'010110101011001001111110100110000000000100100000011010000000111010001001',,,0.24647887323943662
'010000001000001000111100100000010111100000011100011010000100000110001001',,,0.14084507042253522
'101110111000010111111011011001101000011111100001101111110001111011110110',,,0.14788732394366197
'111101111000110001111011011001111111111111100101101111100101111011110110',,,0.11267605633802817
'101101110111110111000011111001111111111111100111100101111111111001110110',,,0.13380281690140844
'010010000000001000000100011000010111110000011110010000000110000100001001',,,0.1267605633802817
'111101111111110111111011000111101000001111111001101111111001111010110111',,,0.14788732394366197
'000110001100001000000110000110010111100000111110010000000110110100001001',,,0.19014084507042253
'000000000000001110000100111110010111110000000110010000010110000100001001',,,0.14084507042253522
'010010001011001000111100011000010111110000000100011010000100000110001001',,,0.16901408450704225
'110001011011111000111001011110101000011011011001101111001000000111101010',,,0.2676056338028169
'111101111111110001111011111111111111111111100101101111010101111011110110',,,0.1267605633802817
'001011111011100000111000100110000000000111000001111010110001000010010101',,,0.28169014084507044
'111101111111010001111011000111101000001111100001101111110001111010110101',,,0.19718309859154928
'011011010111000000000100011000000000010011011011110000001011000101010100',,,0.2746478873239437
'101111111111110001111011011001111111111111111101101111001101111011110110',0.00013333333333333334,4.714045207910317e-5,0.14788732394366197
'001010000100000000000100000110000000000000000010010000100011000100010101',,,0.176056338028169
'110011111011111110111001011111111111111111011101101111011100000011101010',0.00013333333333333334,4.7140452079103176e-5,0.2112676056338028
'111111110111110111000011011001101000011111111011100101011011111001110110',,,0.15492957746478872
'111110111011000001111011011001101000010111100000101111100001111011110100',,,0.18309859154929578
'010000000011001000111100100000000000000000011010011010001000000110001001',,,0.16901408450704225
'000000100000001000000100100000010111100100011110010000000110000000001001',,,0.11267605633802817
'111101110111010001000011011001111111111111111111100101101111111001110110',,,0.16901408450704225
'111111110000110111000011011111111111111111100111100101110111111001110110',,,0.14788732394366197
'010010000000001110000100100000000000000000000010010000000010000100001001',0.0001,0.0,0.08450704225352113
'111101111100110001111011000111111111101111100101101111110101111011110110',,,0.13380281690140844
'010110000000001111000110000000000000000000100010010000000010110000001001',,,0.176056338028169
'111110110100110001000011111111101000011111111011100101010011111001110110',,,0.19014084507042253
'000000000000001000000100111110000000010000011010010000000010000100001001',,,0.1056338028169014
'101111111011110111111011111001101000011111111001101111111001111011110110',,,0.08450704225352113
'111111111000110111111011011001101000011111100001101111110001111011110110',0.00013333333333333334,4.7140452079103176e-5,0.11267605633802817
'111101110100110111111011111001111111111111111101101111111101111011110110',,,0.09154929577464789
'111111111000110111111011011111111111111111111101101111111101111011110110',,,0.07042253521126761
'010010001111001110111100111000010111110000011100011010101100000111001000',,,0.2605633802816901
'000010001100001000111100000110000000000000011000011010000000000110001001',,,0.1267605633802817
'010000000000001000000100111110010111110000000110010000000110000100001001',,,0.1267605633802817
'101111111011110111111011100001101000001111111001101111111001111010110111',,,0.15492957746478872
'100101111000111111111011100111111111101111111101101111011100111010101011',,,0.21830985915492956
'101111111100110111111011111001111111111111100101101111110101111011110110',,,0.1056338028169014
'100101111011111111111011100111111111101111111101101111011100111011101010',,,0.176056338028169
'111110111000110001111011011111101000011111100001101111010001111011110110',,,0.1619718309859155
'101001010111110110000001011111111111111111000111100101111111001101110110',,,0.21830985915492956
'101101110111110001000011111111101000011111111011100101011011111001110110',,,0.16901408450704225
'110101110011111111000011000001111111101111100111100101111110111000101011',,,0.2535211267605634
'101101110100110001000011100111101000001111111011100101110011111000110111',,,0.2323943661971831
'101001111100110111111001011111111111111111011101101111111101001011110110',0.00013333333333333334,4.7140452079103176e-5,0.15492957746478872
'000010000011001000000100100110010111100000000110010000100110000100001001',,,0.13380281690140844
'000010001100001000111100000000010111100000011100011010000100000110001001',0.0002,8.16496580927726e-5,0.13380281690140844
'101111110100110111000011111111101000011111100011100101010011111001110110',,,0.18309859154929578
'011010001111000000111100011110000000010000000000011010110001000111010100',,,0.2605633802816901
'010110101000001001111010000001010111100100100100001011000100111010101001',,,0.2605633802816901
'000010001000001000111100111000010111110000000100011010100100000111001000',,,0.21830985915492956
'010010001100001000111100111110010111110000000100011010000100000111001000',0.0001,0.0,0.2112676056338028
'111101111011110001111011011001101000011111111001101111101001111011110110',,,0.1267605633802817
'010000000100001110000100100000000000000000000010010000000010000100001001',,,0.07042253521126761
'000010000011001110000100111000000000010000000010010000001010000101001000',,,0.176056338028169
'100100100000111111000011011111111111111100100110000101010110111101101010',,,0.23943661971830985
'101110000100000111000111011111101000010100100010010100110011111101110100',,,0.2605633802816901
'000001000000001000000101011110010111110000011110010100000110000101001000',,,0.2112676056338028
'010100000111001000000110000000000000000000100010010000100010110100001001',,,0.176056338028169
'010101100011001001000110000000010111100001111110010000001110110000001001',,,0.2535211267605634
'010010000011001000000100111110010111110000000110010000000110000101001000',,,0.19014084507042253
'101111110100110111000011100001101000001111111011100101111011111001110110',,,0.176056338028169
'000010000011001000000100100110000000000000000010010000000010000100001001',0.0001,0.0,0.08450704225352113
'101011111100110111111001011001101000011111000001101111110001001011110110',,,0.20422535211267606
'000100001000001000111110100000010111100000111100011010000100110110001001',,,0.19718309859154928
'101101110111110001000011000001101000001111100011100101000011111001110110',,,0.22535211267605634
'111111110100110111000011111001101000011111111011100101011011111001110110',,,0.1619718309859155
'110101110011111111000011000111111111101111100111100101111110111000101011',,,0.23943661971830985
'000010001100001000111100000000000000000000000000011010100000000110001001',,,0.1267605633802817
'011010000100000000000100111110000000010000011010010000000011000101010100',,,0.22535211267605634
'000010001111001000111100111000010111110000011100011010001100000111001000',,,0.2323943661971831
'010100000011001000000110000110010111100000100110010000100110110100001001',,,0.21830985915492956
'000010000011001000000100100000000000000000000010010000000010000100001001',0.0002666666666666666,0.00012472191289246472,0.07042253521126761
'000000000000001110000100100000000000000000011010010000001010000100001001',,,0.09859154929577464
'010000001100001000111100011000000000010000011000011010000000000110001001',0.00013333333333333334,4.714045207910317e-5,0.13380281690140844
'000010000100001000000100111110010111110000011110010000000110000101001000',,,0.18309859154929578
'000010100011001110000100111110010111110100000110010000011110000001001000',,,0.2112676056338028
'010100000100001000000110111000010111110000100110010000000110110100001001',,,0.19014084507042253
'111011111011110111111001100111111111101111011101101111111101001011110110',,,0.1619718309859155
'010000001011001000111100111000010111110000000100011010000100000111001000',0.00016666666666666666,4.714045207910317e-5,0.2112676056338028
'101011110100110111000001011001101000011111000011100101110011001001110110',,,0.2323943661971831
'010010001111001000111100000000010111100000011100011010101100000110001001',,,0.18309859154929578
'111111111000110111111011000111101000001111111001101111011001111011110110',0.00016666666666666666,4.714045207910317e-5,0.14788732394366197
'001001010100110110000100100110000000001011011011110000111011000100010111',0.0001,0.0,0.22535211267605634
'111001111111110001111001111111101000011111000001101111100001001011110110',,,0.176056338028169
'111111110100110111000011100111111111101111111111100101111111111000110111',,,0.16901408450704225
'010110000011001000000110100000000000000000111010010000001010110100001001',,,0.19014084507042253
'111101110011110001000011000111101000001111100011100101010011111001110110',,,0.21830985915492956
'010010001011001110111100011000010111110000011100011010101100000111001000',,,0.2605633802816901
'000110001111001000111110000000010111100000100100011010000100110110001001',,,0.19014084507042253
'010000001111001110111100111000010111110000000100011010001100000110001001',,,0.18309859154929578
'010000000000111110000100000110010111101000011110010000111110000100001011',,,0.176056338028169
'010110001111001000111110011110000000010000111000011010001000110110001001',,,0.2323943661971831
'011011111000110001111000000110010111101011000101101011100101000010010111',,,0.2887323943661972
'010010001011001000111100000000010111100000011100011010001100000110001001',0.0002333333333333333,9.428090415820631e-5,0.1619718309859155
'000010001000001110111100100110010111100000011100011010111100000110001001',,,0.18309859154929578
'010000000100001110000100100110000000000000000010010000110010000100001001',,,0.14084507042253522
'000100000111001110000110000000000000000000100010010000011010110100001001',,,0.19718309859154928
'010000001000001000111100111110010111110000000100011010000100000111001000',,,0.2112676056338028
'101001111111110001111001111111101000011111011001101111111001001111110110',,,0.18309859154929578
'000010001111001000111100011110010111110000011100011010001100000111001000',,,0.22535211267605634
'101011110000110111000001100001111111101111011111100101111111001001110110',,,0.21830985915492956
'101101111000110111111011111111111111111111111101101111111101111011110110',,,0.07042253521126761
'001100000100000111000110000000000000000000100010010000110011111100010101',,,0.24647887323943662
'010000000000001110000100000000000000000000011010010000101010000100001001',,,0.13380281690140844
'000100000000001000000110011110000000010000111010010000000010110100001001',,,0.18309859154929578
'000000001100001000111100100000000000000000000000011010100000000110001001',,,0.1267605633802817
'000000000111001110000100100000010111100000011110010000101110000100001001',0.0001,0.0,0.14084507042253522
'101101111100110111111011011001111111111111100101101111010101111011110110',0.00016666666666666666,4.714045207910317e-5,0.14788732394366197
'100011111011111110111001100111101000001111011001101111011000000011101010',,,0.2535211267605634
'001110000100000001000110000000010111100000100110000000100111111100010101',,,0.2676056338028169
'101101110111110001000011011111101000011111100011100101010011111001110110',,,0.19718309859154928
'010011000011001110000100011110000000010000000010010000111010000101001000',,,0.24647887323943662
'000000001011001110111100000110000000000000000000011010111000000110001001',,,0.176056338028169
'100001111011111000111001111001111111111111011101101111001100000011101010',,,0.22535211267605634
'111111111111110001111011000001101000001111111001101111101001111011110110',,,0.14084507042253522
'000000000000001110000100011110010111110000000110010000110110000101001000',,,0.20422535211267606
'000010000000001110000100011000010111110000000110010000000110000101001000',,,0.15492957746478872
'010010001000001000111100000000000000000000000000011010000000000110001001',0.0001,0.0,0.1056338028169014
'101101110111110001000011100111101000001111111011100101111011111000110111',,,0.2112676056338028
'010000001000001000111100011000010111110000011100001010000100000111001000',,,0.22535211267605634
'100001111011111110111001111001111111111111011101101111101100000011101010',0.0001,0.0,0.23943661971830985
'111111111111110111111011000111101000001111100001101111011001111011110110',,,0.14084507042253522
'011100001100000001111110000000000000000000100000011010100001111110010101',,,0.20422535211267606
'100001111000111110111001111111101000011111011001101111011000000011101010',,,0.24647887323943662
'111110110100110001000011111001101000011110100011100101000011111001110110',,,0.176056338028169
'010100001000001110111110000000010111100000100100011010000100110110001001',,,0.20422535211267606
'000000001000001110111100000000010111100000000110011010000100000110001001',,,0.13380281690140844
'111011110111110000000101011111111111111111011111110101111111001101110110',,,0.2535211267605634
'100011110011111110000001011111111111111111000111100101011110000001101010',0.0002,0.0,0.2112676056338028
'101101111100010001111011111001101000011111100001101111100001111011110110',,,0.11971830985915492
'000000001111001110111100100110000000000000011000011010011000000110001001',,,0.14788732394366197
'000011010011111110000100000110010111101011011110010000111110000100001011',,,0.18309859154929578
'101111111000110111111011011111101000011111111001101111111001111011110110',,,0.09154929577464789
'010011000000001000000100100000010111100000000110010000100110000000001001',,,0.15492957746478872
'001001011100110110111000000000000000001011000001111010110001000110010111',,,0.2676056338028169
'010001000011111110000100000000010111100001011110010000101110000100001011',,,0.18309859154929578
'010010101000001110000100011000010111110100000110010000000110000101001000',,,0.2112676056338028
'000000001011001000111100100000000000000000000000011010000000000110001001',0.0001,0.0,0.1056338028169014
'000010000011101110000100100110000000000000011010010000011010000100001001',,,0.11971830985915492
'010000001011001000111100000110010111100000011100011010001100000110001001',,,0.15492957746478872
'101001110011110001000001111001101000011111000011100101000011001001110110',,,0.22535211267605634
'010010001100001000111100111110000000010000000000011010000000000110001001',,,0.14788732394366197
'100011010011111110000001011111111111111111011111100101111110000101101010',,,0.2323943661971831
'010001000111111110000100100110010111101000000111010000011110000100001011',,,0.18309859154929578
'000110000111001000000110000000010111100000100110010000000110110100001001',,,0.1619718309859155
'111101111111110111111011000001111111101111100101101111011101111010110111',,,0.18309859154929578
'111100100100110111011011000001111111101100100110001101010101111010110111',,,0.28169014084507044
'111111111011110001111011011111111111111111111101101111101101111011100110',,,0.11267605633802817
'111111011100110111111011011001111111111111111101101111111101111111110110',,,0.09859154929577464
'010110000000001000000110100000010111100000111110010000100110110100001001',,,0.20422535211267606
'000010000000001000000100000110010111100000000110010000100110000100001001',0.0001,0.0,0.11267605633802817
'010110001100001000111110000000010111100000111100011010100100110110001001',,,0.21830985915492956
'010000000011001000000100011000000000010000011010010000001010000100001001',,,0.13380281690140844
'010010001011001000111100000000000000000000011000011010101000000110001001',,,0.18309859154929578
'010000001000001110111100011000010111110000011100011010101100000110001001',,,0.2112676056338028
'000000000111001000000100011000010111110000000110010000000110000101001000',,,0.15492957746478872
'010000001100001110111100111000000000010000011000011010001000000111001000',,,0.21830985915492956
'100000101011011000111000111001110111110100011100001111001100000111101010',,,0.2746478873239437
'000100001000001000111110011000000000010000111000011010000000110110001001',,,0.19718309859154928
'100000100000001110000100111001100000010100000010010000000010000001001000',,,0.176056338028169
'101111111111110111111011011001101000011111111001101111111001111011110110',,,0.09859154929577464
'010000000111001110000100100000010111100000000110010000001110000100001001',,,0.11267605633802817
'001011110100110110000000100110000000001011000011110000110011000000010111',,,0.2746478873239437
'101111111100110001111011100111111111101111100101101111010101111010110111',,,0.20422535211267606
'111111110000110001000011011001111111111111111111100101100111111001110110',,,0.1619718309859155
'111111110000110111000011111001101000011111111011100101111011111001110110',0.00016666666666666666,4.714045207910317e-5,0.14084507042253522
'101111110000110001000011000111111111101111111111100101110111111001110110',,,0.176056338028169
'001010001111000000111100100110000000000000000000011010110001000110010101',,,0.2112676056338028
'111011111100110111111001111001111111111111011101101111111101001011110110',,,0.15492957746478872
'111111111000110001111011000111111111101111111101101111010101111010110111',,,0.20422535211267606
'010100000011001110000110100110010111100000111110010000011110110100001001',,,0.176056338028169
'000000001011001110111100000110000000000000000000011010011000000110001001',0.0001,0.0,0.14788732394366197
'110101110000111111000011100111101000001111111011100101011010111000101011',0.00013333333333333334,4.7140452079103176e-5,0.28169014084507044
'000010000011001000000100111000010111110000000110010000000110000101001000',,,0.1619718309859155
'111101111100110111111011011111101000011111100001101111010001111011110110',,,0.14084507042253522
'010100000100001000000110000000010111100000111110010000000110110100001001',,,0.16901408450704225
'101111110011110111000011000111101000001111100011100101111011111001110110',,,0.1619718309859155
'101101111111110001111011011111101000011111100001101111010001111011110110',,,0.15492957746478872
'010000000011001000000100100110000000000000011010010000101010000100001001',,,0.14084507042253522
'010000000000001000000100111110010111110000011110010000000110000101001000',,,0.18309859154929578
'010100001011111001111111111110111111110000111100001111001100111111101010',,,0.28169014084507044
'000000000011001000000100011110010111110000011110000000101110000101001000',,,0.21830985915492956
'111101111111110001111011111001111111111111111101101111001101111011110110',,,0.13380281690140844
'010110001000001110111110000000010111100000100100011010000100110110001001',0.0001,0.0,0.19718309859154928
'001011111000110110111000000110000000001011011001111010111001000010010111',,,0.2535211267605634
'000000000111001000000100100110000000000000000010010000100010000100001001',,,0.11267605633802817
'000010001011001110111100000000010111100000011100011010001100000110001001',,,0.14788732394366197
'101111110011110111000011100001101000001111100011100101011011111001110110',,,0.19718309859154928
'111101110100110001000011111001111111111111111111100101100111111001110110',,,0.15492957746478872
'010010001111001110111100111110010111110000000100011010011100000111001000',,,0.2323943661971831
'101111110100110001000011111111111111111111111111100101110111111001110110',0.0002666666666666667,0.0001699673171197595,0.14788732394366197
'010100001000001000111110100000000000000000100000011010000000110010001001',,,0.19014084507042253
'000110001111001110111110000000010111100000111100011010011100110110001001',,,0.19718309859154928
'000110001111001000111110000110000000000000100000011010000000110110001001',,,0.18309859154929578
'000000000011111110000100100110000000001000011010010000011010000100001011',,,0.14788732394366197
'000000000011001000000100111110000000010000011010010000001010000101001000',0.00019999999999999998,8.16496580927726e-5,0.16901408450704225
'101101111111110111111011000111101000001111100001101111111001111011110110',,,0.13380281690140844
'111101110100110111000011100111111111101111100111100101110111111001110110',,,0.16901408450704225
'011001000100000000000100000000000000000001011010010000100011000100010101',,,0.176056338028169
'010100001000001110111110000110000000000000111000011010111000110110001001',,,0.24647887323943662
'101101110100110111000011000001101000001111111011100101111011111000110111',,,0.2323943661971831
'011010001111000000111100011000000000010000000000011010000001000111010100',,,0.2323943661971831
'001101010111000001000110000000000000000011111011110000101011111100010101',,,0.2887323943661972
'000010001011001110111100011000000000010000000000011010001000000111001000',0.0001,0.0,0.2112676056338028
'000110000100001000000110000000010111100000100110010000000110110100001001',,,0.14788732394366197
'000010000111001000000100111000000000010000011010010000101010000100001001',,,0.16901408450704225
'110001110000111110000001111111111111111111011110100101011110000101101010',,,0.2535211267605634
'001001010100000000000100100000000000000011011011110000100011000100010101',,,0.2112676056338028
'101111111000110001111011100001111111101111100101101111000101111011110110',,,0.15492957746478872
'000000001111001000111100011000000000010000011000011010101000000111001000',,,0.23943661971830985
'110111110011111111101011100111101000001111100001101111011000111010101011',,,0.2746478873239437
'100110100011001001000111111001111111110100100110000101000110111001101000',,,0.2323943661971831
'111111111000110111111011100001101000001111100001101111110001111011110110',,,0.13380281690140844
'111110111100000001111011111001111111111110111101101111100101111011110100',,,0.176056338028169
'010010000011001000000100111000010111110000000110010000000110000101001000',,,0.176056338028169
'101101110100110111000011000001101000001111111011100101111011111001110110',,,0.19014084507042253
'101111111100110001000011011001101000011111111011100101000011111001110110',,,0.19014084507042253
'100100101000111111111011000111111111101100100100001111010100111011101010',,,0.23943661971830985
'111101111111110111111011000001111111101111100101101111111101111011110110',,,0.11267605633802817
'111111110111110111000011111111111111111111111111100101111111111001110110',0.0003,8.164965809277261e-5,0.08450704225352113
'101001111111110001111001011111111111111111000101101111010101001011110110',,,0.21830985915492956
'111101111111110111111011000001111111101111111101101111111101111011110110',,,0.09859154929577464
'110101110011111111101011100111101000001111111011101111011000111010101011',,,0.28169014084507044
'010010001000001000111100011000000000010000011000001010100000000111001000',,,0.23943661971830985
'111011111111110000111001011111101000011111011001101111111001001111110110',,,0.19718309859154928
'111101111111110001111011000111101000001111100001101111110001111010110111',,,0.18309859154929578
'101111111111110001111011011001101000011111111001101111101001111011110110',0.00013333333333333334,4.7140452079103176e-5,0.1267605633802817
'111111110011110111000011111111111111111111100111100101111111111001110110',,,0.1056338028169014
'010000001011001110111100011110000000010000011000011010011000000110001001',,,0.176056338028169
'101101110000110001000011111111111111111111111111100101110111111001110110',,,0.14788732394366197
'110111110000110111000011100001101000001111111011100101001011111001100110',,,0.22535211267605634
'010010001111001000111100011110010111110000011100011010001100000110001001',,,0.18309859154929578
'111011111100110111111001000001101000001111011001101111111001001011110110',,,0.2112676056338028
'000010001000001000111100011000000000010000000000011010100000000111001000',,,0.19014084507042253
'111100110111110111000011011001101000011111100011100101111011111001110110',,,0.16901408450704225
'000000000011001000000100111000010111110000000110010000000110000101001000',,,0.15492957746478872
'000010001000001000111100100110010111100000011100011010100100000110001001',0.0002,8.16496580927726e-5,0.176056338028169
'000000000111001000000100000000000000000000000010010000000010000100001001',,,0.06338028169014084
'000000000000001110000100000110010111100000011110010000111110000100001001',0.00013333333333333334,4.714045207910317e-5,0.1267605633802817
'000000000011001110000100000110010111100000011110010000111110000100001001',,,0.11267605633802817
'110011111011111000111001011111111111111111011101101111001100000011101010',0.0001,0.0,0.23943661971830985
'000110001000001000111110011110000000010000111000011010000000110110001001',,,0.20422535211267606
'000010001011001110111100000110000000000000011000011010111000000110001001',,,0.16901408450704225
'101010101100110111111001111001111111111100000101101111110101001011110110',,,0.21830985915492956
'001010001100000110111100011000010111110000000100011010110101000111010100',,,0.29577464788732394
'101111110111110001000011000001111111101111100111100101000111111000110111',,,0.2676056338028169
'000100001000001111111110111000010111110000111100001011011100111111101000',,,0.2535211267605634
'101111010100010111000011000001101000001011111011110100111011111100110111',,,0.3028169014084507
'010110000011001000000110100000000000000000111010010000101010110100001001',,,0.21830985915492956
'010100001000001000111110011110000000010000100000011010000000110110001001',,,0.2112676056338028
'010000000100001000000100000110010111100000011110010000100110000100001001',0.0002,0.0001414213562373095,0.1267605633802817
'010010000100001000000100100000010111100000011110010000000110000100001001',,,0.09859154929577464
'101110101111110001111011011111101000011100100000001111110001111011110110',,,0.15492957746478872
'000010000100001000000100000110010111100000000110010000000110000100001001',,,0.09154929577464789
'011010000100000110000100100000000000000000000010010000110011000100010101',,,0.18309859154929578
'110011111011111000111001011111111111111111011101101111101100000011101010',,,0.2535211267605634
'101101110111110001000011100001111111101111111111100101101111111000110111',,,0.2323943661971831
'101101111011110111111011100001101000001111100001101111111001111011110110',,,0.13380281690140844
'111111111000110111111011100111101000001111111001101111111001111010100111',,,0.18309859154929578
'010010000000001110000100000000000000000000000010010000000010000100001001',,,0.07746478873239436
'110011111011111110100001011111101000011111000011100111011000000001101010',,,0.28169014084507044
'101001111111110111111001011001111111111111011101101111111101001011110110',0.00013333333333333334,4.7140452079103176e-5,0.15492957746478872
'100011110011111110000001111111111111111111000111100101011110000001101010',0.00013333333333333334,4.7140452079103176e-5,0.21830985915492956
'011010000100000000000100011000000000010000000010010000100011000100010101',,,0.176056338028169
'001001000111110000000100000110000000001011000001011010110011000100010111',,,0.28169014084507044
'111101110111110001000011111111111111111111111111100101111111111001110110',,,0.1056338028169014
'101101110000110111000011100111101000001111111011100101011011111001110110',0.0001,0.0,0.19014084507042253
'000000001011001000111100111000010111110000011100011010001100000110001001',,,0.176056338028169
'101101111011010001111011000001111111101111100101101111100101111011110100',,,0.16901408450704225
'111111111111110001111011011111101000011111111001101111011001111011110110',0.00013333333333333334,4.714045207910317e-5,0.11267605633802817
'010110001000001001111110000110010111100000100100011010100100110110001001',,,0.23943661971830985
'111011111011110111111001111111101000011111011001101111111001001011110110',0.00013333333333333334,4.7140452079103176e-5,0.15492957746478872
'000110001100001110111110100000010111100000100100011010100100110110001001',,,0.22535211267605634
'010100000111001000000110000110010111100000100110010000000110110100001001',,,0.18309859154929578
'101111110111110111000011100001101000001111100011100101011011111001110110',,,0.20422535211267606
'000110001000001110111110011110000000010000100000011010010000110110001001',,,0.21830985915492956
'111111110011110111000011111001111111111111111111100101111111111001110110',,,0.1056338028169014
'000010000011001110000100100000010111100000011110010000001110000100001001',0.00013333333333333334,4.714045207910317e-5,0.11267605633802817
'101001111100110001111001111001101000011111000001101111100001001011110110',,,0.1619718309859155
'101110110000110111000011000111101000001100100011100101010011111001110110',,,0.23943661971830985
'101001110111110001000001111111101000011111000011100101100011001001110110',,,0.21830985915492956
'000010000111001000000100100000000000000000011010010000001010000100001001',,,0.11267605633802817
'010000100000001000000100111001010111110100011110010000100110000001001000',,,0.22535211267605634
'111100110100000001000011011111111111111111111111100101110111111001110100',,,0.20422535211267606
'100110100000111111000011100111111111101100100110000101010110111001101010',,,0.2535211267605634
'010010000000001000111100000110010111100000000100011010100100000110001001',,,0.16901408450704225
'001000001100000000111100100110000000000000000000011010100001000110010101',0.0001,0.0,0.176056338028169
'101011111000110001111001011111101000011111011001101111000001001011110110',,,0.22535211267605634
'000010000000001110000100111000010111110000011110010000001110000101001000',0.00013333333333333334,4.7140452079103176e-5,0.18309859154929578
'010000001100001000111100000110010111100000000100011010100100000110001001',,,0.15492957746478872
'101100111111110001111011011001111111111111111101101111101101111011110110',,,0.14788732394366197
'101101110100110111000011111001111111111111100111100101010111111001110110',0.00013333333333333334,4.7140452079103176e-5,0.18309859154929578
'011001011111110000111000100110000000001011011001111010111001000110010111',0.00013333333333333334,4.7140452079103176e-5,0.22535211267605634
'101101111111000001111011011111111111111111100101101111010101111011110100',,,0.16901408450704225
'000010000000101110000100100110010111100000011110010000011110000100001011',,,0.1267605633802817
'000010001011001000111100011000000000010000000000011010000000000111001000',,,0.176056338028169
'000000000000001000000100111000000000010000011010010000000010000101001000',,,0.13380281690140844
'101110101100110001111011100111101000001100111001101111110001111011110110',,,0.16901408450704225
'101111110111110001000011000001111111101111111111100101101111111001110110',0.0001,0.0,0.19014084507042253
'100100110111110111000011111111111111111100100110100101111111111001100110',,,0.19014084507042253
'101111110100110001000011111001101000011111111011100101100011111001110110',0.00019999999999999998,8.16496580927726e-5,0.15492957746478872
'101101111100110111111011111001111111111111100101101111110101111011110110',0.00013333333333333334,4.7140452079103176e-5,0.11267605633802817
'011101010111000001000110000000000000000011111011110000101011111100010101',,,0.2746478873239437
'000010000000001110000100000110010111100000011110010000111110000100001001',,,0.13380281690140844
'010100000100001110000110100000010111100000100110010000000110110100001001',,,0.176056338028169
'111011111011110111111001011111111111111111011101101111111101001011110110',,,0.14084507042253522
'101111111100110111111011111111101000011111111001101111011001111011110110',,,0.11971830985915492
'000010000000001000000100111000000000010000000010010000100010000100001001',,,0.11267605633802817
'000000000111001110000100011110000000010000000010010000011010000100001001',,,0.14084507042253522
'010010001100001110111100000000000000000000011000011010001000000110001001',,,0.14788732394366197
'000010001000001110111100000110000000000000011000011010011000000110001001',0.00016666666666666666,9.428090415820633e-5,0.15492957746478872
'000000001000001110111100011000010111110000000100011010100100000111001000',,,0.21830985915492956
'111001110111110111000001011001111111111111000111100101111111001001110110',,,0.18309859154929578
'010010000100001110000100111000010111110000011110010000001110000100001001',,,0.14788732394366197
'111011111111110001111001111111111111111111000101101111110101001011110110',,,0.176056338028169
'001011011111000000111100100000000000000011011001111010101001000110010101',,,0.23943661971830985
'010110000111001000000110000000000000000000100010010000000010110100001001',,,0.14084507042253522
'010011000011001110000100000000010111100011011110010000101110000100001001',,,0.176056338028169
'111101110111110001000011100001101000001111111011100101001011111001110110',,,0.2112676056338028
'010010001100001110111100100110000000000000011000011010011000000110001001',0.00013333333333333334,4.7140452079103176e-5,0.16901408450704225
'111111010111110111000011011001111111111011100111100101011111111101110110',,,0.176056338028169
'111011111011110111111001011111101000011111011001101111111001001011110110',0.00013333333333333334,4.714045207910317e-5,0.1619718309859155
'010000001011001110111100000110000000000000000000011010011000000110001001',0.0001,0.0,0.1619718309859155
'000110000000001110000110100110010111100000100110010000110110110100001001',,,0.20422535211267606
'101011111111110001111001111111101000011111011001101111111001001011110110',,,0.176056338028169
'111111110011110001000011111001101000011111100011100101000011111001110110',,,0.176056338028169
'000100001011001000111110100000010111100000111100011010001100110110001001',,,0.21830985915492956
'010000001100001000111100100000010111100000011100011010100100000110001001',,,0.1619718309859155
'111111111000110111111011000001111111101111100101101111110101111010110111',,,0.176056338028169
'010010000000001000000100011110000000010000011010010000000010000100001001',,,0.11971830985915492
'000000000100001110001100000000010111100000000100011000100100000110001001',,,0.16901408450704225
'000000001000101110111100000000000000000000000000011010000000000110001011',,,0.11267605633802817
'111111111000110111111011111111111111111111111101101111011101111011110110',,,0.09154929577464789
'111111110100110111000011111111101000011111111011100101011011111001110110',,,0.14788732394366197
'111001111011110001111001011001101000011111000001101111100001001011110110',,,0.176056338028169
'010010000111001000000100111000010111110000000110010000000110000101001000',,,0.16901408450704225
'101011111111110111111001011111111111111111000101101111111101001011110110',0.00016666666666666666,9.428090415820633e-5,0.1619718309859155
'010010001000001000111100111110010111110000011100011010000100000111001000',0.0001,0.0,0.2323943661971831
'000000000111001000000100111000000000010000011010010000001010000101001000',,,0.176056338028169
'010000000111001110000100011110000000010000000010010000011010000101001000',,,0.18309859154929578
'000000000000001110100100011000000000010000000010010000000000000101001000',,,0.14788732394366197
'110011011011111110111001111111111111111111011101101111011100000111101010',,,0.23943661971830985
'111111110111110111000011011001111111111111100111100101011111111001110110',,,0.14788732394366197
'111001110000110111000001111111111111111111000111100101110111001001110110',,,0.20422535211267606
'101101111100110111111011000001101000001111100001101111010001111010110111',,,0.22535211267605634
'000010001000001110111100011110000000010000011000011010111000000110001001',,,0.2112676056338028
'010010001011001110111100100110000000000000011000011010011000000110001001',,,0.1619718309859155
'101101111100110001111011000111111111101111111101101111010101111011110110',,,0.176056338028169
'000000100000001000000100011110000000010000011010010000000010000001001000',,,0.1619718309859155
'010100000111001110000110100110000000000000100010010000011010110100001001',,,0.19014084507042253
'011011000100000000000100011110000000010000000010010000100011000101010100',,,0.23943661971830985
'010100000100001110000110011000000000010000111010010000001010110100001001',,,0.2112676056338028
'111111010000110001000011100110111111101011111111100101110111111100110111',,,0.23943661971830985
'101101110100110001000011011001111111111111100111100101100111111001110110',,,0.1619718309859155
'111101111000110111010011111111101000011111100011100101010011111001110110',,,0.18309859154929578
'000000000011001110000100000110000000000000000010010000011010000100001001',,,0.1056338028169014
'111111110111110111000011000111101000001111100011100101011011111001110110',,,0.18309859154929578
'111101111000110001111011100111101000001111100001101111110001111010110111',,,0.18309859154929578
'100101111000111111111011100001101000001111111001101111001000111010101011',,,0.2676056338028169
'000010000011001000000100011000000000010000011010010000001010000101001000',,,0.16901408450704225
'111111110111110111000011100111111111101111100111100101111111111001110110',,,0.1267605633802817
'111111011111110111111011000000111111101011100101101111111101111110110111',,,0.176056338028169
'000000000000111110000100100110010111101000011111010000111110000100001011',,,0.16901408450704225
'000110000011001000000110100110010111100000111110010000101110110100001001',,,0.2112676056338028
'101001110100110111000001011001101000011111011011100101011011001001110110',,,0.24647887323943662
'101101111111110111111011011111111111111111100101101111011101111011110110',,,0.11267605633802817
'111001111011110111111001000111101000001111000001101111111001001011110110',,,0.19718309859154928
'010110001111001000111110000110010111100000100100011010000100110110001001',,,0.20422535211267606
'111101110000110111000011000001101000001111111011100101111011111001110110',,,0.18309859154929578
'111101111100110001111011000111111111101111100101101111110101111110110111',,,0.19014084507042253
'010010001000001110111100000000000000000000000000011010000000000110001001',,,0.11971830985915492
'010010000011001000000100000110010111100000000110010000100110000100001001',0.00016666666666666666,4.714045207910317e-5,0.14084507042253522
'110111111011111111000011100111101000001111100001101101011010111000101011',,,0.28169014084507044
'000001000011001110000100100110010111100001000110010000011110000100001001',,,0.1267605633802817
'000010001011001110111100111110010111110000000100011010011100000110001001',,,0.18309859154929578
'000011001011001000111100000110010111100000011101011010101100000110001001',,,0.2112676056338028
'110111110011111111000011111001111111111111111111100101011110111001101010',,,0.18309859154929578
'111101110100110111000011000001111111101111111111100101111111111001110110',,,0.15492957746478872
'101101111011000001111011000111101000000111100001101111000001111011100100',,,0.2112676056338028
'000000000100001110000100100110010111100000000110010000010110000100001001',,,0.11971830985915492
'011111011111000001111110100000000000000011111001111010101001111110010101',,,0.2605633802816901
'101100100000000001000111011001101000010100111010010100000011111001100100',,,0.2535211267605634
'000000001100001000111100011000000000010000000000011010100000000111001000',,,0.19014084507042253
'101101110111110001000011011111101000011111111011100101011011111001110110',0.00013333333333333334,4.7140452079103176e-5,0.176056338028169
'101111111000110111111011011111101000011111100001101111010001111011110110',,,0.14084507042253522
'000000000000001000000100011110010111110000000110010000100110000101001000',,,0.176056338028169
'101011110100110111000001111001101000011111011011100101111011001001110110',0.00013333333333333334,4.7140452079103176e-5,0.21830985915492956
'010010001000001000111100000000010111100000011100011010000100000110001001',,,0.14084507042253522
'101101111000110111111011111111111111111111100101101111110101111011110110',,,0.1056338028169014
'010000000011001000000100000110000000000000011010010000101010000100001001',,,0.13380281690140844
'110010111000111110111001000111111111101110011101101111011100000011101010',,,0.2605633802816901
'101011111111110001111001000111111111101111011101101111111101001011110110',,,0.19014084507042253
'101111111000110111111011011001101000011111111001101111111001111011110110',0.00016666666666666666,9.428090415820633e-5,0.1056338028169014
'011100001111000001111110100110000000000000100000011010010001111110010101',,,0.23943661971830985
'010000001000101110111100100110010111100000011100011010111100000110001001',,,0.20422535211267606
'010000000100101110000100000110010111100000011110010000011110000100001001',,,0.11971830985915492
'010010001000001110111100011110010111110000011100011010111100000110001001',,,0.21830985915492956
'111011111000110111111001111001101000011111000001101111010001001011110110',,,0.21830985915492956
'111001110100110111000001111111111111111111011111100101111111001001110110',,,0.1619718309859155
'000000001011001110111100000000010111100000000100011010101100000110001001',,,0.16901408450704225
'111101110111110111100011000111101000001111111001101111111011111000110111',,,0.19718309859154928
'010010001000001110111100111000010111110000011100011010001100000110001001',,,0.19718309859154928
'111101111000110111011011111001111111111111111101101111111101111011110110',,,0.09859154929577464
'001010000111000000000100111110000000010000000010010000110011000101010100',,,0.2535211267605634
'101111110000110111000011100111111111101111111111100101011111111001110110',,,0.1619718309859155
'001101011100110001111010000110101000001011100001111111010001111110110111',,,0.29577464788732394
'101111110100110111000011111001101000011111100011100101110011111001110110',,,0.15492957746478872
'101101111111110001111011111001101000011111100001101111000001111011110110',,,0.14788732394366197
'101111111100110111111011111001111111111111111101101111111101111011110110',0.0002,8.16496580927726e-5,0.08450704225352113
'101110110100010001000011011001101000011111100011100101000011111001110100',,,0.2112676056338028
'111101111100110001111011011111111111111111111101101111110101111011110110',0.00013333333333333334,4.7140452079103176e-5,0.1056338028169014
'011110001100000001111110011110000000010000111000011010010001111110010101',,,0.2535211267605634
'111101110111110001111011000001101000001111100001101111100001111010110111',,,0.19718309859154928
'100101111011111111111011000001111111101111100101101111011100111010101011',0.00013333333333333334,4.714045207910317e-5,0.22535211267605634
'101111111111110111111011100001101000001111100001101111111001111010110111',,,0.176056338028169
'100101111011111111111011111001111111111111100101101111011100111011101010',0.00016666666666666666,4.714045207910317e-5,0.176056338028169
'111100111100000001111011111001101000010110100001101111000001111011110100',,,0.176056338028169
'011001010111000000101100100000000000000011011001111010101001000100010101',,,0.21830985915492956
'000000001011001110111100011000010111110000000100011010001100000111001000',,,0.2112676056338028
'011100000100000001101110100000000000000000100010011010100001111100010101',,,0.2112676056338028
'000001000111101000000100100110010111100000011110010000001110000100001001',,,0.14788732394366197
'111011110100110111000001111111111111111111000111100101110111001001110110',,,0.20422535211267606
'111101110011110111000011100111101000001111111011100101111011111100110111',,,0.20422535211267606
'101111111100110111111011100111101000001111111001101111111001111011110110',,,0.11971830985915492
'101101111000110001111011111001111111111111100101101111000101111011110110',,,0.13380281690140844
'101101110100110111100011111001111111111111111101100111011101111001110110',,,0.16901408450704225
'010010001011001110111100011110010111110000011100011010111100000110001001',,,0.20422535211267606
'111011111011110001111001111001101000011111011001101111001001001011110110',,,0.2112676056338028
'101100110100010001000011111001111111111111100111100101100111111001110100',,,0.19014084507042253
'111101110111110111101011011001111111111111100101101111111101111011110110',,,0.09859154929577464
'000010100011101000000101000000010111100100000110010000000110000000001001',,,0.14788732394366197
'010000000000001000111100111000000000010000011000011010000000000111001000',,,0.19014084507042253
'110101111011111111111011000111101000001111111001101111011000111010101011',,,0.24647887323943662
'010110001100000001111110111000010111110000100100001011100101111111100100',,,0.19718309859154928
'000000000111001000000100111000010111110000000110010000000110000101001000',,,0.1619718309859155
'010100000000001000000110100000010111100000111110010000000110110100001001',,,0.18309859154929578
'111111110100110001000011011111101000011111100011100101010011111001110110',,,0.176056338028169
'110001000000111110000101011111111111111001011110000101011110000101101010',,,0.2746478873239437
'101111110100110001000011011001101000011111100011100101000011111001110110',0.00016666666666666666,9.428090415820633e-5,0.176056338028169
'010110000100001110000110000110010111100000111110010000011110110100001001',,,0.16901408450704225
'101111011111110001111011000110101000001011111001101111111001111110110111',,,0.19718309859154928
'101111111000110001111011100111111111101111100101101111110101111011110110',,,0.1267605633802817
'101111011111110111111011100001101000001111111001101111011001111110110111',,,0.2112676056338028
'000010001100001000111100111000000000010000000000011010100000000110001001',0.0001,0.0,0.1619718309859155
'111111111011110001111011100001101000001111111001101111101001111010110111',,,0.18309859154929578
'001010000100000000000100100000000000000000000010010000100011000100010101',,,0.15492957746478872
'010000001011001000111100011110010111110000000100011010000100000111001000',,,0.21830985915492956
'010000000100001000100100100110000000000000011000010010000010000100001001',,,0.09859154929577464
'000010000111001000000100011000010111110000011110010000001110000101001000',,,0.18309859154929578
'001100001100000111111110100110000000000000100000011010010001111110010101',,,0.2535211267605634
'000110000111001110000110000110010111100000111110010000011110110100001001',,,0.15492957746478872
'110111111011111111111011011001111111111111100101101111011100111011101010',,,0.176056338028169
'000000000111001110000100111000010111110000000111010000101110000100001001',,,0.18309859154929578
'101111111111110111111011111111111111111111100101101111011101111011110110',,,0.09859154929577464
'111011111111110001111001111001101000011111011001101111101001001011110110',,,0.176056338028169
'101101111111110111111011011001111111111111111101101111111101111011110110',0.00013333333333333334,4.7140452079103176e-5,0.08450704225352113
'100111110000111111000011100001111111101111111111100101101110111000101011',,,0.2535211267605634
'010010001000001000111100011000010111110000000100011010000100000110001001',0.00013333333333333334,4.7140452079103176e-5,0.15492957746478872
'111111111011110001111011011001101000011111111001101111001001111011110110',,,0.14788732394366197
'010000001111001000111100011110000000010000000000011010000000000111001000',,,0.19014084507042253
'000000001000001000111100111110000000010000011000011010000000000111001000',,,0.19014084507042253
'000101000011001111000110000000000000000000100010010000011010110100001001',,,0.22535211267605634
'001100000111000001000110000000010111100000100110010000100111111100010101',,,0.2676056338028169
'110101111011111001111011000111111111101111111101101111001100111010101011',,,0.2535211267605634
'111111111100110001111011011111101000011111100001101111010001111011110110',,,0.13380281690140844
'101110100111000001000111111111101000010100111010110100011011111001110100',,,0.2746478873239437
'010010000011101110000100000110010111100000000110010000011110000100001001',,,0.13380281690140844
'101111111111110111111011111001101000011111100001101111111001111011110110',0.00023333333333333333,4.714045207910315e-5,0.1056338028169014
'111101110100110001000011011001111111111111100111100101100111111001110110',,,0.14788732394366197
'111111110111110001000011100001111111101111100111100101000111111000110111',,,0.24647887323943662
'000000000111101110000100100110010111100000000110010000111110000100001011',,,0.15492957746478872
'010110000011001110000110011000010111110000111110010000011110110100001001',,,0.20422535211267606
'011100001111000001111110000000000000000000100000011010100001111110010101',,,0.21830985915492956
'111110111000010001111011011111101000011111111001101111010001111011110100',,,0.176056338028169
'100101111011111001111011000111111111101111111101101111001100111010101011',0.00016666666666666666,4.714045207910317e-5,0.23943661971830985
'101110000111110001001111100111101000000100100000011100010001111110010111',,,0.30985915492957744
'100110110000111111000011000111111111101110111111100101011110111000101011',,,0.23943661971830985
'000010100000001000000100111000000000010000000010010000000010000001001000',,,0.14788732394366197
'111111110111110111000011111001101000011111111011100101011011111001110110',0.00013333333333333334,4.7140452079103176e-5,0.14788732394366197
'111100111011110001111011111001111111111111111101101111101101111011100110',,,0.14788732394366197
'101111111111110111111011111111111111111111100101101111111101111011110110',0.0001,0.0,0.07042253521126761
'111111110011110001000011000001111111101111100111100101100111111001110110',,,0.19014084507042253
'001010001111000000111100000000000000000000000000011010100001000110010101',,,0.19014084507042253
'010100001000001000111110000110010111100000100100011010100100110110001001',,,0.2323943661971831
'111101110011110111000011011111101000011111100011100101111011111001110110',,,0.14084507042253522
'111111111111110001111011100111101000001111100001101111110001111010110111',,,0.16901408450704225
'011100001111000001111110100110000000000000100000011010110001111110010101',0.00013333333333333334,4.7140452079103176e-5,0.22535211267605634
'010000001000001000111100100110010111100000011100011010000100000010001001',,,0.16901408450704225
'011000000100000000000100111110000000010000000010010000100011001101010100',,,0.2112676056338028
'101101110111110001000011100111111111101111111111100101011111111000110111',,,0.21830985915492956
'101101110111110111000011100111101000001111100011100101011011111001110110',,,0.19718309859154928
'100100100000001001000111011001111111110100111110000101000110111001101000',,,0.2323943661971831
'110100101000101111111011000001101000000100100000001011000000111010101001',,,0.3028169014084507
'000000001000001110111100111000010111110000000100011010000100000110001001',,,0.15492957746478872
'101110110111000001000011111001111111111111100111100101000111111001110100',,,0.24647887323943662
'110001111000111110111001111111111111111111011101101111011100000011101010',,,0.22535211267605634
'000010100011001000000100111000000000010000000000010010000010000000001001',,,0.13380281690140844
'000010001111001000111100111000010111110000000100011010000100000111001000',,,0.2112676056338028
'010001011000111110111000000110010111101011011101101011111100000110011011',,,0.2605633802816901
'101101111011110111111011000001111111101111100101101111111101111010110111',,,0.1619718309859155
'101011111111110001111001011111111111111111000101101111110101001011110110',,,0.19718309859154928
'001000001111000000111100111110000000010000000000011010110001000111010100',,,0.2605633802816901
'101011110111110001000001000111111111101111011111100101111111001001110110',,,0.21830985915492956
'011011011111110110111000100000000000001011000001111010111001000110010111',,,0.24647887323943662
'101011110011110111000001011111101000011111011011100101111011001001110110',,,0.19014084507042253
'011011011100110110111000000000000000001011000001111010110001000010010111',,,0.2746478873239437
'110101110000111111000011000001101000001111111011100101001010111000101011',,,0.2887323943661972
'010010001111001110111100100000000000000000000000011010001000000110001001',,,0.15492957746478872
'111101111011110001111011000001111111101111111101101111101101111011110110',,,0.14788732394366197
'000110000111001110000110000000010111100000100110010000011110110100001001',,,0.18309859154929578
'111101110100110111000011011001101000011111100011100101010011111001110110',0.00013333333333333334,4.7140452079103176e-5,0.18309859154929578
'101110110111110001100011011001111111111111100101100111100111111001110110',,,0.20422535211267606
'111111111111110001111011100111111111101111100101101111110101111110110111',,,0.176056338028169
'010010001000001110111100011000010111110000011100011010001100000111001000',,,0.2323943661971831
'101111110100110111000011111111101000011111111011100101011011111101110110',,,0.176056338028169
'111111111011110111111011011111101000011111111001101111011001111011110110',,,0.1056338028169014
'000000000000001000000100111110010111110000000110010000000110000101001000',0.0001,0.0,0.15492957746478872
'101111111000110001111011011001101000011111111001101111100001111011110110',,,0.11267605633802817
'111111111100110001111011111001101000011111100001101111100001111011110110',0.00013333333333333334,4.714045207910317e-5,0.08450704225352113
'100001111000111110111001011001111111111111011101101111001100000011101010',,,0.21830985915492956
'000000001011001000111100011110000000010000011000011010001000000111001000',,,0.20422535211267606
'010010000011001110000100000110000000000000011010010000111010000100001001',0.00013333333333333334,4.7140452079103176e-5,0.14084507042253522
'000110000011001000000110000110010111100000111110010000001110110100001001',,,0.176056338028169
'100111111011111111111011000001101000001111111001101111011000111010101011',,,0.23943661971830985
'000000000100001110000100100000010111100000000110010000100110000100001001',0.00013333333333333334,4.7140452079103176e-5,0.11971830985915492
'111101111011110001111011011111111111111111100101101111010101111011110110',,,0.14084507042253522
'010001000011001000000100111110000000010000000010010000000010000101001000',,,0.18309859154929578
'010000000000001000000100011110000000010000011010010000000010000100001001',,,0.11267605633802817
'000010001000001110111100011110000000010000000000011010010000000110001001',,,0.176056338028169
'010000000000001000000100111000010111110000000110010000000110000101001000',,,0.15492957746478872
'011100000100000001000110100000000000000000100010010000100011111100010101',0.00016666666666666666,4.714045207910317e-5,0.19718309859154928
'110100101011001001111011011001111111110100100100001111000100111011101000',,,0.2323943661971831
'010110000000001000000110011110000000010000100010010000000010110100001001',,,0.176056338028169
'111111110100110001000011000001111111101111111111100101100111111000110111',,,0.22535211267605634
'000000000100001110000100111110000000010000000010010000010010000100001001',,,0.14084507042253522
'000000001011001110111100011000000000010000011000011010001000000111001000',0.0001,0.0,0.20422535211267606
'010010101000001110111001011000000000010100000000011011000000000011101000',,,0.2605633802816901
'001011000100000000000100000000000000000001011010010000100011000100010101',,,0.19718309859154928
'000000000011001000000100011000010111110000000110010000000110000101001000',,,0.14788732394366197
'100011100011001000000100000111110111100101000110010000000110000000001001',,,0.14788732394366197
'011110000111000001000110000000010111100000100110010000100111111100010101',,,0.24647887323943662
'110001111011111110111001011111111111111111011101101111011100000011101010',,,0.20422535211267606
'010010000100001000000100100110010111100000011110010000100110000100001001',0.00013333333333333334,4.714045207910317e-5,0.14084507042253522
'011010000100000110000100111000000000010000000010010000110011000101010100',,,0.23943661971830985
'100110100011011111000011100001111111101100111111100101011110111000101011',,,0.2676056338028169
'101110110100110111000011111111111111111111100111100101110111111001110110',,,0.16901408450704225
'001000000100000000000100000110000000000000000010010000100011000100010101',0.00013333333333333334,4.7140452079103176e-5,0.16901408450704225
'000110000100001000000110100000010111100000111110010000000110110100001001',,,0.16901408450704225
'010000000100001110000100100110010111100000000110010000110110000100001001',0.0001,0.0,0.14788732394366197
'010010000000001110000100100000010111100000000110010000000110000100001001',0.00016666666666666666,9.428090415820633e-5,0.1056338028169014
'000000000000001000000100100110010111100000011110010000000110000100001001',0.0003,0.0001414213562373095,0.09859154929577464
'010000000011001000000100111000000000010000000010010000000010000100001001',,,0.1056338028169014
'110110110011111111000011011111111111111111111110100101011110111101101010',,,0.2112676056338028
'101110010111110001000011000001101000001100100011100101000011111100110111',,,0.30985915492957744
'110010111011001110111100111001110111110110011101001011001100000011101000',,,0.33098591549295775
'000100001011001110111110000000010111100000111100011010011100110110001001',,,0.19718309859154928
'000000001111001000111100111000000000010000011000011010101000000111001000',,,0.24647887323943662
'000010101011001000111000011110010111110100000100001011000100000011101000',,,0.2676056338028169
'111101110100110111000011000001101000001111100011100101110011111001110110',,,0.18309859154929578
'000000000011001110000100100000010111100000000110010000001110000100001001',,,0.1056338028169014
'111001110111110111000001011111101000011111000011100101011011001001110110',,,0.21830985915492956
'101111110000110001000011111001111111111111100111100101000111111001110110',,,0.16901408450704225
'101111111000110111111011011111111111111111100101101111110101111011110110',0.0001,0.0,0.1056338028169014
'000010001000001110111100111000000000010000000000011010000000000011001000',,,0.19718309859154928
'110011111000111110111001011001111111111111011101101111001100000011101010',,,0.23943661971830985
'110111111000111111111011011111111111111111111101101111011100111011101010',,,0.1619718309859155
'010010000100001110000100000000010111100000000110010000100110000100001001',,,0.11971830985915492
'001101010111000001000110100001000000000111111011110000001011111100010101',,,0.3028169014084507
'000100001100001110111110100000010111100000111100011010011100110110001001',,,0.22535211267605634
'001110001100000001111110000000010111100000100100011010100101111110010101',0.00013333333333333334,4.7140452079103176e-5,0.24647887323943662
'111100001100010111111011011001101000011100100000101111010001111111110110',,,0.21830985915492956
'001010001100000000111100100000000000000000011000011010100001000110010101',0.00013333333333333334,4.7140452079103176e-5,0.18309859154929578
'100100100000111111000011000111111111101100100110000101010110111000101011',,,0.28169014084507044
'010000000000001000000100111000010111110000000110010000000110000100001001',,,0.11267605633802817
'101111110011110111000011111111111111111111100111100101111111111001110110',,,0.1056338028169014
'011010001111000000111100000000000000000000000000011010100001000110010101',,,0.176056338028169
'010110000111001110000110111000010111110000111110010000011110110100001001',,,0.20422535211267606
'010000001011001000111100011000000000010000000000011010100000000110001001',,,0.16901408450704225
'101011110100110111000001011001111111111111000111100101110111001001110110',,,0.22535211267605634
'010010000111001110000100000110000000000000011010010000111010000100001001',,,0.13380281690140844
'111001111000110111111001111111111111111111000101101111110101001011110110',,,0.176056338028169
'111101111011110001111011111001111111111111111101101111001101111011110110',,,0.14084507042253522
'101011110100110001000001111001111111111111011111100101000111001001110110',,,0.24647887323943662
'111111110011110111000011011001101000011111100011100101111011111001100110',,,0.1619718309859155
'010000000011001110000100000110000000000000000010010000111010000100001001',,,0.14788732394366197
'011110101111000001111110100110000000000011100000011010110001111010010101',,,0.2605633802816901
'100101110000111111000011100111111111101111111111100101011110111100101011',,,0.24647887323943662
'010000000011101110000100000110010111100000000110010000011110000100001001',,,0.1267605633802817
'111011110100110110000001111001111111111111011111110101111111001001110110',,,0.21830985915492956
'111011111111110111111001000111111111101111000101101111111101001011110110',,,0.176056338028169
'010110000100001110000110100000010111100000100110010000000110110100001001',,,0.16901408450704225
'010000001011001000111100111110000000010000011000011010001000000111001000',,,0.22535211267605634
'011100001100000111111110000110010111100000100100011010110101111110010101',,,0.2535211267605634
'110101110011110111000011111111101000011111111011100101011011111001100110',,,0.176056338028169
'101101110011110111000011111111101000011111111011100101111011111001110110',,,0.11971830985915492
'000011000111001000000100011110010111110000000110010000100110000100001001',,,0.18309859154929578
'111110110011110111000011111111101000011111111011100101111011111001100110',,,0.1619718309859155
'111100001111000001111111111001111111110100100100001111100101111111100100',,,0.20422535211267606
'111101111100110111111011100111101000001111111001101111111001111011110110',,,0.11267605633802817
'000001001000001000111100000110000000000001000000011010100000000110001001',,,0.14788732394366197
'010000000000001110000100000110000000000000011010010000011010000100001001',0.0001,0.0,0.11971830985915492
'010000001000001110111100100110010111100000000100011010010100000110001001',0.00016666666666666666,9.428090415820633e-5,0.16901408450704225
'000000000111001000000100011000000000010000000010010000000010000101001000',,,0.13380281690140844
'111011111111110001111001111111111111111111011101101111111101001011110110',0.0001,0.0,0.14084507042253522
'011101010111110111000111111000101000011011100011100101111011111101110110',,,0.16901408450704225
'101101111100110001111011011111101000011111100001101111110001111011110110',0.00013333333333333334,4.714045207910317e-5,0.1267605633802817
'010010000100001000000100111110010111110000011110010000000110000101001000',,,0.18309859154929578
'000010000000001000000100100000010111100000011110010000100110000100001001',,,0.11971830985915492
'100110100000111111000011000111111111101100100110000101010110111000101011',,,0.2746478873239437
'101011111111110001110001111001111111111111011101100111101101001011110110',,,0.21830985915492956
'101111111011110001111011011001101000011111111001101111001001111011110110',,,0.14788732394366197
'100100000111001001000111111111111111110000111110000101001110111101101000',,,0.28169014084507044
'011000001100000110111100100110000000000000000000011010110001000110010101',,,0.19014084507042253
'010000001000001110111100100110000000000000000000011010110000000110001001',0.00016666666666666666,4.714045207910317e-5,0.19014084507042253
'011011011100110110111000100110000000001011011001111010111001000110010111',0.0001,0.0,0.2323943661971831
'001010001100000000111100111110000000010000000000011010000001000111010100',,,0.23943661971830985
'001011010100110110000100011110000000011011011011110000111011000100010111',,,0.2676056338028169
'111100100100000001000011011001101000010100111010110100100011111001110100',,,0.28169014084507044
'010000000111001000000100000000000000000000011010010000001010000100001001',,,0.09859154929577464
'010000001100001000111100000110010111100000011100011010000100000110001001',,,0.14084507042253522
'111111111011110111111011011111111111111111111101101111111101111011110110',,,0.056338028169014086
'111111110111110001000011111111111111111111111111100101011111111001110110',0.00016666666666666666,4.714045207910317e-5,0.1267605633802817
'111111111111110001111011011001111111111111100101101111100101111011110110',,,0.11267605633802817
'010000001100001110111100000000000000000000000000011010000000000110001001',,,0.1056338028169014
'000010001111001110111100000110000000000000000000011010111000000110001001',,,0.19014084507042253
'101101110000110001000011011111111111111111111111100101110111111001110110',,,0.15492957746478872
'101101110100110111000011000111111111101111100111100101110111111000110111',,,0.2323943661971831
'111111110111110111000011111001111111111111100111100101111111111001110110',,,0.11267605633802817
'111101111000110001111011111111101000011111111001101111010001111011110110',,,0.14084507042253522
'101111110000110111101011000111111111101111111111100111111101111001110110',,,0.13380281690140844
'110110100000001001000111111111111111110100111110000101000110111001101000',0.00016666666666666666,4.714045207910317e-5,0.2605633802816901
'010011001011001000111100000000010111100000000100011010000100000110001001',,,0.1619718309859155
'010010001100001110111100011000010111110000000100011010000100000110001001',,,0.1619718309859155
'010010001111001110111100111110010111110000000100011010011100000110001001',,,0.19014084507042253
'101101111111110001111011011001111111111111100101101111100101111011110110',,,0.13380281690140844
'010110001100001000111110100000010111100000100100011010000100110110001001',,,0.18309859154929578
'010100001011001110111110000000000000000000100000011010011000110110001001',,,0.2323943661971831
'010110000000001110000110100110000000000000111010010000011010110100001001',,,0.19014084507042253
'111111111100110001111011100111111111101111100101101111110101111011110110',,,0.11971830985915492
'111101111000110001111011011001101000011111100001101111100001111011110110',0.0001,0.0,0.1056338028169014
'111111110011110111000011100001111111101111100111100101011111111000110111',,,0.21830985915492956
'010000001100001110111100100000010111100000000100011010000100000110001001',,,0.13380281690140844
'101111110000110111000011100111101000001111100011100101110011111001110110',0.0001,0.0,0.176056338028169
'000010001000101000111100000110010111100000000100011010000100000110001001',,,0.14084507042253522
'010010000011001000000100100110010111100000011110010000101110000100001001',0.00016666666666666666,9.428090415820633e-5,0.15492957746478872
'111111111000110001111011011111101000011111111001101111110001111011110110',0.0001,0.0,0.11267605633802817
'010000001100001000111100000110010111100000000100011010100100000110011001',,,0.18309859154929578
'010100000011001000000110100000000000000000111010010000001010110100001001',,,0.19718309859154928
'011110001100000001111110000000000000000000111000011010100001111110010101',,,0.2112676056338028
'111101110011110111000011011111111111111111111111100101011111111001110110',0.0001,0.0,0.13380281690140844
'111101110100110111000011100001111111101111100111100101110111111000110111',,,0.2112676056338028
'011100001100000001111110100110000000000000111000011010110001111110010101',,,0.22535211267605634
'000001000000001110000100011000010111110001011110010000001110000100001001',,,0.14788732394366197
'010010000011001000000100100000000000000000000010010000000010000000001001',,,0.09859154929577464
'101101111100110001111011011001101000011111111001101111100001111011110110',,,0.1267605633802817
'111111110011110001000011011111111111111111111111100101101111111001100110',,,0.15492957746478872
'001100000100000001000110100000000000000000111010010000000011111100010101',,,0.23943661971830985
'110110100000001111000111011001111111110100100110000101000110111101101000',,,0.2535211267605634
'101110111111110001111011111111111111111110100101101111110101111011110110',,,0.1267605633802817
'000000000011101110000100000110000000000000000010010000111010000100001001',,,0.14788732394366197
'101100111100000001111011111001111111110100100100101111100101111011110100',,,0.19014084507042253
'100100101011001001111011111111111111110100100100001111000100111011101000',,,0.23943661971830985
'010010000111001000000100011110000000010000011010010000101010000100001001',,,0.1619718309859155
'010010001100001000111100011110000000010000000000011010000000000110001001',,,0.14084507042253522
'101101110000110001000011100001111111101111100111100101000111111001110110',,,0.20422535211267606
'010010000000001110000100011110000000010000011010010000111010000100001001',,,0.18309859154929578
'101101111111110001111011111111101000011111111001101111011001111011110110',0.0002333333333333333,9.428090415820631e-5,0.1267605633802817
'010100000011001000000110100000010111100000100110010000000110110100001001',,,0.18309859154929578
'100011110011111110000001011111101000011111011011110101011010000001101010',,,0.2535211267605634
'111100100100000111000011011001101000011100100000001101110011111001110100',,,0.2323943661971831
'000000001000001000111100011000010111110000000100011010000100000111001000',0.00016666666666666666,9.428090415820633e-5,0.176056338028169
'001001011111110110111000000110000000001011000001111010111001000110010111',,,0.24647887323943662
'111101110111110111000011111001101000011111100011100101111011111001110110',,,0.14084507042253522
'111101110100110001000011011111101000011111111011100101110011111001110110',0.00016666666666666666,9.428090415820633e-5,0.15492957746478872
'001100000100000001000110000110000000000000111010010000010011111100010101',,,0.2605633802816901
'111110110111110001000011000111101000001110100011100101010011111001110110',,,0.22535211267605634
'101111110111110111000011000111101000001111111011100101111011111000010111',,,0.19014084507042253
'111110011100110001111011100110110111101000111101101111010101111110110111',,,0.2535211267605634
'010001000111001000000100000000010111100001011110010000101110000100011001',,,0.16901408450704225
'011010000100000110000100111110010111110000000110010000110111000101010100',,,0.2605633802816901
'010000000011001110000100111110010111110000011110010000011110000100001001',,,0.13380281690140844
'101001110111110001000001111001111111111111011111100101101111001001110110',,,0.20422535211267606
'010110000000001110000110011000000000010000100010010000000010110000001001',,,0.19014084507042253
'101111110100110111000011111001101000011111100011100101010011111001110110',0.0001,0.0,0.18309859154929578
'101111111000110001111011111001101000011111111001101111100001111011110110',,,0.1056338028169014
'100100100011001001000111011001111111110100100110000101000110111001101000',0.00016666666666666666,9.428090415820633e-5,0.2323943661971831
'111101110111110001000011111001101000011111100011100101100011111001110110',,,0.14788732394366197
'010110101011001001111110100000010111100100100100011010100100111010001001',,,0.2676056338028169
'000000101011001000111100000110000000000100000000011010000000000010001001',,,0.14084507042253522
'101111111111110111110011100111101000001111100001100111111001111010110111',,,0.2112676056338028
'101111110011110111000011111001101000011111100011100101111011111001110110',,,0.14084507042253522
'101100110100110111000011011001101000011111111011100101011011111001110110',,,0.2112676056338028
'101101111011110001111011011111111111111111100101101111010101111011110110',,,0.14084507042253522
'000000000000001110000100011000000000010000000010010000100010000100001001',,,0.11267605633802817
'001110000111000111000110100000000000000000100010010000111011111100010101',,,0.23943661971830985
'001010001100000000111100111000010111110000000100011010100101000111010100',,,0.2605633802816901
'101111111100110111111011011001101000011111111001101111011001111011110110',,,0.14084507042253522
'101111111111110001111011111111111111111111111101101111011101111011110110',,,0.09859154929577464
'000000100011101000000100000110010111100000000110010000000110000000001001',,,0.1267605633802817
'101101111011110001111011111001101000011111100001101111100001111011110110',,,0.11267605633802817
'101110100000110111000011100111111111101100100111100101110111111001110110',,,0.19718309859154928
'000010001111001110111100100000010111100000000100011010101100000110001001',,,0.19014084507042253
'111111111111110111111011111111101000011111111001101111111001111011110110',,,0.06338028169014084
'010010000011001110000100111110000000010000011010010000011010000100001001',,,0.14788732394366197
'000010000000001110000100000110000000000000000010010000010010000100001001',,,0.1056338028169014
'111011111000110111111001000111101000001111011001101111111001001011110110',,,0.20422535211267606
'001011011111000000111100011000010111110011011101111010101101000111010100',,,0.30985915492957744
'000000000011001110000100111000000000010000000010010000001010000101001000',,,0.16901408450704225
'111101111011110001111011011001111111111111100101101111100101111011110110',,,0.1267605633802817
'011011010111000000000100000000000000000011011011110000101011000100010101',0.00013333333333333334,4.7140452079103176e-5,0.21830985915492956
'101001111011110111111001011111111111111111011101101111111101001011110110',,,0.13380281690140844
'111001111000110001111001100111111111101111011101101111100101001011110110',,,0.21830985915492956
'010011011111111110111001011110111111111011000101101111011100000111001010',,,0.2535211267605634
'111111110011110001000011111111101000011111111011100101111011111001110110',,,0.1267605633802817
'101101110000110111000011011111101000011111100011100101010011111001110110',0.00013333333333333334,4.714045207910317e-5,0.19014084507042253
'111101110000110111000011111111101000011111111011100101011011111101100110',,,0.20422535211267606
'111101110111110111000011111111101000011111111011100101011011111001110110',,,0.14084507042253522
'100111111011111001111011111111111111111111111101101111001100111011101010',0.00019999999999999998,8.16496580927726e-5,0.18309859154929578
'111100111100110111111011100111101000001111100001101111010001111010110111',,,0.22535211267605634
'100100101000001001111011111111111111110100100100001111000100111011101000',,,0.22535211267605634
'111101111000110111111011011001111111111111111101101111011101111011110110',,,0.11971830985915492
'010100000000001000000110111000000000010000100010010000100010110100001001',,,0.20422535211267606
'101001111011110001111001111111101000011111011001101111111001001011110110',,,0.1619718309859155
'101111111011110111111011011001111111111111111101101111011101111011110110',,,0.09859154929577464
'010000001011001000111100111110010111110000011100011010101100000111001000',,,0.2605633802816901
'111111111000110111111011100001101000001111111001101111011001111011110110',,,0.15492957746478872
'000101000000001111000110000110010111100011111110010000011110110100001001',,,0.2112676056338028
'101101110111110111000011111001111111111111111111100101111111111001110110',0.00013333333333333334,4.714045207910317e-5,0.11971830985915492
'101001110000110111000001011111111111111111011111100101111111001001110110',,,0.176056338028169
'101111110111110111000011011001101000011111111011100101011011111001110110',,,0.16901408450704225
'101111111000110111111011000001101000001111100001101111110001111011110110',,,0.14084507042253522
'000000000011001110000100111000000000010000000010010000101010000101001000',,,0.19718309859154928
'011101001111100001111110000110000000000001100000011010010001111110010101',,,0.28169014084507044
'011000000111000000000100100110000000000000000010010000110011000100010101',,,0.176056338028169
'010110000100001110000110000110000000000000111010010000011010110100001001',,,0.176056338028169
'101110111000110001111011000111111111101100100101101111110101111011110110',,,0.1619718309859155
'101111111100110111111011011111101000011111100001101111010001111111110110',,,0.1619718309859155
'101001110100110111000001111001111111111111000111100101110111001001110110',,,0.2112676056338028
'111111110000110111000011011001111111111111100111100101010111111001110110',,,0.176056338028169
'011111010100110001000110000000001000001011100010000100100011111100010111',,,0.2535211267605634
'010010001111001110111100111000000000010000011000011010001000000110001001',,,0.18309859154929578
'101111111100110001111011111001111111111111111101101111000101111011110110',,,0.14788732394366197
'111111111000110111111011000001101000001111111001101111011001111011110110',,,0.1619718309859155
'010000000011001110000100011110010111110000000110010000011110000100001001',,,0.14084507042253522
'000010000000001110000100011000000000010000011010010000101010000100001001',,,0.15492957746478872
'101111111100110111111011011111101000011111111001101111111001111011110110',0.0002,0.0001414213562373095,0.09859154929577464
'111100111111110001111011111001101000011111111001101111001001111011110110',,,0.1619718309859155
'010010001011001000111100111110010111110000000100011010000100000111001000',0.00013333333333333334,4.7140452079103176e-5,0.2323943661971831
'101101110100110001000011111001111111111111111111100101100111111001110110',,,0.16901408450704225
'010010001111001000111100011110010111110000000100011010100100000110001001',,,0.20422535211267606
'010010001000101000111100111000010111110000011100011010000100000111001000',,,0.2323943661971831
'010010000100001110000100100110010111100000011110010000111110000100001001',,,0.14788732394366197
'000010000111001110000100100000000000000000011010010000101010000100001001',0.0001,0.0,0.14084507042253522
'010110000000001110000110000110010111100000100110010000110110110100001001',,,0.2112676056338028
'010010000111001110000100000000010111100000000110010000001110000100001001',,,0.11267605633802817
'010100000000001001000110100000010111100000100110010000000110111000001001',,,0.21830985915492956
'010010000100001000000100011110000000010000000010010000000010000100001001',,,0.09859154929577464
'011010001100000000111100111000010111110000000100011010100101000111010100',,,0.24647887323943662
'010010000000001000000100011000000000010000000010010000100010000101001000',,,0.1619718309859155
'101001110111110001000001111001101000011111011011100101101011001001110110',,,0.2112676056338028
'100100101011001001111011111001111111110100100100001111000100111011101000',0.0002,0.0,0.22535211267605634
'111111110100110111000011100111101000001111100011100101010011111000110111',,,0.23943661971830985
'000000000111001110000100000000000000000000011010010000101010000100001001',,,0.1267605633802817
'010010001000001110111100111110000000010000000000011010110000000011001000',,,0.28169014084507044
'000000000000001110000100111000010111110000011110010000001110000101001000',,,0.176056338028169
'000000001011001000111100100000010111100000011100011010001100000110001001',,,0.14788732394366197
'000110001011001110111110100110010111100000111100011010011100110110001001',,,0.18309859154929578
'010010000100001000000100000110010111100000000110010000000110000100001001',,,0.09154929577464789
'011001010111000000000100111000010111110011011111110000101111000101010100',,,0.2676056338028169
'100001111011111110111001100111111111101111011101101111111100000011101010',,,0.22535211267605634
'101111110100110111000011111111101000011111111011100101111011111001110110',,,0.13380281690140844
'101111111111110001111011011111111111111111111101101111011101111011110110',,,0.1056338028169014
'111101110000110001000011000111101000001111100011100101110011111000110111',,,0.2323943661971831
'010000001011001110111100111110010111110000011100011010011100000111001000',,,0.21830985915492956
'111110110111000001000011100111001000000100100011110000000011111000010101',,,0.30985915492957744
'001001010111000000000100011000010111110011011111110000101111000101010100',,,0.2887323943661972
'010010000011001110000100100000000000000000000010010000101010000100001001',,,0.14788732394366197
'111101110011110001000011000111101000001111111011100101111011111001110110',,,0.16901408450704225
'110101111011111111111011000001111111101111111101101111111100111010101011',,,0.22535211267605634
'010001001011001000110100100110000000000001011010010010001000000110001001',,,0.16901408450704225
'000000000011101110000100100110010111100000011110010000011110000100001001',,,0.1056338028169014
'111101110111110111000011100001111111101111100111100101111111111001110110',,,0.14788732394366197
'001011010111000000000100011000010111110011011111110000101111000101010100',,,0.29577464788732394
'111111111111110111111011011111101000011111111001101111011001111011110110',,,0.09859154929577464
'100001110000111110000001111111111111111111011111100101011110000001101010',,,0.2112676056338028
'111111110000110001000011100111111111101111100111100101010111111000110111',,,0.23943661971830985
'111111110111110001000011011111111111111111111111100101011111111001110110',,,0.13380281690140844
'000010001011001110111100000110010111100000011100011010011100000110001001',,,0.13380281690140844
'010001001011101110111100000110010111100011011100011010011100000110001001',,,0.18309859154929578
'100111110011111111000011011001111111111111111111100101011110111001101010',0.0001,0.0,0.1619718309859155
'101001111100110111010001011111111111111111011111100101111111001001110110',,,0.18309859154929578
'111101110100110001000011000001101000001111100011100101000011111001110110',,,0.19718309859154928
'010010000000001000000100100000010111100000011110010000100110000100001001',,,0.13380281690140844
'000010000011001000000100000110000000000000011010010000101010000100001001',,,0.1267605633802817
'010100000000001000000110000110010111100000100110010000100110110100001001',,,0.20422535211267606
'101100111100110001111011011111101000011100111001101111010001111011110110',,,0.18309859154929578
'111101110111110111000011100001101000001111111011100101111011111000010111',,,0.19014084507042253
'111101111000110001111011111001111111111111100101101111000101111011110110',,,0.13380281690140844
'010110000011001000000110111110010111110000100110010000000110110100001001',,,0.21830985915492956
'010001001000001110111100100000000000000011011000011010001000000110001001',,,0.18309859154929578
'100011111011111000111001111001111111111111011101101111001100000011101010',,,0.2323943661971831
'101011110100110110000001011000111111111011000111100101110111000001110110',,,0.2676056338028169
'010000001011001000111100111110010111110000000100011010100100000111001000',,,0.2535211267605634
'011110001111000001111110100000010111100000100100011010100101111110010101',0.00013333333333333334,4.714045207910317e-5,0.23943661971830985
'111101111111110111111011100001101000001111111001101111011001111011110110',,,0.14084507042253522
'001110000100000001000110100110000000001000100011010000110011111100010101',,,0.24647887323943662
'101101111111100001111011000001101000000111111001101111101001111010110111',,,0.2535211267605634
'001100001100000001111110000000000000000000111000011010100001111110010101',,,0.2323943661971831
'110111110011111111000011100111101000001111111011100101011010111000101011',,,0.2605633802816901
'000010000000001000000100111110010111110000011110010000000110000101001000',,,0.176056338028169
'100001111011111110111001111111111111111111000101101111111100000011101010',,,0.22535211267605634
'001011010111000000000100011000000000010011011011110000101011000101010100',,,0.2887323943661972
'000000001111001110111100011110000000010000000000011010111000000110001001',,,0.2112676056338028
'010010000000001000000100100000000000000000000010010000000010000100001001',,,0.07042253521126761
'111101110011110001000011100001111111101111100111100101100111111000110111',,,0.2323943661971831
'001000000100000000000100111000000000010000000010010000100011000101010100',0.00013333333333333334,4.714045207910317e-5,0.20422535211267606
'101111111000110111111011011001101000011111100001101111110001111011110110',,,0.11267605633802817
'111100111100110111111011111001111111111111100101101111110101111011110110',,,0.11971830985915492
'000100001011001000111110000110000000000000100000011010000000110110001001',,,0.18309859154929578
'001110101111000001111110100110000000000100100000011010110001111010010101',,,0.24647887323943662
'000000000100001000000100111110010111110000011110010000100110000100001001',,,0.1619718309859155
'000010000011001110101100000110000000000000000010010000111000000100001001',,,0.19014084507042253
'101101110111110001000011100001111111101111100111100101100111111000110111',0.0001,0.0,0.23943661971830985
'000010000111001000000100100110010111100000011110010000101110000100001001',0.00019999999999999998,8.16496580927726e-5,0.14788732394366197
'101001110000110001000001100001111111101111011111100101100111001001110110',,,0.2323943661971831
'000000001011001110111100100110010111100000011100011010011100000110001001',,,0.13380281690140844
'011100001100000001111110100110000000000000100000011010110001111110010101',,,0.22535211267605634
'111011110011110111000001000001111111101111000111100101111111001001110110',,,0.22535211267605634
'011011010100110110000100000110000000001011000011110000110011000100010111',,,0.24647887323943662
'011001011100110110111000000000000000001011011001111010111001000110010111',,,0.24647887323943662
'111111110000110111000011111001101000011111100011100101110011111001110110',,,0.14788732394366197
'101101111011110001111011111001111111111111100101101111000101111011110110',,,0.14788732394366197
'111011111011110111111001011001111111111111011101101111111101001011110110',,,0.15492957746478872
'110110100000001111000111011001111111110100100110000101000110111001101000',,,0.23943661971830985
'101101111100110001111011111001101000011111100001101111000001111011110110',,,0.13380281690140844
'101111110011110111000011111111101000011111111011100101011011111001110110',,,0.14084507042253522
'011100001100000111111110011110000000010000100000011010110001111110010101',,,0.24647887323943662
'111111110011110111000011100111111111101111111111100101111111111001110110',0.0001,0.0,0.11971830985915492
'101111111111110111111011100001101000001111100001101111011001111011110110',,,0.1619718309859155
'101111111000110001111011011001111111111111111101101111000101111011110110',0.00016666666666666666,4.714045207910317e-5,0.14788732394366197
'010100001011001110000110100000000000000000111010010000011010110100001001',,,0.2112676056338028
'111101111100110001111011100111111111101111100101101111110101111010110111',,,0.16901408450704225
'110111111011111111111011100111101000001111111001101111011000111010101011',,,0.24647887323943662
'111111111111110001111011011001101000011111100001101111100001111011110110',0.0001,0.0,0.1056338028169014
'101101111111110111111011000001111111101111100101101111111101111010110111',0.0001,0.0,0.16901408450704225
'101111110111110111000011011001101000011111100011100101111011111001110110',0.0003,0.00016329931618554522,0.15492957746478872
'011001010111000000000100111000000000010011011011110000101011000101010100',,,0.2605633802816901
'111111111100110001111011100001101000001111111001101111000001111010110111',,,0.19718309859154928
'101011111000110001111001011111111111111111000101101111000101001011110110',,,0.21830985915492956
'000010000011001000000100111000010111110000011110010000101110000101001000',,,0.2112676056338028
'010010110000111110000000011110000000011110011011110100011010000101101010',,,0.3028169014084507
'010000000011001000000100011000000000010000000010010000100010000100001001',,,0.1267605633802817
'111100100100000001000111011001101000010100100010010100000011111001110100',,,0.24647887323943662
'010000001100001000111100000110010111100000000100011010000100000110001001',,,0.1267605633802817
'010010001011101110111100000110000000000000000000011010111000000110001001',,,0.2112676056338028
'110100101000001001111011100111111111100100111100001111000100111011101000',0.0001,0.0,0.28169014084507044
'111111111000110111111011011111111111111111111101101111011101111011110110',,,0.09859154929577464
'001000001100000000111100011000000000010000011000011010100001000011010100',,,0.2535211267605634
'101011010100110001000001111111101000011111000011100101100011001101110110',,,0.2323943661971831
'101111110000110111000011011111101000011111100011100101010011111001110110',,,0.18309859154929578
'010000001011001110111100111000000000010000011000011010001000000111001000',,,0.22535211267605634
'101111111011110111111011111001101000011111100001101111111001111011110110',0.00013333333333333334,4.7140452079103176e-5,0.09859154929577464
'111011111000110001111001000111111111101111011101101111100101001011110110',,,0.2323943661971831
'000010000100001110000100111000000000010000011010010000001010000101001000',,,0.18309859154929578
'111101110000110111000011000111111111101111111111100101111111111000110111',,,0.19014084507042253
'010000000000001000000100011000010111110000000110010000000110000100001001',,,0.1056338028169014
'011011000100000000000100111000000000010001011010010000100011000100010101',,,0.20422535211267606
'000010001011001110111100000000010111100000011100011010101100000110001001',,,0.176056338028169
'111011111111110001111001111111101000011111011001101111111001001011110110',,,0.1619718309859155
'010100000111001000000110011000010111110000100110010000000110110100001001',,,0.19718309859154928
'010000000111101000000100000110010111100000011110010000001110000100001011',,,0.11971830985915492
'110001100011101000000100111111011111110111000110000001000110000001101000',,,0.2746478873239437
'010110000100001000000110111000010111110000100110010000000110110100001001',,,0.18309859154929578
'011011010100110110000100000000000000001011011011110000111011000100010111',,,0.23943661971830985
'111111111011110001111011011001111111111111100101101111100101111011110110',,,0.11971830985915492
'000100000111001110000110100110000000000000100010010000011010110100001001',,,0.19014084507042253
'111101110000110001000011011111101000011111100011100101110011111001110110',,,0.1619718309859155
'111111110100110111101011100001111111101111100111101111110101111010110111',,,0.19014084507042253
'010100000111001000000110000000010111100000100110010000000110110100001001',,,0.16901408450704225
'111101110111110001000011000001111111101111111111100101001111111000110111',,,0.2535211267605634
'010010001100001000111100000000010111100000011100011010100100000110001001',0.00016666666666666666,4.714045207910317e-5,0.1619718309859155
'000000000000001110000100011000000000010000000010010000000010000100001001',,,0.08450704225352113
'110100101000001111111011011001111111110100100100001111000100111011101000',,,0.2323943661971831
'101001110000110001000001011111111111111111011111100101100111001001110110',,,0.22535211267605634
'101111110111110111000011000111111111101111111111100101011111111000110111',,,0.20422535211267606
'001110000111000001000110000110000000000000100010010000010011111100010101',,,0.2535211267605634
'100100111011111111010011100111111111101111111111100101011110111000101011',,,0.23943661971830985
'101111110100110111000011100111111111101111111111100101111111111001110110',,,0.14084507042253522
'101011111100110111111001011001101000011111011001101111011001001011110110',,,0.22535211267605634
'000010000000001000000100111000000000010000011010010000000010000101001000',,,0.14084507042253522
'011011010111110110000101011110101000011011011011110100111011000101010110',,,0.24647887323943662
'010011001000001110111100100000010111100000000100011010100100000110001001',,,0.19718309859154928
'101100111000000001111011000111101000001110111001101111010001111011110100',,,0.21830985915492956
'101001111000110111111001000111111111101111000101101111110101001011110110',,,0.2112676056338028
'101111110111110001000011100001101000001111111011100101001011111001110110',,,0.21830985915492956
'111111110111110001000011111001111111111111100111100101100111111001110110',,,0.14788732394366197
'111101111100110111111011011111111111111111111101101111011101111011110110',0.0001,0.0,0.09859154929577464
'000110000100001000000110000000000000000000100010010000100010110100001001',,,0.15492957746478872
'111101110100110111000011111001101000011111100011100101010011111001110110',,,0.176056338028169
'010000000011001110000100100000000000000000011010010000101010000100001001',,,0.14084507042253522
'110100100000110111000011000111111111101100100110000101110110111001100110',,,0.23943661971830985
'000000001011001000111100100110010111100000000100011010100100000110001001',0.00013333333333333334,4.7140452079103176e-5,0.16901408450704225
'111101111000110111111011100111101000001111100001101111110001111010110111',,,0.18309859154929578
'000010000011001000000100100000010111100000011100010000001110000100001001',,,0.1267605633802817
'000110000100001110000110111110000000010000100010010000110010110100001001',,,0.2323943661971831
'000010001000001000111100111110010111110000000100011010000100000111001000',0.00016666666666666666,9.428090415820633e-5,0.20422535211267606
'000010000000001000000100000110010111100000011110010000000110000100001001',0.00016666666666666666,9.428090415820633e-5,0.09859154929577464
'111111110111110111000011011111111111111111100111100101011111111001110110',,,0.13380281690140844
'100101111011111111111011100111111111101111100101101111011100111010101011',0.0002,8.16496580927726e-5,0.21830985915492956
'101001111100110111111001011001101000011111000001101111110001001111110110',,,0.2112676056338028
'010010000011001000000100100110000000000000011010010000001010000100001001',0.0001,0.0,0.11971830985915492
'000110000011001110000110111000010111110000111110010000111110110100001001',,,0.22535211267605634
'111100110100110001000011011001101000011111111011100101100011111001110110',,,0.176056338028169
'011000000100000110000100111110010111110000000110010000110111000101010100',,,0.2535211267605634
'111111111000110111111011111111111111111111100101101111010101111011110110',,,0.1267605633802817
'000000001011001110111100011000010111110000011100011010101100000110001001',,,0.19718309859154928
'111101110000110001000011111111101000011111100011100101110011111001110110',,,0.15492957746478872
'110101111011111111111011011111111111111111100101101111011100111111101010',,,0.18309859154929578
'100110101000001001111011100111010111100100111100001011100100111010101001',,,0.3028169014084507
'101101110111110111000011011001111111111111100111100101011111111001110110',,,0.16901408450704225
'001000001100000000111100011000000000010000011000011010100001000110010101',,,0.2112676056338028
'100110101000110111111011011111101000011100100000001111010000111011100110',,,0.18309859154929578
'010000000011001110000100000110010111100000000110010000011110000000001001',,,0.1267605633802817
'101001110100110111000001111111101000011111011011100101111011001001110110',,,0.19718309859154928
'101111111111110111011011000111101000001111100001101101111011111010110111',,,0.19014084507042253
'110001111000111110111001100001111111101111011101101111001100000011101010',,,0.2535211267605634
'111101110100110111000011100001101000001111111011100101011011111000110111',,,0.23943661971830985
'111101111100110001111011011111101000011111100001101111010001111011110110',,,0.14084507042253522
'000010000100001000000100111000010111110000011110010000000110000101001000',,,0.16901408450704225
'000000001011111110111100000000000000000000011000011010101000000110001011',,,0.18309859154929578
'101100110100000001000011111111101000011111111011100101010011111001110100',,,0.2323943661971831
'010000001111001000111100111000000000010000000000011010000000000110001001',,,0.14084507042253522
'101101110100110001000011111001101000011111100011100101000011111001110110',,,0.176056338028169
'011100000100000001000110000110000000000000100010010000010011111100010101',,,0.24647887323943662
'001001010100110110000100100000000000001011011011110000111011000100010111',,,0.23943661971830985
'001011010111000000000100111000000000010011011011110000001011000101010100',,,0.28169014084507044
'010010000000001000000100111000000000010000000010010000100010000101001000',,,0.16901408450704225
'111111110011110111000011111001111111111111100111100101011111111001110110',,,0.14788732394366197
'101111111100110111111011111001101000011111100001101111010001111011110110',0.00013333333333333334,4.7140452079103176e-5,0.14084507042253522
'000100101000001001111110000110010111100000100100011010100100110010101001',,,0.2746478873239437
'010011001011011110111100000000010111101000011100011010101100000110001011',,,0.24647887323943662
'101101110100110001000011000111101000001111111011100101110011111000110111',,,0.23943661971830985
'000000000111001000111100100110010111100000011100011010001100000110001001',,,0.15492957746478872
'000100000000001000000110100000010111100000111110010000000110110100001001',,,0.16901408450704225
'000000000111101000000100100110010111100000011110010000101110000100001001',,,0.15492957746478872
'010010001111001000111100000000010111100000000100011010100100000110001001',0.00016666666666666666,9.428090415820633e-5,0.1619718309859155
'010000000011001000000100100000010111100000011110010000101110000100001001',,,0.14788732394366197
'111101111100110001111011111001101000011111111001101111100001111011110110',,,0.1056338028169014
'000100000011001110000110000110000000000000111010010000011010110100001001',,,0.1619718309859155
'111111111100110111111011100001101000001111100001101111010001111111110110',,,0.16901408450704225
'101111110011110111000011111111111111111111111111100101111111111001110110',0.0001,0.0,0.09154929577464789
'101101111111010001111011111001101000011111111001101111001001111111110110',,,0.18309859154929578
'010010000111001000100100100000010111100000000110010000000110000100001001',,,0.11267605633802817
'000010001011001000111100011110010111110000000100011010000100000111001000',,,0.2112676056338028
'010010000100001110000100100000000000000000000010010000000010000100001001',,,0.07746478873239436
'000110001011001000111110100110000000000000100000011010000000110110001001',,,0.18309859154929578
'010001001011001110111100100110010111100000000100011010111100000110001001',,,0.2112676056338028
'100101110011111111000011100001111111101111100111100101011110111000101011',,,0.24647887323943662
'111111111100110001111011011111111111111111111101101111110101111011110110',0.00016666666666666666,9.428090415820633e-5,0.09859154929577464
'111110111111010001111011111001101000011100100001101111000001111011110100',,,0.16901408450704225
'010100101000001001111110100110010111100000111100011010000100111010001001',,,0.28169014084507044
'111111111111110111111011111111111111111111111101101111111101111011110110',0.00016666666666666666,9.428090415820633e-5,0.04225352112676056
'000000001111001000111100000110000000000000000000011010100000000110001001',,,0.14788732394366197
'111111110111110111000011011111101000011111111011100101111011111101110110',,,0.1267605633802817
'010010000000001110000100011110000000010000000010010000010010000100001001',0.0001,0.0,0.14788732394366197
'010011011011111110111100000110010111101011011101101011111100000010001011',,,0.2676056338028169
'101111110111110001000011011111101000011111100011100101110011111001110110',0.0001,0.0,0.1619718309859155
'010110000100001110000110100110010111100000111110010000011110110100001001',,,0.176056338028169
'010000000011001000000100011000010111110000000110010000100110000101001000',0.00013333333333333334,4.7140452079103176e-5,0.19014084507042253
'000000000011001110000100000000010111100000011110010000001110000100001001',0.00016666666666666666,9.428090415820633e-5,0.09859154929577464
'111101111100110111111011100111101000001111100001101111110001111011110110',,,0.13380281690140844
'111110100100000001000011111111101000010100100010110101110011111001110100',,,0.2112676056338028
'001000001100000000010100100000000000000000000000011000100011000110010101',,,0.18309859154929578
'001010000100000000000100000000000000000000000010010000100011000100010101',,,0.1619718309859155
'010100001011001000111110100110010111100000111100011010001100110110001001',,,0.2323943661971831
'100101110011111111000011000001111111101111100111100101111110111000101011',,,0.23943661971830985
'101101111100110111111011000001111111101111111101101111111101111010110111',,,0.16901408450704225
'000000001000001000111100011000000000010000011000011010000000000110001001',,,0.1267605633802817
'111011111011110111111001000001111111101111000101101111111101001011110110',,,0.19718309859154928
'000110000000101110000110000000001000000000100010010000000010110100101011',,,0.176056338028169
'001010001100000000111100011110000000010000011000011010000001000111010100',,,0.2605633802816901
'101101110100110001000011111001111111111111100111100101100111111001110110',0.00016666666666666666,4.714045207910317e-5,0.15492957746478872
'000110101011001111100110100001010111100100111100010010011110111000101001',,,0.2676056338028169
'010001000000101110000100000110010111100000011110010000011110000100001011',,,0.14788732394366197
'101011111111110111111001111111101000011111000001101111111001001011110110',,,0.176056338028169
'111110101100000001111011011001111111110100111101101111100101111111110100',,,0.20422535211267606
'101011110000110001111001111001101000011111000001101111100001001011110110',,,0.176056338028169
'111111110100110001000011111001111111111111111111100101100111111001110110',0.00019999999999999998,8.16496580927726e-5,0.14788732394366197
'000010000000001000000100011000010111110000011110010000100110000001001000',,,0.19718309859154928
'011101011111000001111110100000000000000011111001111010101001111110010101',,,0.2676056338028169
'111111110011110111000011000111101000001111111011100101011011111001110110',,,0.176056338028169
'101101111000110111111011100111101000001111111001101111011001111010110111',,,0.19014084507042253
'011010000111000000000100011110000000010000000010010000110011000101010100',,,0.24647887323943662
'101111110100110001000011000111111111101111111111100101010111111000110111',,,0.2535211267605634
'110101110011111001000011000001111111101111111111100101001110111000101011',,,0.2676056338028169
'010000001011001000111100100110000000000000000000011010000000000110001001',0.00013333333333333334,4.7140452079103176e-5,0.13380281690140844
'100111111011111111111011100111111111101111111101101111011100111010101011',0.0001,0.0,0.19718309859154928
'000000100000001000000100011001000000010100000010010000000010000001001000',,,0.14084507042253522
'011001010111110110000100000000000000001011000011110000111011000100010111',,,0.2323943661971831
'001100001100000111111110111000010111110000100100001011100101111111110100',,,0.2323943661971831
'010000000000001000000100011000010111110000011110010000100110000100001001',,,0.14788732394366197
'111111110111110001000011011111101000011111100011100101110011111001110110',0.00016666666666666666,9.428090415820633e-5,0.14788732394366197
'101111111011110001111011011111111111111111111101101111101101111011110110',,,0.11267605633802817
'101101110111110111000011000111111111101111111111100101111111111000110111',0.0001,0.0,0.18309859154929578
'111101110000110111000011100001111111101111100111100101110111111000110111',,,0.21830985915492956
'111101111111110001111011100001101000001111100001101111000001111110110111',,,0.21830985915492956
'111111110111110001000011100111101000001111100011100101110011111000110111',,,0.2112676056338028
'111101111111010111111011111111111111111111111101101111111101111111110110',,,0.07746478873239436
'111001110100110111000001111001101000011111011011110101011011001101110110',,,0.2605633802816901
'110100111011111111111011000111111111101110100101101111011100111010101011',,,0.24647887323943662
'111001111111110111110001111111111111111111000111100111111111001001110110',,,0.176056338028169
'111111110111110001000011100001111111101111100111100101100111111001110110',,,0.176056338028169
'000010000000001000000100111110010111110000000110010000100110000101001000',,,0.19014084507042253
'110101110011111111000011100111101000001111111011100101011010111000101011',,,0.2676056338028169
'101101111100110001111011100111101000001111100001101111010001111011110110',,,0.176056338028169
'111100110100000001000011111111111111110100100110100101100111111001100100',,,0.2323943661971831
'010010000011001110000100100110010111100000011110010000011110000100001001',,,0.11267605633802817
'010000000000001000000100100110000000000000011010010000100010000100001001',,,0.11971830985915492
'011001011111110110111000111000000000011011000001101111111001000111110110',,,0.2605633802816901
'011010001100001000111100100000010111100000011100011010100100000110011001',,,0.18309859154929578
'011000001100000000111100000110000000000000011000011010100001000110010101',0.0001,0.0,0.18309859154929578
'010010001011001000111100100110000000000000011000011010001000000110001001',0.00016666666666666666,4.714045207910317e-5,0.1619718309859155
'101001111000110111111001011111101000011111000001101111010001001011110110',,,0.21830985915492956
'000010000011001000000100011110010111110000000110010000000110000100001001',,,0.1267605633802817
'111110111100110111111011011111101000011110111001101111111001111011110110',,,0.1056338028169014
'101101011100110111111011011110111111111011100101101111110101111111110110',,,0.14788732394366197
'000010001000001110111100100000000000000000011000011010101000000110001001',0.00013333333333333334,4.7140452079103176e-5,0.176056338028169
'111111111011110111111011000111101000001111100001101111111001111010110111',,,0.1619718309859155
'010000000000001110000100111110000000010000011010010000011010000101001000',,,0.19718309859154928
'101111111011110001111011000111101000001111100001101111110001111011110110',,,0.14084507042253522
'111111110100110111000011111111111111111111111111100101111111111101110110',,,0.11267605633802817
'001000000100000000000100011000000000010000011010010000100011000100010101',,,0.19718309859154928
'101101110011110111000011011111101000011111100011100101011011111001110110',,,0.16901408450704225
'010000000011001110000100011110000000010000011010010000111010000100001001',,,0.1619718309859155
'111100111100110111111011011001111111111111100101101111110101111111110110',,,0.14084507042253522
'001010001100000000111100011110000000010000011000011010100001000111010100',0.00013333333333333334,4.714045207910317e-5,0.2605633802816901
'101011110100110001000001011111111111111111011111100101000111001001110110',,,0.2676056338028169
'001110100100000001000110100000010111100000100110010000100111111000010101',,,0.2605633802816901
'000000001100001000111100111000000000010000011000011010100000000110001001',,,0.16901408450704225
'101100010100110001100011000111111111101100111100101111110111111100110111',,,0.3028169014084507
'000010101000101000111000100110010111100000000100011010100100000010001011',,,0.2112676056338028
'111001111011110001111001111001111111111111000101101111100101001011110110',,,0.176056338028169
'111101111111110111111011111001111111111111100101101111011101111011110110',0.0001,0.0,0.1056338028169014
'010000000100001000000100000000010111100000011110010000000110000100001001',,,0.08450704225352113
'101101110011110001000011111001101000011111111011100101001011111001110110',,,0.19014084507042253
'000000001011001110111100111000000000010000000000011010101000000110001001',,,0.19718309859154928
'111100100100000001000011011001101000010100111010000101100011111001110100',,,0.2112676056338028
'111100100100110111000011111111111111111100100110100101110111111001110110',,,0.18309859154929578
'000010000000001000000100111110010111110000011110010000000110000100001001',,,0.13380281690140844
'010010001011001110111100011000000000010000000000011010101000000110001001',,,0.2112676056338028
'000000001100001000111100011110000000010000011000011010000000000110001001',,,0.14788732394366197
'001100100111001001000110000000010111100000100110010000000111111000011001',,,0.2746478873239437
'101101111011110001111011011001111111111111111101101111101101111011110110',,,0.11971830985915492
'000000000111001110000100000000010111100000000110010000101110000100001001',,,0.13380281690140844
'101101110100110001000011000111111111101111111111100101010111111001110110',,,0.21830985915492956
'000000001111001110111100100000000000000000000000011010101000000110001001',,,0.176056338028169
'011001010100110110000100100000000000001011011011110000111011000100010111',,,0.22535211267605634
'010110001100001000111110100110010111100000100100011010000100110110001001',,,0.19718309859154928
'000100001000111111111111011110111111111000100100001111110100111111101010',,,0.2535211267605634
'000010000000001000000100100110010111100000000110010000100110000100001001',,,0.11971830985915492
'101111111100110001111011000111111111101111100101101111010101111010110111',,,0.2112676056338028
'010010000000001000000100100000000000000000011010010000000010000100001001',,,0.08450704225352113
'111011110111110111100001011111101000011111011001100111011011001001110110',,,0.22535211267605634
'000110000111001110000110100110010111100000100110010000011110110100001001',,,0.176056338028169
'000100001100001000111110100110000000000000111000011010000000110110001001',,,0.19718309859154928
'010000001011001110111100011000010111110000011100011010101100000110001001',,,0.2112676056338028
'101101111100110111111011100001111111101111111101101111111101111010110111',0.00016666666666666666,9.428090415820633e-5,0.1619718309859155
'100010100000111110000001011111111111111100000110000101110110000001101010',0.0001,0.0,0.28169014084507044
'101001111000110111111001111111101000011111011001101111111001001011110110',,,0.1619718309859155
'101110111100000001111011011001101000010110111000101111000001111011110100',,,0.20422535211267606
'000011000111001000000100000000000000000000011011010000001010000100001001',,,0.14084507042253522
'010000001000001110111100000110010111100000000100011010110100000110001001',,,0.19014084507042253
'000000000011001110000100100000010111100000000110010000101110000100001001',,,0.13380281690140844
'000010001000001000111100000000000000000000011000011010000000000110001001',0.0001,0.0,0.1056338028169014
'010100000000001110000110100000000000000000100010010000000010110100001001',,,0.1619718309859155
'000110001111001110111110100000010111100000100100011010111100110110001001',,,0.24647887323943662
'010010001011001000111100000000000000000000000010011000100000000110001001',,,0.1619718309859155
'100101101000001001111011000111111111100101100100001111000100111011101000',,,0.23943661971830985
'110110101000001001111011111111111111110100100100001111000100111011101000',0.00019999999999999998,8.16496580927726e-5,0.2323943661971831
'000100001111001000111110100000010111100000100100011010100100110110001001',,,0.2323943661971831
'000000000111001000000100000000010111100000000110010000000110000100001001',,,0.08450704225352113
'000000001100001000111100011110000000010000000000011010000000000110001001',,,0.13380281690140844
'010110000100001000000110100110000000000000100010010000000010110100001001',,,0.14788732394366197
'101111110111110001000011100001111111101111100111100101100111111001110110',,,0.19014084507042253
'001000001111000000111100011110000000010000000000011010110001000111010100',,,0.2676056338028169
'101101110011110111000011011111101000011111111011100101111011111001110110',,,0.1267605633802817
'001011001111000000111100100110000000000000000000011010110001000110010101',,,0.2323943661971831
'010011000011101000000100100110000000000011011011010000001010000100001011',,,0.176056338028169
'100100101011001001110011011111111111110100100100001111000110111011101000',,,0.2535211267605634
'101111110111110001000011100111111111101111100111100101010111111000110111',,,0.24647887323943662
'001011010111000000000100100000000000000011011011110000101011000100010101',,,0.22535211267605634
'010110000000001110000110011110000000010000111010010000111010110100001001',,,0.23943661971830985
'010001001011001110111100000000010111100001000100011010001100000110001001',,,0.176056338028169
'111111110100010111000011100001111111101111100111100101010111111001110100',,,0.20422535211267606
'110011110011111110000001111111111111111111011111100101011110000001101010',,,0.21830985915492956
'101111011100110001000011000001101000001111100011100101000011111101110110',,,0.22535211267605634
'100101000100101000000110000111010111100100111110000000000110110100001011',,,0.2605633802816901
'101101110111110001000011100001111111101111111111100101001111111000110111',,,0.2605633802816901
'000000001100001000111100100110010111100000011100011010100100000110001001',0.00016666666666666666,4.714045207910317e-5,0.176056338028169
'111110100111000001000111011001111111110100100110000101100111111101100100',,,0.22535211267605634
'111101111100110111111011000111101000001111100001101111010001111010110111',,,0.2112676056338028
'110101111000111111111011000001111111101111111101101111001100111011101010',,,0.22535211267605634
'010100001111001110111110000110000000000000111000011010111000110110001001',,,0.22535211267605634
'111010111000000001111000011001000000010110011001111010100001001011010100',,,0.3028169014084507
'101101110111110111000011111111101000011111100011100101011011111001110110',,,0.16901408450704225
'111100110100000001000011011001111111111110100111100101100111111001110100',,,0.21830985915492956
'000100000111001000000110100000010111100000111110010000001110110100001001',,,0.19718309859154928
'010010000011001000000100111000000000010000011010010000101010000101001000',,,0.21830985915492956
'010100000000001001000110100000010111100000100110010000000110110000001001',,,0.19718309859154928
'101111111000110001111011000111111111101111100101101111110101111011110110',,,0.13380281690140844
'010010001111001000111100111000000000010000000000011010000000000111001000',,,0.19014084507042253
'010000001111001000111100011000010111110000000100011010100100000110001001',,,0.18309859154929578
'000000001011001000111100100110010111100000000100011010000100000010101001',,,0.19014084507042253
'101111011111010001111011100001111111101011111101101111101101111110110101',,,0.22535211267605634
'111111110100110001000011100111111111101111100111100101110111111000110111',,,0.20422535211267606
'100111111011111111111011011001111111111111100101101111011100111011101010',,,0.1619718309859155
'101111110011110111000011100001101000001111100011100101011011111000110111',,,0.23943661971830985
'101111110111110001000011000001101000001111100011100101000011111000110111',,,0.2605633802816901
'111001110011110001000001111001101000011111011011100101001011001001110110',,,0.2323943661971831
'111001110100110111000001111111101000011111011011100101011011001001110110',,,0.2112676056338028
'111101111100110111111011111111111111111111100101101111110101111011110110',,,0.09859154929577464
'000011000011001110000100100000010111100000011110010000001110000100001001',,,0.13380281690140844
'011001010100000000000100100110000000000011011010010000100011000100010101',,,0.19014084507042253
'111110000111000001000111011000101000010000100010010100100011111101110100',,,0.23943661971830985
'101101111111010001111011111111111111111111100101101111010101111011110110',,,0.15492957746478872
'100000001000111110111001111111111111111000000100001111110100000111101010',,,0.29577464788732394
'101111110100110111000011000001111111101111111111100101111111111000110111',,,0.20422535211267606
'010010000111001000000100000000010111100000000110010000100110000100001001',,,0.11971830985915492
'010110001100001110111110000110000000000000111000011010011000110110001001',,,0.20422535211267606
'111101111000110111111011011001101000011111111001101111001001111011100110',,,0.15492957746478872
'101101110100110111000011100111101000001111100011100101110011111001110110',,,0.19014084507042253
'101111110011110111000011111111101000011111111011100101111011111001110110',0.0001,0.0,0.11267605633802817
'010010000100001000000100111110010111110000000110010000100110000101001000',,,0.19718309859154928
'111111111111110001111011000001111111101111111101101111001101111011110110',,,0.1619718309859155
'000000001011001000111100011000000000010000011000011010001000000110001001',,,0.1619718309859155
'010000001011001000111100111110000000010000000000011010100000000110001001',,,0.19014084507042253
'101111111100110001111011111001111111111111111101101111100101111011110110',,,0.11971830985915492
'001001111000000000111100000001000000000111000001011010100001000010010101',,,0.2323943661971831
'110101111011011001111011111111111111111111111101101111001100111011101010',,,0.21830985915492956
'110011001000001110111100111001110111110101011100011010101100000111001000',,,0.30985915492957744
'000001000111101110000100100000010111100011011110010000111110000100011011',,,0.16901408450704225
'101111110100110001000011000111101000001111111011100101010011111001110110',,,0.21830985915492956
'101111110011110001000011000001111111101111111111100101001111111001110110',,,0.2112676056338028
'110100100000001001000111000111011111100100111110010000000110111000001001',,,0.28169014084507044
'111111110111110111000011111111101000011111111011100101111011111001110110',0.00013333333333333334,4.7140452079103176e-5,0.1056338028169014
'101011011100110110111001111111101000011111011001101111111001000111110110',,,0.2323943661971831
'111101111111110001011011111111111111111111111101101101111101111011110110',,,0.07746478873239436
'101111111111110111111011000111111111101111111101101111111101111010110111',0.00013333333333333334,4.7140452079103176e-5,0.13380281690140844
'111101110111110111000011111001111111111111111111100101011111111001110110',,,0.13380281690140844
'101001111011110110011001111111101000011111000001101111111011001011110110',,,0.19718309859154928
'011001111011000000111100000000000000000011011001111010101001000010010101',,,0.2535211267605634
'010000001000001110111100111000000000010000011000011010001000000110001001',,,0.18309859154929578
'100110101000001001000011011111111111110100111110000101000110111001101000',,,0.23943661971830985
'001101110100110001000011100001101000001111100011100101000011111000110111',,,0.2605633802816901
'100101110000111111000011000001111111101111111111100101101110111000101011',,,0.2535211267605634
'101111110000110111000011011001101000011111100011100101010011111001110110',,,0.18309859154929578
'111110111000110001111011111001101000011110111001101111000001111011110110',,,0.15492957746478872
'101101110100110111000011100111101000001111111011100101011011111001110110',,,0.19718309859154928
'001000000100000110000100011110000000010000000010010000110011000101010100',,,0.2535211267605634
'010001011000111110111001111000010111111011011101101111101100000111101010',,,0.2887323943661972
'011001011111110110111000100000000000001011011001111010111001000110010111',,,0.22535211267605634
'101111111000110111111011000001111111101111111101101111101101111011100110',,,0.14084507042253522
'101101110000110111000011000001101000001111111011100101111011111000110111',,,0.22535211267605634
'111101110100110111000011000001101000001111111011100101111011111000110111',,,0.21830985915492956
'101111111111110001111011000001101000001111111001101111101001111011110110',,,0.15492957746478872
'111101111000110111111011100111101000001111100001101111110001111011110110',,,0.14084507042253522
'001111010111000001000110111000000000010011111011110000001011111100010101',,,0.3028169014084507
'001110000111000001000110100110010111100000100110010000110111111100010101',,,0.2535211267605634
'011001000100000000000100011000010111110000000110010000100111000101010100',,,0.2535211267605634
'111101111100110001111011000111111111101111111101101111010101111011110110',,,0.1619718309859155
'101111111011110111011011011001111111111111100111101101111111111011110110',,,0.1056338028169014
'011000000100000110000100000110000000000000000010010000110011000100010101',0.00013333333333333334,4.7140452079103176e-5,0.18309859154929578
'000001000011001000000100000000010111100000011110010000001110000100001001',,,0.11971830985915492
'001001011111110110111000100110000000001011011001111010111001000110010111',,,0.22535211267605634
'111111111000110111111011100001111111101111111101101111111101111011110110',,,0.1056338028169014
'011010001100000110111100100000000000000000000000011010110001000110010101',,,0.19718309859154928
'111111110100110001000111000111101000001111100010000101010011111001110110',,,0.23943661971830985
'011011010111110110000100111110000000011011000011110000111011000100010111',,,0.24647887323943662
'101011111000110111111001011111111111111111000101101111110101001011110110',,,0.19014084507042253
'110110101000111111111011011111111111111100100100001111010100111011101010',0.00013333333333333334,4.7140452079103176e-5,0.21830985915492956
'000010000000001000000100111110000000010000011010010000000010000100001001',,,0.11267605633802817
'110101110000111111000011100111111111101111111111100101011110111000101011',,,0.24647887323943662
'010010000011001110000100000000000000000000011010010000101010000100001001',0.00013333333333333334,4.7140452079103176e-5,0.14084507042253522
'111101111000110111111011000111101000001111111001101111011001111011110110',,,0.15492957746478872
'100001111011111110111001011001111111111111000101101111001100000011101010',,,0.21830985915492956
'010000000100001110000100011000010111110000000110010000000110000100001001',,,0.11267605633802817
'010010000011001000000100011000000000010000011010010000001010000100001001',,,0.14084507042253522
'001011000111000000000100111000010111110000000110010000100111000101010100',,,0.28169014084507044
'010010001011001000111100100000010111100000011100011010001100000110001001',0.00013333333333333334,4.714045207910317e-5,0.16901408450704225
'101111110100110001000011000111101000001111100011100101110011111001110110',,,0.19014084507042253
'110011110011111110000001000111111111101111000111100101011110000001101010',,,0.23943661971830985
'000000001000001000111100000000010111100000011100011010100100000110001001',,,0.14788732394366197
'101111110111110001000011000111111111101101100111100101010111111000110111',,,0.2746478873239437
'101101110100110111000011011111111111111111100111100101110111111001110110',,,0.1619718309859155
'110001111011111110111001000111111111101111000101101111011100000011101010',,,0.2323943661971831
'111101111011110111111011100111101000001111111001101111011001111010110111',,,0.176056338028169
'001100001100000001111110100110000000000000111000011010110001111110010101',,,0.23943661971830985
'100111010000111111000011011001111111111111111111100101001110111101101010',,,0.2112676056338028
'000000000000001110000100100110010111100000000110010000010110000100001001',0.0003,8.164965809277261e-5,0.11267605633802817
'111101111111110111111011000001101000001111111001101111111001111010110111',,,0.1619718309859155
'101111110111110111000011011001101000011111100011110101111011111001110110',,,0.176056338028169
'110110100000001001011011011001111111110100100100001101000100111011101000',,,0.23943661971830985
'101001111111110001111001111111101000011111011001101111111001001011110110',,,0.16901408450704225
'010000000000001110000100000110000000000000000010010000110010000100001001',,,0.14084507042253522
'110000101000111110111001111111111111111100000100001111010100000011101010',,,0.28169014084507044
'101111110011110111000011111111101000011111100011100101111011111001110110',,,0.1267605633802817
'111111111011110001111011011111111111111111100101101111110101111011110110',,,0.1056338028169014
'010010000111001000000100000110010111100000000110010000000110000100001001',,,0.1056338028169014
'111101111100110111111011100111111111101111111101101111111101111011110110',,,0.09154929577464789
'101001111011110001111001111111111111111111000101101111110101001011110110',,,0.176056338028169
'000000001011001110111100100110000000000000011000011010111000000110001001',,,0.16901408450704225
'011010001100000000111100111110000000010000011000011010100001000111010100',,,0.23943661971830985
'101100110000110111000011000111101000001111100010100101110011111000110111',,,0.2676056338028169
'010100100011001111000110111111000000010100100010010000011010111000001001',,,0.2605633802816901
'001011111111110110000000100000000000001111000001111010111011000000010111',,,0.29577464788732394
'101101110000110111000011011111111111111111111111100101011111111001110110',,,0.14788732394366197
'111111111011110111111011011111101000011111111001101111011001111011111110',,,0.13380281690140844
'010010001100001000111100011110010111110000000100011010100100000110001001',,,0.19014084507042253
'100100101000111111111011111111111111111100100100001111010100111011101010',,,0.21830985915492956
'101101110011110111000011011001111111111111111111100101111111111001100110',,,0.13380281690140844
'110110111011111111111011100111101000001111111001101111011000111010101011',,,0.2676056338028169
'010010000000001110000100011110010111110000000110010000010110000101001000',,,0.19718309859154928
'110111100000111111000011100111111111101101100110000101010110110100101011',,,0.30985915492957744
'000100000000001000000110100110010111100000100110010000000110110100001001',0.0002,8.16496580927726e-5,0.16901408450704225
'010000001000101110111100000110010111100000000100011010110100000110001001',,,0.20422535211267606
'010010000000001000000100100000000000000000000010010000100010000100001001',,,0.09859154929577464
'001010001100000000111100111110000000010000011000011010100001000111010100',0.0001,0.0,0.2535211267605634
'000000001100001110111100000000000000000000011000011010001000000110001001',,,0.14084507042253522
'111101111111110111111011111001101000011111111001101111111001111011110110',0.00013333333333333334,4.714045207910317e-5,0.08450704225352113
'000010000000001000000100111000010111110000011110010000000110000100001001',,,0.11971830985915492
'011010000100000000000100011000010111110000011110010000100111000101010100',,,0.2535211267605634
'101101111111110111111011011111111111111111100101101111111101111011110110',,,0.08450704225352113
'111101110111110111000011000001111111101111100111100101011111111001110110',,,0.18309859154929578
'101111111111110001010011111111111111111111111111100101011111111011110110',,,0.14084507042253522
'011010001100000000111100011000010111110000011100011010100101000111010100',0.0001,0.0,0.2676056338028169
'010110000011001110000110111000010111110000111110010000011110110100001001',,,0.2112676056338028
'101111111100110111111011000111111111101111111101101111011101111010110111',,,0.176056338028169
'111001110100110001000001111001101000011111000011100101000011001001110110',,,0.20422535211267606
'001110000100000001000110100000000000000000100010010000000011111100010101',,,0.21830985915492956
'100001110011111110000001111001111111111111011111100101101110000001101010',,,0.23943661971830985
'000010001011001000111100000000010111100000000100011010100100000110001001',,,0.15492957746478872
'101101111111110111111011111001111111111111100101101111111101111011110110',0.00016666666666666666,4.714045207910317e-5,0.09154929577464789
'000010000111001000000100000000010111100000011110010000001110000100001001',,,0.11267605633802817
'000000000011001110000100011000010111110000011110010000101110000100001001',,,0.15492957746478872
'101111110111110111000011011001111111111111100111100101111111111001110110',0.0002,8.16496580927726e-5,0.13380281690140844
'111101110000110111000011100001111111101111111111100101111111111001110110',,,0.15492957746478872
'000010101011001000111100111111010111110100000100001010000100000011001000',,,0.2676056338028169
'101111110011110001000011100001111111101111100111100101000111111001110110',,,0.2112676056338028
'111101110011110111000011100111101000001111111011100101111011111001110110',,,0.14788732394366197
'100110100011101001000011011111111111110100100110000101000110111001101010',,,0.23943661971830985
'010000000111001000000100011000000000010000011010010000101010000100001001',,,0.15492957746478872
'010000000011001110000100111000000000010000011010010000001010000100001001',,,0.14084507042253522
'111110111100110001111011111111111111111110100101101111010101111011110110',,,0.14084507042253522
'011111010111110001000111000000101000000011111011110100001011111100110111',,,0.31690140845070425
'110011110011111110000001100111111111101111000111100101011110000001101010',,,0.24647887323943662
'101001110100110111000001011111111111111111011111100101111111001001110110',,,0.18309859154929578
'100111110011111111101011000001101000001111100011101101011000111000101011',,,0.28169014084507044
'010000001011001000111100011000010111110000000100011010100100000110001001',,,0.19014084507042253
'100110001011111111111011100001111111101000100100001111111100110110101011',,,0.30985915492957744
'101101111000110111011011011111101000011111111011100101111001111011110110',,,0.11971830985915492
'000100001000001110111110000000010111100000100100011010000100110110001001',,,0.19014084507042253
'101111110100010001000011011001101000011111111011100101000011111001110110',,,0.20422535211267606
'111111110111110001000011111001101000011111111011100101001011111001110110',0.0001,0.0,0.176056338028169
'010010000011001110000100111110010111110000011110010000111110000101001000',,,0.2112676056338028
'111111110111010001000011111111101000011111100011100101010011111001110110',,,0.18309859154929578
'101110111100000001111011111111101000010100111001101111010001111011110100',,,0.20422535211267606
'101111110011110001000011000001101000001111111011100101101011111001110110',,,0.19014084507042253
'101111111100110111111011011001101000011111100001101111110001111011110110',0.0002,0.0001414213562373095,0.11971830985915492
'101101110111110001000011011001101000011111100011100101100011111001110110',0.00019999999999999998,8.16496580927726e-5,0.16901408450704225
'010000000111001110000100000000010111100000011110010000001110000100001001',,,0.1056338028169014
'101001011111110110111001011001101000011011000001101111111001000111110110',,,0.23943661971830985
'000000000100001000100100100000000000000000011000010010000000000100001001',,,0.09154929577464789
'101111111011110111111011100001111111101111100101101111011101111011110110',,,0.13380281690140844
'000010000100001110000100100110000000000000011010010000011010000100001001',,,0.1267605633802817
'111111110000110001000011011111111111111111111111100101110111111001110110',,,0.14788732394366197
'101011110100010110000101111111101000011111011011110100011011000001010110',,,0.30985915492957744
'010000000000001110000100011000000000010000000010010000000010000101001000',0.0001,0.0,0.14084507042253522
'100101110011111111000011100111111111101111111111100101111110111000101011',,,0.21830985915492956
'011000001100000000111100111000010111110000011100011010100101000111010100',,,0.2535211267605634
'010010001011001000111100111110010111110000000100001011000100000011101000',,,0.2746478873239437
'111101111000110111111011000001101000001111100001101111110001111010110111',,,0.19014084507042253
'000000000011001000000100111000000000010000011010010000001010000101001000',,,0.16901408450704225
'101011110111110111000001011001101000011111000011100101111011001001110110',0.0001,0.0,0.22535211267605634
'000010000111001000000100011000010111110000000110010000000110000100001001',,,0.11971830985915492
'111111110111110001000011100111111111101111100111100101010111111001110110',,,0.19014084507042253
'010010001000001000111100011110010111110000000100011010100100000111001000',,,0.23943661971830985
'111001110000110111000001011111111111111111000111100101110111001001110110',,,0.2112676056338028
'010010001111001000111100111000010111110000000100011010100100000111001000',,,0.23943661971830985
'010010000100001110000100011110010111110000000110010000110110000100001001',,,0.176056338028169
'111101111111110001111011100001111111101111111101101111101101111011110110',,,0.13380281690140844
'111111111111110001111011100111101000001111100001101111110001111011110110',,,0.1267605633802817
'011101011111000111111110100000000000001011111001111010111001111110010101',,,0.23943661971830985
'111101110100110111000011111111101000011111100011100101010011111001110110',,,0.176056338028169
'111101110011110111000011000111101000001111111011100101011011111001110110',,,0.18309859154929578
'000000001000001110111100000000010111100000011100011010001100000110001001',,,0.14084507042253522
'101110111111000001111011011001101000011110100001101111100001111011110100',,,0.19014084507042253
'011000000100000000000100111000000000010000011010010000100011000101010100',,,0.20422535211267606
'111111110100110001000011000001101000001111111011100101000011111000110111',,,0.24647887323943662
'000100001100001000111110100000010111100000111100011010000100110110001001',,,0.20422535211267606
'010110000000001000000110100000010111100000100110010000100110110100001001',,,0.19014084507042253
'010000000011001110000100000000000000000000000010010000001010000100001001',,,0.1056338028169014
'111001010111110110000101011110101000011011000011110100111011000101010110',,,0.2676056338028169
'101101111011110111111011111111111111111111111101101111111101111011110110',,,0.056338028169014086
'010110000011001000000110000000010111100000111110010000001110110100001001',,,0.19014084507042253
'101101010000110111000011000001111111101111100111100111110111111100110111',,,0.2605633802816901
'101001111100110111111001100001111111101111000101101111110101001011110110',,,0.2112676056338028
'000110000000001000000110100000010111100000111110010000000110110100001001',,,0.1619718309859155
'101001111011110111111001111001111111111111000101101111111101001011110110',,,0.15492957746478872
'111101010100110111000011100111101000001111111011100101111011111100110111',,,0.21830985915492956
'111011111000110111111001011111101000011111011001101111011001001011110110',,,0.20422535211267606
'000001001000001110111100000000000000000000011000011010101000000110001001',,,0.18309859154929578
'010010000011001000000100011110000000010000000010010000100010000101001000',,,0.19014084507042253
'111001110100110110000001111111111111111111011111100101111111001001110110',,,0.176056338028169
'101101110100110111000011111111111111111111111111100101011111111001110110',,,0.14788732394366197
'101100101000110111111011100001101000001100111001101111001001111011100110',,,0.21830985915492956
'100011111011111110111001011001101000011111011001101111001000000011101010',,,0.24647887323943662
'010010001011001000111100100110010111100000011100011010001100000110001001',0.00013333333333333334,4.714045207910317e-5,0.16901408450704225
'101011111100110111111001111111111111111111000101101111110101001011110110',,,0.19014084507042253
'101111111100010001111011111001101000011111100001101111000001111011110110',,,0.14084507042253522
'010000001011001110111100000000010111100000000100011010101100000110001001',,,0.18309859154929578
'000010000111001000000100111110000000010000000010010000100010000100001001',,,0.14788732394366197
'100001110011111000000001111001111111111111011111100101001110000001101010',,,0.22535211267605634
'101100111111110001111011011111111111111111100101101111110101111011110110',,,0.14084507042253522
'010001001000001110111100011000011111110000011100001111001100000111001000',,,0.30985915492957744
'111001111111110111111001000111111111101111000101101111111101001011110110',,,0.16901408450704225
'101011110011110111000001111001111111111111011111100101111111001001110110',,,0.176056338028169
'101101111011110111111011100111111111101111100101101111111101111011110110',,,0.09859154929577464
'000010001011001000000100000110010111100000011110010000001110000100001001',,,0.11971830985915492
'000001010011101000000100000110010111100011000110010000100110000000001001',,,0.176056338028169
'011110000100000001000110000000010111100000111110010000100111111100010101',,,0.24647887323943662
'010000001011001000111100100110010111100000011100011010001100000110001001',,,0.1619718309859155
'101111111100110111111011011111101000011111100001101111110001111011110110',,,0.11971830985915492
'101101111011110111111011011111101000011111111001101111011001111011110110',0.00016666666666666666,9.428090415820633e-5,0.11267605633802817
'110101111011111111111011000111111111101111111101101111011100111110101011',,,0.22535211267605634
'100101111011111111111011100111111111101111111101101111011100111010101011',,,0.20422535211267606
'101111110111110111000011011111111111111111111111100101111111111001110110',0.0001,0.0,0.1056338028169014
'111111110100110001000011011001111111111111111111100101000111111001110110',,,0.18309859154929578
'000000101000001110111100100110000000000100000000011010110000000010001001',,,0.20422535211267606
'101110111111110001111011111111101000011111100001101111010001111011110110',,,0.1619718309859155
'111001110111110001000001111001101000011111000011100101100011001001110110',,,0.19014084507042253
'101101110100110001000011100001101000001111111011100101100011111001110110',,,0.19014084507042253
'010011000011001110000100100000000000000000000010010000001010000000001001',,,0.15492957746478872
'000000000000001110000100011000010111110000011110010000001110000100001001',,,0.1267605633802817
'000010000111001000000100100110000000000000011010010000001010000100001001',,,0.11267605633802817
'010000000000001000000100000110000000000000011010010000000010000100001001',0.00013333333333333334,4.714045207910317e-5,0.08450704225352113
'000011001011111110111100000110000000001001000001011010111000000110001011',,,0.23943661971830985
'100111110011111111000011111001111111111111100111100101011110111001101010',,,0.18309859154929578
'000000000011001110000100111000010111110000011110010000001110000100001001',,,0.13380281690140844
'001000000100000000000100011000010111110000000110010000100111000101010100',,,0.24647887323943662
'100100101011111111111011000111111111101100100101101111111100111010101011',,,0.23943661971830985
'000010000011001000000100100000010111100000000110010000100110000000001001',,,0.13380281690140844
'000010000111001000000100111110000000010000000010010000000010000101001000',,,0.1619718309859155
'010000000100001110000100000110010111100000000110010000110110000100001001',,,0.14084507042253522
'000001001011111110111100100000010111101001000100011010101100000110001011',,,0.2323943661971831
'000000001011001000111100111110010111110000000100011010100100000110001001',,,0.19718309859154928
'010010001011001000111100000000010111100000000100011010100100000110001001',0.00016666666666666666,4.714045207910317e-5,0.16901408450704225
'111101111000110001111011011001111111111111111101101111100101111011110110',,,0.1267605633802817
'000000001000001000111100011000010111110000000100011010100100000111001000',0.0001,0.0,0.20422535211267606
'000000001111001110111100000110000000000000000000011010011000000110001001',0.0001,0.0,0.15492957746478872
'110000101000111000111001011001111111110100011100001111000100000011101010',,,0.24647887323943662
'101110111111010001111011111111111111111100100100101111010101111111110100',,,0.20422535211267606
'000011000100001000000100000000000000000001011010010000100010000100001001',,,0.11971830985915492
'111101111111110111111011100001101000001111111001101111111001111011110110',,,0.11267605633802817
'010110000000001000000110100000000000000000111010010000100010110100001001',,,0.18309859154929578
'010010001000111110111100000110010111101000011100001010011100000110001011',,,0.20422535211267606
'101101110011110111000011011001101000011111111011100101011011111001110110',,,0.16901408450704225
'101101110100110001000011111001101000011111111011100101100011111001110110',0.00013333333333333334,4.7140452079103176e-5,0.1619718309859155
'000000000000001000000100111110000000010000000010010000100010000100001001',,,0.11971830985915492
'100111110011111111000011100111111111101100111110100101011110111100101011',,,0.2605633802816901
'101110111111000001111011111001111111110111100101101111000101111011110100',,,0.20422535211267606
'110001110000111110000001011001111111111111011111100101001110000001101010',,,0.2323943661971831
'000000001100001110111100111000010111110000011100011010101100000111001000',,,0.2535211267605634
'100011111011111110111001111001101000011111000001101111001000000011101010',,,0.2535211267605634
'010110000000001000000110000110010111100000100110010000100110110100001001',,,0.19718309859154928
'100001111011111110111001100001111111101111000101101111101100000011101010',,,0.2535211267605634
'101111110111110001000011111001101000011111100011100101100011111001110110',,,0.15492957746478872
'101011111111110000111001111111101000011111000001101111100001000011110110',,,0.2323943661971831
'101101111111110111011011111001111111111111100101101111011111111011110110',,,0.14084507042253522
'011100000100000001000110000000000000000000111010010000100011111100010101',,,0.21830985915492956
'010010000000001000101100100000010111100000011100011010100100000100001001',,,0.176056338028169
'111011110011110111000001011001111111111111011111100101111111001001110110',,,0.18309859154929578
'000010001000001110111100011000000000010000011000011010101000000111001000',,,0.23943661971830985
'010011000100001000000100000110010111100000011110010000100110000100001001',,,0.15492957746478872
'111111111000110001111011011111111111111111111101101111110101111011110110',,,0.1056338028169014
'000000000000001000000100111000010111110000011110010000000110000101001000',,,0.15492957746478872
'010010001011001110111100111110000000010000000000011010111000000110001001',,,0.2323943661971831
'111111111011110111111011111111101000011111100001101111111001111011110110',0.00013333333333333334,4.714045207910317e-5,0.08450704225352113
'110111110000111111000011000001111111101111111111100101011110111000111011',,,0.24647887323943662
'100101110011111001000011000111111111101111111111100101001110111001101010',,,0.22535211267605634
'000010000000001110000100011110000000010000011010010000111010000100001001',,,0.16901408450704225
'101101110100110001000011111111101000011111100011100101110011111001110110',,,0.1619718309859155
'010000000011001000000100000000000000000000000010010000000010000100001001',0.00013333333333333334,4.7140452079103176e-5,0.07042253521126761
'010000001111001000111100011110010111110000000100011010100100000111001000',,,0.23943661971830985
'000000001011001110111100100000000000000000011000011010101000000110001001',0.0001,0.0,0.16901408450704225
'000011011011111110111100000000010111100011000101111010001100000110001011',,,0.21830985915492956
'000110000100001000000110011110000000010000111010010000000010110100001001',,,0.18309859154929578
'010000001000001110111100011110010111110000000100011010010100000110001001',,,0.19014084507042253
'000010001011101110111100000110000000000000000000011010111000000110001001',,,0.19718309859154928
'101111111011110001111011011001101000011111111001101111001001111111110110',,,0.1619718309859155
'010010000000001000000100000110010111100000000110010000100110000000001001',,,0.14084507042253522
'110101111000111111111011111001111111111111111101101111001100111011101010',0.00013333333333333334,4.7140452079103176e-5,0.20422535211267606
'001000000111000000000100000110000000000000000010010000110011000000010101',,,0.2112676056338028
'100001011011111000111001011001111111111111011101101111001100000111101010',,,0.23943661971830985
'010000000011001000000100011110010111110000000110010000000110000100001001',,,0.13380281690140844
'101011111011110001111001100001101000001111011001101111101001001011110110',,,0.2112676056338028
'101011111111110111111001011111101000011111011001101111111001001011110110',,,0.16901408450704225
'101110110100110001000011000111111111101111111111100101010111111001110110',,,0.2323943661971831
'111111110111110111000011000001111111101111100111100101011111111000110111',,,0.21830985915492956
'101101110111000001000011011001101000010111100011110101000011111001110100',,,0.22535211267605634
'000100000000001110000110000110010111100000100110010000010110110100001001',,,0.176056338028169
'000010001000001110111100111110000000010000011000011010011000000110001001',,,0.19014084507042253
'101101111111110111111011100001111111101111111101101111111101111010110111',,,0.14788732394366197
'000010000111001000000100011110000000010000011010010000001010000100001001',,,0.13380281690140844
'011000001100000000111100011110010111110000011100011010100101000111010100',,,0.2746478873239437
'111111111111110001111011000001101000001111111001101111001001111011110110',,,0.16901408450704225
'101111110100110111000011000001111111101111100111100101110111111000110111',0.00013333333333333334,4.7140452079103176e-5,0.22535211267605634
'111111111100110111010011011111101000011111111011100101011011111011110110',,,0.15492957746478872
'111111111100110111111011111001101000011111111001101111011001111011110110',0.00013333333333333334,4.714045207910317e-5,0.11971830985915492
'010000001100001000111100000110000000000000000000011010100000000110001001',,,0.13380281690140844
'000110000100001110000110000000000000000000111010010000001010110100001001',,,0.176056338028169
'010000101000001000111100111110010111110100000100001010100100000011001000',,,0.2887323943661972
'000010001000001110111100111110000000010000011000011010011000000111001000',,,0.2323943661971831
'010010001111001000111100111110010111110000011100011010001100000110001001',,,0.19014084507042253
'001110100100000001000010000110000000000000100011110000110011111000010101',,,0.29577464788732394
'010010001000001110111100011000000000010000011000011010001000000110001001',,,0.18309859154929578
'111001111111110111111001111111101000011111011001101111011001001011110110',,,0.16901408450704225
'101011111000110111111001111001111111111111000101101111110101001011110110',,,0.18309859154929578
'111111110111110111000011111111101000011111100011100101111011111001110110',0.0001,0.0,0.11971830985915492
'000010000011001000000100011000000000010000000010010000000010000100001001',0.0001,0.0,0.09154929577464789
'010000001000001000111100011110000000010000011000011010100000000110001001',,,0.18309859154929578
'111101010111110111000011011111101000011111100011100101111011111101110110',,,0.15492957746478872
'000010000011001000000100000110000000000000011010010000001010000100001001',0.0002,0.0,0.09859154929577464
'000000000000001000000100011110000000010000011010010000000010000100001001',,,0.09859154929577464
'010000101000001110111100111000010111110100000100011010000100000011001000',,,0.23943661971830985
'000000000011001000000100100000000000000000000010010000000010000100001001',,,0.06338028169014084
'111101110011110001000011111111101000011111100011100101010011111001110110',0.00013333333333333334,4.714045207910317e-5,0.18309859154929578
'010010001011001000111100000110000000000000000000011010000000000110001001',0.0002666666666666667,0.0001699673171197595,0.13380281690140844
'011110000100000001000110011110000000010000100010010000110011111100010101',,,0.23943661971830985
'111101111011110001111011111001101000011111100001101111100001111011110110',0.0001,0.0,0.11267605633802817
'101101110111000001000011111001111111110111100111100101000111111001110100',,,0.2323943661971831
'101011111100110111111001000111111111101111000101101111110101001011110110',,,0.22535211267605634
'010000000100001000000100000110000000000000011010010000100010000100001001',,,0.1056338028169014
'101011110100110001000001100001111111101111011111100101100111001001110110',,,0.24647887323943662
'111101110111110001000011011001111111111111111111100101101111111001110110',0.00016666666666666666,9.428090415820633e-5,0.15492957746478872
'101101111100110111111011111111101000011111111001101111011001111011110110',,,0.1267605633802817
'000000001000001000111100000000010111100000000100011010100100000110001001',,,0.13380281690140844
'000000001011101000111100111000010111110000011100011010101100000111001000',,,0.2605633802816901
'111110111100110001111011011111101000011110100001101111010001111011110110',,,0.15492957746478872
'101001110100110001000001011111101000011111000011100101000011001001110110',,,0.23943661971830985
'100111111011111111111011100001111111101111111101101111111100111010101011',,,0.2112676056338028
'011010000100000110000100011110000000010000000010010000010001000101010100',,,0.2535211267605634
'101111110111110001000011000111101000001111100011100101110011111000110111',0.0002,8.16496580927726e-5,0.2323943661971831
'010011000100001000000100011000000000010001000010010000100010000100001001',,,0.13380281690140844
'010000001111001000111100011110010111110000000100011010100100000110001001',,,0.19718309859154928
'000000001100001110111100100110010111100000000100011010110100000110001001',0.0001,0.0,0.19014084507042253
'000010001011001110111100000110000000000000000000011010111000000110001001',,,0.18309859154929578
'010010000011001000000100000110000000000000000010010000100010000100001001',,,0.11971830985915492
'111111110000110001000011111001101000011111111011100101000011111001110110',0.00013333333333333334,4.714045207910317e-5,0.176056338028169
'101111111011110001111011111001101000011111100001101111000001111011110110',,,0.13380281690140844
'101111110000110111000011011111111111111111100111100101110111111001110110',,,0.14788732394366197
'000000001000001110111100000110010111100000000100011010110100000110001001',,,0.176056338028169
'111111010100110111000011000001111111101111111111100101111111111100110111',,,0.2112676056338028
'010101110011001001111110100000000000000011111001111010001010111010001001',,,0.3380281690140845
'101111110100110111000011100001101000001111100011100101010011111000110111',,,0.2535211267605634
'001010001111000000111100100000000000000000000000011010100001000110010101',,,0.18309859154929578
'000000001100001110111100111000010111110000000100011010000100000111001000',,,0.20422535211267606
'100000100000111110000001111111111111111100000110000101010110000001101010',,,0.2676056338028169
'000010001111001000111100011000010111110000011100011010001100000111001000',,,0.22535211267605634
'100110100011001001000111011001111111110100100110000101000110111001101000',,,0.22535211267605634
'101111111111110111111011000001101000001111100001101111111001111010110111',0.0001,0.0,0.18309859154929578
'001011110100000000000100011000000000010011011011110000100011000001010100',,,0.3028169014084507
'100110100000101001000011000001111111100100100110000101000110111000101011',,,0.2676056338028169
'001010001100000000111100111110000000010000000000011010100001000111010100',,,0.23943661971830985
'000000000011001110000100111000010111110000000110010000001110000101001000',,,0.176056338028169
'101101110111110111000011000111111111101111100111100101011111111001110110',,,0.18309859154929578
'011111010111000001000110100110010111100011111111110000101111111100000101',,,0.28169014084507044
'111111111100110111111011011111111111111111100101101111110101111011110110',,,0.09859154929577464
'000011000000001000000100000110010111100001011110010000000110000000001001',,,0.13380281690140844
'000110001000001000111110100000010111100000111100011010100100110110001001',,,0.21830985915492956
'001101001100000001111110000000000000000011111000011010100001111110010101',,,0.2605633802816901
'111111111011110001111011111001101000011111111001101111001001111011110110',0.00013333333333333334,4.714045207910317e-5,0.14084507042253522
'110010100000111110000001011111111111111100000110000101010110000001101010',,,0.28169014084507044
'111111110111110111000011111001111111111111111111100101111111111001110110',0.0002,0.0,0.09859154929577464
'101101110111110111000011011001111111111111111111100101011111111001110110',,,0.15492957746478872
'111101110111110111000011011001101000011111100011100101011011111001110110',0.00016666666666666666,4.714045207910317e-5,0.176056338028169
'110111111011111111111011100111111111101111111101101111011100111010101011',,,0.2112676056338028
'100001110011111110000001111111111111111111011111100101011110000001101010',0.00016666666666666666,9.428090415820633e-5,0.19718309859154928
'111111110011110001000011100001101000001111111011100101101011111001110110',,,0.18309859154929578
'101111110100110111000011011111101000011111100011100101110011111001110110',,,0.1619718309859155
'111111111111110001111011000001101000001111111001101111101001111010110111',,,0.18309859154929578
'000001001011001110111100000110000000000001000000011010011000000110001001',,,0.16901408450704225
'010010000100001000000100111110000000010000011010010000000010000100001001',,,0.11971830985915492
'111101111000110111111011100001111111101111111101101111011101111011110110',,,0.14084507042253522
'101111111111110111111011100001111111101111100101101111111101111011110110',,,0.11267605633802817
'111101110011110111000011000111111111101111111111100101011111111000110111',,,0.20422535211267606
'010011000011111110000100000000010111101011000110010000001110000100001011',,,0.19718309859154928
'111001111111110111111001111001111111111111011101101111111101001011110110',,,0.13380281690140844
'011100000100000001000110000110010111100000100110010000110111111100010101',,,0.2535211267605634
'111111111111110111111011111111111111111111100101101111011101111011110110',0.0001,0.0,0.08450704225352113
'101111111111110001111011100001111111101111111101101111101101111011110110',,,0.14084507042253522
'010000001111001000111100000000000000000000000000011010000000000110001001',,,0.1056338028169014
'001010000100000000000100011000000000010000000010010000100011000101010100',,,0.21830985915492956
'111101110100010001000011011001101000011111111011100101000011111001110100',,,0.19718309859154928
'010110001000001000111110000000000000000000100000011010100000110110001001',,,0.19014084507042253
'010100000011001001000110000000010111100000100110010000000110110100001001',,,0.19014084507042253
'101001010100110110000001111001101000011011011011100101111011000101110110',,,0.2605633802816901
'000000001111001110111100000000010111100000011100011010001100000110001001',,,0.14788732394366197
'010010000100001110101100000110010111100000000100011010110100000100001001',,,0.19014084507042253
'000000001100001110111100011000010111110000011100011010001100000110001001',,,0.176056338028169
'101011111111110111111001000111111111101111011101101111111101001011110110',,,0.176056338028169
'000010001111001110111100011110010111110000011100011010011100000110001001',,,0.16901408450704225
'101101110111110001000011000001111111101111111111100101001111111001110110',,,0.22535211267605634
'000010001000001000111100000110000000000000000000011010100000000110001001',,,0.13380281690140844
'011000000100000000000100100110000000000000000010010000100011000100010101',,,0.14788732394366197
'001011100100000000000100000110000000000000000010010000100011000000010101',,,0.21830985915492956
'111111110000110001000011000111101000001111100011100101010011111001110110',,,0.2112676056338028
'001011010111110110000100000000000000001011011011110000111011000100010111',,,0.23943661971830985
'110000111011111110111001111111101000011111011001101111011000000011101010',,,0.2676056338028169
'111001111100110111111001000111101000001111011001101111111001001011110110',,,0.19014084507042253
'111111111111110111111011100001111111101111111101101111111101111011110110',,,0.08450704225352113
'100100101000001001111011000001111111100100111100001111000100111011101000',,,0.24647887323943662
'111101111111110001111011111001111111111111111101101111101101111011110110',0.0002,0.0001414213562373095,0.1056338028169014
'111111111000110001111011011111111111111111100101101111010101111011110110',,,0.13380281690140844
'111001110111110001000001011001111111111111011111100101101111001001110110',,,0.19718309859154928
'111110111100110001111011011111101000011110100001101111110001111011110110',,,0.1267605633802817
'101111111111110111111011111111101000011111111001101111111001111011110110',,,0.07746478873239436
'000000001111001000111100000110010111100000011100011010101100000110001001',,,0.176056338028169
'010100000000001000000110100110000000000000111010010000000010110100001001',0.0001,0.0,0.176056338028169
'000000000100001000000100000000000000000000000010010000100010000100001001',,,0.07746478873239436
'111111110000110111000011011111101000011111111011100101011011111001110110',,,0.1619718309859155
'000010000111001000000100100000010111100000011110010000101110000100001001',,,0.14788732394366197
'111111110111110001000011100111111111101111100111100101110111111000110111',,,0.20422535211267606
'111101110011110001000011111111101000011111111011100101111011111001110110',0.0001,0.0,0.13380281690140844
'110000101011111000111001111111111111111100000100001111000100000011101010',,,0.2676056338028169
'111001111000110111111001111111101000011111000001101111010001001011110110',,,0.2112676056338028
'000010000111001110000100111000000000010000011010010000001010000101001000',,,0.18309859154929578
'101111111100110111111011111001111111111111100101101111010101111011110110',,,0.13380281690140844
'010010001111001110111100000110010111100000000100011010011100000110001001',,,0.15492957746478872
'000110001100001000111110000000010111100000100100011010000100110110001001',,,0.176056338028169
'111111110011110001000011111111101000011111111001100111011011111001110110',,,0.16901408450704225
'000000001011001000111100000110000000000000000000011010100000000110001001',0.00013333333333333334,4.714045207910317e-5,0.14084507042253522
'001000001100000000111100111000000000010000000000011010000001000111010100',,,0.21830985915492956
'010100001000001000000110111000000000010000111000010010000010110100001001',,,0.21830985915492956
'111111110111110111000011000001111111101111111111100101111111111000110111',,,0.176056338028169
'111101111111110001111011111001111111111111100101101111000101111011110110',,,0.14084507042253522
'111111111111110111111011011001101000011111111001101111111001111011110110',0.0002,8.16496580927726e-5,0.08450704225352113
'101101110100110111000011000001101000001111100011100101010011111000110111',,,0.2676056338028169
'111111111011110001111011011111101000011111100001101111110001111011110110',0.0001,0.0,0.11267605633802817
'010000000011001000000100100110000000000000000010010000100010000100001001',,,0.11971830985915492
'111101110100110001101011111001101000011111100011100101100001111001110110',,,0.1267605633802817
'010011000000001110000100100110010111100000000110010000010110000100001001',,,0.15492957746478872
'100111111011111111111011100111101000001111111001101111011000111010101011',,,0.2323943661971831
'110110101000001111111011011001111111110100100100001111000100111111101000',,,0.23943661971830985
'111011110000110111000001111111111111111111011111100101111111001001110110',,,0.176056338028169
'101001111000110111111001100001101000001111000001101111010001001011110110',,,0.23943661971830985
'000011000011101000000100000000010111100000011110010000101110000100001001',,,0.16901408450704225
'101111111111110001111011100001111111101111100101101111100101111010110111',,,0.19014084507042253
'010000000011001110000100100000000000000000000010010000001010000100001001',,,0.11267605633802817
'111101111011110001111011100111111111101111100101101111110101111010110111',,,0.176056338028169
'100001111011111000111001111111111111111111011101101111001100000011101010',,,0.22535211267605634
'110100100000111111000011000111111111101100100110000101010110111001101010',,,0.2676056338028169
'100111111011110111111011011111101000011111100001101111011001111011100110',,,0.13380281690140844
'101111110111110001000011111111101000011111111011100101011011111001110110',,,0.1619718309859155
'001111000100000001000110000000010111100001111110010000100111111100010101',,,0.28169014084507044
'101001110000110111000001111001101000011111011011100101111011001001110110',,,0.20422535211267606
'111111111100110001111011100001111111101111111101101111100101111010110111',,,0.176056338028169
'010010001011001000111100111110010111110000011100011010001100000111001000',,,0.23943661971830985
'001100001111000001111110000110000000000000100000011010010001111110010101',,,0.2605633802816901
'100001110011111110000001011111111111111111011111100101011110000001101010',,,0.19014084507042253
'000000100100001000000100111000010111110000011110010000000110000001001000',,,0.18309859154929578
'010000001000001110111100011110000000010000011000011010111000000110001001',,,0.21830985915492956
'000000000000001110000100111110010111110000000110010000110110000100001001',,,0.16901408450704225
'100011111011111110111001011111111111111111000101101111111100000011101011',,,0.2605633802816901
'010100001011001111111110100000000000000000100000011010011000110010001001',,,0.2676056338028169
'111111111000110111111011000111101000001111100001101111110001111011110110',,,0.14084507042253522
'111101110011110111000011111001101000011111111011100101011011111001110110',0.00016666666666666666,9.428090415820633e-5,0.1619718309859155
'010000000011001110000100000000010111100000011110010000101110000100001001',0.0001,0.0,0.14084507042253522
'111101111111110111111011011111101000011111100001101111111001111011110110',,,0.09154929577464789
'101111111011110001111011011111111111111111111101101111111101111011110110',,,0.07042253521126761
'001011011011110110111100100000000000001011011001111010111001000110010111',,,0.23943661971830985
'101111111100110001111011011001101000011111111001101111000001111011110110',,,0.14788732394366197
'111111110100110001000011000111111111101111111111100101110111111001110110',,,0.16901408450704225
'101001110000110111000001011111101000011111011011100101111011001001110110',0.0001,0.0,0.19718309859154928
'000100000011001000000110100000010111100000100110010000000110110100001001',,,0.16901408450704225
'101111110111110111000011011001111111111111111111100101111111111001110110',0.00023333333333333336,0.00012472191289246472,0.11971830985915492
'101011111111110111111001111001101000011111011001101111011001001011110110',,,0.20422535211267606
'010110000011001000000110000110000000000000111010010000101010110100001001',,,0.2112676056338028
'100111110011111111000011100111101000001111100011100101011010111000101011',,,0.2605633802816901
'010100000100001000000110100110000000000000100010010000100010110100001001',,,0.18309859154929578
'101101110011110001000011011001111111111111111111100101101111111001110110',,,0.1619718309859155
'101101010111110111000011000000111111101011111111100101111111111100110111',,,0.22535211267605634
'101011110111110111000001011111101000011111000011100101111011001001110110',0.00013333333333333334,4.714045207910317e-5,0.2112676056338028
'011100000100000001000110000000000000000000100010010000000011111100010101',,,0.21830985915492956
'011010011111000110111100100110000000000011011001111010111001000110010101',,,0.19014084507042253
'101101111111110111111011000111101000001111111001101111011001111011110110',,,0.14788732394366197
'010010001011001110111100000000010111100000000100011010101100000110001001',,,0.19014084507042253
'000010000011001110000100111110010111110000000110010000011110000101001000',,,0.18309859154929578
'111011111111110111111001111111111111111111011101101111011101001011110110',,,0.15492957746478872
'101111111000110001111011011001101000011111111001101111000001111011110110',0.0001,0.0,0.14084507042253522
'010011001011111000111100000110010111100001011100011010111100000110001011',,,0.24647887323943662
'010110000011001110000110011000010111110000100110010000111110110100001001',,,0.24647887323943662
'001110000100000001000110011000000000010000111010010000000011111100010101',,,0.2535211267605634
'101001110100110001000001011111111111111111011111100101000111001001110110',,,0.2605633802816901
'010100001111001000010110100110010111100000100110010000100110110100001001',,,0.2323943661971831
'111001111100110111111001011111111111111111000101101111110101001011110110',,,0.176056338028169
'101101111011110111111011011111111111111111111101101111111101111011110110',0.0001,0.0,0.06338028169014084
'001111010111110111000111000110101000001011100011110100011011111100010111',,,0.28169014084507044
'010000001000001110111100100000010111100000011100011010101100000110001001',0.00013333333333333334,4.7140452079103176e-5,0.19014084507042253
'000100000011001110000110100110010111100000111110010000011110110100001001',,,0.1619718309859155
'110000101000111000111001111111111111111100000101001111000100000011101010',,,0.2535211267605634
'000010001111001000111100000000010111100000011100011010101100000110001001',0.0001,0.0,0.18309859154929578
'000010000111101110000100011000010111110000011110010000101110000100001011',,,0.18309859154929578
'111101110100010001000011000111101000001111100011100101110011111001110110',,,0.19718309859154928
'100110111011011001111011111001111111111110111101101111001100111011101000',,,0.21830985915492956
'111111110111110001000011111111101000011111111011100101111011111001110110',,,0.11971830985915492
'101100111100110001111011100001111111101111111101101111100101111011110110',,,0.176056338028169
'010000000100001000000100100000000000000000011010010000000010000100001001',,,0.07042253521126761
'010010001100001000111100111110010111110000000100011010100100000110001001',,,0.19718309859154928
'101111111000110001111011111111111111111111111101101111010101111011110110',,,0.1267605633802817
'000110000100001110000110100000010111100000100110010000100110110100001001',,,0.19718309859154928
'111011111100110001111001000001111111101111000101101111100101001011110110',,,0.19718309859154928
'001000000111100000000100000110000000000000000010010000100011000100010101',,,0.19718309859154928
'101001110111110110000001011001101000011111011011110100011011000001010110',,,0.29577464788732394
'010010001111001110111100100000010111100000000100011010101100000110001001',,,0.19014084507042253
'101001110111110111000001011001111111111111011111100101111111001001110110',,,0.18309859154929578
'101001110111110111000001111111101000011111000011100101011011001001110110',,,0.22535211267605634
'000110101000001111111110100000000000000000100000011010000000111010001001',,,0.22535211267605634
'101111111111110111111011000111101000001111100001101111111001111011110110',,,0.1267605633802817
'101101110111110111000011100001111111101111111111100101011111111000110111',,,0.21830985915492956
'010000001100001000111100111110010111110000011100011010000100000110001001',,,0.176056338028169
'101111111111110111111011011001101000011111100001101111011001111011110110',,,0.14084507042253522
'101001111000110111111001111001111111111111011101101111111101001011110110',,,0.15492957746478872
'110111111011111001111011000001111111101111111101101111001100111010101011',,,0.24647887323943662
'011001010100110110000101011000000000011011000011010100110011000101010110',,,0.3028169014084507
'000010001011001110111100100000000000000000000000011010101000000110001001',0.00013333333333333334,4.7140452079103176e-5,0.176056338028169
'110110001011001001111111011001111111110000100100001111000100111111101000',,,0.2535211267605634
'101001111111110111111001100111101000001111011001101111111001001011110110',,,0.18309859154929578
'101111111111110111111011000001101000001111111001101111111001111011110110',,,0.1267605633802817
'100101111011111001111011100001111111101111111101101111001100111011101010',,,0.21830985915492956
'101101111011110111111011011111111111111111111101101111011101111011110110',,,0.09154929577464789
'010000000100001110000100100000000000000000011010010000101010000100001001',,,0.13380281690140844
'000000000011001110000100000000010111100000011110010000101110000100001001',,,0.1267605633802817
'101001111111110001111001011111101000011111000001101111000001001011110110',,,0.22535211267605634
'110100101011101001111011100001111111100100100100001111000100111011101000',,,0.2676056338028169
'000000001011001000111100011000000000010000011000011010001000000111001000',,,0.20422535211267606
'101101111100110001111011111111111111111111111101101111110101111011110110',0.00013333333333333334,4.7140452079103176e-5,0.11267605633802817
'010000001100001110111100000000000000000000011000011010001000000110001001',0.0001,0.0,0.14084507042253522
'000100000011011110000111100110011111101000111111010100111110110100001011',,,0.2605633802816901
'111001111100110001111001111111111111111111000101101111000101001011110110',,,0.19718309859154928
'010000000000001110000100011110010111110000011110010000111110000100001001',,,0.16901408450704225
'010100000000001000000110000110010111100000111110010000000110110100001001',,,0.19014084507042253
'000011000011101110000100100000000000000001000010010000101010000100001011',,,0.16901408450704225
'101101111111110111111011100111111111101111111101101111111101111010110111',,,0.13380281690140844
'010100000111001110000110111110010111110000111110010000011110110100001001',,,0.19718309859154928
'000000000111001110000100111110000000010000011010010000011010000100001001',,,0.13380281690140844
'110001110000111110000000100111000000001111011011110000011010000000001011',,,0.22535211267605634
'010010001000001110111100000110000000000000000000011010110000000110001001',,,0.19014084507042253
'000010000000001000000100011110000000010000011010010000000010000101001000',,,0.14788732394366197
'000010000011001110001100000000000000000000000010011000001010000100001001',,,0.14788732394366197
'111001110000110111000001111111101000011111000011100101010011001001110110',,,0.23943661971830985
'000110110000101111000110000000000000000100111010010000001010111000001001',,,0.24647887323943662
'001110000100000001000110100000010111100000111110010000100111111100010101',0.00013333333333333334,4.714045207910317e-5,0.2535211267605634
'101101111111110001111011111001101000011111111001101111001001111011110110',,,0.15492957746478872
'000000001011001000111100100110000000000000000000011010000000000110001001',,,0.11971830985915492
'100101111000110111011011100111101000001111111011101101111010111010100111',,,0.2323943661971831
'111001110111110111000001011111101000011111000011100101111011001001110110',,,0.19014084507042253
'010010001011001000111100011000000000010000011000011010001000000111001000',0.0001,0.0,0.22535211267605634
'001000110100000110000100111000000000010000000011110000110011001001010100',,,0.29577464788732394
'000000001000101110111100000000000000000000011000011010001000000110001001',,,0.14788732394366197
'101101110011110111000011111001101000011111100011100101111011111001110110',,,0.14788732394366197
'110110100011001001000110100111011111100100100110010000000110111000101001',,,0.28169014084507044
'010010000000001000000100111000010111110000000110010000100110000100001001',,,0.14788732394366197
'101001110011110001000001111001111111111111011111100101101111001001110110',,,0.19718309859154928
'111001111100110001111001000111111111101111011101101111100101001011110110',,,0.21830985915492956
'101101111000110111111011011111101000011111100000101111010001111011110110',,,0.1619718309859155
'111101110000110111111011111111101000011111111001101111011001111011110110',,,0.13380281690140844
'010001000111111110000100000110010111100011000110010000111110000100001011',,,0.19718309859154928
'101101111111110001111011011111111111111111100101101111010101111011110110',,,0.14788732394366197
'000010000000001110000100111000000000010000011010010000101010000100001001',,,0.1619718309859155
'101100101111000001111011100001111111100100100100101111100101111011110100',,,0.2323943661971831
'010011010011001110000100000000010111100011011111110000001110000000001001',,,0.16901408450704225
'010101000011001000000110100000000000000000111010010000001010110100001001',,,0.21830985915492956
'011100000100000111101110100000010111100000100110010010110101111100010101',,,0.2535211267605634
'111111110000110001000011100111111111101111100111100101110111111000110111',,,0.2112676056338028
'010010001011001110111100011110000000010000011000011010011000000110001001',,,0.18309859154929578
'011000001100000000111100111000000000010000011000011010100001000111010100',,,0.21830985915492956
'111101110100110111000011000111101000001111100011100101010011111001110110',,,0.2112676056338028
'101111110100110001000011011111101000011111111011100101110011111001110110',,,0.1619718309859155
'010100001000001000111110100000010111100000111100011010000100110110001001',,,0.2112676056338028
'101111111011110111111011100111101000001111111001101111111001111011110110',,,0.09859154929577464
'101110100100000001000011011001101000010100111010100101100011111001110100',,,0.23943661971830985
'110100101000111111111011011001111111110100100100001111000100111011101010',,,0.2112676056338028
'010010000100001110000100011110000000010000000010010000010010000100001001',,,0.14084507042253522
'010000000011001110000100000000000000000000011010010000001010000100001001',,,0.1056338028169014
'111101110100110111000011100111111111101111111111100101111111111000110111',0.0001,0.0,0.176056338028169
'111111111100110001010011011001101000011111111011100101000011111001110110',,,0.176056338028169
'111111111100110001111011100111111111101111111101101111110101111010110111',,,0.1619718309859155
'010000001000001000111100100110000000000000011000011010100000000110001001',,,0.1619718309859155
'000000001000001000111100011110000000010000000000011010000000000111001000',,,0.16901408450704225
'010010000100001000000100100000000000000000000010010000000010000100001001',,,0.06338028169014084
'111101110000110001000011111111111111111111111111100101110111111001110110',,,0.14788732394366197
'010011111011111000111000000000000000001011011001101010001000000010001011',,,0.23943661971830985
'100100101011001001111011011001111111110100100100001111000100111011101000',0.00013333333333333334,4.7140452079103176e-5,0.21830985915492956
'111111111100110001111011011111111111111111111101101111010101111011110110',0.0002,8.16496580927726e-5,0.1267605633802817
'111111111100110001111011111111101000011111100001101111110001111011110110',0.00016666666666666666,9.428090415820633e-5,0.09859154929577464
'000000000011001110000100111000000000010000000010010000001010000100001001',,,0.1267605633802817
'000010001000001110111100100000010111100000011100011010101100000110001001',0.0001,0.0,0.18309859154929578
'111101110011110001000011100001101000001111100011100101100011111001110110',,,0.18309859154929578
'010110001100001110111110100000010111100000100100011010000100110110001001',,,0.19718309859154928
'001010000100000110000100111110000000010000000010010000110011000100010101',,,0.22535211267605634
'111101110111000001000011011001111111110111100111100101100111111001110100',,,0.2112676056338028
'111101111011110001111011011111111111111111100101101111110101111111110110',,,0.1267605633802817
'000101100011001111000110000110000000000011100010010000011010111000001001',,,0.2605633802816901
'000000001000001000111100000000000000000000000000011010100000000110001001',,,0.11267605633802817
'100111110011111111000011000111101000001111100011100101011010111000101011',,,0.2535211267605634
'001010001100000000111100111000010111110000011100011010100101000111010100',,,0.2746478873239437
'101101111100110111111011000111111111101111100101101111010101111011110110',,,0.176056338028169
'111110110100110001000011111001111111111110100111100101000111111001110110',,,0.18309859154929578
'111111110100110001000011011111111111111111111111100101110111111001110110',0.00013333333333333334,4.7140452079103176e-5,0.14084507042253522
'101111111100110111111011011111111111111111111101101111111101111011110110',,,0.07746478873239436
'111001111000110111111001011001111111111111000101101111010101001011110110',,,0.2112676056338028
'000000001100001000111100011000010111110000000100011010100100000111001000',,,0.2112676056338028
'000010000000001000000100111000000000010000000010010000000010000101001000',,,0.1267605633802817
'101101110000110001000011011001111111111111100111100101100111111001110110',,,0.15492957746478872
'110101111000111111111011011001111111111111111101101111001100111011101010',,,0.19718309859154928
'111001010111110110100001011001101000011111000011110101111011000101110110',,,0.29577464788732394
'111001110000110110000000100001000000001111011011110000111011000000010111',,,0.2605633802816901
'010101100000101001000110000111000000000111111010010000000010111000001011',,,0.2605633802816901
'010000000000001000000100111000010111110000011110010000000110000100001001',0.0001,0.0,0.1267605633802817
'010000001111001000111100100110010111100000011100011010001100000110001001',,,0.15492957746478872
'101101110111110111000011100111101000001111100011100101111011111000110111',,,0.2112676056338028
'010110000000001000000110011000010111110000100110010000100110110100001001',,,0.2112676056338028
'010001001000001000111100000000010111100000000100011010000100000110001001',,,0.14084507042253522
'101101110000110111000011111111111111111111100111100101010111111001110110',0.00016666666666666666,9.428090415820633e-5,0.176056338028169
'011011011111110110111000100000000000001011011001111010111001000110010111',,,0.2323943661971831
'000010000000001000000100111110010111110000011110010000100110000000001001',,,0.176056338028169
'000000001011001000111100011000010111110000000100011010000100000111001000',0.00013333333333333334,4.7140452079103176e-5,0.19014084507042253
'010010001011001000111100100110000000000000000000011010000000000110001001',,,0.14084507042253522
'100101110011111001000011000111101000001111111011100101001010111000101011',,,0.2746478873239437
'100110100011010001000011111001101000011100111011110101001010111001100000',,,0.2676056338028169
'000000000100001000000100100110000000000000011010010000000010000100001001',,,0.08450704225352113
'011000001100001110111100100000010111100000000100011010110101000110011001',,,0.19718309859154928
'000010001000001000111100011110010111110000000100011010100100000111001000',,,0.22535211267605634
'111001110011110111000001011001111111111111011111100101111111001001110110',,,0.176056338028169
'101111111100110111111011100111101000001111111001101111011001111010110111',,,0.19014084507042253
'101101110011110111000011000001111111101111100111100101011111111000110111',,,0.2323943661971831
'010001000111001110000100100000000000000001011010010000101010000100001001',,,0.15492957746478872
'111111110111110001000011111001101000011111100001101101000011111001110110',,,0.176056338028169
'010100000011001000000110000000010111100000100110010000000110110100001001',,,0.176056338028169
'000000001100001000111100000000010111100000000100011010000100000110001001',,,0.11267605633802817
'101111111000110111000011111111111111111111111111100101111111111001110110',,,0.1056338028169014
'110010101000111110111001011111111111111100000100001111110100000011101010',,,0.29577464788732394
'101111110100010001000011111111111111111111111111100101010111111001110100',,,0.19014084507042253
'100011110000101110000001111001101000010111011011110100001010000001001010',,,0.2887323943661972
'010000000100001000000100111110010111110000011110010000100110000100001001',0.0001,0.0,0.1619718309859155
'000000000111001110000100011000000000010000000010010000001010000100001001',0.0001,0.0,0.1267605633802817
'011101010111000001000110100000011111101011111111100001111111111100110101',,,0.2535211267605634
'011011010100110110000100111110000000011011011011110000111011000100010111',,,0.24647887323943662
'000010100000001110000100111000000000010100011010010000001010000001001000',,,0.20422535211267606
'011110000111000001000110100000010111100000100110010000100111111100010101',,,0.23943661971830985
'010000000111001110000100100110010111100000000110010000111110000100001001',,,0.14084507042253522
'101101111100110001111011111001101000011111111001101111000001111011110110',,,0.14788732394366197
'111111110011110111000011000111101000001111111011100101111011111000110111',,,0.19014084507042253
'101111110100110001000011100001101000001111111011100101100011111001110110',,,0.18309859154929578
'000010000011001110000100000110000000000000000010010000011010000100001001',,,0.11267605633802817
'010000000000001110000100011110010111110000000110010000010110000100001001',,,0.14788732394366197
'101100111100110001111011100111111111101110100101101111010101111010110111',,,0.2323943661971831
'011110001100000001111110000000000000000000100000011010000001111110010101',,,0.2112676056338028
'101101111000110001111011000111111111101111111101101111010101111011110110',,,0.16901408450704225
'010010000100001110000100011110010111110000000110010000010110000100001001',,,0.14788732394366197
'101111111000110001111011111111101000011111111001101111110001111011110110',,,0.1056338028169014
'000000000000001000000100100110010111100000000110010000000110000100001001',0.0002,0.0,0.08450704225352113
'000000000011001000000100000000000000000000000010010000000010000100001001',,,0.056338028169014086
'010010001011001000111100000110010111100000000100011010000100000110001001',0.00016666666666666666,9.428090415820633e-5,0.15492957746478872
'000010000100001110000100011000010111110000011110010000001110000101001000',,,0.18309859154929578
'000010001000001110000100100000010111100000011110010000001110000100001001',,,0.1267605633802817
'111111011100110001111011000111111111101111111101101111110101111110110111',,,0.19014084507042253
'100111110011111111000011011001111111111111100111100101011110111001101010',0.00016666666666666666,9.428090415820633e-5,0.176056338028169
'000000000011001000000100100000000000000000011010010000101010000100001001',,,0.1267605633802817
'001001001100100110100000000110000000000011000001110010110011000100010111',,,0.3028169014084507
'001110001100000001111110100000000000000000100000011010100001111110010101',,,0.20422535211267606
'111111111111110111111011111111111111111111100101101111111101111011110110',,,0.056338028169014086
'000000001011001000111100011000000000010000000000011010100000000111001000',,,0.19718309859154928
'111111110100110001000011111001101000011111111011100101100011111001110110',,,0.14084507042253522
'111101111111110111111011011001111111111111100101101111111101111011110110',,,0.08450704225352113
'111111111111110001111011111001101000011111111001101111101001111011110110',0.00013333333333333334,4.7140452079103176e-5,0.1056338028169014
'101101110000110111000011100111101000001111111011100101111011111000110111',,,0.20422535211267606
'111011110100110111000001111001101000011111011011100101111011001001110110',,,0.20422535211267606
'101011110011110001000001011111111111111111011111100101111111001001110110',,,0.18309859154929578
'010000000000001110000100000110010111100000000110010000010110000100001001',,,0.11971830985915492
'001100101100010001111011000110010111101000111100011110110101111010010111',,,0.323943661971831
'010010001011001000111100000110000000000000000000011010100000000110001001',,,0.1619718309859155
'001000000100000000000100111000000000010000011010010000100011000101010100',,,0.21830985915492956
'101101110000110111000011111111111111111111111111100101011111111001110110',,,0.14084507042253522
'101011110100110111000001111111101000011111000011100101110011001001110110',0.0001,0.0,0.22535211267605634
'111011111000110111111001011001101000011111000001101111110001001011110110',,,0.19718309859154928
'011001001111000000111100100000000000000000000000011010100001000110010101',,,0.18309859154929578
'111101111100110111101011011001111111111111111101101111011101111011110110',,,0.1267605633802817
'111101111100110001111011111111101000011111100001101111010001111011110110',,,0.13380281690140844
'111101111100110001111011100111101000001111111001101111110001111011110110',,,0.13380281690140844
'000010000011001110000100011110010111110000000110010000011110000100001001',,,0.13380281690140844
'000000000000001000000100100000000000000000000010010000000010000100001001',0.00013333333333333334,4.714045207910317e-5,0.04929577464788732
'010000000011001110000100011000010111110000000110010000101110000100001001',,,0.16901408450704225
'000110001000001000111110100110000000000000100000011010000000110110001001',0.0001,0.0,0.16901408450704225
'101111110011110001000011011111101000011111111011100101011011111001110110',,,0.1619718309859155
'100000100011001000000100011111110111110100000110010000000110000001001000',,,0.19014084507042253
'101101111111110111111011000001111111101111100101101111011101111011110110',,,0.15492957746478872
'100111110011110001000011011111101000011111111011100101001011111001100110',,,0.19014084507042253
'101111110100000001000011011111101000010111111011100101010011111001110100',,,0.22535211267605634
'000010001000001110111100100110000000000000000000011010010000000110001001',,,0.15492957746478872
'000010001000001110111100111000000000010000000000011010000000000110001001',,,0.14084507042253522
'111101111100110111111011100001101000001111111001101111011001111011110110',,,0.15492957746478872
'111111111111110111111011011111111111111111100101101111111101111011110110',0.0001,0.0,0.06338028169014084
'011001000111000000000100100110000000000000000010010000110011000100010101',,,0.19718309859154928
'101111010111110111000011111001111111111011100111100101011111111101110110',,,0.18309859154929578
'010010000000001000000100111000000000010000011010010000000010000100001001',,,0.11267605633802817
'010010000000001000000100000110010111100000000110010000000110000100001001',0.00019999999999999998,8.16496580927726e-5,0.09859154929577464
'101111110011110111000011000111101000001111100001101111111011111010110111',,,0.22535211267605634
'111001111100110111111001011111101000011111011001101111111001001011110110',,,0.1619718309859155
'000000001000101110111100100000000000000000011000011010001000000110001001',,,0.15492957746478872
'111101110111110001000011111001101000011111111011100101001011111001110110',,,0.18309859154929578
'000000001000001110111100100000010111100000011100011010101100000110001001',,,0.176056338028169
'101111111000110001111011111001101000011111100001101111100001111011110110',,,0.09154929577464789
'101101111011110001111011011111111111111111111101101111011101111011110110',,,0.1056338028169014
'111111110100110111000011111111111111111111100111100101110111111001110110',0.00019999999999999998,8.16496580927726e-5,0.13380281690140844
'100001110000111110000001111111101000011111011011100101011010000001101010',0.0001,0.0,0.24647887323943662
'010100000000001000000110000110010111100000100110010000000110110100001001',,,0.176056338028169
'000000001111001110111100000110010111100000011100011010111100000110001001',,,0.1619718309859155
'101100110100000001000011111001101000010100111011110101000011111001110100',,,0.24647887323943662
'111101110100110111000011000111111111101111111111100101111111111001110110',,,0.14084507042253522
'010010001011001110111100000000010111100000011100011010101100000110001001',,,0.19014084507042253
'010010100000001000000100011110000000010100011010010000100010000001001000',,,0.21830985915492956
'111001110100110111000001011111111111111111011111110101111111001001110110',,,0.19014084507042253
'110001110011111110000001111111111111111111000111100101011110000001101010',0.00013333333333333334,4.7140452079103176e-5,0.22535211267605634
'101011111100110111111001111111101000011111000001101111010001001011110110',,,0.22535211267605634
'000000000111001000000100111000010111110000011110010000001110000100001001',,,0.14084507042253522
'000110000100001000000110000110000000000000100010010000000010110100001001',,,0.14084507042253522
'111011111111110001111001111111101000011111011001101111011001001011110110',,,0.19014084507042253
'101101111000110111111011011111111111111111100101101111110101111011110110',0.00013333333333333334,4.714045207910317e-5,0.11267605633802817
'101001110111110111000001100001111111101111000111100101111111001001110110',,,0.21830985915492956
'101011101111000001111000011111000000011100000000001011110001001011010100',,,0.323943661971831
'000000001111001110111100111110010111110000000100011010011100000111001000',,,0.22535211267605634
'110111110011111111000011100111111111101111111111100101011110111001101010',,,0.19718309859154928
'101001110100110111000001111111101000011111000011100101110011001001110110',,,0.21830985915492956
'101101111111110001111011111111111111111111111101101111011101111011110110',,,0.1056338028169014
'001010001100000110111100111000010111110000000100011010110101000111010100',,,0.2887323943661972
'011001010111110110000100000000000000001011011011110000111011000100010111',,,0.21830985915492956
'101101110100110111000011100111111111101111100111100101010111111000110111',0.0001,0.0,0.2535211267605634
'101111111111110001111011111111101000011111100001101111110001111011110110',,,0.11267605633802817
'010001001000101110111100000110000000000000011000011010011000000110001011',,,0.19718309859154928
'111111111111110111111011011111101000011111100001101111111001111011110110',,,0.08450704225352113
'000010000111001000100100011000000000010000011000010010101000000100001001',,,0.18309859154929578
'100110100000001111000111011001111111110100100110000101000110111001101000',,,0.22535211267605634
'111111111100110001111011000111111111101111100101101111010101111011110110',,,0.15492957746478872
'000010000000001000101100011110000000010000000010010010100000000110001001',,,0.16901408450704225
'111101111100110001111011100111111111101111111101101111110101111010110111',,,0.16901408450704225
'111101111011110001111011011111101000011111111001101111011001111011110110',,,0.1267605633802817
'110000100011101000000100111111101000010000011010010000001010000001001000',,,0.2676056338028169
'110110100000111111000011100111111111101100100110000101010110111001101010',,,0.2676056338028169
'000001000011101110000100100110000000000000011010010000111010000100001001',,,0.1619718309859155
'000100100000001001000110000000010111100100111110010000100110111000001001',,,0.22535211267605634
'101011111100110111111001111111101000011111000001101111110001001011110110',0.00013333333333333334,4.714045207910317e-5,0.19718309859154928
'000010001011101110111100100000010111100000000100011010001100000110001001',,,0.16901408450704225
'010010000100001000000100100000010111100000011110010000100110000100001001',,,0.1267605633802817
'111101111000110001111011100001101000001111100001101111000001111011110110',,,0.15492957746478872
'001001010111110110000100100000000000001011000011110000111011000100010111',0.00013333333333333334,4.714045207910317e-5,0.23943661971830985
'001100001100000111111110000110000000000000100000011010010001111110010101',,,0.2605633802816901
'101111110011110111000011011111101000011111111011100101011011111001110110',0.0002,0.0001414213562373095,0.14788732394366197
'011010000100000110000100111000010111110000000110010000110111000101010100',,,0.2605633802816901
'111011111100110111111001100111111111101111011101101111111101001011110110',,,0.16901408450704225
'010010001011001000111100011110000000010000011000011010001000000110001001',,,0.18309859154929578
'101011111011110111111001011111101000011111000001101111111001001011110110',0.0001,0.0,0.176056338028169
'000010000000001110000100000000000000000000000010010000000010000100001001',,,0.06338028169014084
'101101111011110111111011011001101000011111111001101111011001111011100110',,,0.14084507042253522
'010000001100001110111100011000000000010000011000011010001000000110001001',,,0.16901408450704225
'000000000100001110000100011110000000010000000010010000010010000100001001',,,0.13380281690140844
'110101110011111111000011000111111111101111111111100101011110111000101011',,,0.22535211267605634
'000010001011001110111100100110000000000000011000011010011000000110001001',,,0.14788732394366197
'111101111100110111111011011111111111111111100101101111110101111011110110',0.0002,0.0001414213562373095,0.1056338028169014
'101001110000110001000001111001101000011111011011100101100011001001110110',,,0.19718309859154928
'001100001111000001111110000000000000000000100000011010100001111010010101',,,0.24647887323943662
'010000000000001000000100011000000000010000000010010000100010000100001001',0.0001,0.0,0.11267605633802817
'010000001011001110011100000110010111100000000100011000011110000110001001',,,0.1619718309859155
'000000000111001000000100111000010111110000011110010000101110000100001001',,,0.16901408450704225
'110001111011111110111001111001111111111011011101101111101100000011101010',,,0.2605633802816901
'010010000011001000000100000110010111100000011110010000101110000100001001',0.00013333333333333334,4.7140452079103176e-5,0.14788732394366197
'101101110111110001000011000111111111101111100111100101110111111001110110',,,0.19014084507042253
'000000000000001000000100011000000000010000000010010000000010000101001000',,,0.11267605633802817
'111111111100110111111011100111101000001111100001101111110001111011110110',,,0.1267605633802817
'111100110100110001000011111111101000011111111011100101010011111001110110',,,0.19718309859154928
'101110111100110111111011100111101000001111111001101111111001111011110110',,,0.14084507042253522
'011100011111000001111110100110000000001011100001101010110001111110010101',,,0.2605633802816901
'111111110111110111000011100111101000001111111011100101011011111100110111',,,0.21830985915492956
'010010000000001000000100011110010111110000011110010000100110000101001000',,,0.2112676056338028
'101101111011110111111011111111101000011111111001101111011001111011110110',0.0001,0.0,0.1056338028169014
'010100000100001000000110011110000000010000100010010000000010110100001001',,,0.176056338028169
'110101110011011111000011111001111111111111100111100101011110111001101000',,,0.21830985915492956
'000100000000001000000110000000010111100000111110010000000110110100001001',,,0.1619718309859155
'111111110011110111000011011111111111111111111111100101011111111001110110',,,0.1267605633802817
'101011110100110001000001011001101000011111000011100101100011001001110110',,,0.20422535211267606
'111110001100110111111111011110111111111000100100001111110101111111110110',,,0.19014084507042253
'010010001100001000111100100110000000000000011000011010000000000110001001',,,0.13380281690140844
'011100000100000111000110100000010111100000100110010000110111111100010101',,,0.24647887323943662
'111011110011110111000001011111111111111111000111100101111111001001110110',,,0.18309859154929578
'111101111100110001111011111001111111111111111101101111000101111011110110',,,0.14084507042253522
'010011001011101110111100100000010111100001011100011010001100000110001001',,,0.20422535211267606
'111110100100000001000111011111111111110100111110000101100111111001110100',,,0.23943661971830985
'010000001011001110111100011110000000010000000000011010011000000111001000',,,0.2323943661971831
'101111110111110111000011000001100000001111100011100101111011111000110111',,,0.24647887323943662
'101001111111110111111001000111101000001111000001101111011001001011110110',,,0.2323943661971831
'100000111011111110111001111001111111110100000101101111001100000111101010',,,0.28169014084507044
'010010001111001110111100111110010111110000011100011010111100000110001001',,,0.20422535211267606
'101101111011110001111011011111111111111111100101101111110101111011110110',,,0.11267605633802817
'101011110100110001000001111001111111111111011111100101100111001001110110',,,0.21830985915492956
'010010000100001000000100000000010111100000000110010000100110000100001001',,,0.1056338028169014
'000010000011001110000100000110010111100000000110010000011110000100001001',0.0001,0.0,0.1056338028169014
'101001110111110000000001111111101000011111011011100101111011001001110110',,,0.2112676056338028
'101101111011110111111011011001101000011111100001101111111001111011110110',,,0.11267605633802817
'010110001111001110111110100000000000000000111000011010111000110110001001',,,0.23943661971830985
'111011110100110111000001000111111111101111011111100101111111001001110110',,,0.20422535211267606
'001001010111000000000100111000010111110011011111110000101111000101010100',,,0.28169014084507044
'101101110000110001000011100111101000001111111011100101010011111001110110',,,0.2112676056338028
'010010001100001000111100011000010111110000000100011010000100000110001001',,,0.14788732394366197
'010011000011001000000100000110000000000001011010010000101010000100001001',,,0.1619718309859155
'011001010111110000000000000110000000001011011011110000111011000100010111',,,0.2323943661971831
'010110001100001000111110000110000000000000111000011010100000110110001001',,,0.2112676056338028
'010000000111001000000100011110010111110000011110010000001110000100001001',,,0.13380281690140844
'111011110111110111000001111111101000011111000011100101111011001001110110',,,0.19014084507042253
'000010001011001110111100011000000000010000011000011010101000000111001000',,,0.23943661971830985
'101101111100110001111011111111101000011111111001101111110001111011110110',,,0.11971830985915492
'010010000100001000000100100110010111100000011110010000000110000100001001',,,0.11267605633802817
'101011111111110111111001111111101000011111011001101111011001001011110110',,,0.19014084507042253
'000010001011001000111100011000000000010000000000011010100000000110001001',,,0.1619718309859155
'010010001011001110111100111000010111110000011100011010001100000111001000',,,0.23943661971830985
'101101010111110111000011000111100000001011100011100101011011111100110111',,,0.29577464788732394
'111101111000110111111011100001111111101111100101101111110101111011110110',,,0.13380281690140844
'010000001100001000111100100110010111100000000100011010100100000110001001',,,0.1619718309859155
'101101110000110111000011011111101000011111111011100101111011111001110110',,,0.14084507042253522
'000000001011001110111100100000000000000000000000011010011000000110001001',,,0.16901408450704225
'010001011011101000111100100110010111100011011100011010101100000110001011',,,0.2323943661971831
'010011110011001110000100100000010111100011011110010000001110000000001001',,,0.176056338028169
'010100000111001000000110000000010111100000111110010000001110110100001001',,,0.19014084507042253
'101111110100110111000011011001101000011111111011100101111011111001110110',0.00016666666666666666,9.428090415820633e-5,0.15492957746478872
'010100001100001000111110100000010111100000111100011010000100110110001001',,,0.20422535211267606
'010000000011001110000100000110000000000000000010010000011010000100001001',,,0.11971830985915492
'000000001011001000111100100000010111100000000100011010000100000110001001',0.00019999999999999998,8.16496580927726e-5,0.1267605633802817
'101011110100110001000001111111111111111111000111100101100111001001110110',,,0.21830985915492956
'011100000100000001001110100000000000000000111000011010100011111110010101',,,0.2323943661971831
'000000001011001000111100011110010111110000000100001011000100000011101000',,,0.24647887323943662
'101111111100110001111011100111101000001111100001101111110001111010110111',,,0.18309859154929578
'001001101111010000111100000110000000001000000000011010100001000010010101',,,0.2746478873239437
'110110100000001111000111000001110111100100100110010000100110111000101001',,,0.2746478873239437
'010000000111101110000100011110010111110000000110010000111110000100001001',,,0.176056338028169
'101001111011110001111000011001101000011111011001101111101001001011110110',,,0.20422535211267606
'111001011111110000111001100111111111101011011101101111111101000111110110',,,0.19718309859154928
'101101111111110001111011111111111111111111111101101111111101111011110110',,,0.07746478873239436
'011000000100000000000100011110010111110000000110010000100111000101010100',,,0.24647887323943662
'010010001111001110111100100000010111100000011100011010001100000110001001',0.0001,0.0,0.1619718309859155
'010000000011001000000100011000000000010000000010010000000010000100001001',,,0.09859154929577464
'111001010111010000000001111111111111110111000111110101110111001101010110',,,0.2887323943661972
'110101110011111111000011100001101000001111111011100101011010111000101011',,,0.28169014084507044
'010010000000001110000100111110010111110000011110010000011110000100001001',,,0.15492957746478872
'000010001100001000111100000110010111100000000100011010000100000110001001',,,0.13380281690140844
'101011111100110111111001011111101000011111011001101111011001001011110110',,,0.2112676056338028
'011001011111110000111000000110000000001011011001111010111001000110010111',,,0.2323943661971831
'001000001100000000111100011110010111110000000100011010100101000111010100',,,0.2746478873239437
'011110001111000001111110100110000000000000100000011010110001111110010101',,,0.21830985915492956
'000010001000001110111100011000000000010000000000011010000000000111001000',,,0.176056338028169
'010010000011001000000100011110000000010000011010010000001010000100001001',,,0.14084507042253522
'001110000100000001000110000110000000000000100010010000110011111100010101',,,0.23943661971830985
'010000001000001000111100111000010111110000000100011010000100000110001001',0.0001,0.0,0.15492957746478872
'111111110111010111000011111111101000011111100011100101111011111001110100',,,0.13380281690140844
'101111110111110001000011000111111111101111100111100101010111111001110110',0.0001,0.0,0.2112676056338028
'111011110000110111000001011001101000011111011011100101111011001001110110',,,0.21830985915492956
'111111111011110111111011000111101000001111111001101111011001111010110111',,,0.176056338028169
'000000000011001000000100000000010111100000011110010000101110000100001001',,,0.1267605633802817
'000100000111001000000110100000000000000000111010010000001010110100001001',,,0.19014084507042253
'000010001111001110111100111000000000010000000000011010001000000110001001',,,0.18309859154929578
'000011000111001000000100100000000000000001011010010000001010000100001001',,,0.13380281690140844
'101111111011110111101011011111101000011111111001100111111001111001110110',,,0.11267605633802817
'000010000100001110000100111000010111110000000100010000100110000100001001',,,0.16901408450704225
'101100100100000001000110100001110111100100100110010000100111111000010101',,,0.2605633802816901
'111101111111110001111011100001101000001111111001101111101001111010110111',,,0.18309859154929578
'010000001000001110111100100000000000000000000000011010000000000110001001',,,0.11971830985915492
'111111010111110001000011000111101000001111111011110101111011111100010111',,,0.2323943661971831
'100011111011111000111001111111101000011111011001101111001000000011101010',,,0.2535211267605634
'101001011100110110111001011000101000011011011001101111111001000111110110',,,0.23943661971830985
'000010000100001000000100011000000000010000011010010000100010000100001001',,,0.1267605633802817
'111111110100110001000011000111101000001111111011100101110011111000110111',,,0.21830985915492956
'100111011011111111111011100001101000001111100001101111011000110110101011',,,0.2887323943661972
'000000000100001000000100100000010111100000000110010000000110000100001001',,,0.07746478873239436
'010000000000001110000100100000010111100000011110010000101110000100001001',,,0.14788732394366197
'010100001000001110111110100000010111100000100100011010000100110110001001',,,0.2112676056338028
'010000000000101000000100111110000000010000000010010000100010000100001001',,,0.14788732394366197
'010010001000001000111100011000000000010000000000011010000000000110001001',,,0.13380281690140844
'001111011100110111111111100000000000001011111001111110111001111110010111',,,0.2676056338028169
'001000000100000000000100011000000000010000000010010000100011000101010100',,,0.2112676056338028
'111101110011110001000011011111111111111111111111100101011111111001110110',,,0.14788732394366197
'111101111111110111111011011001111111111111111101101111111101111011110110',0.00013333333333333334,4.714045207910317e-5,0.07042253521126761
'011000011111110000111001111110000000011010011001111110111001000011010110',,,0.2887323943661972
'101101110011110001000011011111101000011111111011100101011011111001110110',,,0.16901408450704225
'000000000100001110000100100110010111100000011110010000111110000100001001',0.00013333333333333334,4.714045207910317e-5,0.14084507042253522
'101111111100110001111011111111101000011111100001101111010001111011110110',0.0001,0.0,0.14084507042253522
'000000001000001110111100111110010111110000000100011010110100000110001001',,,0.2112676056338028
'101101110100010001000011011001101000011111111011100101100011111001110110',,,0.18309859154929578
'111100110100010001000011100001101000001100111011100101000011111000110111',,,0.2887323943661972
'010010001000001110111100011000010111110000000100011010000100000111001000',,,0.2112676056338028
'010000001111001110111100000000010111100000000100011010101100000110001001',,,0.176056338028169
'111111110111110111000011000111101000001111100011100101111011111100010111',,,0.20422535211267606
'101001111000110110111001011111101000011111011001101111111001001011100110',,,0.19718309859154928
'101101110011110001000011111001111111111111111111100101101111111001110110',,,0.15492957746478872
'010110000111001000101110100000010111100000100100011010000100110100001001',,,0.19718309859154928
'011110000100000001000110100000000000000000111010010000000011111100010101',0.00013333333333333334,4.714045207910317e-5,0.21830985915492956
'000011001011001110111100000110000000000000011000011010111000000110001001',,,0.19014084507042253
'000000001100001000111100011000000000010000000000011010000000000111001000',,,0.1619718309859155
'111101110100110001000011111001101000011111100011100101100011111001110110',,,0.13380281690140844
'101111111111110001111011100111111111101111111101101111011101111011110110',,,0.1267605633802817
'111101111111110111111011100001101000001111100001101111111001111010110111',,,0.16901408450704225
'011000000100000000000100100000000000000000000010010000100011000100010101',,,0.13380281690140844
'010110001111001000111110100000000000000000111000011010001000110110001001',,,0.2112676056338028
'111101111000110111111011011001111111111111100101101111010101111011110110',,,0.14084507042253522
'000000000011001110000100000110010111100000000110010000011110000100001001',0.0001,0.0,0.09859154929577464
'101101111100110111111011100001101000001111111001101111111001111011110110',,,0.14084507042253522
'101100111100010001111011111001111111111111111101101111000101111011110110',,,0.19014084507042253
'101100110100110111000011111111101000011100100011100101110011111001110110',,,0.19014084507042253
'110110100000001001000111011001101000010100100010010100000010111001101000',,,0.23943661971830985
'011001010111000000000100100000000000000011011011110000101011000100010101',,,0.20422535211267606
'000000001100001000010100011110010111110000000110010000000110000111001000',,,0.16901408450704225
'010000001011001110111100111110000000010000000000011010011000000111001000',,,0.23943661971830985
'000011000111001000000100111110000000010001011010010000001010000101001000',,,0.20422535211267606
'101101110000110001000011011001101000011111111011100101000011111001110110',,,0.19014084507042253
'011001000100000000000100100110000000000000011010010000100011000100010101',,,0.18309859154929578
'101111111111110111111011111111101000011111111001101111011001111011110110',0.00013333333333333334,4.7140452079103176e-5,0.1056338028169014
'111111111100110001111011100001111111101111100101101111100101111011110110',,,0.11971830985915492
'111111111011110111111011011001101000011111100001101111111001111011110110',,,0.1056338028169014
'111101011111110001111011100110111111101011100101101111010101111110110111',,,0.22535211267605634
'000000001000001000111100011000010111110000011100011010100100000110001001',,,0.176056338028169
'111101110111110111000011100111101000001111100011100101111011111001110110',,,0.15492957746478872
'111101110000110001000011111111111111111111100111100101110111111001110110',,,0.14788732394366197
'010010001000001110111100100000000000000000000000011010000000000110001001',0.0002333333333333333,9.428090415820631e-5,0.1267605633802817
'110110100000000001000111011111101000010100100010010100000011111001100100',,,0.24647887323943662
'000000000000111110000100000110010111100000000110010000010110000100001011',,,0.15492957746478872
'010000001000001110111100100000000000000000000000011010100000000110001001',,,0.14788732394366197
'100101111011111001111011000111101000001111111001101111001000111010101011',,,0.2605633802816901
'000001000011111110000100000110000000001000000011010000011010000100001011',,,0.176056338028169
'101111110100110001000011100111101000001111100011100101010011111000110111',,,0.2535211267605634
'000010000000001110000100100110010111100000000110010000110110000100001001',,,0.14788732394366197
'110011110011111110000001011111111111111111011111100101011110000001101010',,,0.2112676056338028
'100110100000111001000011111111111111110100111110000101000110111001101010',,,0.22535211267605634
'111001010111110110000001011001111111111111000111100101111111000101110110',,,0.23943661971830985
'110001111011111000111001111001101000011111011001101111001000000011101010',,,0.2605633802816901
'000010001000001000111100011000000000010000011000011010000000000111001000',,,0.176056338028169
'010000100000001000000100011110000000010100000010010000100010000001001000',,,0.19718309859154928
'100100100011001001000111000111111111100100111110000100001110111000101001',,,0.323943661971831
'000010001000001110111100111110000000010000000000011010110000000111001000',,,0.2535211267605634
'101111111011110001111011000001101000001111111001101111001001111010110111',,,0.21830985915492956
'010010001000001000111100111110000000010000011000011010000000000110001001',0.00016666666666666666,4.714045207910317e-5,0.16901408450704225
'010000000111001110000100011000010111110000011110010000001110000100001001',,,0.13380281690140844
'011011011100110110111000100110000000001011000001111010110001000110010111',,,0.2535211267605634
'010010001011111110111100000110010111100000011100011010011100000110001011',,,0.19718309859154928
'010010001111001110111100111000010111110000000100011010001100000110001001',,,0.19014084507042253
'000110000100001000000110100000010111100000100110010000100110110100001001',,,0.18309859154929578
'001010000100110110000100000110000000001000000010010000110011000100010111',,,0.23943661971830985
'110101111011111001111011011001111111111111111101101111001100111011101010',,,0.19718309859154928
'100010010000111110000001111001111111111011011110100101001110000101101010',,,0.28169014084507044
'000010001011001110111100100000010111100000000100011010101100000110001001',,,0.18309859154929578
'000001000011001110000100100110000000000001000010010000011010000100001001',,,0.13380281690140844
'000010000100001110000100111000000000010000000010010000000010000100001001',,,0.1056338028169014
'101111111100110001111011111111101000011111111001101111110001111011110110',,,0.11267605633802817
'000000001100001110111100011000000000010000000000011010100000000111001000',,,0.20422535211267606
'101110110111110111000011111001111111111111111111100101111111111001110110',,,0.13380281690140844
'010010001011001000010100000110010111100000000110010000000110000100001001',,,0.1267605633802817
'110110111000111111111011111111111111111111111101101111011100111011101010',,,0.19014084507042253
'101001010111110110000001111111101000011011000011110100111011000101010110',,,0.2746478873239437
'101001111100110001111001011001101000011111000001101111100001001011110110',,,0.16901408450704225
'010000000011001000000100111000010111110000000110010000100110000100001001',,,0.15492957746478872
'111011111111110111111001011111101000011111011001101111111001001011110110',0.00013333333333333334,4.7140452079103176e-5,0.15492957746478872
'000000001100001000111100000000000000000000011000011010100000000110001001',,,0.13380281690140844
'000010000000001110000100111000001000010000011010010000101010000101001000',,,0.22535211267605634
'101111110100110111000011011001111111111111111111100101111111111001110110',,,0.13380281690140844
'000000001100001110110100111110010111110000011100010010011110000111001000',,,0.2112676056338028
'110110101000001001111011011001111111110100100100001111000100111011101000',0.00016666666666666666,9.428090415820633e-5,0.2112676056338028
'100110101011001001111011111111111111110100100100001111000100111011101000',,,0.2323943661971831
'000000000111001000000100100000010111100000011110010000001110000100001001',,,0.11267605633802817
'101111110111110111000011100111101000001111111011100101011011111001110110',,,0.176056338028169
'111001111111110001111001011111101000011111011001101111011001001011110110',,,0.19014084507042253
'010010001000001110111100000000010111100000011100001011001100000110001001',,,0.2676056338028169
'000010001111001110111100011110000000010000011000011010111000000110001001',,,0.20422535211267606
'010000001100001110111100000110000000000000000000011010010000000110001001',,,0.14788732394366197
'011011010100000000000100111110000000010011000011110000100011000101010100',,,0.2605633802816901
'000110001000001000111110000110010111100000100100011010100100110110001001',,,0.2112676056338028
'101001111111110001111001111001101000011111011001101111101001001011110110',,,0.18309859154929578
'000010000011001000000100100000010111100000000110010000000110000100001001',0.00016666666666666666,4.714045207910317e-5,0.09154929577464789
'010010000100001110000100011000000000010000000010010000000010000101001000',,,0.14084507042253522
'010010000000001000000100111000010111110000011110010000100110000101001000',,,0.20422535211267606
'010000001111001000111100100000000000000000011000011010001000000110001001',,,0.14788732394366197
'111111111100110001111011000111111111101111111101101111110101111011110110',,,0.1267605633802817
'001100001100000001111110000110010111100000111100011010110101111110010101',,,0.2676056338028169
'111101110100110001000011111111111111111111100111100101110111111001110110',0.00016666666666666666,9.428090415820633e-5,0.14084507042253522
'010010001111001000111100000110010111100000011100011010101100000110001001',,,0.18309859154929578
'010010000000001000000100100110010111100000011110010000000110000100001001',0.0002,0.0001414213562373095,0.11971830985915492
'101011110111110001000001011001111111111111000111100101100111001001110110',,,0.22535211267605634
'011111011111000001111110000000000000000011111001111010101001111110010101',0.0001,0.0,0.2676056338028169
'101101111100110111111011111001111111111111111101101111011101111011110110',,,0.11971830985915492
'101001111111110001111001011111111111111111011101101111011101001011110110',,,0.18309859154929578
'010000001000001110000100000000000000000000000010010000100010000100001001',,,0.11267605633802817
'010010001011001110010100111110010111110000011110010000011110000110001001',,,0.15492957746478872
'000100001111001000111110000000000000000000111000011010001000110110001001',,,0.2112676056338028
'000000000111001110000100000000000000000000011010010000001010000100001001',,,0.09859154929577464
'000010000000001000111100011000010111110000000100011010000100000111001000',,,0.18309859154929578
'000100001011001001111110100000010111100000100100001011100100110110101001',,,0.29577464788732394
'111111111100110111111011100001111111101111111101101111111101111010110111',0.0001,0.0,0.14084507042253522
'001001011100000000111100100110000000000011000001111010100001000110010101',,,0.22535211267605634
'101011110000110111000001011111111111111111011111100101111111001001110110',,,0.18309859154929578
'011000001100000000111100100110000000000000011000011010100001000110010101',,,0.176056338028169
'111111111111110111111011011001111111111111111101101111111101111011110110',,,0.06338028169014084
'101111110000110001000011111001111111111111111111100101000111111001110110',,,0.18309859154929578
'010010000000001000000100111110010111110000000110010000100110000101001000',,,0.20422535211267606
'010011001011001110111100100000000000000011000000011010101000000110001001',,,0.21830985915492956
'101101110100010001000011011111111111111111100111100101010111111001110110',,,0.20422535211267606
'101111111111110111111011000001101000001111111001101111011001111010110111',0.0001,0.0,0.19718309859154928
'000010000000001110000100100110000000000000000010010000110010000100001001',,,0.14084507042253522
'011101000111000001000110111000000000010000100010010000100011111100010101',,,0.24647887323943662
'010000001011001110111100000110000000000000011000011010111000000110001001',,,0.176056338028169
'010010000011001110000100111000010111110000011110010000001110000101001000',,,0.19718309859154928
'111011110100110111000001111111101000011111011011100101111011001001110110',,,0.19014084507042253
'101011110111110001000001111111111111111111000111100101110111001001110110',,,0.21830985915492956
'101001110111110001000001011001101000011111011011100101101011001001110110',,,0.21830985915492956
'111101111011110001111011000111101000001111100001101111110001111010110111',0.0001,0.0,0.19014084507042253
'000110100000001001000110100110000000000100100010010000000010111000001001',,,0.19014084507042253
'111011111100110111111001111111111111111111000101101111110101001111110110',,,0.19014084507042253
'101001110111110111000001011001101000011111011011100101111011001001110110',,,0.20422535211267606
'010000000000001000000100111110000000010000011010010000000010000100001001',0.00013333333333333334,4.714045207910317e-5,0.11971830985915492
'101110110100110001000011011111101000011110100011100101010011111001110110',,,0.2112676056338028
'011000000111000000000100000110000000000000000010010000110011000100010101',,,0.18309859154929578
'111011111011110001111001011001111111111111011101101111101101001011110110',,,0.18309859154929578
'111100110111000001000011111111101000010100100011100101000011111001110100',,,0.2535211267605634
'000010000011001000000100111110000000010000000010010000000010000100001001',,,0.11267605633802817
'000010000000001000000100000110000000000000011010010000100010000100001001',,,0.1056338028169014
'101101111000110001111011100111101000001111100001101111110001111010110111',,,0.18309859154929578
'101101110000110111000011111111101000011111100011100101010011111001110110',,,0.18309859154929578
'111111110100110111000011000001101000001111111011100101111011111100110111',,,0.22535211267605634
'010010000011001110000100100110000000000000000010010000011010000100001001',0.0001,0.0,0.13380281690140844
'111100110111110111000011100001101000001111100011110101111011111000110111',,,0.2535211267605634
'101111110100110111000011000001111111101111111111100101111111111001110110',,,0.1619718309859155
'110001111011111110111001100001101000001111011001101111001000000011101010',,,0.2746478873239437
'111101011100110111111011111111111111111111111101101111111101111111110110',,,0.08450704225352113
'111111111111110001111011100001101000001111111001101111001001111011110110',,,0.1619718309859155
'111111110100010001000011011111101000011111111011100101110011111001110100',,,0.1619718309859155
'010010001011001110111100100110010111100000011100011010111100000110001001',,,0.18309859154929578
'101111111111110111111011011111111111111111100101101111111101111011110110',0.00013333333333333334,4.7140452079103176e-5,0.07746478873239436
'110111110011111001000011100001111111101111111111100101001110111000101011',,,0.2676056338028169
'100110110000111111000011011111111111111100111110100101011110111001101010',,,0.20422535211267606
'111111111100110111111011100001101000001111111001101111011001111011110110',,,0.14788732394366197
'010000000111001110000100111000000000010000000010010000101010000100001001',,,0.1619718309859155
'110111111000111111111011100001101000001111111001101111001000111010101011',,,0.2746478873239437
'101101110000110001000011000111111111101111100111100101110111111000110111',,,0.22535211267605634
'111111111111110111111011111111101000011111100001101111011001111011110110',,,0.1056338028169014
'010010001011001110111100100000000000000000011000011010001000000110001001',0.0001,0.0,0.1619718309859155
'011001010111110110000101011000001000011011011011110100111011000101010110',,,0.2535211267605634
'000000001011001000010100111000010111110000000110010000000110000001001000',,,0.18309859154929578
'011011000100000000000100011000010111110000000110010000100111000101010100',,,0.2605633802816901
'000010001111001000111100111110000000010000011000011010101000000111001000',,,0.2535211267605634
'011001010111110110000100100110000000001011000011110000111011000100010111',,,0.2112676056338028
'010100001011001000111110000000010111100000111100011010001100110110001001',,,0.22535211267605634
'111001111100110001111001011001101000011111000001101111000001001011110110',,,0.18309859154929578
'101111110111110111000011111001101000011111111011100101111011111001110110',,,0.13380281690140844
'010010001000001110111100000000000000000000000000011010100000000110001001',,,0.14788732394366197
'111011111100110111111001100001111111101111011101101111111101001011110110',,,0.18309859154929578
'000000000011001000000100111110000000010000000010010000000010000101001000',,,0.14788732394366197
'100100110000011111000011100111101000001111111011110101011010111000001001',,,0.31690140845070425
'000000000111001000000100000110000000000000011010010000001010000100001001',,,0.09859154929577464
'101110111100110001111011011111101000011100100001101111110001111011110110',,,0.14788732394366197
'010100101011001001111110100000010111100100111100001010001100111010101001',,,0.323943661971831
'101111011111110001111011111001101000011111111001101111101001111111110110',,,0.14084507042253522
'111101010111110111000011111001101000011111111011100101111011111101110110',,,0.14788732394366197
'000101000011001110000110100110010111100000111110010000011110110100001001',,,0.18309859154929578
'000000000011001110111100000110000000000000000000011010011000000110001001',,,0.14788732394366197
'111100111000110001111011100001101000001110100001101111100001111011110110',,,0.14788732394366197
'111111110100110111000011111001111111111111100111100101110111111001110110',,,0.13380281690140844
'110111111011111111111011000111111111101111111101101111011100111011101010',0.00013333333333333334,4.7140452079103176e-5,0.176056338028169
'000000000100001110000100100000000000000000000010010000000010000100001001',0.0001,0.0,0.07042253521126761
'000110000000001000000110000110010111100000100110010000000110110100001001',,,0.15492957746478872
'010010000011001110000100111110000000010000011010010000111010000100001001',,,0.176056338028169
'000000000100001000000100000110000000000000000010010000100010000100001001',,,0.09154929577464789
'010000000011001000000100000000010111100000011110010000101110000100001001',0.00013333333333333334,4.7140452079103176e-5,0.14084507042253522
'000000000011001000000100011110010111110000000110010000000110000100001001',,,0.11971830985915492
'110110100000111111000011011111111111111100100110000101010110111001101010',,,0.2323943661971831
'111101110111110111000011011111101000011111111011100101111011111001110110',0.0001,0.0,0.11971830985915492
'111111011111110111111011000111101000001111111001101111111001111110110111',,,0.1619718309859155
'111001111111110111111001000001101000001111011001101111111001001011110110',,,0.19014084507042253
'111111111000110111111011100001111111101111111101101111011101111011110110',,,0.13380281690140844
'000010001000001110111100100110010111100000000100011010110100000110001001',,,0.19014084507042253
'101001110011110111000001000001111111101111000111100101111111001001110110',,,0.21830985915492956
'001000001100000000111100100110000000000000011000011010100001000110010101',,,0.19014084507042253
'000001000011001110000100100110000000000000000010010000011010000100001001',,,0.13380281690140844
'100110100000001001000011000001111111100100100110000101000110111001101000',,,0.23943661971830985
'101111111011110111111011011111101000011111100001101111111001111011110110',,,0.09154929577464789
'001011010100110110000100011000000000011011011011110000111011000100010111',,,0.28169014084507044
'000000001000001110111100111110000000010000000000011010010000000110001001',,,0.176056338028169
'000100001100001110111110000000010111100000100100011010000100110110001001',,,0.19718309859154928
'101111110000110001000011100111101000001111111011100101110011111000110111',,,0.21830985915492956
'101101110100110111000011011001101000011111100011100101010001111001110110',,,0.20422535211267606
'000010001000001000110100011110010111110000011110010010000110000111001000',,,0.19718309859154928
'111101110111110111000011011111101000011111100011100101011011111001110110',0.0001,0.0,0.1619718309859155
'111111110011110001000011100001101000001111100011100101000011111001110110',,,0.20422535211267606
'010010001100001110111100000110000000000000011000011010011000000110001001',,,0.1619718309859155
'011000000100000110000100111000010111110000000110010000110111000101010100',,,0.2535211267605634
'110010000000001000000100011001010111110000000110010000000110000101001000',,,0.16901408450704225
'110111110011111111000011011111111111111111100111100101011110111001101010',,,0.176056338028169
'001110000100000001000110000000000000000000111010010000000011111100010101',,,0.23943661971830985
'111101110000110111000011100111101000001111111011100101111011111000110111',,,0.20422535211267606
'010000100000001110000100111000010111110100000110010000000110000001001000',,,0.19718309859154928
'101111111111110001111011100001111111101111100101101111100101111011110110',,,0.14788732394366197
'111101111100110111111011000001111111101111111101101111111101111010110111',,,0.15492957746478872
'000110000100001110000110100110000000000000100010010000010010110100001001',,,0.176056338028169
'011000001111000000111100111000000000010000000000011010100001000111010100',,,0.21830985915492956
'000010001000001110111101111110011111110000011100011010011100000111001000',,,0.2676056338028169
'000010000100001110000100100000010111100000011110010000101110000100001001',,,0.14788732394366197
'100011111011111000111001111111111111111111011101101111001100000011101010',0.0001,0.0,0.2323943661971831
'000100111011011111111110000110000000001110111001011010011000111010001001',,,0.30985915492957744
'101111110100110111000011111111111111111111111111100101111111111001110110',0.00016666666666666666,9.428090415820633e-5,0.11267605633802817
'101101111011110001111011100111111111101111100101101111110101111011110110',,,0.13380281690140844
'000010000011001000000100000110000000000000000010010000100010000100001001',,,0.1056338028169014
'000010001100001110111100111000010111110000000100011010000100000111001000',,,0.2112676056338028
'010000001011001000111100000000000000000000011000011010101000000110001001',,,0.176056338028169
'010010000000001110000100011000000000010000011010010000001010000100001001',,,0.14084507042253522
'011100000100001001000110100000010111100000111110010000000111111100011101',,,0.2605633802816901
'000010001100001110111100000000000000000000011000011010001000000110001001',,,0.14788732394366197
'111110110100000001000011111001101000011111100011100101000011111001110100',,,0.2112676056338028
'010010000011001110000100000000010111100000000110010000001110000100001001',,,0.11971830985915492
'000011001000001000111100100000000000000000000000011010000000000110001001',,,0.11971830985915492
'010000100000101110000100011000010111110100000110010000000110000001001000',,,0.20422535211267606
'101101110111110001000011011111111111111111111111100101111111111001110110',,,0.1267605633802817
'010010000000001000000100000110000000000000011010010000100010000100001001',0.0001,0.0,0.11971830985915492
'010010001111001000111100111000010111110000011100011010101100000110001001',,,0.21830985915492956
'101011110011110001000001111001111111111111000111100101000111001001110110',,,0.23943661971830985
'111101110011110111000011111111101000011111100011100101011011111001110110',,,0.1619718309859155
'100111111011111111111011000001111111101111100101101111011100111011101010',,,0.19014084507042253
'000000001000001110111100000110010111100000000100011010010100000110001001',,,0.14788732394366197
'110011110011111000000001011111101000011111011011100101001010000001101010',,,0.2605633802816901
'101001110011110111000001011001101000011111011011100101011011001001110110',,,0.22535211267605634
'110101110011111111000011000111101000001111111011100101011010111000101011',,,0.2605633802816901
'010110000100001110000110100000010111100000100110010000010110110100011001',,,0.18309859154929578
'011000000100000000000100111000000000010000000010010000100011000101010100',,,0.19014084507042253
'000010001111001110111100011110010111110000000100011010111100000110001001',,,0.2112676056338028
'100110100000001111000111100001111111100100100110010100000110111000001000',,,0.28169014084507044
'111101110100110001000011000111111111101111111111100101010111111000110111',,,0.24647887323943662
'000000000000001000000100011000000000010000011010010000000010000101001000',,,0.1267605633802817
'010000001011001110111100000000000000000000000000011010101000000110001001',,,0.176056338028169
'110011111011111000111001011001111111111111011101101111001100000011101010',0.0001,0.0,0.23943661971830985
'000100001000001001111110100110000000000000100000011010000000111110001001',,,0.2112676056338028
'101100111111110001111011111001111111111111100101101111100101111011110110',,,0.14788732394366197
'010010000111001000000100011110010111110000011110010000001110000100001001',,,0.14084507042253522
'010100000111001110000110100110010111100000100110010000011110110100001001',,,0.18309859154929578
'111101111111110001111011111111101000011111111001101111111001111011110110',0.00023333333333333336,0.0001885618083164127,0.08450704225352113
'101111111111110111111011011111101000011111111001101111011001111011110110',0.00016666666666666666,4.714045207910317e-5,0.11267605633802817
'101101110011110111000011100111101000001111100011100101111011111000110111',0.0001,0.0,0.20422535211267606
'010010100000001000000100000000010111100000000110010000000110000000001001',,,0.1056338028169014
'111001110111110001000001111001101000011111011011100101101011001001110110',,,0.19718309859154928
'010110001000001110111110100000010111100000111100011010111100110110001001',,,0.2535211267605634
'010010001100001000111100100000000000000000011000011010000000000010001001',,,0.13380281690140844
'010010001111001000111100111000010111110000011100011010001100000111001000',,,0.2323943661971831
'111111111111110001111011000001101000001111100001101111100001111011110110',,,0.13380281690140844
'111101111111110001111011000111101000001111111001101111111001111010110111',,,0.1619718309859155
'000011100000001000000100100110010111100101011110010000100110000000001001',,,0.18309859154929578
'010010001000001000111100000000000000000000011000011010000000000010001001',,,0.13380281690140844
'101111110011110111000011000001101000001111111011100101111011111001110110',,,0.1619718309859155
'010000000000001110000100011110000000010000000010010000010010000101001000',0.0001,0.0,0.18309859154929578
'000010000000001000000100100110000000000000000010010000000010000100001001',,,0.07042253521126761
'111111111011110001111011111001111111111111111101101111101101111011110110',,,0.1056338028169014
'100101111000111111111011000001111111101111111101101111001100111011101010',,,0.2112676056338028
'000100001100001110111110111000000000010000111000011010001000110110001001',,,0.24647887323943662
'010110100100001110000110100110010111100000100110010000010110110000001001',,,0.20422535211267606
'010000100000001000000100100110010111100000011110010000000110000000001001',,,0.13380281690140844
'111001111100110111111001011001101000011111011001101111111001001011110110',,,0.176056338028169
'011010000100000000000100100110000000000000000010010000100011000100010101',,,0.15492957746478872
'000000000011101110000100100110000000000000000010010000011010000100001011',,,0.1267605633802817
'000000000000001110000100011000000000010000011010010000101010000100001001',,,0.14788732394366197
'010010001011001000111100111000010111110000000100011010000100000111001000',0.00016666666666666666,4.714045207910317e-5,0.21830985915492956
'011010000111000000000100111000000000010000000010010000100011000101010100',,,0.2112676056338028
'111111111100110001010011100111111111101111111101100111110111111010110111',,,0.21830985915492956
'000100000000001000000110100000000000000000111010010000000010110100001001',,,0.14788732394366197
'000010000100001000000100011110010111110000011110010000000110000101001000',,,0.176056338028169
'010110000000001110000110100000010111100000111110010000011110110100001001',,,0.19718309859154928
'110111110000111111000011000111101000001111111011100101011010111000101011',,,0.2676056338028169
'100011111011111110111001011001101000011111000001101111001000000011101010',,,0.24647887323943662
'100110110011111001000011111111111111111110111111100101001110111001101010',,,0.21830985915492956
'111101111000110111111011000111101000001111100001101111110001111011110110',,,0.14788732394366197
'010011001011001110111100100110000000000011011000011010011000000110001001',,,0.19014084507042253
'010010000111001000000100000000010111100000000110010000100110000100011001',,,0.14788732394366197
'010000001011001110111100000110000000000000000000011010111000000110001001',0.00013333333333333334,4.714045207910317e-5,0.19014084507042253
'110100100000001001000111111111111111110100100110000101000110111001101000',0.00013333333333333334,4.7140452079103176e-5,0.2535211267605634
'010011110011111110000000100110010111101011011111110000011110000000001011',,,0.19014084507042253
'010001011011111110111100100110010111101011000100011010111100000110001011',,,0.2535211267605634
'111111111100010001111011111111111111111111111101101111010101111011110110',,,0.13380281690140844
'100100101000001001111011111001111111110100111100001111000100111011101000',0.00016666666666666666,4.714045207910317e-5,0.22535211267605634
'011000001100000000111100000000000000000000011000011010100001000110010101',,,0.16901408450704225
'000000001000001000111100011000000000010000000000011010100000000110001001',,,0.14084507042253522
'110100100000001111111111011001111111110100100110000101000100111011101000',,,0.2676056338028169
'111111110100110001000011111111101000011111100011100101110011111001110110',0.00013333333333333334,4.714045207910317e-5,0.14084507042253522
'001000000100000000000100111110000000010000011010010000100011000101010100',,,0.2323943661971831
'001101111111000001111110100000000000000111111001111010101001111010010101',,,0.29577464788732394
'110100001000111111111011000111101000001100100000001111010000111110101011',,,0.30985915492957744
'111101111100110111111011000111111111101111111101101111011101111011110110',,,0.1267605633802817
'010010001011001000111100000110000000000000011000011010001000000110001001',0.0002,8.16496580927726e-5,0.15492957746478872
'000101110000001111000010100001010111101111111111100001011110110000101001',,,0.28169014084507044
'000010001100001000111100100000000000000000011000011010100000000110001001',0.00013333333333333334,4.7140452079103176e-5,0.14788732394366197
'000010001111001110111100100110010111100000011100011010111100000110001001',,,0.176056338028169
'101101111011110111111011011001111111111111100101101111111101111011110110',0.0001,0.0,0.09154929577464789
'000010000111001110000100000110000000000000011010010000011010000100001001',,,0.1056338028169014
'100101110011111111000011000001111111101111100111100101011110111001101010',,,0.2112676056338028
'110000110011111110000001111111111111111110011111100101111110000101101010',,,0.2605633802816901
'010011001111001000111100100000010111100000011100011010001100000110001001',,,0.18309859154929578
'111101110111010001000011011001101000011111111011100101101011111001110110',,,0.176056338028169
'101111111100110111111011100111111111101111100101101111010101111010110111',,,0.20422535211267606
'101101110100110001000011000111111111101111111111100101010111111000110111',,,0.2605633802816901
'011001110011110110000000000000000000001011000011110000111011000000010111',,,0.2605633802816901
'000001100011001110000100000000000000000100011010010000101010000000001001',,,0.16901408450704225
'100001110011111000000001111001111111111111011111100101101110000001101010',,,0.23943661971830985
'001011001100000110111100100000000000000000000000011010110001000110010101',,,0.2323943661971831
'000110000000111111000111000110111111101000111110000101011110110100101011',,,0.2887323943661972
'000100001111001110111110100000010111100000111100011010011100110110001001',,,0.2112676056338028
'111101111111110001111011011001111111111111100101101111000101111011110110',,,0.14788732394366197
'010100001111001110111110000000010111100000111100011010011100110110001001',,,0.20422535211267606
'110010110000111110000001111111101000011111011011100100011010000001101010',,,0.2887323943661972
'001010000100000000000100111000000000010000011010010000100011000101010100',,,0.22535211267605634
'010110000000001110000110111000000000010000100010010000000010110100001001',,,0.18309859154929578
'101001111111110111111001111001101000011111011001101111111001001011110110',0.00013333333333333334,4.714045207910317e-5,0.16901408450704225
'111111111100110111111011111001111111111111111101101111011101111011110110',0.0001,0.0,0.09859154929577464
'101101111100110111111011100001111111101111111101101111011101111011110110',,,0.14788732394366197
'010000001000001000111100000110000000000000000000011010000000000110001001',,,0.11267605633802817
'101101111111110111111011111111111111111111100101101111111101111011110110',0.00016666666666666666,4.714045207910317e-5,0.07746478873239436
'111101111011110001111011000001101000001111111001101111101001111010110111',,,0.19718309859154928
'111101110111110001000011000111101000001111111011100101011011111000110111',,,0.2323943661971831
'100101110011111111000011011001111111111111100111100101011110111001101010',,,0.18309859154929578
'010110000011001000000110000110010111100000111110010000001110110100001001',,,0.19014084507042253
'001110001100000001111110100000000000000000111000011010100001111110010101',,,0.21830985915492956
'111101111100110001111011000111111111101111111101101111110101111011110110',,,0.13380281690140844
'011100000100000001000110100110000000000000111010010000110011111100010101',,,0.22535211267605634
'000011000011001110000100100000000000000001000010010000001010000100001001',,,0.1267605633802817
'001111011111110001111011100110001000001011111001101111111001111110110111',,,0.19014084507042253
'111001110111110111000001111001101000011111000011100101111011001001110110',,,0.19718309859154928
'101111110000110111000011111111111111111111100111100101010111111001110110',0.0001,0.0,0.16901408450704225
'010010000000001110000100011110010111110000000110010000110110000100001001',,,0.18309859154929578
'100011110011111110000001100001111111101111011111100101001110000001101010',,,0.24647887323943662
'000000001100001110111100000000000000000000000000011010000000000110001001',,,0.1056338028169014
'111001111011110111111001111111101000011111000001101111011001001011110110',,,0.19014084507042253
'010000001100001000111100000000000000000000000000011010100000000110001001',,,0.11971830985915492
'111111110000110001000011111001101000011111111011100101100011111001110110',,,0.14788732394366197
'101111110100110001000011100001101000001111100011100101000011111001110110',,,0.19718309859154928
'111101110100110001000011000001101000001111111011100101000011111001110110',,,0.2112676056338028
'111111111111110001111011111001101000011111100001101111100001111011110110',0.0001,0.0,0.09859154929577464
'101101110111110001000011011001111111111111100111100101100111111001110110',0.0002666666666666667,9.428090415820634e-5,0.176056338028169
'000000001100001000111100000000000000000000011000011010000000000110001001',,,0.1056338028169014
'100100101000001001111011100111111111100100111100001111000100111011101000',,,0.2676056338028169
'101001110111110111000001111001111111111111011111100101111111001101110110',,,0.19014084507042253
'001011011100110110111000000110000000001011011001111010111001000110010111',0.0001,0.0,0.2535211267605634
'010010001011001110111100000000000000000000000000011010001000000110001001',0.00013333333333333334,4.7140452079103176e-5,0.15492957746478872
'101111111100010001111011011001101000011111111001101111100001111011110100',,,0.13380281690140844
'111101110100110111000011000001111111101111111111100101011111111001110110',,,0.18309859154929578
'000010000111001110000100100110000000000000011010010000011010000000001001',,,0.1267605633802817
'010000001111001000111100011000010111110000011100011010101100000110001001',,,0.20422535211267606
'010000000011001000000100111110010111110000011110010000001110000101001000',,,0.19014084507042253
'000001101011011000111000000110010111101101000100011011110100000010001011',,,0.31690140845070425
'111111111000110111010011100001101000001111100011100101110011111000110111',,,0.21830985915492956
'000010000000001000000100100110010111100000000110010000000110000100001001',0.0001,0.0,0.09154929577464789
'101111111100110001111011100111101000001111111001101111010001111010110111',,,0.2112676056338028
'010010000100001000000100111110010111110000000110010000000110000101001000',,,0.16901408450704225
'000000001100001000001100100000010111100000011110010000100110000100001001',,,0.176056338028169
'111101011111110111111011111111101000011011111001101111011001111111110110',,,0.1267605633802817
'010110000100001110000110000000010111100000111110010000011110110100001001',,,0.18309859154929578
'000010000011001000000100100000010111100000011110010000101110000100001001',,,0.14084507042253522
'000000001011111110111100100110000000000000011000011010111000000110001011',,,0.20422535211267606
'010011000011001110000100100000000000000001000010010000001010000100001001',,,0.14084507042253522
'111001011100110110111001111000101000011011011001101111011001000111110110',,,0.2323943661971831
'010010000011001110000100000000000000000000000010010000101010000100001001',0.0001,0.0,0.14084507042253522
'100001111011111110010001111111101000011111011011100101011010000001101010',,,0.2323943661971831
'111111111011110001111011111001111111111111100101101111100101111011110110',,,0.11267605633802817
'000010000111001000000100100110010111100000011110010000001110000100001001',,,0.11971830985915492
'101111111011110111111011011001111111111111100101101111111101111011110110',0.0001,0.0,0.08450704225352113
'000010001000101110111100000110010111100000011100011010111100000110001011',,,0.19014084507042253
'011001010111110000000100011110000000011011011011110000111011000100010111',,,0.24647887323943662
'010000001000001000111100111110010111110000011100011010100100000111001000',,,0.2535211267605634
'101111111111110001111011000111111111101111111101101111011101111010110111',,,0.176056338028169
'010010001000001110111100011110000000010000011000011010011000000111001000',,,0.23943661971830985
'101101011111110111111011100001101000001111111001101111111001111110110111',,,0.19014084507042253
'111001110100110111000001111001111111111111000111100101110111001001110110',,,0.19718309859154928
'000010001011001110111100100000010111100000000100011010001100000110001001',,,0.15492957746478872
'000100000000001000000110100000010111100000111110010000100110110100101001',,,0.21830985915492956
'000000001100001000111100011110010111110000000100011010000100000110001001',,,0.15492957746478872
'000000000111001110000100111110010111110000000110010000111110000101001000',,,0.2112676056338028
'010000001000001000111100100000000000000000011000011010100000000110001001',0.00016666666666666666,9.428090415820633e-5,0.14788732394366197
'110111111011111111111011011001111111111111111101101111011100111011101010',,,0.1619718309859155
'010010001000001110111100000110010111100000000100011010110100000110001001',,,0.19718309859154928
'011111010100000111000110011110000000011011111011110000111011111100010101',,,0.2535211267605634
'010001001011001110111100100110000000000001011000011010111000000110001001',,,0.20422535211267606
'111101111111110001111011111001101000011111111001101111101001111011110110',0.0001,0.0,0.11267605633802817
'000000000000001110000100000000010111100000011110010000101110000100001001',,,0.1267605633802817
'111101111000110111111011100111111111101111100101101111110101111011110110',,,0.13380281690140844
'111100101100110001111011011111101000011100100000001111110001111011110110',,,0.14788732394366197
'111111110100110111101011011001111111111111100101101111010101111001110110',,,0.14084507042253522
'010010001111001000111100100110010111100000000100011010100100000110001001',0.00013333333333333334,4.7140452079103176e-5,0.18309859154929578
'111101111100110001111011000111101000001111111001101111110001111010110111',,,0.18309859154929578
'101110111100110111111011111111111111111110111101101111111101111011110110',,,0.09154929577464789
'101101110100110001000011000001111111101111111111100101100111111001110110',,,0.20422535211267606
'001110001100000001111110100110000000000000111000011010110001111110010101',,,0.2323943661971831
'111101110000110111000011100111111111101111111111100101111111111000110111',,,0.18309859154929578
'100110111011111111111011100111111111101110100101101111011100111110101011',,,0.24647887323943662
'001110000111000001000110111000000000010000100010010000100011111100010101',,,0.2323943661971831
'111111111011110111111011000111101000001111100001101111111001111011110110',,,0.11971830985915492
'010010000011001000000100011110010111110000011110010000101110000100001001',,,0.176056338028169
'100100101000001001111011011111111111110100100100001111000100111011101000',0.0001,0.0,0.21830985915492956
'010001010011001110000100000000010111100011000110010000101110000000001001',,,0.18309859154929578
'101101010111010111000111100110101000001011111011110100111011111100010111',,,0.2535211267605634
'010000100011001000000100011111010111110100000110010000000110000001001000',,,0.20422535211267606
'000010001011001110111100111000000000010000011000011010101000000111001000',,,0.24647887323943662
'010010001100001000111100000000000000000000000000011010000000000110001001',,,0.09859154929577464
'010010001011111110111100100110010111100000000100011010111100000110001011',,,0.2323943661971831
'000000001011001110111100011110010111110000011100011010011100000110001001',,,0.15492957746478872
'010010001000001110111100000000010111100000011100011010101100000110001001',,,0.19014084507042253
'100011111000111110111001011111101000011111011001101111011000000011101010',,,0.24647887323943662
'001010001100000000111100000000000000000000000000011010100001000110010101',0.00016666666666666666,9.428090415820633e-5,0.176056338028169
'000100000011001110000110000000000000000000111010010000011010110100001001',,,0.176056338028169
'010000000011001110000100000110000000000000011010010000011010000100001001',,,0.1056338028169014
'101111110011110001000011111001101000011111111011100101001011111001110110',,,0.18309859154929578
'111101111100110001111011000001111111101111100101101111000101111010110111',,,0.20422535211267606
'011100001111000001111110111000000000010000100000011010100001111110010101',,,0.22535211267605634
'011010001100000000111100100110000000000000000000011010100001000110010101',0.0001,0.0,0.16901408450704225
'111111110111110001000011000111101000001111111011100101111011111000110111',,,0.19718309859154928
'101011111111110111111001111001101000011111011001101111111001001011110110',0.00013333333333333334,4.714045207910317e-5,0.176056338028169
'010010001111001110111100111110000000010000000000011010011000000111001000',,,0.23943661971830985
'111101110011110111000011000111111111101111111111100101011111111001110110',,,0.1619718309859155
'010000000000001000000100111000010111110000011110010000000110000101001000',0.00013333333333333334,4.714045207910317e-5,0.16901408450704225
'101111111111110111111011011111111111111111111101101111011101111011110110',0.00016666666666666666,9.428090415820633e-5,0.09154929577464789
'000010001000001110111100011110010111110000000100011010010100000110001001',,,0.18309859154929578
'101011111111110111111001100111111111101111011101101111011101001011110110',,,0.19718309859154928
'110110001000001111111110000001010111100000111100011010111100110110001001',,,0.2746478873239437
'111111111011110001111011100001101000001111111001101111001001111011110110',,,0.16901408450704225
'110110100000111111000011000111111111101100100110000101110110111000101011',,,0.2887323943661972
'000000001011001000111100011110000000010000000000011010000000000111001000',,,0.18309859154929578
'000100000011001000000110100000010111100000111110010000001110110100001001',,,0.19014084507042253
'101111110111010001000011111111101000011111100011100101110011111001110110',,,0.16901408450704225
'010000001100001000100100100110010111100000000100010010000110000100001001',,,0.11971830985915492
'000000000011001110000100100000000000000000000010010000001010000100001001',,,0.09859154929577464
'111101111000110111011011111111101000011111100001101111010011111011110110',,,0.1619718309859155
'000010001011001000111100100110000000000000011000011010001000000110001001',0.00013333333333333334,4.7140452079103176e-5,0.14788732394366197
'010110000000001000000110000110010111100000100110010000000110110100001001',,,0.16901408450704225
'101011111111110111111001100001111111101111011101101111111101001011110110',,,0.18309859154929578
'010010001000001000111100111110000000010000000000011010000000000111001000',,,0.19718309859154928
'111101111011110001111011000001111111101111111101101111001101111011110110',,,0.176056338028169
'111011110000110111000001111001101000011111011011100101011011001001110110',,,0.23943661971830985
'111111110111110111000011000111111111101111100111100101011111111001110110',,,0.1619718309859155
'000000001000001000111100100000010111100000000100011010000100000110001001',,,0.11267605633802817
'010010001000001000100100100000000000000000011010010000000000000100001001',,,0.11971830985915492
'101110110100110001101011111111111111111111100101101111110101111011110110',,,0.14084507042253522
'010110001011001110111110111110000000010000100000011010111000110110001001',,,0.2746478873239437
'111110110000110001000011000111111111101110100111100101010111111001110110',,,0.22535211267605634
'101111111100110001111011011001101000011111111001101111100001111011110110',,,0.11971830985915492
'101101111111110111111011111111101000011111100001101111011001111011110110',,,0.1267605633802817
'000000000000001110000100111000010111110000011110010000101110000100001001',,,0.1619718309859155
'001100100100000001111110100000000000000000111000011010100001111010010101',,,0.24647887323943662
'110101111011111001111011100001111111101111111101101111001100111010101011',,,0.2605633802816901
'110101110011111111000011100111101000001111100011100101011010111000101011',0.0001,0.0,0.28169014084507044
'010000000100001110000100000000000000000000000010010000000010000100001001',,,0.06338028169014084
'110011110000111110000001011111111111111111011111100101111110000001101010',,,0.23943661971830985
'000010001100001000111100111000010111110000000100011010100100000110011001',,,0.19718309859154928
'110001110000111110000001111001101000011111011011100101001010000001101010',,,0.2605633802816901
'010010000111001000000100100110010111100000000110010000100110000100001001',,,0.14084507042253522
'111111111000110001111011011111101000011111100001101111110001111011110110',,,0.11267605633802817
'101101111100110001111011111001101000011111111001101111100001111011110110',0.0002,8.16496580927726e-5,0.11971830985915492
'000110001011001000111110000000000000000000100000011010000000110110001001',0.00016666666666666666,9.428090415820633e-5,0.1619718309859155
'100011110011111000000001100111111111101111011111100101001110000001101010',,,0.24647887323943662
'010000001011001110111100000110010111100000000100011010011100000110001001',0.00013333333333333334,4.714045207910317e-5,0.15492957746478872
'101101110000110111000011011111111111111111111111100101111111111001110110',,,0.11971830985915492
'000100000100001110000110100000010111100000100110010000100110110100001001',,,0.20422535211267606
'101011111000110111111001000001111111101111000101101111110101001011110110',,,0.21830985915492956
'010010000000001000000100100000010111100000011110010000000110000100001001',,,0.1056338028169014
'011100001100000111111110000000000000000000100000011010110001111110010101',,,0.2323943661971831
'101011110011110001000001111111101000011111011011100101111011001001110110',,,0.19718309859154928
'111111110011110001000011000111101000001111100011100101110011111001110110',,,0.18309859154929578
'000000001000001110111100011000010111110000000100011010000100000111001000',,,0.19014084507042253
'101001111111110111111001000001101000001111000001101111111001001011110110',,,0.21830985915492956
'000000001000001110111100111000000000010000011000011010001000000110001001',,,0.16901408450704225
'111101111111110001111011100111101000001111111001101111111001111011110110',,,0.11267605633802817
'110101111000111111111011100111111111101111111101101111011100111010101011',0.00016666666666666666,4.714045207910317e-5,0.2323943661971831
'010010000111101110000100111000010111110000000110010000101110000100001001',,,0.19014084507042253
'010000001011111110111101111000111111111000011100001111101100000111101010',,,0.31690140845070425
'001011011111110110000000000110000000001011011011110000111011000100010111',,,0.23943661971830985
'011011011111110110111001111110001000011011011001101111111001000111110110',,,0.19718309859154928
'101101111100110001111011100111101000001111100001101111110001111011110110',0.0001,0.0,0.14788732394366197
'101111111111110111111011000111111111101111100101101111111101111110110111',,,0.1619718309859155
'010100001000001110111110111000000000010000111000011010001000110110001001',,,0.2535211267605634
'000001001011101000111100000000010111100000011100011010001100000110001001',,,0.176056338028169
'111101110000110111000011011111101000011111111011100101011011111001110110',,,0.16901408450704225
'101101111011110001111011100111101000001111100001101111010001111011110110',,,0.16901408450704225
'010000001000001110111100011000010111110000011100011010001100000111001000',,,0.22535211267605634
'111101110011110111000011100111101000001111100011100101011011111001110110',,,0.19014084507042253
'101111110000110111000011011001101000011111111011100101111011111001110110',,,0.14788732394366197
'010010001011001110101100000000010111100000011110010000001100000110001001',,,0.18309859154929578
'010000000100001000000100000000010111100000000110010000100110000100001001',,,0.09859154929577464
'111111011111110111111011000110101000001011100001101111111001111110110111',,,0.18309859154929578
'101111111111110001111011111111101000011111111001101111011001111011110110',,,0.11971830985915492
'010000000100001110000100100000000000000000011010010000001010000100001001',,,0.1056338028169014
'100101111011111111111011011001111111111111111101101111011100111011101010',0.0001,0.0,0.15492957746478872
'010100100000001110000110100000010111100000111110010000011110110000001001',,,0.22535211267605634
'111001111000110001111001111111101000011111011001101111000001001011110110',,,0.2112676056338028
'101101111000110001111011100001101000001111111001101111000001111011110110',,,0.16901408450704225
'010011000011001000000100111110000000010000011010010000101010000101001000',,,0.23943661971830985
'101111110000110111000011011001101000011111100011100101110011111001110110',0.00019999999999999998,8.16496580927726e-5,0.15492957746478872
'100100100000110111000011111111101000011100100010000101010010111001100110',,,0.22535211267605634
'100011111011110110111001011001111111111111011101101111101101000011100110',,,0.21830985915492956
'010010001000001110010100000000010111100000011110010000001110000100001001',,,0.13380281690140844
'000010000011001110000100000110000000000000011010010000111010000100001001',,,0.1267605633802817
'111001111000110001111001011001111111111111011101101111100101001011110110',,,0.18309859154929578
'010000000111001000000100011000010111110000011110010000001110000101001000',,,0.176056338028169
'000000000100001000000100011110010111110000000110010000100110000100001001',,,0.14084507042253522
'100101110011111111000011111001111111111111111111100101011110111001101010',0.00019999999999999998,8.16496580927726e-5,0.176056338028169
'000010000011001000000100111110000000010000011010010000001010000100001001',,,0.13380281690140844
'000010001011111000111100000000010111100000011100001010101100000110001011',,,0.20422535211267606
'101101110100110111111011000111101000001111100011100111110001111011110110',,,0.19014084507042253
'010010000111001110000100100000000000000000011010010000001010000100001001',0.0001,0.0,0.11267605633802817
'101110110100110001000011011111101000011100111011100101010011111001110110',,,0.21830985915492956
'010000000100001110000100111000010111110000000110010000100110000100001001',,,0.14788732394366197
'111101111111110001111011000111101000001111100001101111110001111011110110',,,0.14084507042253522
'010000000100001000000100111000010111110000000110010000000110000100001001',,,0.1056338028169014
'110011111011111000111001011001101000011111011001101111001000000011101010',,,0.2605633802816901
'110111011011111111011011100111111111101111111111101101111110111010101011',,,0.23943661971830985
'101111110111110001000011100111101000001111111011100101011011111000110111',,,0.2323943661971831
'011110001100000111111110000000000000000000100010011010100001111110010101',,,0.22535211267605634
'111100111100110111111011111111101000011111100001101111010001111011110110',,,0.15492957746478872
'111001110000110001000001111111101000011111011011100101100011001001110110',,,0.2112676056338028
'110111111011001001111011100111111111101111111101101111001100111011101000',,,0.2605633802816901
'010000001000001110111100100000010111100000000100011010100100000110001001',,,0.16901408450704225
'101001111000110001111001111111111111111111000101101111000101001011110110',,,0.20422535211267606
'000001001000111110111101111000111111110000011100001111001100000111001010',,,0.2887323943661972
'011001110000110110000000111110000000011011011011110000111011000000010111',,,0.2676056338028169
'010000000011001000000100111110000000010000000010010000100010000100001001',,,0.14788732394366197
'111101111100110001111011100001101000001111111001101111100001111010110111',,,0.176056338028169
'010001000111101110000100000110010111100000011110010000111110000100001011',,,0.15492957746478872
'010010001000001000111100111000000000010000011000011010100000000110001001',,,0.18309859154929578
'111111111111110111111011100111111111101111111101101111111101111011110110',,,0.07042253521126761
'011011011111111110111000000000010111101011000101101011111101000110010111',,,0.2676056338028169
'010100000000001000000110100000010111100000100110010000000110110100001001',,,0.16901408450704225
'111100111000110001111011111001111111111100100101101111100101111011110110',,,0.13380281690140844
'000100001100001110111110000000010111100000111100011010111100110110001001',0.0001,0.0,0.24647887323943662
'101111110111110111000011100001111111101111100111100101011111111001110110',,,0.18309859154929578
'111011111000110001111001111111101000011111000001101111100001001011110110',,,0.176056338028169
'110101110000110111000011111111101000011111111011100101111010111001100110',,,0.18309859154929578
'000010001100001000111100011110010111110000011100011010100100000110001001',,,0.20422535211267606
'000011000011111110000100011110000000010011011010010000111010000100001011',,,0.21830985915492956
'111001011111110001111001111110101000011011011001101111111001001111110110',,,0.18309859154929578
'000000000011001110000100111110000000010000011010010000011010000101001000',,,0.16901408450704225
'101110111111110111111011011111101000011111111001111110011001111110010111',,,0.2605633802816901
'000000001011001110111100011110000000010000011000011010011000000110001001',,,0.1619718309859155
'101100000000000001000111111000101000010000100010010100000011111101110100',,,0.24647887323943662
'101101111000110111111011011001101000011111111001101111111001111011110110',0.00016666666666666666,9.428090415820633e-5,0.11267605633802817
'010000001000001000111100111000010111110000011100011010000100000111001000',,,0.2112676056338028
'100010100000011110000001111111101000011100000010000100000010000001101000',,,0.2535211267605634
'000100101000001001000110100111010111100100111110000001000110111000101001',,,0.2887323943661972
'000010001011001000111100000000000000000000000000011010100000000110001001',0.00013333333333333334,4.7140452079103176e-5,0.13380281690140844
'111101111000110001111011000001111111101111111101101111000101111010110111',,,0.22535211267605634
'101100000100110001000110100110101000000000111010010100110011111100010111',,,0.3028169014084507
'101101111011110001111011111001101000011111100001101111000001111011110110',0.00013333333333333334,4.714045207910317e-5,0.14084507042253522
'010010001011111110111100000110000000001000000001011010011000000110001011',,,0.21830985915492956
'000000000000001000000100111000010111110000000110010000000110000101001000',0.00013333333333333334,4.7140452079103176e-5,0.14084507042253522
'011110001100000111111110100000000000000000100000011010110001111110010101',,,0.21830985915492956
'000010001111001000111100100000010111100000011100011010001100000110001001',,,0.1619718309859155
'101001110011110111000001011111101000011111000011100101011011001001110110',,,0.22535211267605634
'110111110000111111000011100001101000001111111011100101001010111000101011',,,0.2887323943661972
'000110000011001000000110100000010111100000111110010000001110110100001001',,,0.18309859154929578
'000100001111001110111110000000000000000000111000011010011000110110001001',,,0.2112676056338028
'000010001111001000111100000110010111100000011110010010101100000100001001',,,0.20422535211267606
'011101110111000001000011000001000000000111100011100001100011111000010101',,,0.29577464788732394
'010010001100001000111100111000000000010000000000011010000000000111001000',,,0.176056338028169
'111101110111110001000011011001101000011111111011100101101011111001110110',0.00016666666666666666,4.714045207910317e-5,0.1619718309859155
'101111110100110001000011011001111111111111111111100101000111111001110110',0.0001,0.0,0.19718309859154928
'000010000100001000000100011110010111110000011110010000000110000100001001',,,0.13380281690140844
'101110110100110111101011011111111111111111100101101111110101111001110110',,,0.14788732394366197
'011110001100000001111110100110000000000000100000011010110001111110010101',,,0.21830985915492956
'110101111011111111111011000001111111101111100101101111111100111010101011',,,0.23943661971830985
'001110000100000001000110111000000000010000100010010000100011111100010101',,,0.21830985915492956
'001000001111000000111100011000010111110000000100011010100101000111010100',,,0.2746478873239437
'000010000011001110000100100110000000000000011010010000011010000100001001',0.0001,0.0,0.1056338028169014
'101101110100110001111011000111101000001111111001101111110001111010110111',,,0.2112676056338028
'010010000000001110000100111000010111110000000110010000000110000100001001',,,0.13380281690140844
'111101111000110111111011111001101000011111111001101111111001111011110110',,,0.1056338028169014
'111011110111110111101001011001101000011111000001101111111001001011110110',,,0.19718309859154928
'010100000100001110101110100000000000000000111000010010001000110110001001',,,0.22535211267605634
'010000000011101110000100000110010111100000011110010000011110000100001001',,,0.11267605633802817
'000000101011001000111100011000000000010100000000011010000000000011001000',,,0.19718309859154928
'111110111100110001111011011111111111111111111101101111010101111011110110',,,0.14788732394366197
'010110000100001000000110111000000000010000111010010000000010110100001001',0.0001,0.0,0.176056338028169
'000001001000001110111100100000010111100011011101011010001100000110001001',,,0.19014084507042253
'000000001000001110111100000000000000000000000000011010000000000110001001',0.00013333333333333334,4.7140452079103176e-5,0.09859154929577464
'010000001000001110111100000110010111100000011100011010011100000110001001',,,0.15492957746478872
'100100110000111111101011111001111111111111111101101111001110111011101010',,,0.2323943661971831
'011110001111000001111110100000000000000000100000011000100001111110010101',,,0.21830985915492956
'010010001100001000111100000000000000000000000000011010100000000110001001',,,0.1267605633802817
'000000101000111110111001011110111111111000011100001111111100000011101010',,,0.2887323943661972
'111011110000110111000001000001111111101111011111100101111111001001110110',,,0.22535211267605634
'101111111111010001111011011111111111111111111101101111111101111011110110',,,0.09154929577464789
'111011011111110110111001111001100000011011011001101111011001000111110110',,,0.24647887323943662
'010100001000111110111110100110010111100000100100011110010100110110001011',,,0.28169014084507044
'000011001011111110111100000110000000000000011000011010011000000110001011',,,0.2112676056338028
'101101110111110001000011111111111111111111111111100101111111111001110110',0.00039999999999999996,0.0001632993161855452,0.11971830985915492
'010000000111001000000100100110000000000000011010010000001010000100001001',,,0.1056338028169014
'011010001100100000111100111000000000010000011000001010100001000111010100',,,0.2605633802816901
'110101111011111111111011100111111111101111111101101111011100110010101011',,,0.22535211267605634
'001110001100000111111110011110000000010000100000011010110001111110010101',,,0.2535211267605634
'010000000100001000000100100000000000000000000010010000000010000100001001',,,0.056338028169014086
'111101111000110111111011000001111111101111100101101111010101111011110110',,,0.16901408450704225
'010100000000001000000110011110000000010000100010010000000010110100001001',,,0.18309859154929578
'000100100000001001000110100001010111100100111110010000000110111000001001',,,0.21830985915492956
'111111010111110111000011100001101000001111111011110101111011111100110111',,,0.2323943661971831
'101101010111110111000011111001101000011011100011100101111011111101110110',,,0.18309859154929578
'111011110011110111000001111001101000011111011011100101111011001001110110',,,0.19718309859154928
'010100000000001000000110000000000000000000111010010000000010110100001001',0.00013333333333333334,4.7140452079103176e-5,0.15492957746478872
'010010001111001000010100011000010111110000011110010000001110000111001000',,,0.19718309859154928
'111001111100110001111001111111101000011111000001101111000001001011110110',,,0.19014084507042253
'010000001111001000111100011110000000010000000000011010100000000110001001',,,0.176056338028169
'001001010111010000000100111110000000011011011011110100011011000101010100',,,0.31690140845070425
'010010000000001000000100111000000000010000000010010000000010000101001000',,,0.14084507042253522
'101101111000110001111011111001111111111111111101101111100101111011110110',,,0.11971830985915492
'100011110011111110000001111001111111111111000111100101001110000001101010',,,0.2323943661971831
'101111110111110001000011111001101000011111111011100101001011111001110110',,,0.19014084507042253
'111111110111110001000011011111101000011111111011100101011011111101110110',,,0.16901408450704225
'111111111100110001111011111001111111111111111101101111100101111011110110',,,0.1056338028169014
'101101010111110111000011111001101000011011111011110100111011111100010111',,,0.28169014084507044
'101111110100110111000011111001101000011111111011100101011011111001110110',,,0.176056338028169
'110001110011111000000001111001111111111111011111100101001110000001101010',,,0.23943661971830985
'101011110111110001000001111111101000011111000011100101100011001001110110',,,0.22535211267605634
'111101110000110001000011111001101000011111111011100101000011111001110110',,,0.18309859154929578
'111110101111000001111011111001111111110100100100101111100101111011110100',,,0.18309859154929578
'101100111111000001111011011001101000010100100001101111000001111011110100',,,0.21830985915492956
'011001011111110000111000111110000000011011011001111010111001000110010111',,,0.2535211267605634
'101110110100110111000011011001101000011110100011100101110011111001110110',,,0.18309859154929578
'111110111100000001111011011001101000010111111000101111100001111011110100',,,0.176056338028169
'111101111100110001111011011111111111111111100101101111110101111011110110',0.00013333333333333334,4.714045207910317e-5,0.1056338028169014
'010100000100001000000110100000010111100000100110010000000110110100001001',0.00016666666666666666,9.428090415820633e-5,0.1619718309859155
'111101110011110001000011011111101000011111111011100101011011111001110110',,,0.16901408450704225
'010000000011001110000100111110010111110000000110010000111110000100001001',,,0.176056338028169
'000000001000001110111100011000000000010000000000011010000000000110001001',,,0.1267605633802817
'100011110011111110000001111001111111111111011111100101001110000001101010',,,0.2323943661971831
'000010001111001000111100100110010111100000000100011010000100000110001001',0.0001,0.0,0.15492957746478872
'010110000011001110000110000110000000000000111010010000011010110100001001',,,0.16901408450704225
'101100110100010001000011111001111111111111100111100101100111111001110110',,,0.19014084507042253
'110101110000111111000011000001111111101111111101100111001110111000101011',,,0.28169014084507044
'010100100011001111000110100001010111100100100110010000011110111000001001',,,0.2535211267605634
'101111111111000001111011111001111111110111100101101111100101111011110100',,,0.16901408450704225
'010110000000001000000110000000000000000000111010010000000010110100001001',,,0.14788732394366197
'011001010000110110000000100110000000001011000011110000110011000000010111',,,0.2676056338028169
'010110001111001000111110000000000000000000100000011010000000110110001001',,,0.16901408450704225
'010100000000001110000110100000010111100000111110010000011110110100001001',,,0.20422535211267606
'101111111100010001010011011111101000011111111011100111010011111001110110',,,0.21830985915492956
'000010001100001000111100100110010111100000011100011010100100000110001001',,,0.18309859154929578
'000000000100001110000100100000010111100000000110010000000110000100001001',,,0.09154929577464789
'101011111111110111111001111111111111111111011101101111011101001011110110',,,0.16901408450704225
'111111110000110111000011011001111111111111111111100101011111111001110110',,,0.15492957746478872
'111111111011000001111011011001101000011111100001101111000001111011110100',,,0.176056338028169
'111111100100110111000011000111111111101100100110000101110111111000110111',,,0.2535211267605634
'101101110011110111000011111001101000011111111011100101011011111001110110',0.00013333333333333334,4.714045207910317e-5,0.1619718309859155
'101101011111110111111011000110100000001011111001101111011001111110110111',,,0.23943661971830985
'000100000100001000000110100110000000000000100010010000000010110100001001',,,0.15492957746478872
'000010001100001110111100111110000000010000011000011010111000000110001001',,,0.22535211267605634
'111011111111110001000001111111101000011111000011100101100011001001110110',,,0.2112676056338028
'101101111000110111011011011111111111111111100111101101110101111011110110',,,0.1267605633802817
'010010001000001000111100100000010111100000000100011010000100000110001001',0.00013333333333333334,4.7140452079103176e-5,0.13380281690140844
'010010000011001000000100011110000000010000000010010000000010000101001000',0.0001,0.0,0.1619718309859155
'111101111011110111111011011111111111111111111101101111111101111011110110',,,0.06338028169014084
'000110001000001110111110000000010111100000100100011010100100110010001001',,,0.22535211267605634
'111101111111110111111011111111111111111111111101101111011101111011110110',,,0.07746478873239436
'010001000011101110000100100110000000000001000010010000011010000100001001',,,0.1619718309859155
'010010001000101110111100100110010111100000011100011010111100000110001011',,,0.2112676056338028
'101111111100110001111011100111111111101111100101101111110101111010110111',,,0.176056338028169
'110100101011000001111011111001101000010100111000001111001000111011100000',,,0.2535211267605634
'000000000100101000000100100110010111100000011110010000100110000100001001',,,0.14788732394366197
'101101110111110001000011000001111111101111100111100101000111111001110110',,,0.2323943661971831
'001000001100000110111100111000000000010000000000011010110001000011010100',,,0.2746478873239437
'000000000100001110000100011000010111110000000110010000000110000100001001',,,0.11267605633802817
'101101110100110111000011111001111111111111111111100101011111111001110110',,,0.1619718309859155
'000001111000110111111000011000011111111111011101101111101101001011100110',,,0.22535211267605634
'000010101000001000111100011001010111110100000100011010000100000011101000',,,0.20422535211267606
'010010001111001110111100011000010111110000000100011010101100000111001000',,,0.2535211267605634
'011001011100110110111000100110000000001011011001111010111001000110010111',0.00016666666666666666,9.428090415820633e-5,0.22535211267605634
'101101110111110111000011000001111111101111111111100101111111111001110110',,,0.15492957746478872
'010010001000001000111100111000000000010000000000011010000000000111001000',0.0001,0.0,0.18309859154929578
'111101111100110001111011011111111111111111100101101111010101111011110110',0.00013333333333333334,4.714045207910317e-5,0.13380281690140844
'010010100000001000000100111111010111110100000110010000000110000001001000',,,0.20422535211267606
'111101111011110111111011011001111111111111100101101111011101111011110110',,,0.11971830985915492
'000000000111001000000100000110010111100000011110010000101110000100001001',,,0.13380281690140844
'101001111111110110111000000001101000001111011001111010111001000010010111',,,0.2535211267605634
'000010001011001000111100100000010111100000011100011010001100000110001001',0.0002,0.0001414213562373095,0.15492957746478872
'101101111100110111111011100111101000001111111001101111111001111011110110',,,0.1267605633802817
'110101111011111111000011000111111111101111111111100101011110111001101010',,,0.19718309859154928
'000011000111001110000100011000010111110000011110010000101110000100001001',,,0.19014084507042253
'111011111100110111111001000111111111101111011101101111111101001011110110',,,0.176056338028169
'111101110100110001000011011001111111111111111111100101000111111001110110',,,0.19014084507042253
'101001111111110111111001011001101000011111011001101111111001001011110110',0.0001,0.0,0.176056338028169
'101111110011110111000011000001101000001111111011100101111011111000110111',,,0.20422535211267606
'000010101000001000111100111000010111110100011100001011000100000011101000',,,0.2605633802816901
'110001110011111110000001111001111111111111011111100101001110000001101010',,,0.23943661971830985
'101101110111110001000011100001101000001111100011100101000011111001110110',,,0.21830985915492956
'010010000111001110000100011110010111110000000110010000011110000101001000',,,0.18309859154929578
'101101110111110001000011111001101000011111100011100101000011111001110110',0.00013333333333333334,4.714045207910317e-5,0.19014084507042253
'101111111100110111111011011001111111111111100101101111110101111011110110',,,0.11267605633802817
'010000000011001110000100011000010111110000000110010000001110000100001001',,,0.14084507042253522
'111101111100110111001011011111101000011111100011101101010011111001110110',,,0.176056338028169
'010110001000001000111110100110010111100000111100011010000100110110001001',,,0.21830985915492956
'000010001100001110111100111000010111110000011100011010001100000111001000',,,0.2323943661971831
'101001111011110111111001011111101000011111000001101111111001001011110110',,,0.16901408450704225
'101101110011110001000011011001111111111111100111100101100111111001110110',,,0.16901408450704225
'010000000000001000000100111000000000010000011010010000000010000101001000',,,0.14788732394366197
'111101111100110111111011000111101000001111100001101111010001111011110110',,,0.16901408450704225
'010010001111001000111100000000010111100000000100011010000100000110001001',,,0.13380281690140844
'000010000111001000000100011000000000010000000010010000100010000100001001',,,0.1267605633802817
'010010001000001000111100011110010111110000011100011010100100000110001001',,,0.2112676056338028
'110110100011001001000011011001111111110100100110000101000110111001101000',,,0.23943661971830985
'101101111011110001111011000111111111101111111101101111111101111011110110',,,0.1056338028169014
'101101110000110001000011000001101000001111100011100101000011111001110110',,,0.20422535211267606
'111111110111110111000011100001101000001111111011100101111011111000110111',,,0.19014084507042253
'000110000000001110000110111000000000010000111010010000001010110100001001',,,0.20422535211267606
'010010001000001110111100000110000000000000011000011010111000000110001001',,,0.19718309859154928
'010110001000001110111110000000010111100000100100011010100100110110001001',,,0.22535211267605634
'011010001100000000111100100110000000000000011000011010100001000110010101',,,0.18309859154929578
'100011110000111110000001111001111111111111011111100101101110000001101010',,,0.24647887323943662
'100110111000111111110011000001111111101110111101100111001100111010101011',,,0.2887323943661972
'101110110100000111000011111001111111110100100110100101100111111001110100',,,0.23943661971830985
'101101110111110111000011000001111111101111111111100101111111111000110111',,,0.19718309859154928
'100101111011111001111011000001111111101111111101101111001100111110101011',,,0.2535211267605634
'101001111111110111111001111001111111111111000101101111111101001111110110',,,0.176056338028169
'100001110011111000000001000001111111101111011111100101001110000001101010',,,0.2323943661971831
'011011010111010001000100111000010111111011011111100001101111001101110100',,,0.2746478873239437
'110011111011111110111001111111111111111111000101101111011100000011101010',,,0.2323943661971831
'010010001011001110111100111000000000010000011000011010101000000111001000',,,0.2605633802816901
'010100001111001000111110000000010111100000100100011010000100110110001001',,,0.19718309859154928
'101011110111110111000001111111101000011111011011100101111011001001110110',,,0.19014084507042253
'010100001111001000111110100110000000000000100000011010000000110110001001',,,0.19718309859154928
'010110001000001000111110000000010111100000111100011010100100110110001001',,,0.22535211267605634
'000000001011001110111100100110000000000000000000011010111000000110001001',,,0.18309859154929578
'000010000011001110000100111110000000010000000010010000111010000101001000',,,0.21830985915492956
'010110001011001110111110000110000000000000100000011010011000110110001001',,,0.2112676056338028
'111101111111110001111011011001101000011111100001101111000001111011110110',,,0.14084507042253522
'111101110111110001000011011111101000011111111011100101011011111001110110',0.0001,0.0,0.1619718309859155
'010010001000001110111100000110010111100000000100011010010100000110001001',,,0.16901408450704225
'010011110011111110000000100000010111101011000111110000101110000000001011',,,0.2323943661971831
'111111111111110111111011000111111111101111100101101111111101111011110110',,,0.09154929577464789
'010000001100001110010100100000010111100000000110010000000110000110001001',,,0.1056338028169014
'010010001011001000111100100000010111100000000100011010100100000110001001',,,0.176056338028169
'000001001011001110111100100000010111100001011100011010001100000110001001',,,0.16901408450704225
'010000000000001000000100011000000000010000011010010000100010000100001001',,,0.1267605633802817
'000011000100101110000100000110000000000011000010010000110010000100001011',,,0.18309859154929578
'000100000100001000000110100110010111100000111110010000000110110000001001',,,0.20422535211267606
'010010000000001110000100111000010111110000011110010000001110000101001000',,,0.19718309859154928
'111111110111110111000011000001101000001111100011100101111011111001110110',,,0.16901408450704225
'000010001000001000111100111000010111110000011100011010000100000111001000',,,0.20422535211267606
'000110000000001000000110000110000000000000100010010000000010110100001001',,,0.13380281690140844
'101101110111110001000011100111101000001111100011100101010011111001110110',,,0.21830985915492956
'000010100011001110000100100000010111100000011110010000001110000000001001',,,0.13380281690140844
'001101010100110111000111000000100000001011100011100101010011111000110111',,,0.31690140845070425
'010010000011001000000100011000000000010000011010010000001010000001001000',,,0.19718309859154928
'111111111011110001111011100111101000001111111001101111011001111011110110',,,0.14084507042253522
'111111110111110001000011100111111111101111111111100101111111111000110111',,,0.16901408450704225
'111101110111110001000011000111111111101111100111100101010111111000110111',,,0.24647887323943662
'010000000100001110000100011000000000010000011010010000101010000100001001',,,0.15492957746478872
'001000000100000000000100100110000000000000000010010000100011000100010101',,,0.1619718309859155
'111001010111110110000001111001111111111011011111100101111111000101110110',,,0.2112676056338028
'101101111111110111111011011111101000011111100001101111111001111011110110',0.00016666666666666666,4.714045207910317e-5,0.1056338028169014
'101001111000110001111001011001111111111111011101101111100101001011110110',,,0.18309859154929578
'101111111111000001111011011111101000011111100001101111110001111011110100',,,0.15492957746478872
'010001000011001110000100000000010111100001011110010000001110000100001001',,,0.13380281690140844
'101101111100000001111011011001111111110111111101101111100101111011110100',,,0.18309859154929578
'101111111111110001111011000001111111101111111101101111101101111011110110',,,0.14788732394366197
'110010111000111110111001011001111111111111011101101111011100000011101010',,,0.2605633802816901
'011001111100010000011000011000010111111111011101101111100101001011110100',,,0.2887323943661972
'011001110100000000000100111110000000010011000011110000100011001000010101',,,0.2535211267605634
'100000111011111000111001111111111111111111011101101111001100000011101010',,,0.24647887323943662
'010000000000001110000100100000010111100000000110010000000110000000001001',,,0.11267605633802817
'000010001100001000111100100110010111100000000100011010100100000110011001',,,0.18309859154929578
'100101110011111001000011000111111111101111111111100101001110111100101011',,,0.2676056338028169
'000000000000001110100100000000010111100000000110010010000100000100001001',,,0.09859154929577464
'111100111100110111111011100001111111101111111101101111111101111010110111',,,0.16901408450704225
'101111111100110001111011100001101000001111100001101111100001111010110111',,,0.16901408450704225
'001000001100000110111100000110000000000000000000011010110001000110010101',,,0.2112676056338028
'111001111100110001111001011111111111111111011101101111100101001011110110',,,0.19014084507042253
'101101110111110001000011111001111111111111100111100101100111111001110110',,,0.16901408450704225
'010000000011001000000100000000000000000000000010010000100010000100001001',,,0.09859154929577464
'101101110100110111000011100001111111101111111111100101011111111001110110',,,0.19014084507042253
'010010001111001000111100000110000000000000011000011010001000000110001001',,,0.14788732394366197
'101111110000110001000011000111101000001111100011100101110011111000110111',,,0.22535211267605634
'011010000111000000000100011000010111110000000110010000100111000101010100',,,0.2535211267605634
'101101111100110111111011111111101000011111100001101111110001111011110110',,,0.11971830985915492
'010011111011111110111000100000010111101011000101101011001100000010001011',,,0.2676056338028169
'000100000111001000000110100000010111100000100110010000100110110100001001',,,0.20422535211267606
'000010001011001000111100100000010111100000000100011010000100000110001001',,,0.13380281690140844
'000010001000001000111100000000010111100000011100011010100100000110001001',,,0.15492957746478872
'101111110000110111000011100111101000001111111011100101011011111001110110',,,0.18309859154929578
'101001111111110111111001111001101000011111000001101111111001001011110110',,,0.18309859154929578
'010000000000001000000100011110000000010000000010010000000010000100001001',,,0.09859154929577464
'101111111011110111111011000001101000001111100001101111111001111010110111',,,0.176056338028169
'011010001111000000111100111000010111110000000100011010100101000111010100',,,0.2605633802816901
'010010001000001110111100000110010111100000011100011010011100000110001001',,,0.1619718309859155
'010000000011001000000100000110000000000000000010010000100010000100001001',,,0.11267605633802817
'100011110011111110000001011001111111111111000111100101001110000001101010',,,0.22535211267605634
'000000000000001000000100100110010111100000000110010000100110000100001001',0.0003,8.164965809277261e-5,0.11267605633802817
'010000001111001110111100100000010111100000000100011010101100000110001001',,,0.18309859154929578
'111101110011110001000011011001111111111111111111100101101111111001110110',,,0.1619718309859155
'001011010111110110000100000110000000001011000011110000111011000100010111',,,0.23943661971830985
'010000001011001110111100100000010111100000011100011010001100000110001001',0.0001,0.0,0.1619718309859155
'010010000011001000000100000110000000000000000010010000000010000100001001',,,0.09154929577464789
'110000100011001110000100111111000000010100011010010000011010000001001000',,,0.22535211267605634
'101111111100110111111011100111111111101111100101101111110101111010110111',,,0.176056338028169
'101100110100000001000011111001111111110100111111100101100111111101110100',,,0.2605633802816901
'111111111011110001111011111111101000011111100001101111110001111011110110',,,0.1056338028169014
'010010001111101110111100000000010111100000000100011010101100000110001001',,,0.19718309859154928
'111100101111110001111011011111101000011100100000001111010001111011110110',,,0.176056338028169
'100010101000111110111001100111111111101100000100001111110100000011101010',,,0.3028169014084507
'110110110011111111000011011111111111111111100111100101011110111001101010',,,0.19718309859154928
'111111111100110111111011000111111111101111100101101111110101111011110110',,,0.1267605633802817
'101111111100110001011011011001111111111111100111101101100111111011110110',,,0.13380281690140844
'111111111111110001111011000111101000001111100001101111110001111010110111',,,0.176056338028169
'111111110100010001000011111001101000011111111011100101000011111001110110',,,0.18309859154929578
'001001100100000000000100100110000000000111011010010000100011000000010101',,,0.2323943661971831
'110001110011111110000001011001111111111111011111100101001110000101101010',,,0.24647887323943662
'110111110000111111000011100111111111101111111111100101011110111001101010',,,0.2112676056338028
'100001111011111110111001000111111111101111011101101111011100000011101010',,,0.20422535211267606
'000100000000001110000110100110010111100000111110010000111110110100001001',,,0.20422535211267606
'010100001000001000111110100000010111100000100100011010000100110110101001',,,0.21830985915492956
'101111010100010111000111100000101000001011111011110100011011111100010111',,,0.3028169014084507
'010000001111001000111100111000010111110000000100011010000100000111001000',,,0.20422535211267606
'111111111011110001111011100001101000001111100001101111000001111011110110',,,0.1619718309859155
'000100000000001110000110000000000000000000100010010000000010110100001001',,,0.14084507042253522
'111011111011110111111001011001111111111111011101101111011101001011110110',,,0.18309859154929578
'000010000011001000000100000000010111100000000110010000100110000100001001',,,0.11267605633802817
'111101110000110111000011111111101000011111100011100101010011111001110110',,,0.18309859154929578
'000010001011001000111100011000010111110000011100011010101100000111001000',,,0.24647887323943662
'101100110100110001000011100001111111101111111111100101000111111001110110',,,0.24647887323943662
'110100100011001001000111011111111111110100100110000101000110111001101000',,,0.2605633802816901
'011110000100000001000110100110000000000000111010010000110011111000010101',,,0.2323943661971831
'111111110111010001000011011001101000011111111011100101101011111001110100',,,0.16901408450704225
'011001100100000000000100111000000000010000011010010000100011000001010100',,,0.24647887323943662
'010010001000001000110100111000010111110000011100011010100110000111001000',,,0.23943661971830985
'010000000100001000000100111000000000010000011010010000100010000100001001',,,0.1267605633802817
'101101111111110111111011111111111111111111111101101111011101111011110110',,,0.09154929577464789
'101101111100110111111011000111111111101111111101101111111101111011110110',,,0.11267605633802817
'010010001111001110111100100110010111100000011100011010011100000110001001',,,0.14788732394366197
'111011110011110111000001111111111111111111011111100101011111001001110110',,,0.19014084507042253
'110100101111001001111011011001111111110100111100001111001100111111101000',,,0.2605633802816901
'001000001100000000111100100000000000000000000000011010100001000110010101',,,0.1619718309859155
'101111111100110001111011011111101000011111111001101111110001111011110110',,,0.11971830985915492
'111111010111110001000011000000111111101011111111100101101111111100110111',,,0.24647887323943662
'101101110011110111111011000001111111101111111101101111011101111011110110',,,0.14788732394366197
'101001111100110111111001111111101000011111000001101111110001001011110110',,,0.19014084507042253
'101110100100000001000011011001101000010100111010000101000011111001110100',,,0.2323943661971831
'101001110111110111000001011111111111111111000111100101111111001001110110',,,0.18309859154929578
'111101110111110111000011111111101000011111111011100101111011111001110110',,,0.11267605633802817
'111101110100110001000011100001111111101111111111100101000111111000110111',,,0.2535211267605634
'101111111111110111111011011001101000011111111001101111011001111111110110',,,0.14084507042253522
'110000100000111110000001111111111111111100000110000101010110000001101010',0.00013333333333333334,4.7140452079103176e-5,0.28169014084507044
'100111110000111111000011100001111111101111111111100101001110111001101010',,,0.22535211267605634
'101111110100110001000011011001111111111111100111100101100111111001110110',0.0001,0.0,0.15492957746478872
'010011011011111110111100100110010111101011000101111010111100000110001011',,,0.23943661971830985
'101011111111110001111001011001101000011111011001101111101001001011110110',,,0.19718309859154928
'111101111100110001111011100111101000001111111001101111010001111010110111',,,0.20422535211267606
'101011010100110110000001011001101000011011000011100101010011000101110110',,,0.29577464788732394
'101111111111110111111011011111111111111111100101101111011101111011110110',,,0.1056338028169014
'010010001100001110111100000000010111100000011100011010101100000110001001',,,0.18309859154929578
'111101111000110001111011000111101000001111100001101111110001111011110110',,,0.14788732394366197
'111101111111110111111011011111101000011111111001101111011001111011110110',0.00013333333333333334,4.714045207910317e-5,0.1056338028169014
'111011111100110001111001011001101000011111011001101111100001001011110110',,,0.176056338028169
'111101111111010001111011011001111111111111100101101111100101111011110100',,,0.13380281690140844
'111011111100110111111001011111101000011111000001101111110001001011110110',,,0.19014084507042253
'000010000011001000000100100110000000000000011010010000101010000000001001',,,0.14788732394366197
'110100101000001111111010100001010111100100100100001010000100111010101001',,,0.3028169014084507
'101011111100110111111001011111111111111111011101101111111101001011110110',0.00013333333333333334,4.7140452079103176e-5,0.1619718309859155
'111001111111110111010001111111111111111111011111100101111111001001110110',,,0.14788732394366197
'000010001000001110111100111000010111110000000100011010100100000111001000',,,0.2323943661971831
'000100001100001110111110000110010111100000111100011010111100110110001001',,,0.2323943661971831
'011010001111000000111100011000000000010000000000011010100001000111010100',,,0.2323943661971831
'000010000100001000000100111110010111110000000110010000000110000101001000',,,0.16901408450704225
'000010000011001000000100011000010111110000011110010000001110000101001000',,,0.176056338028169
'101110001111110111111011111000101000011000111001101111111001111111110110',,,0.14788732394366197
'000010000000001000000100100000000000000000011010010000100010000100001001',,,0.09859154929577464
'010010000000001110000100111110000000010000011010010000011010000100001001',,,0.1619718309859155
'111101111011110001111011000111111111101111100101101111010101111011110110',,,0.16901408450704225
'111011110111110111000101111111111111111111000111100101111111001001110110',,,0.19718309859154928
'111001010100010000000001111111101000011011011011100101100011000101110110',,,0.2676056338028169
'100110110011010111000011111111111111111111111111100101111110111001100010',,,0.176056338028169
'001000001111000000111100111000010111110000000100011010100101000111010100',,,0.2676056338028169
'111110101111000001111011111001101000010100100000001111000001111011110100',,,0.16901408450704225
'001011010111110110000100011110000000011011011011110000111011000100010111',,,0.2535211267605634
'011011010000110110000000100000000000001011011011110000111011000000010111',,,0.2676056338028169
'110111111000111111111011100111111111101111111101101111011100111001101010',,,0.2112676056338028
'010010000011001110000100011000000000010000000010010000001010000100001001',,,0.14084507042253522
'010100000011001000101110000000000000000000111000011010001000110100001001',,,0.21830985915492956
'010010001111101000111100111110010111110000011100011010101100000110001011',,,0.2323943661971831
'010010001111001000111100111110010111110000000100011010000100000111001000',,,0.22535211267605634
'010010000111001000000100100110010111100000011110010000001110000100001001',,,0.11971830985915492
'101111110100110111000011000111101000001111111011100101111011111000110111',,,0.2112676056338028
'101001111000110001111001111001101000011111000001101111100001001011110110',,,0.15492957746478872
'001001011000110110111000100110000000001011000001111010110001000010010111',,,0.2676056338028169
'111101110100110001000011011111101000011111111011100101010011111001110110',,,0.18309859154929578
'010011001011001110111100000000010111100000000100011010001100000110001001',,,0.18309859154929578
'110111110011111111000011011001111111111111111111100101011110111001101010',,,0.176056338028169
'000010001011001000111100111110010111110000000100011010000100000111001000',0.0001,0.0,0.21830985915492956
'010010001011001000111100111110000000010000000000011010000000000111001000',,,0.2112676056338028
'101101110100110001000011111111101000011111111011110101010011111001110110',,,0.2112676056338028
'111111111011110111111011000001111111101111111101101111011101111011110110',,,0.1267605633802817
'111001111011110111111001111111101000011111000001101111111001001011110110',,,0.1619718309859155
'000000000111001000000100000110010111100000000110010000100110000100001001',0.00016666666666666666,4.714045207910317e-5,0.1267605633802817
'111101111100110111111011111001101000011111111001101111011001111011110110',0.0001,0.0,0.1267605633802817
'010011001011001000111100011110010111110000011100011010101100000110001001',,,0.23943661971830985
'000001000011111110000101111110011111111000011110000101111110000101101011',,,0.3028169014084507
'101001111011110111111001111111101000011111011001101111111001001011110110',,,0.14788732394366197
'010000001100001000111100011110010111110000011100011010100100000110001001',,,0.19718309859154928
'110010111011011110111001111001101000011110000001101111001000000011101000',,,0.3028169014084507
'011000000100000000000100111110000000010000011010010000000011000101010100',,,0.21830985915492956
'100001111011111110111001111001100000011111011001101111001000000011101010',,,0.2535211267605634
'010010000100001110000100011110010111110000000110010000010110000101001000',,,0.19014084507042253
'010000000000001000000100011000000000010000000010010000000010000100001001',,,0.08450704225352113
'010011001111001000111100111000000000010000000000011010000000000110001001',,,0.16901408450704225
'101001111011110110111001011001101000011111000001101111111001000011110110',,,0.21830985915492956
'111001110111110110000001011111101000011111011011100101111011001001110110',,,0.19014084507042253
'010110000111001000000110100000010111100000100110010000000110110100001001',,,0.16901408450704225
'001000001100000110111100000000000000000000000000011010110001000110010101',,,0.2112676056338028
'000100000000001110000110100110000000000000100010010000010010110100001001',,,0.176056338028169
'000010000011111110000100100110000000001000000010010000011010000100001011',,,0.16901408450704225
'101011010111110000000101111111101000011011011011110100111011000101010110',,,0.28169014084507044
'101101110100110001000011000111101000001111100011100101010011111001110110',,,0.22535211267605634
'010100000111001000000110100110000000000000111010010000001010110100001001',,,0.19014084507042253
'000010000111001000000100011000000000010000000010010000000010000100001001',,,0.09859154929577464
'010110101000001001111110100110010111100100100100011010000100111010001001',,,0.2535211267605634
'111100111111110001111011000111111111101110100101101111110101111010110111',,,0.19718309859154928
'111111110000110111000011100111101000001111111011100101111011111000110111',,,0.19718309859154928
'111001111111110111111001011001101000011111011001101111011001001011110110',,,0.19014084507042253
'111011110100110111000001011111101000011111011011100101011011001001110110',,,0.22535211267605634
'111001111000110111111001011111101000011111000001101111110001001011110110',,,0.19014084507042253
'101101111011110111111011100001101000001111111001101111011001111011110110',,,0.14788732394366197
'101101111100110001111011100001101000001111100001101111000001111011110110',,,0.1619718309859155
'101011111111110001111001011001111111111111011101101111101101001011110110',,,0.19014084507042253
'010010001011001000111100100000000000000000000000011010100000000110001001',,,0.15492957746478872
'000001110000101110000000100000010111100011011111110000101110000000001011',,,0.21830985915492956
'000000000000001110000100000110000000000000011010010000111010000100001001',0.00013333333333333334,4.7140452079103176e-5,0.13380281690140844
'110000001011111110111001011000111111110000000100011110101100000111001010',,,0.29577464788732394
'111100111100000001111011111001111111110110111101101111000101111011110100',,,0.19718309859154928
'111101111011110001111011111001101000011111100001101111000001111011110110',,,0.14084507042253522
'111111111011110111111011100111101000001111100001101111111001111010110111',,,0.15492957746478872
'101100111000110111111011011001101000011111100001101111010001111011110110',,,0.16901408450704225
'010000001011001110000100000000000000000000000010010000101010000100001001',,,0.14788732394366197
'000010001111001110111100111000000000010000000000011010101000000111001000',,,0.2535211267605634
'101100101100110001010011011111101000011100100010100101110011111001110110',,,0.2112676056338028
'010010000000001000000100011000010111110000011110010000000110000101001000',,,0.16901408450704225
'101111110111110001101011111111111111111111111111100111011101111001110110',,,0.13380281690140844
'101001110100110000000001111001111111110111011111100101100111001001110110',,,0.23943661971830985
'010000001000001110111100111110000000010000000000011010110000000110001001',,,0.21830985915492956
'000011001011001000111100100110010111100000011100011010101100000110001001',,,0.20422535211267606
'010010000111001000000100000110010111100000000110010000100110000100001001',,,0.13380281690140844
'101101111100110111111011100001101000001111111001101111011001111010110111',,,0.2112676056338028
'010000000000001000000100000110010111100000011110010000100110000100001001',,,0.13380281690140844
'110101111011111001111011100001101000001111111001101111001000111010101011',0.0001,0.0,0.28169014084507044
'101111111100110111111011000111101000001111100001101111110001111010110111',0.0001,0.0,0.19014084507042253
'111101110100110001000011000111101000001111111011100101010011111000110111',,,0.2535211267605634
'011011010111110000000100111110000000011011011011110000111011000100010111',,,0.24647887323943662
'101101110100110111000011111111101000011111100011100101110011111001110110',0.00013333333333333334,4.714045207910317e-5,0.1619718309859155
'101101111111100001111011000001100000001111111001101011101001111010110101',,,0.28169014084507044
'100000101000011110111001111111100000011100000000011110000000000011001010',,,0.2676056338028169
'010010000100001110000100111110000000010000000010010000010010000100001001',,,0.14788732394366197
'001000001100000000111100111110000000010000011000011010100001000110010101',,,0.21830985915492956
'010110100111001000000110100000010111100000111110010000001110110000001001',,,0.2112676056338028
'001110001100000111111110100110010111100000100100011010110101111110010101',,,0.2535211267605634
'010010000011001110000100000110010111100000000110010000111110000100001001',0.00016666666666666666,9.428090415820633e-5,0.14788732394366197
'010110001011001000111110100000000000000000111000011010001000110110001001',,,0.21830985915492956
'111100110100000111000011111001111111111110100111100101110111111001110100',,,0.19718309859154928
'000000001011101000111100000000010111100000000100011010100100000110001011',,,0.1619718309859155
'000010001000001000111100011000010111110000000100011010000100000110001001',,,0.14084507042253522
'000010001011001000111100100000010111100000011100011010101100000110001001',,,0.18309859154929578
'101001111000110111111001011001101000011111000001101111010001001011110110',,,0.21830985915492956
'000000000011001000000100111000010111110000000110010000100110000101001000',,,0.18309859154929578
'010000000111001110000100100000010111100000011110010000101110000100001001',,,0.14084507042253522
'010000000111001110000100000000000000000000011010010000001010000100001001',,,0.09859154929577464
'111101111100110001111011011001111111111111100101101111100101111011110110',,,0.1056338028169014
'100010000000101110000001011001111111110000011111100101101110000101101000',,,0.33098591549295775
'000000101000001000111100100000010111100100011100011010000100000010001001',,,0.15492957746478872
'110010111011111110111001011001101000011100000001101111001000000011101010',,,0.2887323943661972
'000010001011001000111100011000000000010000000000011010000000000110001001',,,0.13380281690140844
'010010001011001000111100111000010111110000011100011010101100000110001001',,,0.22535211267605634
'110101001000011110111010100110100000001001111001111110011000110010001011',,,0.323943661971831
'101101111100110001111011111001111111111111100101101111100101111011110110',,,0.11267605633802817
'101001110000110111000001111111101000011111000011100101010011001001110110',,,0.23943661971830985
'100111110011111111000011000001111111101111100111100101011110111000101011',,,0.2323943661971831
'010000001000001110111100000000010111100000000100011010000100000110001001',,,0.13380281690140844
'100011110000111110000001011111111111111111011111100101011110000101101010',,,0.22535211267605634
'000010000111001000000100100000000000000000011010010000101010000100001001',,,0.14084507042253522
'000010001111001110111100000000010111100000000100011010101100000110001001',,,0.18309859154929578
'111101111100110111111011111111111111111111100101101111010101111011110110',,,0.1267605633802817
'000110000100001000000110000110000000000000111010010000100010110100001001',,,0.18309859154929578
'001010001100000110111100111000000000010000000000011010110001000110010101',,,0.23943661971830985
'111011110000110111000001000111111111101111011111100101111111001001110110',,,0.2112676056338028
'111101110111110111000011111001111111111111111111100101111111111001110110',0.0001,0.0,0.1056338028169014
'000010000011001110000100000000010111100000000110010000001110000100001001',,,0.1056338028169014
'101101111011110111111011111001111111111111111101101111011101111011110110',,,0.09859154929577464
'010000000000001000000100111000000000010000011010010000000010000100001001',0.0001,0.0,0.1056338028169014
'101111111011110111111011100001101000001111111001101111111001111011110110',,,0.11267605633802817
'011011000100000000000100111110000000010001000010010000100011000101010100',,,0.2323943661971831
'100010000111111110000001011111101000010000000010110100011010000101001010',,,0.30985915492957744
'010000001000001110111100000000000000000000000000011010000000000110001001',0.00016666666666666666,9.428090415820633e-5,0.11267605633802817
'000001001000101110111100000000010111100000011100011010101100000110001001',,,0.20422535211267606
'000000101011001000111100011111000000010100011000001010001000000111001000',,,0.2535211267605634
'000111100011001111000110000001010111100111111110010000111110111000001001',,,0.2535211267605634
'011010001100000000111100111110000000010000000000011010100001000110010101',,,0.19718309859154928
'111101111111110111111011100001101000001111100001101111011001111011110110',,,0.15492957746478872
'111111111111010001111011011001111111111111100101101111100101111011110100',,,0.1267605633802817
'110100101011011001111011011111111111110100100100001111000100111011101010',,,0.23943661971830985
'100111111011111111111011100111111111101111111101101111011100111110101011',,,0.2112676056338028
'111101110100110001000011011111111111111111111111100101110111111001110110',,,0.14788732394366197
'010010001000001000111100111110000000010000000000011010100000000111001000',,,0.22535211267605634
'111111111100110001111011100111101000001111111001101111110001111010110111',0.00013333333333333334,4.714045207910317e-5,0.16901408450704225
'010010100000001110000100011110000000010000000010010000010010000001001000',,,0.2112676056338028
'101111111100110111111011011001101000011111111001101111111001111011110110',0.0001,0.0,0.11267605633802817
'000010000100001110000100000000010111100000011110010000101110000100001001',,,0.14084507042253522
'000010000111001000000100011000010111110000000110010000000110000101001000',,,0.1619718309859155
'010010001111001110111100011000010111110000011100011010001100000110001001',,,0.18309859154929578
'001001001111000000111100011000000000010000000000011010000001000111010100',,,0.2605633802816901
'101100111111110001111011111111101000011111100001101111110001111011110110',,,0.14084507042253522
'001101010111000001000110100000000000000011111011110000001011111100010101',0.0001,0.0,0.29577464788732394
'010000001100001000110100000000010111100000011110010010100100000100001001',,,0.14788732394366197
'010000001100001110111100111000010111110000000100011010000100000110001001',,,0.1619718309859155
'000010001100001110111100100110000000000000000000011010010000000110001001',,,0.1619718309859155
'111001111011110001111001100111111111101111011101101111111101001011110110',,,0.16901408450704225
'000000001111001000000100000110010111100000000100010000100110000100001001',,,0.15492957746478872
'100100000100111111000011111111111111111000100110000101010110111101101010',,,0.2676056338028169
'110100110000011111000011000111111111101111111111110101011110111000101011',,,0.29577464788732394
'111101111100110001111011100111101000001111100001101111010001111011110110',,,0.1619718309859155
'001110001100000001111110000000000000000000111000011010000001111110010101',,,0.23943661971830985
'000011000011001110000100000000000000000001000010010000101010000100001001',,,0.14788732394366197
'000010000111001000000100100110000000000000000010010000100010000100001001',,,0.11971830985915492
'111111110000110001000011100001101000001111111011100101100011111001110110',,,0.176056338028169
'111100110100110111000011011001101000011110100011100101010011111001110110',,,0.20422535211267606
'101111110000110111000011011111111111111111100111100101010111111001110110',,,0.176056338028169
'010000001100001000111100111000010111110000000100011010000100000110001001',,,0.14788732394366197
'111001111011110111111001111111111111111111000101101111111101001011110110',,,0.14084507042253522
'110101010011111111000011000000101000001011100011100101011010110100101011',,,0.30985915492957744
'110110110011011001000011011111111111111111111111100101001110111001101010',,,0.23943661971830985
'111101111111110111111011011001101000011111100011100111111001111011110110',,,0.1267605633802817
'010000001000001000111100111000000000010000000000011010000000000110001001',,,0.13380281690140844
'001100010111110111000010000110000000001011100011110000111011111100010111',,,0.2887323943661972
'111111110111110001000011000111101000001111100011100101110011111000110111',,,0.21830985915492956
'000000001111001110111100000000000000000000000000011010001000000110001001',,,0.14084507042253522
'101100110100110001000011011001101000011100100011100101000011111001110110',,,0.2112676056338028
'010010000100101110000100000110010111100000000110010000110110000100001001',,,0.1619718309859155
'010000000100001110000100100000010111100000011110010000101110000100001001',,,0.14084507042253522
'111111110100110001001011111111101000011111100001101101110011111011110110',,,0.13380281690140844
'010011000000111110000100000110000000000001011010010000011010000100001011',,,0.19718309859154928
'110000111011001000111000011111010111111100011101101011001100000011101000',,,0.2746478873239437
'010010001100001110111100100000010111100000011100011010101100000110001001',0.00013333333333333334,4.714045207910317e-5,0.19014084507042253
'101111110111110001000011000111111111101111111111100101111111111000110111',,,0.19014084507042253
'010000001000001110111100011000000000010000000000011010100000000110001001',,,0.16901408450704225
'010000000011001110000100100000010111100000011110010000001110000100001001',0.00016666666666666666,9.428090415820633e-5,0.11971830985915492
'110000101000101000111000011001010111110100000100001011000100000011101010',,,0.2323943661971831
'111101111011110111111011000111101000001111100001101111011001111011110110',,,0.15492957746478872
'111101111100110001111011000111111111101111111101101111110101111010110111',,,0.176056338028169
'010000101000001000111100111110000000010000011000011010000000000011001000',,,0.22535211267605634
'111111110111110001000011000001111111101111111111100101101111111000110111',,,0.21830985915492956
'011011010100110110000100100000000000001011011011110000111011000100010111',,,0.2323943661971831
'010001011011101110111100100000000000000011000000011010001000000110001011',,,0.19718309859154928
'001000001100000000111100000000000000000000000000011010100001000110010101',0.0003,8.164965809277261e-5,0.16901408450704225
'101110100100000001000011100111101000000100100010000101010011111001110100',,,0.2676056338028169
'000000001011001000111100100000000000000000011000011010001000000110001001',0.00013333333333333334,4.714045207910317e-5,0.14084507042253522
'000010001011001000111100000000010111100000011100011010101100000110001001',0.0001,0.0,0.176056338028169
'011100001100000001111110100000000000000000111000011010100001111110010101',,,0.2112676056338028
'011111110111110001000110000000010111101011111111100101111111111000110111',,,0.28169014084507044
'000000000000001000000100111110010111110000011110010000000110000101001000',,,0.16901408450704225
'111011110100110111000001011001101000011111011011100101111011001001110110',,,0.2112676056338028
'010100001100001000111110000110000000000000100000011010000000110110001001',,,0.176056338028169
'101111111000110111111011111001101000011111111001101111111001111011110110',,,0.09859154929577464
'111111111111110001111011111111111111111111111101101111011101111011110110',0.00013333333333333334,4.7140452079103176e-5,0.08450704225352113
'000100000111001110000110000110010111100000100110010000111110110100001001',,,0.20422535211267606
'100101111000111111111011011111111111111111111101101111011100111011101010',,,0.15492957746478872
'111001111000110111111001000001101000001111000001101111010001001011110110',,,0.24647887323943662
'010010001111001110111100011000000000010000011000011010001000000110001001',,,0.176056338028169
'000100001011001110011110100110010111100000100100011000011110110110001001',,,0.2112676056338028
'001001010111000000000100111000000000010011011011110000101011000101010100',,,0.2746478873239437
'000000000111001110000100100110000000000000011010010000011010000100001001',,,0.1056338028169014
'010010000011001110000100000110000000000000011010010000011010000100001001',,,0.11267605633802817
'101111110111110111000011100001101000001111100011100101111011111000110111',0.00013333333333333334,4.7140452079103176e-5,0.21830985915492956
'100111110011111111000011100001111111101111100111100101011110111001101010',,,0.2112676056338028
'010001011011111000111000000000010111101011011101101011001100000110001011',,,0.2605633802816901
'000000001100001000111100000110000000000000011000011010000000000110001001',,,0.11971830985915492
'010010001111001000111100000110010111100000000100011010100100000110001001',,,0.176056338028169
'111011111100110001111001100111111111101111000101101111000101001011110110',,,0.2323943661971831
'111101111011110111111011011001101000011111100001101111011001111011110110',,,0.14084507042253522
'111101111111110001111011011111111111111111100101101111110101111011110110',,,0.1056338028169014
'000010000011001110000100011110000000010000000010010000011010000101001000',,,0.18309859154929578
'101011110111110111000001111111111111111111000111100101111111001001110110',,,0.18309859154929578
'110101110011111111000011000001111111101111100111100101011110111000101011',,,0.2535211267605634
'100110110011001111000010011111000000011100111011100001011010111000101001',,,0.23943661971830985
'100111111011111001111011100001111111101111111101101111101100111010101011',,,0.23943661971830985
'001110000100000001000110011110000000010000100010010000110011111100010101',,,0.2535211267605634
'101011111000110001111001011111101000011111011001101111100001001011110110',,,0.19718309859154928
'110110100011001001000111011111101000010100111010010100001010111001101000',,,0.2887323943661972
'011010001111000000111100011000010111110000000100011010100101000111010100',,,0.2676056338028169
'101101110111110111000011100111101000001111111011100101111011111001110110',,,0.15492957746478872
'010110000000001000000110011110010111110000100110010000000110110100001001',,,0.19718309859154928
'111101110011110111000011111001111111111111100111100101111111111001110110',,,0.1267605633802817
'101001111011110001111001011111101000011111011001101111111001001011110110',,,0.16901408450704225
'101100110011110111000011111001101000011111100011100101011011111001110110',,,0.19718309859154928
'101110111111110111111011100001111111101110100101101111111101111110110111',,,0.19014084507042253
'111011110100110111000001100001111111101111011111100101011111001001110110',,,0.23943661971830985
'011010001100000110111100100110000000000000000000011010110001000110010101',,,0.19718309859154928
'101011111011110111000001111111111111111111000111100101111111001001110110',,,0.176056338028169
'011010001100110110111000000000000000000000000000011010110001000110010111',,,0.2535211267605634
'100001111011111110111001111001101000011111000001101111001000000011101010',,,0.24647887323943662
'000110000111001110000110100000010111100000111110010000011110110100001001',,,0.176056338028169
'111011011111110110111001011001111111111011000101101111111101000111110110',,,0.2112676056338028
'101111110011110001000011000111111111101111100111100101010111111000110111',,,0.24647887323943662
'111111011111110111111011100001111111101111100101101111111101111110110111',,,0.1619718309859155
'101111111011110001111011000001111111101111111101101111001101111011110110',,,0.16901408450704225
'010110001011001110111110000110000000000000111000011010011000110110001001',,,0.19718309859154928
'101001110111110111000001011111101000011111011011100101011011001001110110',,,0.21830985915492956
'111011110011110111000001011001111111111111000111100101111111001001110110',,,0.19718309859154928
'000000001011001110111100100110010111100000000100011010111100000110001001',,,0.176056338028169
'101101111111110001111011011111101000011111100001101111110001111011110110',0.00013333333333333334,4.7140452079103176e-5,0.1267605633802817
'110100101011001001100011000111111111100100100110000111000100111001101000',,,0.30985915492957744
'000001001011111110111100000000010111101000000100011010111100000110001011',,,0.23943661971830985
'100110101000001001111011000001111111100100111100001111000100111011101000',,,0.23943661971830985
'010000000111001000000100100000010111100000000110010000000110000100001001',,,0.09154929577464789
'111011110111110111000001111111111111111111011111100101111111001001110110',,,0.15492957746478872
'101001111011110001111001111111101000011111000001101111100001001011110110',,,0.18309859154929578
'101110110100110001000011100111101000001111111011100101110011111000110111',,,0.24647887323943662
'010000001000001000111100011000010111110000011100011010000100000111001000',,,0.20422535211267606
'000100000100001000000110111110010111110000111110010000100110110100001001',,,0.24647887323943662
'111101110100110001000011000001111111101111111111100101000111111000110111',,,0.2605633802816901
'010110000011001000000110011110000000010000111010010000001010110100001001',,,0.2112676056338028
'000010001100001110111100111000000000010000000000011010000000000110001001',,,0.14788732394366197
'010100001000001000111110100000010111100000111100011010100100110110001001',,,0.23943661971830985
'111011110100110111000001111001111111111111000111100101110111001001110110',,,0.20422535211267606
'110100101100111111111111100001111111100100111100001111001100111010101011',,,0.31690140845070425
'111101110111110111000011111111101000011111100011100101011011111001110110',,,0.15492957746478872
'010110000000001000000110100110010111100000100110010000000110110100001001',,,0.176056338028169
'001001000100000110000100000000000000000001000010010000110011000100010101',,,0.21830985915492956
'001100001100000001111110100000000000000000111000011010100001111110010101',,,0.22535211267605634
'101100111100010001111011011001111111111111111101101111100101111011110110',,,0.16901408450704225
'010010000100001000000100011000010111110000011110010000100110000100001001',,,0.14788732394366197
'110100101000001001111011011001101000010100111000001111000000111011101000',,,0.22535211267605634
'111101110011110111000011111001111111111111111111100101011111111001110110',,,0.14084507042253522
'110001110000111110000001111111111111111111011111100101011110000101101010',,,0.23943661971830985
'111101110100110111000011011111101000011111111011100101011011111001110110',,,0.1619718309859155
'010010000111001000000100111000010111110000011110010000101110000101001000',,,0.21830985915492956
'000010001000001110010100000000000000000000000010011000000010000110001001',,,0.09859154929577464
'101100110100000001000010000001010111101111111111100001100111111000110101',,,0.323943661971831
'101111110011110001000011111111101000011111111011100101011011111001110110',,,0.15492957746478872
'101111111100110001111011111111111111111111100101101111110101111011110110',0.0002,8.16496580927726e-5,0.1056338028169014
'101101110011110001000011011001101000011111100011100101100011111001110110',,,0.1619718309859155
'110110101011000001111011011001101000010100100000001111100001111011100100',,,0.15492957746478872
'010000001000001000011100111000000000010000000010011000000010000111001000',,,0.18309859154929578
'010010000111001110000100111110000000010000000010010000011010000100001001',,,0.15492957746478872
'010001110000111110000000000000000000001011011011110000001010000000001011',,,0.2112676056338028
'000000000000001000000100111000000000010000011010010000000010000100001001',,,0.09154929577464789
'101111110100110111100011111111111111111111100111100111010111111001110110',,,0.19014084507042253
'000010001100001110111100000110010111100000011100011010011100000110001001',,,0.15492957746478872
'100100100011001001000111111111111111110100100110000101000110111001101000',,,0.2535211267605634
'010110001100011111111110100000010111101000111100001011011100110110101001',,,0.30985915492957744
'000010001000111110111100100110000000001000011000011010011000000110001011',,,0.2112676056338028
'101101110111110001000011011001101000011111111011100101101011111001110110',,,0.176056338028169
'000000000000001110000100000000000000000000000010010000000010000100001001',,,0.056338028169014086
'000000001000001110000100111110010111110000000110010000110110000100001001',,,0.18309859154929578
'010000001011001110111100111110010111110000000100011010011100000110001001',,,0.19014084507042253
'010010001011001110111100111000010111110000000100001010001100000111001000',,,0.2605633802816901
'110011111011111000111001111001111111111111011101101111001100000011101010',,,0.24647887323943662
'000000001011101110111100100110010111100000000100011010011100000110001001',,,0.1619718309859155
'101101110100110001000011011001101000011111100011100101100011111001110110',,,0.15492957746478872
'111111111100010111111011111001101000011111100001101111110001111011110100',,,0.11267605633802817
'101110100111000001000011011001101000010100111011110100001011111001110100',,,0.30985915492957744
'010000000100001000000100011000010111110000000110010000000110000101001000',,,0.14084507042253522
'010001111011111110111000100001010111101111000101101011001100000010001011',,,0.2676056338028169
'010000000011001110000100100110000000000000011010010000011010000100001001',,,0.11267605633802817
'000010000100001110000100100000000000000000000010010000100010000100001001',,,0.1056338028169014
'000010001011001000111100111110000000010000011000011010001000000110001001',,,0.176056338028169
'010010000111001110000100100000000000000000000010010000101010000100001001',0.0001,0.0,0.14084507042253522
'000000000000001110101100111110010111110000000100011010010100000111001000',,,0.22535211267605634
'010000000000001110000100100110000000000000000010010000110010000000001001',,,0.1619718309859155
'010010000011001000000100011110010111110000000110010000000110000100001001',,,0.14084507042253522
'000000001011001110111100011110000000010000011000011010011000000111001000',,,0.20422535211267606
'010000000111001110000100111000010111110000000110010000101110000100001001',,,0.16901408450704225
'010010001100001000111100111000000000010000011000011010000000000110001001',,,0.14788732394366197
'100101111000111111111011100001111111101111111101101111101100111010101011',,,0.24647887323943662
'110010100000101000010100011001111111110100000110000001000110000001101000',,,0.2605633802816901
'111101110011110111101011000001101000001111111001101111111001111011110110',,,0.14084507042253522
'010010001000001110111100100110010111100000000100011010110100000110001001',0.00013333333333333334,4.714045207910317e-5,0.20422535211267606
'110010100000001110000100111001110111110100000110000000000110000001101000',,,0.21830985915492956
'111001010111110000000001011110111111111011000110100101110111000101110110',,,0.2676056338028169
'010001010000111110000100100110010111101011011111110000111110000100001011',,,0.19014084507042253
'010100000111111001000111100110111111101000111110000101001110110100101011',,,0.323943661971831
'010000001000001000111100000110010111100000000100011010100100000110001001',,,0.1619718309859155
'011010001100000110111100111000000000010000000000011010110001000111010100',,,0.2535211267605634
'111111111100110001111011011001111111111111100101101111100101111011110110',0.0001,0.0,0.09859154929577464
'101111111011110111111011100111111111101111100101101111011101111011110110',,,0.11971830985915492
'001110000100000001000110011000000000010000111010010000100011111100010101',,,0.23943661971830985
'010000000011001000000100111000010111110000000110010000000110000100001001',0.0001,0.0,0.1267605633802817
'000000000100001000000100111110000000010000000010010000100010000101001000',,,0.16901408450704225
'100100110011111111000011111111111111111100100111100101011110111001101010',,,0.20422535211267606
'010000000000001000000100000000010111100000000110010000000110000100001001',,,0.07746478873239436
'011011000111000000000100000000000000000000000010010000100011000100010101',,,0.18309859154929578
'010010000011001110000100111110000000010000000010010000111010000100001001',,,0.19014084507042253
'101101111100000001111011111001101000010111111001101111100001111011110100',,,0.16901408450704225
'111111111011110001111011011001111111111111111101101111101101111011110110',,,0.11267605633802817
'000001000011111110000100100110000000001011011010010000011010000100001011',,,0.176056338028169
'101101111100110111111011100001101000001111111001101111111001111010110111',,,0.18309859154929578
'101111111000010001111011000111111111101111100101101111110101111010110111',,,0.19014084507042253
'010010000011001110000100111000000000010000000010010000101010000101001000',,,0.21830985915492956
'101111110011110111000011100001101000001111100011100101111011111000110111',,,0.2112676056338028
'000100000100001000000110100110000000000000111010010000000010110100001001',,,0.16901408450704225
'001011010111010110000100011000000000011011011011110000111011000101010100',,,0.29577464788732394
'101011111111110000111001111111111111111111000101101111110101001011110110',,,0.20422535211267606
'000010001011001110111100000110010111100000000100011010111100000110001001',,,0.176056338028169
'110001111011111000111001111111111111111111011101101111001100000011101010',,,0.23943661971830985
'101101110011110111000011100111101000001111111011100101111011111001110110',,,0.14788732394366197
'010010100000001000000100111000010111110100000110010000000110000001001000',,,0.19014084507042253
'001011001100000110111100000000000000000011000000011010110001000110010101',,,0.24647887323943662
'001000001100000000111100111000010111110000000100011010100101000111010100',,,0.2535211267605634
'100101101000101001111011100111111111100101100100001111000100111010101001',,,0.2746478873239437
'001011011100110110111000000000000000001011011001111010111001000110010111',0.0001,0.0,0.2676056338028169
'000010000011001110000100011110000000010000011010010000011010000101001000',,,0.16901408450704225
'100111111011111111111011111111111111111111111101101111011100111011101010',,,0.14084507042253522
'101101111100110001111011100111101000001111111001101111010001111011110110',,,0.176056338028169
'010110000111001110000110000000010111100000100110010000111110110100001001',,,0.2112676056338028
'010010000011001110000100000000000000000000011010010000001010000100001001',0.0001,0.0,0.11267605633802817
'110101110011111111000011100111111111101111111111100101111110111000101011',,,0.2323943661971831
'111101110011110111000011011001101000011111111011100101111011111001110110',0.0001,0.0,0.14084507042253522
'000100001111001110111110111110000000010000100000011010011000110110001001',,,0.24647887323943662
'011111010111010001000111000110101000001011111011110100111011111100010111',,,0.23943661971830985
'000010000111001000000100111000010111110000011110010000001110000101001000',,,0.19014084507042253
'101011111111110001111001011111101000011111011001101111011001001011110110',,,0.2112676056338028
'111101111000110001111011111111101000011111100001101111110001111011110110',,,0.11267605633802817
'000010000000001000000100011110000000010000000000010010000010000101001000',,,0.14788732394366197
'101101010111110111000011100110101000001011100011110100111011111100010111',,,0.2676056338028169
'001001011111001000111100011000010111110011011101111010101101000110011101',,,0.2605633802816901
'100110101000101001111011000111001000000100100000001011000000111010101001',,,0.28169014084507044
'000000000000001000000100000110010111100000011110010000000110000100001001',0.00013333333333333334,4.7140452079103176e-5,0.09154929577464789
'101111110111110111000011100001100000001111100011100101111011111000110111',,,0.23943661971830985
'000010101000001000111100011001010111110100000100001010000100000011101000',,,0.22535211267605634
'101101110011110001000011011111111111111111100111100101110111111001110110',,,0.15492957746478872
'111100101100000001111011011001101000010100111000101111100001111011110100',,,0.19014084507042253
'010000001000001000111100100110010111100000000100011010100100000110001001',,,0.16901408450704225
'101111111011110111111011111111111111111111100101101111011101111011110110',,,0.09154929577464789
'000100010011111111000111100110111111101010111111000101011110110000101011',,,0.29577464788732394
'000000011011101000111100000110010111100011011100011010111100000110001001',,,0.20422535211267606
'110110101000111111111011000111101000001100100000001111010000111010101011',0.00013333333333333334,4.714045207910317e-5,0.28169014084507044
'010100101011001001111010100000010111100100100100001011100100111010101001',,,0.3028169014084507
'010100001011001110111110100110000000000000111000011010011000110110001001',,,0.2112676056338028
'011000000111000000000100111110000000010000000010010000110011000101010100',,,0.2323943661971831
'100110100000001111000110000001010111100100100110010000100110111000001001',,,0.21830985915492956
'001101010111000001000110100000000000000011111011110000101011111100010101',,,0.28169014084507044
'111111110100110111000011111001101000011111100011100101110001111001110110',,,0.14788732394366197
'000010000100001000000100011000010111110000011110010000000110000100001001',,,0.11971830985915492
'100011111011111110111001011111111111111111011101101111011100000011101010',,,0.19718309859154928
'111111110100110001000011011001111111111111111111100101100111111001110110',0.00013333333333333334,4.7140452079103176e-5,0.15492957746478872
'100101110011111111000011111001111111111111100111100101011110111001101010',,,0.19014084507042253
'010110100011001001000110000000000000000000100010010000000010111000001001',,,0.20422535211267606
'101101111011110111111011111001101000011111111001101111011001111011110110',0.00013333333333333334,4.714045207910317e-5,0.11971830985915492
'111101111111110001111011100001101000001111100001101111000001111011110110',,,0.1619718309859155
'010110000000001110000110000110000000000000111010010000011010110100001001',,,0.18309859154929578
'111001111100110110111001111111111111111111011101101111111101000011110110',,,0.16901408450704225
'111011110111110111000001111111101000011111011011100101111011001001110110',,,0.176056338028169
'101110110000110111000011011111111111111111100111100101110111111001110110',,,0.16901408450704225
'000010001011111110111100100000000000001000000001011010001000000110001011',,,0.19718309859154928
'101110111100110001111010100111101000001111111001101111010001111110110111',,,0.2535211267605634
'111111111100110001111011011001101000011111111001101111100001111011110110',0.0002,0.0001414213562373095,0.1056338028169014
'000110000000001111000110100000000000000000100010010000000010111000001001',,,0.19014084507042253
'101101111100110001111011100001111111101111111101101111000101111011110110',,,0.18309859154929578
'010100000100001110000110100000000000000000100010010000000010110100001001',,,0.15492957746478872
'000110001011001000111110100000010111100000100100011010100100110010001001',,,0.2323943661971831
'010010001011001110111100000110010111100000000100011010011100000110001001',,,0.1619718309859155
'111101110100110001000011111111101000011111111011100101010011111001110110',0.0001,0.0,0.176056338028169
'010110001011001110111110000000000000000000111000011010011000110110101001',,,0.21830985915492956
'010010000100001110000100000000000000000000000010010000000010000100001001',,,0.07042253521126761
'000000001000001110111100000110010111100000011100011010011100000110001001',,,0.14084507042253522
'111101010111110111000011100111111111101111111111100101011111111100110111',,,0.2112676056338028
'111001011111110000111101011110100000011011011001111110111001000111010110',,,0.2887323943661972
'100011010000111110000001111001111111111111011111110101111110000101001010',,,0.29577464788732394
'101101111011110111111011100111111111101111111101101111011101111010110111',,,0.15492957746478872
'101111111100110001111011100111101000001111111001101111110001111011110110',,,0.14084507042253522
'111101110000110111000011100111101000001111100011100101110011111000110111',,,0.22535211267605634
'000000000111001000000100100000000000000000000010010000000010000100001001',0.00013333333333333334,4.7140452079103176e-5,0.07042253521126761
'101111110011110111000011111001111111111111100111100101111111111001110110',,,0.11971830985915492
'101001111100110111111001100111101000001111000001101111010001001011110110',,,0.24647887323943662
'000000101000001110111100111000010111110000000100001010000100000011001000',,,0.23943661971830985
'101111110000110001000011011001111111111111111111100101000111111001110110',,,0.19014084507042253
'000010001100001000000100011000010111110000011110010000100110000101001000',,,0.20422535211267606
'111111110000110001000011000001101000001111111011100101100011111001110110',,,0.18309859154929578
'000110001011001000111110000110010111100000100100011010000100110110001001',,,0.19718309859154928
'010010000000001110000100100000010111100000000110010000100110000100001001',,,0.13380281690140844
'010010000111001000000100011110010111110000011110011000001110000111001000',,,0.21830985915492956
'101100111100010001111011111001101000011100100001101111000001111011110100',,,0.176056338028169
'110101110011111111000011000001111111101111111111100101111110111000101011',0.00013333333333333334,4.714045207910317e-5,0.23943661971830985
'000010001011001110111100111110000000010000000000011010011000000111001000',,,0.2323943661971831
'111101111111110111111011100111101000001111100001101111111001111011110110',,,0.11267605633802817
'010000000100001000000100111110000000010000011010010000000010000101001000',,,0.15492957746478872
'100100100000111111000011100111111111101100100110000101110110111000101011',,,0.2887323943661972
'101101111000110001111011000111101000001111100001101111010001111011110110',,,0.176056338028169
'111001010100110110000001111001111111111011011111100101111111000101110110',,,0.22535211267605634
'000000001100001000111100100000010111100000000100011010000100000110001001',,,0.11971830985915492
'111011111100110001111001011001111111111111011101101111000101001011110110',,,0.2112676056338028
'010000000100001110000100111110010111110000011110010000011110000101001000',,,0.18309859154929578
'101101111111110001111011100111111111101111111101101111111101111010110111',,,0.14788732394366197
'000000000011001110011100100110010111100000011110011000111110000110001001',,,0.16901408450704225
'001010001111000000111100111000010111110000000100011010100101000111010100',,,0.2746478873239437
'010010001011001110111100111110000000010000011000011010111000000110001001',,,0.21830985915492956
'101111111111110111111011011001111111111111100101101111111101111011110110',0.00013333333333333334,4.7140452079103176e-5,0.09154929577464789
'000000000000101000000100000000000000000000011010010000100010000100001011',,,0.09859154929577464
'101101011111110111111011100000101000001011111001101111111001111110110111',,,0.19718309859154928
'110100001000111111111111100111111111101000111100001111011100110110101011',,,0.31690140845070425
'000110000100001000000110000110010111100000100110010000000110110100001001',,,0.1619718309859155
'100111111011111111111011100111111111101111100101101111011100111011101010',,,0.18309859154929578
'101111110011110001000011011111101000011111100011100101010011111001110110',,,0.18309859154929578
'100000101000111110111001111111111111111100000100001111010100000011101010',0.00016666666666666666,4.714045207910317e-5,0.2676056338028169
'011110001100000001111110100000000000000000111000011010100001111110010101',0.0001,0.0,0.20422535211267606
'111000111111110111111001111001101000011110000001101111111001001011110110',,,0.19014084507042253
'111001110011110001000001111111101000011111011011100101011011001001110110',,,0.21830985915492956
'111111110000110111000011011001101000011111100011100101010011111001110110',,,0.18309859154929578
'010110000100001110111110100000010111100000100100011010100100110110001001',,,0.22535211267605634
'101101110100110001000011000001111111101111100111100101100111111000110111',,,0.2323943661971831
'111001110111110001000001011111101000011111011011100101111011001001110110',,,0.19014084507042253
'111001111100110110111001000111101000001111011001101111111001001011110110',,,0.20422535211267606
'010000001100001000111100100000010111100000000100011010100100000110001001',,,0.14788732394366197
'111101110111110111000011011111111111111111100111100101011111111001110110',,,0.14084507042253522
'000000000000001110000100000000000000000000011010010000101010000100001001',,,0.11971830985915492
'010110000100001000000110011110000000010000100010010000000010110100001001',,,0.16901408450704225
'011000001100000000111100000000000000000000000000011010100001000110010101',,,0.15492957746478872
'101111110100110001000011000111101000001111100011100101010011111001110110',,,0.21830985915492956
'011001011100000000111100000000000000000011000001111010100001000110010101',,,0.20422535211267606
'010000001011001000111100011110010111110000011100011010001100000111001000',,,0.22535211267605634
'101001110000110111111001111001101000011111011001101111111001001011110110',,,0.19014084507042253
'000010001011001000111100000000000000000000011000011010101000000110001001',,,0.16901408450704225
'010000000011001000000100111110000000010000000010010000100010000101001000',,,0.19014084507042253
'101111110100110001000011000001111111101111100111100101100111111000110111',,,0.22535211267605634
'000110000000001000000110100110010111100000100110010000100110110100001001',,,0.19014084507042253
'101101110011110111000011000001101000001111100011100101111011111001110110',,,0.18309859154929578
'100101111011111111111011111111111111111111111101101111011100111011101010',,,0.14788732394366197
'010000000000111110000100000110010111101000011111010000111110000100001011',,,0.176056338028169
'011100010111110111000111100000000000001010100011110100111011111100010111',,,0.28169014084507044
'001101010100110111000110000110000000001011111011110000111011111100010111',,,0.28169014084507044
'110111111011111001111011011111111111111111111101101111001100111011101010',,,0.19014084507042253
'000110001000001000111110000110000000000000100000011010100000110110001001',,,0.19014084507042253
'010000001000001000111100100000000000000000011000011010000000000110001001',,,0.11971830985915492
'000000000111001110000100000000010111100000011110010000101110000100001001',,,0.13380281690140844
'111101111111110111111011011001111111111111111101101111011101111011110110',,,0.09859154929577464
'000010001111001110111100111110000000010000011000011010011000000111001000',,,0.22535211267605634
'010100000100001000000110111000010111110000111110010000000110110100001001',,,0.20422535211267606
'111111110000110111000011000001101000001111100011100101010011111000110111',,,0.2535211267605634
'011010000111110000000100000110000000001000000010010000110011000100010111',,,0.22535211267605634
'000000000100001110000100000000010111100000011110010000101110000100001001',,,0.13380281690140844
'101101110111110111000011111001111111111111111111100101011111111001110110',,,0.14788732394366197
'010011001000111110111100000000010111100000011100011010001100000110001011',,,0.21830985915492956
'111111110100110111000011000111101000001111100011100101010011111001110110',,,0.20422535211267606
'000101000011001000000110000000010111100000111110010000001110110100001001',,,0.20422535211267606
'111111111100110111110011111111101000011111111001101111111011111011110110',,,0.1267605633802817
'110111111011111111111011000111101000001111111001101111011000111010101011',,,0.23943661971830985
'000000000011001110000100011110000000010000000010010000011010000101001000',,,0.176056338028169
'111111111111110001111011000001111111101111111101101111101101111110110111',,,0.19014084507042253
'111100100100000001000111111001101000010100100010010100000011111001110100',,,0.23943661971830985
'111101111011110001111011100001101000001111100001101111100001111011110110',,,0.14084507042253522
'001010001100000000111100111110010111110000000100011010100101000111010100',,,0.2746478873239437
'101111110111110001000011011001111111111111111111100101101111111001110110',,,0.1619718309859155
'010010000000001000000100111110000000010000011010010000000010000101001000',,,0.16901408450704225
'101101110011110001000011000111101000001111111011100101011011111001110110',,,0.19718309859154928
'010100001100001000111110100110010111100000111100011010000100110110001001',,,0.21830985915492956
'111011110011110001000001100111111111101111011111100101011111001001110110',,,0.2323943661971831
'010000000011001000101100100110010111100000000110011010100100000100001001',,,0.19718309859154928
'000000000000001000000100011000000000010000011010010000000010000100001001',,,0.08450704225352113
'011011000000001110000100100110010111100001000110010000110111000000011001',,,0.21830985915492956
'111101111100010111111011011001111111111111100101101111110101111011110110',,,0.11971830985915492
'111101110100110111000011111111111111111111111111100101111111111001110110',,,0.1056338028169014
'110100000011001000000110000001011111100100111110000000011110110100111001',,,0.28169014084507044
'100110110000111111101011111111111111111100111111100101011100111011101010',,,0.21830985915492956
'101111110100000111000011111001101000011111111011100101011011111001110100',,,0.19718309859154928
'000000001011001110111100111110000000010000011000011010111000000110001001',,,0.19718309859154928
'011001011111010000111000111110000000011011000001111010100001000111010100',,,0.3028169014084507
'101011111111110111111001000111101000001111000001101111011001001011110110',,,0.23943661971830985
'010000001011001110000100100110000000000000000010010000111010000100001001',,,0.16901408450704225
'000100000000001000000110000000000000000000111010010000000010110100001001',,,0.14084507042253522
'000001001011101110111100100110000000000000000000011010011000000110001011',,,0.19014084507042253
'001000000100000000000100111110000000010000011010010000000011000101010100',,,0.2323943661971831
'000000001011001110000100000000010111100000000110010000101100000100001001',,,0.1619718309859155
'001110000111000001000110000110010111100000100110010000110111111100010101',,,0.2605633802816901
'000010000111001000000100100110000000000000011010010000101010000100001001',,,0.14084507042253522
'111111111111110001111011111111111111111111100101101111110101111011110110',,,0.09154929577464789
'110011110011111000000001111111111111111111011111100101001110000001101010',,,0.24647887323943662
'010000000011001110000100000000010111100000011110010000001110000100001001',,,0.11267605633802817
'000010001100001110111100011000010111110000011100011010101100000110001001',,,0.2112676056338028
'010011000011001110000100100000000000000001000010010000101010000100001001',,,0.16901408450704225
'111101111000110111111011100111111111101111111101101111111101111010110111',,,0.14084507042253522
'101101110011110111000011111001111111111111111111100101111111111001110110',,,0.11267605633802817
'111111110011110001000011000111101000001111111011100101111011111000110111',,,0.20422535211267606
'010000001011001110111100100000000000000000011000011010001000000110001001',,,0.15492957746478872
'000010001011101110111100000000010111100000011100011010001100000110001001',,,0.1619718309859155
'110011110011111110000001111111111111111111000111100101111110000101101010',,,0.2605633802816901
'101101111100110111111011100001111111101111111101101111111101111011110110',,,0.11971830985915492
'000010000111001000100100011110000000010000000010010000000010000100001001',,,0.1267605633802817
'101111111000110111111011111111111111111111100101101111110101111011110110',,,0.09859154929577464
'101101110111110111000011000111111111101111100111100101111111111001110110',,,0.15492957746478872
'000100001000001000111110000110000000000000111000011010000000110010001001',,,0.19718309859154928
'000010000100001110000100100000010111100000011110010000001110000100001001',,,0.11971830985915492
'000000001100001110111100011000010111110000000100011010100100000110001001',,,0.18309859154929578
'011010001100000110111100111000000000010000000000011010010001000111010100',,,0.2535211267605634
'101110111011110111111011111111111111111111111100101111111101111111110110',,,0.09859154929577464
'101101111011110001111011011001101000011111111001101111001001111011110110',,,0.15492957746478872
'111110110100110001000011011001111111111111100111100101100111111001110110',,,0.1619718309859155
'101111110100110111000011011001111111111111100111100101110111111001110110',,,0.15492957746478872
'010000000000001110000100011000010111110000011110010000001110000101001000',,,0.18309859154929578
'111101110000110111000011000111111111101111111111100101011111111001110110',,,0.176056338028169
'111001111011110111111001011011111111111111011101101111111101001011110110',,,0.14084507042253522
'010000000000001110000100111110010111110000000110010000110110000100001001',,,0.18309859154929578
'110100101000001001111011111001111111110100100100001111000100111011101000',,,0.22535211267605634
'010010001100001000111100000110000000000000011000011010000000000110001001',,,0.1267605633802817
'000010001011001110111100111000010111110000000100011010101100000111001000',,,0.2535211267605634
'110111111000111111111011100001111111101111111101101111001100111010101011',,,0.2535211267605634
'110111110000111111000011100111111111101111111111100101011110111000101011',,,0.23943661971830985
'111101110100110111000011100001101000001111111011100101111011111000110111',,,0.2112676056338028
'101011111100110111111001111111111111111111011101101111111101001011110110',,,0.15492957746478872
'011010000100000000000100111000010111110000011110010000100111000101010100',,,0.24647887323943662
'101101110100110001000011011001101000011111111011100101000011111001110110',,,0.19718309859154928
'000010001000001110111100111000000000010000000000011010000000000111001000',,,0.18309859154929578
'101111110000110001000011011111101000011111100011100101010011111001110110',,,0.18309859154929578
'111100110100000001000011011001111111110100100111100101100111111001110100',,,0.22535211267605634
'111101111000110111111011111111101000011111100001101111010001111011110110',,,0.14084507042253522
'010010000100001000000100000110000000000000011010010000000010000100001001',,,0.08450704225352113
'010010100000101000011100000000000000000100000010010000000000000010001011',,,0.15492957746478872
'000000001000001000111100111000010111110000011100011010000100000111001000',,,0.19718309859154928
'000000101000001110111100100110000000000000011000011010111000000010001001',,,0.20422535211267606
'111110111111010001111011011001111111111111100101101111100101111011110100',,,0.14788732394366197
'101111011111110111111011000111101000001111100001101111111001111110110111',,,0.19014084507042253
'010000001011001110111100000000010111100000011100011010101100000110001001',,,0.18309859154929578
'111111111011110001111011111001101000011111100001101111100001111011110110',,,0.1056338028169014
'000010000011001000000100011110000000010000000010010000000010000101001000',,,0.14788732394366197
'000010000000001000000100100000000000000000000010010000100010000100001001',,,0.08450704225352113
'101111110100110111000011011001101000011111111011100101101011111001100110',,,0.16901408450704225
'011001010100110110000101111110111111111011011111100101111111000101110110',,,0.22535211267605634
'110011110011111000000001111001111111111111011111100101101110000001101010',,,0.2605633802816901
'010100000000001001000110100110001000000000111010010000000010111100001001',,,0.2323943661971831
'001010001100000000111100011110010111110000000100011010100101000111010100',,,0.28169014084507044
'010000000011001000000100011110010111110000011110010000001110000100001001',,,0.14084507042253522
'101101111011110001111011011111101000011111100001101111010001111011110110',,,0.14788732394366197
'011100000111000001000110100110010111100000100110010000110111111100010101',,,0.24647887323943662
'000110000011001110000110100110000000000000100010010000011010110100001001',,,0.176056338028169
'010000000000001110000100100110000000000000011010010000011010000100001001',,,0.1267605633802817
'101101110011110111000011111111101000011111100011100101011011111001110110',,,0.1619718309859155
'101011111111110001111001111001111111111111000101101111100101001011110110',,,0.19014084507042253
'101111111100110001111011111001101000011111100001101111100001111011110110',,,0.09859154929577464
'011000110111000000000100111000000000010010011011110000101011000001010100',,,0.2746478873239437
'111001110011110001000001100001111111101111011111100101101111001001110110',,,0.22535211267605634
'101111111100110111111011100111111111101111111101101111111101111010110111',,,0.14084507042253522
'111111111111110111010011111111111111111111111101101111011111111011110110',,,0.11971830985915492
'001000000111000000000100111000010111110000000110010000100111000101010100',,,0.2535211267605634
'000100001100001110111110100000000000000000111000011010001000110110001001',,,0.21830985915492956
'010000000111001110000100111110000000010000011010010000011010000100001001',,,0.13380281690140844
'110101111011111111111011111001111111111111100101101111011100111011101010',,,0.19014084507042253
'101101111111110001101011000111111111101111111111100101111101111000110111',,,0.19014084507042253
'110011111011111000111001111111111111111111011101101111001100000011101010',,,0.24647887323943662
'010000000111001110100100000110010111100000011100011010111110000100001001',,,0.14084507042253522
'111101110100110001000011100001111111101111111111100101000111111001110110',,,0.2112676056338028
'010000000011001110000100100000010111100000000110010000101110000100001001',,,0.14788732394366197
'010011011011101110111100000110000000000011000000011010111000000110001011',,,0.23943661971830985
'111011110111110111000001011111101000011111011011100101111011001001110110',,,0.18309859154929578
'101111110100110111000011100001101000001111100011100101010011111001110110',,,0.2112676056338028
'111101110111010001000011100001101000001111100011100101000011111001110100',,,0.21830985915492956
'101101111111110001111011000001111111101111100101101111100101111011110110',,,0.1619718309859155
'000000000000001110000100000110010111100000000110010000110110000100001001',,,0.13380281690140844
'111100111100000001110011111001101000010100111000100111100001111001110100',,,0.2323943661971831
'000001001011101110111100000000000000000011000001011010001000000110001001',,,0.19014084507042253
'111111111111110001111011011001111111111111100101101111000101111011110110',,,0.14084507042253522
'101101110100110111000011000111101000001111111011100101011011111000110111',,,0.24647887323943662
'110001111011111000111001100111111111101111011101101111001100000011101010',,,0.2535211267605634
'100100100000111111000011000111111111101100111110100101011110111100101011',,,0.28169014084507044
'111110111100110111111011011111111111111110100101101111110101111011110110',,,0.11971830985915492
'010001011011001110111000100000010111100011000101111010101100000110001001',,,0.23943661971830985
'110111111000111111011011111001111111111111111111100101001100111001101010',,,0.2323943661971831
'101101110111010001000011111001101000011111111011100101001011111001110110',,,0.2112676056338028
'000000000000001000000100111110000000010000011010010000000010000101001000',,,0.14788732394366197
'010001000100001110000100100000010111100001000110010000100110000100001001',,,0.14084507042253522
'000011001011001110111100000000000000000000011000011010001000000110001001',,,0.1619718309859155
'100100101000001001111011011111111111110100111100001111000100111011101000',,,0.2323943661971831
'100101111011111001111011100001101000001111111001101111001000111010101011',,,0.2676056338028169
'111111111100110001111011011111111111111111100101101111110101111011110110',,,0.09859154929577464
'010110000011001000101110100110010111100000111100010010001100110000001001',,,0.24647887323943662
'111111111111110001111011011001101000011111111001101111101001111011110110',,,0.11267605633802817
'101101111100110001111011011111111111111111111101101111010101111011110110',,,0.14788732394366197
'111001111100110111111001111111111111111111011101101111111101001011110110',,,0.13380281690140844
'000100000011001000000110000000000000000000111010010000001010110100001001',,,0.176056338028169
'010010000100101110000100100000010111100000011110010000001110000100001011',,,0.13380281690140844
'101111111011110111111011100001101000001111111001101111011001111010110111',,,0.18309859154929578
'101001110011110111000001100111111111101111000111100101111111001001110110',,,0.19718309859154928
'100011111011111110111001111111111111111111011101101111111100000011101010',,,0.21830985915492956
'010100000000001110000110000110000000000000100010010000010010110100001001',,,0.18309859154929578
'111111111111110001111011011111111111111111111101101111011101111011110110',,,0.09154929577464789
'111101110100110111000011111001111111111111100111100101110111111001110110',,,0.14084507042253522
'110001100000111110000001011001111111110100000110000101000110000001101010',,,0.23943661971830985
'111111110111110001000011100111101000001111111011100101111011111100110111',,,0.20422535211267606
'111101110000110111000011011111111111111111111111100101111111111101110110',,,0.13380281690140844
'000000001000001110111100111000010111110000011100011010001100000110001001',,,0.176056338028169
'111100101100000001111011000001111111100100111101101111100101111011110100',,,0.22535211267605634
'101111111100110111111011111111111111111111111101101111111101111011110110',,,0.07042253521126761
'111111111000110001111011011111101000011111100001101111010001111011110110',,,0.14084507042253522
'110110101000101001111011011111111111110100100100001111000100111011101010',,,0.22535211267605634
'111101011100110111111011000110101000001011111001101111111001111110110111',,,0.19014084507042253
'111111110100110001101011111001111111111111100111101111100101111011110110',,,0.11971830985915492
'011100001100000001111110000110010111100000111100011010110101111110010101',,,0.2535211267605634
'001111110111000001000110100000000000000011111011110000101011111000010101',,,0.29577464788732394
'000010001000001000111100111000010111110000011100011010000100000011101000',,,0.2112676056338028
'101101110000110111000011111111101000011111100011100101110011111001110110',,,0.15492957746478872
'111011110011110110000000000111100000001111011011110000111011000000110111',,,0.2676056338028169
'110101110000111111000011011111111111111111111111100101011110111001101010',,,0.18309859154929578
'000010001100001110111100011110010111110000000100011010110100000110001001',,,0.21830985915492956
'000000000011001000000100111110010111110000000110010000000110000100001001',,,0.1267605633802817
'010000000000001000000100011110000000010000011010010000100010000100001001',,,0.14084507042253522
'000000001011001000111100111000000000010000000000011010100000000111001000',,,0.20422535211267606
'010100000111001000000110100110010111100000100110010000000110110100001001',,,0.19014084507042253
'010000000011001110000100000000010111100000000110010000001110000100001001',,,0.11267605633802817
'010010001111001000111100111110000000010000011000011010101000000110001001',,,0.2112676056338028
'000001001011001110111100000000010111100001011100011010001100000110001001',,,0.1619718309859155
'010110000011001000000110000000010111100000100110010000000110110100001001',,,0.16901408450704225
'111111111011110001111011111111111111111111111101101111111101111011110110',,,0.06338028169014084
'000100001100001001111110000000010111100000100100011010000100111110011001',,,0.24647887323943662
'000011000011001110000100100000000000000011011010010000101010000100001001',,,0.1619718309859155
'000000000011001000000100100000010111100000000110010000100110000100001001',,,0.11267605633802817
'111101011111110001111011100001101000001011111001101111001001111110110111',,,0.23943661971830985
'111001111000110001111001111111101000011111000001101111100001001011110110',,,0.16901408450704225
'011101110111000001000110100000000000000111111011110000101011111000010101',,,0.28169014084507044
'111110110100010001000011011111101000011100100011100101110011111001110110',,,0.19014084507042253
'101101110111110001000011000111101000001111100011100101110011111001110110',,,0.19718309859154928
'011001011111110000011000000110000000001011011011110000111001000110010111',,,0.23943661971830985
'101101110011110001000011011111101000011111111011100101111011111001110110',,,0.14084507042253522
'000000000000001000100100011110000000010000000010010000000000000100001001',,,0.1056338028169014
'011110000111000001000110000000000000000000100010010000000011111100010101',,,0.22535211267605634
'111101110000110001101011011001101000011111111011101111000001111011110110',,,0.176056338028169
'110111110011111111000011100111111111101111100111100101011110111001101010',,,0.2112676056338028
'000010001011101110111100000110000000000000000000011010011000000110001011',,,0.16901408450704225
'101011111100110111111001000001111111101111011101101111111101001011110110',,,0.20422535211267606
'100011111011111110111001000111111111101111000101101111011100000011101010',,,0.22535211267605634
'000010000111001110101100100000000000000000011010010010001000000110001001',,,0.1619718309859155
'010110000111001000000110111110000000010000111010010000001010110100001001',,,0.2112676056338028
'001000001100000000111100100000000000000000000000011010100001000010010101',,,0.176056338028169
'000000001111001110111100000000010111100000000100011010101100000110001001',,,0.176056338028169
'101111111111110111111011000001111111101111111101101111011101111010110111',,,0.176056338028169
'111111110111110111000011100111111111101111111111100101011111111001110110',,,0.14084507042253522
'111101111111110001111011011001101000011111111001101111001001111011110110',,,0.14788732394366197
'101101111111110111111011111001111111111111111101101111011101111011110110',,,0.1056338028169014
'000000000000001000000100011000010111110000011110010000100110000100001001',,,0.13380281690140844
'011011011111110110111000011000000000011011000001111010011001000111010110',,,0.323943661971831
'010000000011001110000100100000010111100000011110010000101110000100001001',,,0.14788732394366197
'000110001100001110111110000110000000000000111000011010011000110110001001',,,0.20422535211267606
'010000000011001110000100100000010111100000000110010000001110000100001001',,,0.11971830985915492
'011111101100000111111010000111000000000100100000001011110001111010010101',,,0.2676056338028169
'111011111000110111111001100111101000001111011001101111011001001011110110',,,0.22535211267605634
'101111110000110111000011100111101000001111100011100101110011111000110111',,,0.21830985915492956
'101101111011110001111011100001101000001111111001101111101001111010100111',,,0.20422535211267606
'000110001011001110111110100110000000000000111000011010011000110110001001',,,0.19014084507042253
'000000001000001110111100000110000000000000000000011010110000000110001001',,,0.16901408450704225
'000010000000001110000100000000010111100000000110010000000110000100001001',,,0.08450704225352113
'001011010111110110000100100110000000001011011011110000111011000100010111',,,0.21830985915492956
'000000000000001110000100111000010111110000000110010000000110000100001001',,,0.11267605633802817
'010010001000001000111100111110000000010000011000011010100000000110001001',,,0.19718309859154928
'111111111011110001111011100001111111101111100101101111100101111011110110',,,0.14084507042253522
'010010001011001110111100100000010111100000011100011010101100000110001001',,,0.19718309859154928
'111101111000110001111011000111101000001111111001101111110001111010110111',,,0.19014084507042253
'101111111100110111111011000001101000001111100001101111110001111110110111',,,0.20422535211267606
'101111110000110001000011111001101000011111111011100101000011111001110110',,,0.176056338028169
'011110001111000001111110100000000000000000100000011010100001111110010101',,,0.20422535211267606
'101111111111110001111011100111111111101111100101101111110101111011110110',,,0.13380281690140844
'001001010111000000111100011000010111110011011101111010101101000111010100',,,0.3028169014084507
'101011110100110110000001111111101000011111011011100101111011001101110110',,,0.2323943661971831
'000110000100001110000110100000000000000000111010010000101010110100001001',,,0.2112676056338028
'111011111111110001111001011111111111111111000111100101110101001011110110',,,0.20422535211267606
'001000001100000110111100111000000000010000000000011010110001000111010100',,,0.2605633802816901
'101101110100010111000011011001111111111111100111100101110111111001110100',,,0.176056338028169
'111111110011110111000011000001101000001111111011100101011011111000110111',,,0.2323943661971831
'000000000100001110000100011000010111110000000110010000000110000101001000',,,0.15492957746478872
'001010001111000000111100011110000000010000000000011010010001000111010100',,,0.2746478873239437
'011110001100000001111110000110000000000000100000011010110001111110010101',,,0.22535211267605634
'101111111111110111111011100001111111101111100101101111111101111110110111',,,0.16901408450704225
'010110000000001000100110100110000000000000100010010010000000110100001001',,,0.176056338028169
'111101111000110111111011011111101000011111100001101111110001111011110110',,,0.11971830985915492
'101101110000110111000011000111101000001111100011100101010011111001110110',,,0.21830985915492956
'000010100000001110000100111110010111110100000110010000010110000001001000',,,0.21830985915492956
'101011110000110001000001000001111111101111000111100101100111001001110110',,,0.2323943661971831
'000010001000001110111100100110010111100000011100011010011100000110001001',,,0.15492957746478872
'010010000011001000000100011000000000010000000010010000100010000100001001',,,0.13380281690140844
'111111110111110111000011000111101000001111111011100101111011111001110110',,,0.14084507042253522
'100100011011111111111011000111111111101111100101101111011100111110101011',,,0.2535211267605634
'101101110111110111000011011111111111111111100111100101111111111001110110',,,0.1267605633802817
'101111110000110001000011000111111111101111111111100101010111111001110110',,,0.20422535211267606
'101101111100110111111011111001111111111111111101101111111101111011110110',,,0.09154929577464789
'110110111011111111111011011001111111111100100101101111011100111011101010',,,0.20422535211267606
'101111111100110111111011100111111111101111100101101111010101111011110110',,,0.1619718309859155
'111111111100110111111011100001101000001111100001101111010001111011110110',,,0.15492957746478872
'110110100000111111000011100111101000001100100010000101010010111000101011',,,0.3028169014084507
'111101110100110001000011000111101000001111111011100101110011111001110110',,,0.18309859154929578
'111110111100010001111011011001101000011110111001101111000001111011110100',,,0.16901408450704225
'110000100000001110000100011001110111110100000110010000000110000001001000',,,0.19014084507042253
'001010000100000110000100011110000000010000000010010000110011000101010100',,,0.2605633802816901
'111100110000110001000011011001111111111100111111100101100111111001110110',,,0.19718309859154928
'001011010111110110000100100110000000001011000011110000111011000100010111',,,0.2323943661971831
'010000001100001110111100111000000000010000011000011010101000000111001000',,,0.24647887323943662
'000010001011111110111100000000010111101000011100001011101100000110001011',,,0.2746478873239437
'000000001011001000111100000110010111100000000100011010000100000110001001',,,0.13380281690140844
'110011110011111110000001100111111111101111011111100101011110000001101010',,,0.2323943661971831
'110100001111111111111011111000111111111000100100001111011100111111101010',,,0.2605633802816901
'110011110000111111000001011001111111111111011111100101001110000001101010',,,0.2535211267605634
'010000001011001110111100100110010111100000000100011010011100000110001001',,,0.1619718309859155
'110100101011101001111011000111111111100100100100001111000100111011101000',,,0.2746478873239437
'010000001000001000111100100110010111100000011100011010100100000110001001',,,0.18309859154929578
'000011011000111110111100100000010111101011011101001010001100000110001011',,,0.22535211267605634
'101110110100000001000011111001101000010110100011100101100011111001110100',,,0.2112676056338028
'010100000000001110000110000000010111100000100110010000000110110100001001',,,0.176056338028169
'010010000000001110000100011110000000010000011010010000011010000100001001',,,0.15492957746478872
'110011111011111110111001100111111111101111011101101111011100000011101010',,,0.2323943661971831
'111111110100110111000011100111101000001111111011100101111011111000110111',,,0.19014084507042253
'010010000011111110000100100110010111100000011110010000111110000100001011',,,0.176056338028169
'101011110100110111000001111001111111111111011111100101111111001001110110',,,0.19718309859154928
'000010001011001000011100000000000000000000011000011000101000000110001001',,,0.18309859154929578
'000001001011101110111100100110000000000001000000011010011000000110001001',,,0.19014084507042253
'111011110000110111101001011001111111111111000101101101110101001001110110',,,0.21830985915492956
'111101111011110001111011000111111111101111111101101111111101111011110110',,,0.1056338028169014
'010010000100001000000100100000000000000000011010010000100010000100001001',,,0.1056338028169014
'000011011011111110111100100110010111101011000101011010011100000110001011',,,0.2323943661971831
'010110000100001000000110100110010111100000100110010000100110110100001001',,,0.19718309859154928
'001010011011110000111000000110000000001011011001111010111001000110010111',,,0.23943661971830985
'101111111011110111111011000001111111101111111101101111111101111011110110',,,0.09859154929577464
'000010000000001000000100011000010111110000011110010000100110000100001001',,,0.14084507042253522
'011010000100000000000100100000000000000000000010010000100011000100010101',,,0.14084507042253522
'000000000011001110000100000000000000000000000010010000001010000100001001',,,0.09154929577464789
'111011110111110001000001011001111111111111000111100101100111001001110110',,,0.2112676056338028
'101110111011110111111011000111111111101110111101101111111101111011110110',,,0.1056338028169014
'010000001011111110111100100110010111101000011100011010011100000110001011',,,0.19718309859154928
'000010000000001000000100011000010111110000000110010000000110000101001000',,,0.14084507042253522
'101001111111110000111001111111101000011111011001101111111001001011110110',,,0.18309859154929578
'010010001111001000111100111110010111110000011110010000001100000111001000',,,0.23943661971830985
'000000001100001000111100111000010111110000011100011010000100000111001000',,,0.20422535211267606
'101111110100110111000011100001111111101111100111100101010111111001110110',,,0.20422535211267606
'000000001011111110111100100110010111101000000100011010111100000110001011',,,0.2112676056338028
'110100100000001001000111011001111111110100111110000101000110111001101000',,,0.24647887323943662
'010110000000001000000110111110010111110000100110010000000110110100001001',,,0.20422535211267606
'011001011111000000000100011000000000010011011011110000101011000101010100',,,0.28169014084507044
'101011011111110000111001111111101000011011011001101111011001000111110110',,,0.23943661971830985
'010000000011001000100100111110000000010000011010010010001000000100001001',,,0.1619718309859155
'100110101000001111111011011001111111111100111100001111011100111011101000',,,0.2323943661971831
'010000001011001000111100111000010111110000011100011010101100000110001001',,,0.21830985915492956
'000100001100001110111110100110010111100000100100011010010100110010001001',,,0.2323943661971831
'101111111000110001010011011111111111111111111111100101010111111001110110',,,0.176056338028169
'001100000100000001000110011110000000010000100010010000110011111100010101',,,0.2605633802816901
'000100001011001000111110100110010111100000111100011010001100110110001001',,,0.21830985915492956
'010000000111001110000100111000010111110000011110010000001110000101001000',,,0.18309859154929578
'111111110011110111000011011111111111111111111111100101111111111001110110',,,0.09859154929577464
'000010001000001000111100100110000000000000011000011010000000000110001001',,,0.1267605633802817
'011110001100000001111110011000000000010000100000011010100001111110010101',,,0.2112676056338028
'000000000000001000000100100000010111100000011110010000000110000100001001',,,0.08450704225352113
'010010000011001000000100000000010111100000000110010000000110000100001001',,,0.09859154929577464
'111111111011110111111011011001111111111111111101101111111101111011110110',,,0.07042253521126761
'000011000011001000000100000110010111100000011110010000001110000100001001',,,0.1267605633802817
'111111110100110001000011111111111111111111111111100101010111111001110110',,,0.1619718309859155
'101101111111110111111011000001101000001111100001101111111001111010110111',,,0.19014084507042253
'001010000100001000000100100110010111100000011110010000100111000100011101',,,0.20422535211267606
'000000001011001000111100111000000000010000000000011010000000000111001000',,,0.176056338028169
'101101111000110001111011100111111111101111111101101111110101111011110110',,,0.13380281690140844
'100110101000111111111011000111101000001100100000001111010000111010101011',,,0.2676056338028169
'101111110100110001000011100111111111101111100111100101010111111000110111',,,0.24647887323943662
'111111011111010001111011011111101000011111111001101111001001111111110100',,,0.176056338028169
'001010001100000000111100111000000000010000011000011010000001000111010100',,,0.23943661971830985
'111100100000110111000011011111111111111100100110000101110111111001110110',,,0.20422535211267606
'010010000011001000000100111000000000010000011010010000001010000100001001',,,0.14788732394366197
'010110001000001110111110100000000000000000111000011010101000110110001001',,,0.24647887323943662
'101111110000110111000011011001101000011111111011100101001011111001100110',,,0.19014084507042253
'111011110111110110000001011001101000011111011011110100011011001001010110',,,0.29577464788732394
'000010000011001000000100011110010111110000000110010000000110000101001000',,,0.16901408450704225
'001010000100000000000100000110000000000000011010010000100011000100010101',,,0.19014084507042253
'010000000000101110000100000000000000000000000010010000100010000100001001',,,0.11267605633802817
'010000000100001000000100000110010111100000000110010000100110000100001001',,,0.11267605633802817
'111011110111110001000001111111101000011111011011100101111011001001110110',,,0.19014084507042253
'100001100000111110000001111111111111111100000110000101010110000001101010',,,0.2605633802816901
'011100000100000001000110100110000000000000100010010000110011111100010101',,,0.22535211267605634
'000010000100001000000100000110000000000000000010010000000010000100001001',,,0.07042253521126761
'111001111100110001111001011111111111111111000101101111100101001011110110',,,0.176056338028169
'101101110111110001000011000111111111101111111111100101111111111001110110',,,0.15492957746478872
'111101110100110001000011111111111111111111100111100101010111111001110110',,,0.16901408450704225
'101111110111110111000011111111101000011111111011100101111011111001110110',,,0.11971830985915492
'111100111000110111111011111111111111111111100101101111010101111011110110',,,0.15492957746478872
'000010000100001000000100011110010111110000011110010000100110000101001000',,,0.20422535211267606
'101001110011110111000001111001101000011111011011100101011011001001110110',,,0.21830985915492956
'100010100011001110000100000001010111100100011110010000001110000000001001',,,0.13380281690140844
'010010100000001110000100111000010111110000000110000000100110000001001000',,,0.24647887323943662
'010001000011001000000100100110010111100000011110010000001110000100001001',,,0.14084507042253522
'000000000000001110000100000000010111100000000110010000100110000100001001',,,0.1056338028169014
'101111110011110111000011100001111111101111100111100101011111111001110110',,,0.176056338028169
'010000001000001110111100011000010111110000000100011010000100000110001001',,,0.1619718309859155
'111101110100110001000011011001111111111111111111100101100111111001110110',,,0.1619718309859155
'101111110011110001000011000111111111101111111111100101111111111000110111',,,0.18309859154929578
'010010001011001110111100100000000000000000011000011010101000000110001001',,,0.19014084507042253
'010000000100001110000100000110010111100000011110010000111110000100001001',,,0.13380281690140844
'010110000000001001000110000000010111100000100110010000000110110000001001',,,0.18309859154929578
'010001000000111110000100100110010111101011011111010000111110000100001011',,,0.2112676056338028
'010100000000001000000110100000000000000000111010010000000010110100001001',,,0.1619718309859155
'101001111111110111111001111111111111111111011101101111111101001011110110',,,0.13380281690140844
'111111000100110001000111000110100000001011111010010100110011111100010111',,,0.3028169014084507
'101101110100110111000011100111111111101111100111100101110111111001110110',,,0.18309859154929578
'111001111100110111111001100001111111101111000101101111110101001011110110',,,0.19718309859154928
'111101111000110001111011111001101000011111100001101111000001111011110110',,,0.1267605633802817
'011110000111000001000110100110000000000000100010010000010011111000010101',,,0.24647887323943662
'111101110111110001000011111001111111111111111111100101001111111001110110',,,0.176056338028169
'111101111000110001111011000111101000001111100001101111110001111010110111',,,0.19014084507042253
'010011011011111110111100100110000000001011000000011010011000000110001011',,,0.2535211267605634
'000011000011001000000100100110010111100001011110010000101110000100001001',,,0.1619718309859155
'111100100111000001000011100111101000000100100010010100110011111100010101',,,0.2746478873239437
'010001011000111110111100100000000000000011011001111010001000000010001011',,,0.2535211267605634
'001001100111001000000100000000010111100001011110010000101110000000011001',,,0.19014084507042253
'000010000111001000000100100110010111100000000110010000000110000100001001',,,0.11267605633802817
'110111111011111111111011100001111111101111100101101111011100111010101011',,,0.23943661971830985
'100110100000111111000011100111111111101100100110000101110110111000101011',,,0.28169014084507044
'111001111100110111111001000111111111101111011101101111111101001011110110',,,0.16901408450704225
'101111111000110111111011100111111111101111111101101111111101111010110111',,,0.13380281690140844
'111111110000110111000011000001111111101111111111100101011111111001110110',,,0.18309859154929578
'101101011111110001111011011001101000011011111001101111001001111111110110',,,0.19014084507042253
'111101110100110001000011111001101000011111111011100101100011111001110110',,,0.14788732394366197
'110111110000111111000011100111101000001111111011100101011010111000101011',,,0.2746478873239437
'010000001011001000111100011000000000010000011000011010001000000111001000',,,0.21830985915492956
'101111111111110001111011100111101000001111100001101111110001111011110110',,,0.14084507042253522
'101111110100110111000011100001101000001111111011100101111011111000010111',,,0.2112676056338028
'101101111000110111111011011001111111111111100101101111010101111011110110',,,0.14084507042253522
'111111011111110001111011000111111111101011111101101111111101111110110111',,,0.1619718309859155
'101111110111110111000011000111101000001111100011100101111011111000110111',,,0.2112676056338028
'000010000000001110000100011000000000010000000010010000100010000100001001',,,0.11971830985915492
'011001010111110110111100100000000000001011011001111010111001000110010111',,,0.22535211267605634
'000000000000011110000101011110011111110000000110010100110110000101101010',,,0.28169014084507044
'000000001011001000111100111000010111110000000100011010000100000110001001',,,0.15492957746478872
'000010001011001000111100111000000000010000011000011010101000000110001001',,,0.20422535211267606
'010110000011001000000110100000010111100000100110010000000110110100001001',,,0.176056338028169
'001110000111100001000111011110101000010000100010010100110011111101110100',,,0.2676056338028169
'101001111000110001111001111111101000011111000001101111100001001011110110',,,0.16901408450704225
'101101111000110111111011100111101000001011111001101111111001111010110111',,,0.18309859154929578
'101101011100110111111011100001101000001011111001101111111001111110110111',,,0.2112676056338028
'111111111100110001111011011001111111111111100101101111000101111011110110',,,0.1267605633802817
'000100000111001000000110011110000000010000100010010000000010110100001001',,,0.19014084507042253
'001111111100010111111010000110000000001011100001101011110001111010110111',,,0.2605633802816901
'101011110000110001000001011111111111111111000111100101100111001001110110',,,0.21830985915492956
'010010001100001110111100111110010111110000011100011010111100000110001001',,,0.21830985915492956
'000100000100001000000110100000000000000000111010010000000010110100001001',,,0.15492957746478872
'010001001011101110111100100110000000000001011000011010011000000110001011',,,0.19014084507042253
'100111111011111111111011011111111111111111100101101111011100111011101010',,,0.14788732394366197
'010100001011001000000110100000000000000000111010010010001010110100001001',,,0.22535211267605634
'111111110100110001101011011111101000011111100011101101110001111001110110',,,0.13380281690140844
'101111111111110111111011000111111111101111111101101111011101111010110111',,,0.1619718309859155
'111100110111110001000011011111101000011110100011100101110011111001110110',,,0.176056338028169
'010000000011111110000100100110010111101000000110010000111110000100001011',,,0.18309859154929578
'111110100100010001000011011111101000011100111011100101110011111001110110',,,0.19014084507042253
'000011000111001000000100011110010111110000011110010000001110000100001001',,,0.1619718309859155
'111101111111110111111011000001111111101111100101101111011101111011110110',,,0.14084507042253522
'111101110000110001000011100111111111101111100111100101110111111000110111',,,0.21830985915492956
'111011111111110001111001000111111111101111000101101111110101001011110110',,,0.2112676056338028
'010010000111001000000100011000010111110000011110010000001110000101001000',,,0.18309859154929578
'000100001100001000111110100000010111100000100100011010000100110110001001',,,0.19014084507042253
'000100100000001111000110100000000000000100100010010000000010111000001001',,,0.19718309859154928
'010010000100001000000100100000010111100000000110010000000110000100001001',,,0.08450704225352113
'111111110111110111000011100001101000001111111011100101011011111000110111',,,0.21830985915492956
'110111111011111001011011100111111111101111111111101101101110110010101011',,,0.28169014084507044
'111001111011110111111001111001101000011111011001101111011001001011110110',,,0.19014084507042253
'101100101100110001111011011111111111111100111100101111110101111011110110',,,0.1619718309859155
'110011110011111110000001011111111111111111000111100101011110000001101010',,,0.22535211267605634
'101001110100110111011001111111111111111111011101101101011101001011110110',,,0.20422535211267606
'010110000011001110000110000110000000000000100010010000011010110100001001',,,0.18309859154929578
'101111110111110111000011000001111111101111111111100101111111111100110111',,,0.20422535211267606
'011110000111000001000111011000111111110000100110000101000111111101110100',,,0.2535211267605634
'010110000000001001000110100000010111100000100110010000000110111100001001',,,0.19718309859154928
'101111111100000001111011011001101000010111111001101111100001111011110100',,,0.16901408450704225
'000010000011101000000100111110000000010000011010010000001010000001001000',,,0.20422535211267606
'011001010111110110000100011000000000011011011011110000111011000100010111',,,0.24647887323943662
'010010000100001110000100000110000000000000000010010000010010000100001001',,,0.11267605633802817
'000000000000101110000100100110010111100000000110010000110110000000001011',,,0.16901408450704225
'011010001100000000011100000110000000000000000000011010100011000110010101',,,0.19718309859154928
'010000001111001000111100000110010111100000000100011010100100000110001001',,,0.16901408450704225
'000000000011001110100100111000000000010000000010010000001010000100001001',,,0.14084507042253522
'111101110111110001000011100001101000001111100011100101100011111000110111',,,0.21830985915492956
'101001110000110111000001011001101000011111011011100101011011001001110110',,,0.23943661971830985
'010011000011111110000100011110000000010001011010010000011010000100001011',,,0.2112676056338028
'110111110011111111000011111111111111111111100111100101011110111101101010',,,0.19718309859154928
'010000000011101110000100100110010111100000000110010000111110000100001011',,,0.1619718309859155
'001100001100010111111011000110011111101000100100101111110101111110110111',,,0.2887323943661972
'010000001100001000111100011000000000010000000000011010100000000110001001',,,0.14788732394366197
'111101111011110111111011111001111111111111100101101111011101111011110110',,,0.11267605633802817
'111101111100110111111011000001101000001111100001101111110001111010110111',,,0.18309859154929578
'111100100100110111000011011001101000011100100011110101010011111001110110',,,0.2323943661971831
'101101111000110001111011011001111111111111111101101111100101111011110110',,,0.1267605633802817
'001011011111110000111000100110000000001011011001111010111001000110010111',,,0.24647887323943662
'110111111011111111111011100001111111101111100101101111111100111010101011',,,0.23943661971830985
'000100000000001000000110000110010111100000100110010000000110110100001001',,,0.1619718309859155
'010001001011111000111100000110010111100001000100011010100100000110001011',,,0.21830985915492956
'111111111111110111111011000001101000001111100001101111111001111011110110',,,0.1267605633802817
'011001001111000000111100011000010111110001000100001010100101000111010100',,,0.3028169014084507
'000110001000001000111110100110010111100000100100011010100100110110001001',,,0.21830985915492956
'011110000100000111000110111110000000010000100010010000110011111100010101',,,0.2323943661971831
'101101110100110111000011000111111111101111100111100101010111111000110111',,,0.2605633802816901
'111111110111110111000011011001101000011111100011100101011011111001110110',,,0.16901408450704225
'010010000011001000000100011000010111110000011110010000101110000101001000',,,0.21830985915492956
'000010001100001000111100111110000000010000011000011010100000000111001000',,,0.2323943661971831
'101001110100110111000001011111111111111111011111100101011111001001110110',,,0.2112676056338028
'010010000111001110000100011110000000010000000010010000011010000100001001',,,0.14788732394366197
'101111110000110001000011000001101000001111111011100101000011111001110110',,,0.2112676056338028
'000100001111001000111110100110010111100000100100011010100100110110001001',,,0.24647887323943662
'101101111111110001111011011001101000011111111001101111101001111011110110',,,0.13380281690140844
'000000000111001110000100100000010111100000000110010000001110000100001001',,,0.11267605633802817
'000010000000001110000100011000000000010000011010010000001010000100001001',,,0.1267605633802817
'010100101000001001111110100110010111100000111100001011000100111010101001',,,0.30985915492957744
'000110000111001110000110011110010111110000111110010000011110110100001001',,,0.18309859154929578
'010010000000001110000100100110010111100000000110010000110110000100001001',,,0.1619718309859155
'101111111111110111111011100111101000001111111001101111111001111011110110',,,0.1056338028169014
'010011000011001110000100100110010111100000000110010000111110000100001001',,,0.176056338028169
'101110001100010001111011011111101000011100111000001111110001111111110110',,,0.19014084507042253
'100100111011111111111011011001111111111111100101101111011100111011101010',,,0.19014084507042253
'010010001011001000111100011000000000010000000000011010000000000111001000',,,0.19014084507042253
'110111110000111111000011011111111111111111111111100101011110111001101010',,,0.176056338028169
'101111111011110001111011100111101000001111100001101111110001111010110111',,,0.176056338028169
'111101111111110001111011000111111111101111111101101111111101111010110111',,,0.14084507042253522
'000000000000001000101100100110000000000000000010011010000000000100001001',,,0.11971830985915492
'111001011100110110111001011001101000011111011001101111011001001111110110',,,0.23943661971830985
'010000000011001000000100011000000000010000000010010000000010000101001000',,,0.14084507042253522
'000010001011001110111100011110010111110000011100011010111100000111001000',,,0.2323943661971831
'110100110011111111000011100001111111101111100111100101011110111000101011',,,0.28169014084507044
'111111110000110111000011011001101000011111111011100101011011111001110110',,,0.176056338028169
'000000000100001000000100100000010111100000011110010000000110000100001001',,,0.09154929577464789
'000000000011001110000100111110010111110000000110010000111110000100001001',,,0.1619718309859155
'011110000100000001000110000000000000000000100010010000100011111100010101',,,0.19718309859154928
'011101000100000001000110000000000000000000100010010000100011111100010101',,,0.22535211267605634
'101110110100110111000011111001111111111100100111100101110111111001110110',,,0.176056338028169
'101101111111110111111011100111111111101111100101101111111101111010110111',,,0.14788732394366197
'010100001111001000111110000000000000000000100000011010000000110110001001',,,0.176056338028169
'010000100011001000000100111000000000010000000010010000000010000000001001',,,0.1267605633802817
'101001110111110001000001111001111111111111000111100101100111001001110110',,,0.2112676056338028
'101101110100110111000011100111111111101111111111100101111111111001110110',,,0.14788732394366197
'000000000000001000000100111000010111110000011110010000100110000101001000',,,0.18309859154929578
'100001111000111110111001111111111111111111011101101111011100000011101010',,,0.2112676056338028
'010001000011001110000100100000010111100011000110010000001110000000001001',,,0.1619718309859155
'111111110100110111000011111001101000011111100011100101010011111001110110',,,0.16901408450704225
'100110101011001001111011100111111111100100100100001111000100111011101000',,,0.2605633802816901
'000000001000001000111100111110000000010000000000011010000000000111001000',,,0.176056338028169
'001100001100000001111110000110000000000000111000011010110001111110010101',,,0.24647887323943662
'000000000100001110000100011000010111110000000110010000100110000100001001',,,0.14084507042253522
'000010000111001110000100000110000000000000000010010000011010000100001001',,,0.11971830985915492
'010010001011001110111100011000010111110000000100011010001100000111001000',,,0.2323943661971831
'111101111011110111111011100001111111101111111101101111011101111010110111',,,0.16901408450704225
'111101110011110111000011100111111111101111100111100101111111111001110110',,,0.14084507042253522
'111101111000110111111011100001111111101111100101101111010101111011110110',,,0.1619718309859155
'111101111011110111111011111111101000011111111001101111111001111011110110',,,0.07746478873239436
'010000001011001110111100011110010111110000000100011010111100000110001001',,,0.2112676056338028
'000000000100001000000100100110000000000000000010010000000010000100001001',,,0.07042253521126761
'000010000100001000000100100000000000000000000010010000000010000100001001',,,0.06338028169014084
'010010000011001000000100111110010111110000011110010000001110000100001001',,,0.15492957746478872
'111101111011110001111011011001111111111111111101101111101101111011110110',,,0.11971830985915492
'010100101011001001111110100000000000000100100000011010000000111010001001',,,0.23943661971830985
'011000000100000000000100111000000000010000000010010000100011000100010101',,,0.1619718309859155
'001100000100000001000110111110010111110000111110010000110111111100010101',,,0.2746478873239437
'101111111100110111111011100001111111101111111101101111111101111011110110',,,0.11267605633802817
'101101111000110111111011100001111111101111111101101111111101111010110111',,,0.15492957746478872
'000010001111001000111100100000010111100000000100011010000100000110001001',,,0.14084507042253522
'111011111111110111111001011001101000011111000001101111011001001011110110',,,0.2112676056338028
'111101111000110001111011011001101000011111111001101111100001111011110110',,,0.11971830985915492
'000010001000001110111100100110010111100000000100011010010100000110001001',,,0.1619718309859155
'111101111100110111111011111111101000011111100001101111010001111011110110',,,0.13380281690140844
'000011000011101110000100100110010111100001000110010000111110000100001011',,,0.176056338028169
'101101110000110001000011011111101000011111100011100101110011111001110110',,,0.1619718309859155
'001111001111000001111110000000010111100011100100001011100101111110110101',,,0.3028169014084507
'000010000111001110000100100000000000000000011010010000001010000100001001',,,0.11267605633802817
'110010101011001000111000011111110111110100000100001011100100000011101000',,,0.29577464788732394
'101111110000110001000011111111111111111111111111100101010111111001110110',,,0.16901408450704225
'010010001011101000111100000000010111100000000100011010000100000110001011',,,0.15492957746478872
'000110000000001110000110011110010111110000111110010000111110110100001001',,,0.21830985915492956
'101111110000110111000011100001111111101111111111100101111111111000110111',,,0.19014084507042253
'001111110100000001000110100001000000000111100010010000100011111000010101',,,0.24647887323943662
'101001100100000000000000011001000000010111000010010000100011001001010100',,,0.2887323943661972
'010010000111001000000100011000010111110000011110010000101110000100001001',,,0.16901408450704225
'010110000000001000000110000110010111100000111110010000000110110100001001',,,0.18309859154929578
'101101110111010001000011011001111111111111100111100101100111111001110110',,,0.19014084507042253
'100101011011111111111011000001101000001111111001101111011000110110101011',,,0.2746478873239437
'001101010111000001000110011000000000010011111011110000101011111100010101',,,0.3028169014084507
'001011011111110110111000000000000000001011011001111010111001000110010111',,,0.2535211267605634
'000000001100001000111100000110010111100000011100011010100100000110001001',,,0.16901408450704225
'000011001111001110100100011000010111110011000100011010101110000100001001',,,0.2323943661971831
'110100101011001001111011100111111111100100100100001111000100111011101000',,,0.28169014084507044
'000000000000001000011100100000000000000000000010011000000000000110001001',,,0.1056338028169014
'010010001011001000111101011111010111110100011100011010001100000111101000',,,0.2676056338028169
'001110000100000111000110100000000000000000100010010000010011111100010101',,,0.24647887323943662
'111101110111110111000011000111101000001111100011100101111011111000110111',,,0.20422535211267606
'000100000100001000000110100110010111100000111110010000000110110100001001',,,0.19014084507042253
'101111110100110111000011000111111111101111111111100101111111111001110110',,,0.14788732394366197
'000000000000001110000100011110000000010000011010010000111010000100001001',,,0.1619718309859155
'000000000000001000000100111000000000010000011010010000100010000100001001',,,0.11971830985915492
'001000001100000000111100011110000000010000011000011010100001000110010101',,,0.22535211267605634
'111011010111110001000000111000101000011011000011100101100011001001110110',,,0.24647887323943662
'010110000000001001000110100000010111100000100110010000000110110000001001',,,0.19014084507042253
'111011110111110111000001011111101000011111000011100101111011001001110110',,,0.19718309859154928
'010110001100001110111110000110000000000000100000011010010000110110011001',,,0.2112676056338028
'010000001100001110111100000110000000000000011000011010111000000110001001',,,0.18309859154929578
'010010001100001000111100011110010111110000011100011010000100000111001000',,,0.21830985915492956
'011000001111000000111100011000000000010000000000011010000001000111010100',,,0.22535211267605634
'111101111000110111111011000001101000001111100001101111110001111011110110',,,0.14788732394366197
'101001110100111111000001111111111111111111000111100101010111001001111010',,,0.2535211267605634
'101101111000110001000011000001111111101111100111100101100111111000110111',,,0.22535211267605634
'110101111000111111111011100001101000001111111001101111001000111010101011',,,0.28169014084507044
'011001001100000000111100011000000000010000011000011010100001000110010101',,,0.21830985915492956
'101100110100110001000011011001101000011110100011100101000011111001110110',,,0.20422535211267606
'101101110111010001000011100111111111101111100111100101110111111001110110',,,0.19718309859154928
'111101110011110001000011011111111111111111100111100101110111111001110110',,,0.15492957746478872
'101101110100110111000011100001101000001111111011100101111011111001110110',,,0.18309859154929578
'101011111011110111111001111111111111111111011101101111011101001011110110',,,0.1619718309859155
'001000001100000000111100011110010111110000011100011010100101000111010100',,,0.2887323943661972
'000000001011111110111100100110000000000000000000011010111000000110001011',,,0.21830985915492956
'111001011100110110111001111001111111111111011101101111111101000111110110',,,0.20422535211267606
'001000001100000000111100111000000000010000000000011010100001000111010100',,,0.21830985915492956
'101111111000110001000011011111111111111111111111100101110111111001110110',,,0.14788732394366197
'100001110000111110000001011001101000011111011011100101001010000001101010',,,0.23943661971830985
'101111110111110111000011111111111111111111100111100101111111111001110110',,,0.11267605633802817
'111111110111110111111011111111111111111111111101101111111101111011110110',,,0.056338028169014086
'101011111000110110111001111111100000011111000001111110010001001011010110',,,0.323943661971831
'101100000100000001000111011111101000010100100010010100110011111101110100',,,0.2676056338028169
'111101110011110111000011000001101000001111111011100101111011111000110111',,,0.2112676056338028
'101101111100110111111011011001101000011111111001101111011001111011110110',,,0.14788732394366197
'111111111000110111111011100111101000001111111001101111011001111011110110',,,0.14084507042253522
'111101111111110001111011011111101000011111111001101111011001111011110110',,,0.11971830985915492
'000000001011001000111100111001010111110100011100011010101100000111001000',,,0.2676056338028169
'111101110111110111000011100111101000001111100011110101111011111000110111',,,0.21830985915492956
'101101110111010001000011111111111111111111111111100101111111111001110100',,,0.13380281690140844
'011110000111000001000110100000000000000000100010010000100011111100000101',,,0.20422535211267606
'010000001100001000111100011000010111110000011100011010000100000110001001',,,0.15492957746478872
'011111010111000001000110000000000000000011111011110000001011111100010101',,,0.28169014084507044
'011001010111111000000100000110010111101011011111110000111111000100011111',,,0.19718309859154928
'100111001011111001111011000110111111101011100100001111000100110110101011',,,0.2676056338028169
'101101111100110001111011011111101000011111100001101111010001111011110110',,,0.15492957746478872
'111001110011110111000001111001101000011111000011100101111011001001110110',,,0.20422535211267606
'101011111100110001111001100111111111101111000101101111100101001011110110',,,0.21830985915492956
'000001001011001110111100011110010111111001011100001010111100000110001001',,,0.22535211267605634
'000010000100001000000100111110010111110000011110010000000110000100001001',,,0.14084507042253522
'101101111100110001111011000001101000001111111001101111100001111010110111',,,0.19718309859154928
'111111111100110001111011111111101000011111100001101111010001111011110110',,,0.1267605633802817
'101111110100110001101011100001101000001111100011101101100001111010110111',,,0.19718309859154928
'000011000000101110000100100110000000000000011010010000011010000100001001',,,0.15492957746478872
'100011110011111110000001011001101000011111000011100101001010000001101010',,,0.24647887323943662
'101101110100110111000011000111101000001111100011100101110011111001110110',,,0.19718309859154928
'010010000000111110000100100110000000001000011010010000111010000100001011',,,0.19718309859154928
'111110111100000001111011000001111111100110100100101111100101111011110100',,,0.19718309859154928
'111001111111110001111001111001111111111111000101101111100101001011110110',,,0.16901408450704225
'111110001100110111111011111000111111111000100100001111110101111111110110',,,0.16901408450704225
'000011000100101110000100011000010111110000011110010000001110000101001010',,,0.21830985915492956
'100110101000001001111011000111111111100100111100001111000100111011101000',,,0.2535211267605634
'010000001011001000111100100110010111100000011100011010101100000110001001',,,0.19014084507042253
'001010101100000000111100011000000000010100011000011010100001001011010100',,,0.2676056338028169
'111111110100110001000011000111101000001111100011100101110011111100110111',,,0.2323943661971831
'111101111100110001011011000001111111101111100101101111000111111011110110',,,0.18309859154929578
'000110000011001000000110000110000000000000100010010000000010110100001001',,,0.14788732394366197
'110010110000001110000000111111000000010110011010110000111010000001001000',,,0.3028169014084507
'000010000111001110000100011110010111110000011110010000011110000100001001',,,0.1267605633802817
'111110010100110001000011011111101000011110100011100101110011111101110110',,,0.19014084507042253
'010010001000001000111100000000000000000000011000011010100000000110001001',,,0.14788732394366197
'110001110011111110000001011111101000011111000011100101011010000001101010',,,0.2535211267605634
'111100111011110001111011111111101000011100100001101111110001111011110110',,,0.14084507042253522
'010100001100001000011110100000010111100000111110010000000100110110001001',,,0.2112676056338028
'111111110111010001000011111001101000011111111011100101101011111001110110',,,0.1619718309859155
'101101110111110111000011111111111111111111111111100101011111111001110110',,,0.13380281690140844
'010111001011001000111110000000000000000001111000011010001000110110001001',,,0.2323943661971831
'101111110111110111100011011111101000011111111011100101011011111001110110',,,0.16901408450704225
'101001110100110001000001111111111111111111000111100101100111001001110110',,,0.2112676056338028
'011001001011111000111100000110010111101011011100011010111100000110010011',,,0.2746478873239437
'000001001000111110111100100110000000000001011000011010011000000110001011',,,0.22535211267605634
'001100001100000001111110000110000000000000111000011010010001111110010101',,,0.2605633802816901
'011110001111000001111110000110000000000000100000011010110001111110010101',,,0.22535211267605634
'000010000011001110000100000000010111100000011110010000101110000100001001',,,0.13380281690140844
'000001000111001000000100011000010111110001011110010000101110000100011001',,,0.19718309859154928
'101111110100110001000011000111111111101111111111100101110111111001110110',,,0.18309859154929578
'000001011000111110111100100000000000000011011000011010001000000110001011',,,0.20422535211267606
'101111111011110111111011000001111111101111100101101111011101111010110111',,,0.18309859154929578
'000010000000001110000100011110000000010000000010010000010010000100001001',,,0.13380281690140844
'001010001100000110111100100000000000000000000000011010110001000110010101',,,0.2112676056338028
'111101110111110001000011011001111111111111111111100101001111111001110110',,,0.18309859154929578
'000010001000001000111100011110010111110000011100011010000100000111001000',,,0.2112676056338028
'111101110111110001000011111111101000011111111011100101011011111001110110',,,0.15492957746478872
'010010001011111110111100011110000000010000011000011010011000000110001011',,,0.2323943661971831
'101111111011110111111011000111111111101111111101101111111101111010110111',,,0.1267605633802817
'010000001111001000111100011110010111110000011100011010101100000110001001',,,0.20422535211267606
'101111110011110001000011111001101000011111100011100101100011111001110110',,,0.14788732394366197
'101001111011110111111001011111111111111111000101101111011101001011110110',,,0.176056338028169
'000000000000001000101100000110000000000000000010011000100000000100001001',,,0.14084507042253522
'010000000000001000000100011000010111110000011110010000100110000101001000',,,0.19014084507042253
'101101110100110111000011111111101000011111111011100101011011111001110110',,,0.16901408450704225
'011110000111000001000110111110010111110000100110010000110111111100010101',,,0.2535211267605634
'010000000100001000000100011110000000010000000010010000100010000100001001',,,0.11971830985915492
'000110001000001000111110011110000000010000100000011010000000110110001001',,,0.19014084507042253
'111111111111110001111011011001111111111111111101101111101101111011110110',,,0.1056338028169014
'011000000100000000000100011110010111110000011110010000100111000101010100',,,0.2605633802816901
'110000010000111110000001111111101000011110011011110100011010000101001010',,,0.3028169014084507
'000010001100001000111100111000010111110000011100011010000100000111001000',,,0.2112676056338028
'001100001100000001111110100110000000000000100000011010110001111110010101',,,0.23943661971830985
'101101111011110111111011000111101000001111111001101111111001111011110110',,,0.11267605633802817
'110110101000001111111010100001100000000100100000011010000000111010001001',,,0.24647887323943662
'111101110111110001000011011111101000011111100011100101110011111001110110',,,0.15492957746478872
'111111111100110001000011111001111111111111100111100101100111111001110110',,,0.13380281690140844
'111111111111110001010011100001111111101111111101100111001111111011110110',,,0.2112676056338028
'000000001000001000111100000000000000000000000000011010000000000110001001',,,0.08450704225352113
'111101111111110111111011100111111111101111111101101111111101111011110110',,,0.07746478873239436
'010000001000001000111100000110010111100000011100011010100100000110001001',,,0.176056338028169
'010110001011001110111110000000010111100000100100011010011100110110001001',,,0.21830985915492956
'101001011111110000111001011110101000011011011001101111111001000111010110',,,0.24647887323943662
'110100101000001001111011111111111111110100100100001111000100111011101000',,,0.23943661971830985
'111101110100110111000011000111111111101111100111100101110111111000110111',,,0.21830985915492956
'111111110011110001000011100001101000001111111011100101001011111001110110',,,0.2112676056338028
'101101110100110111000011000111101000001111111011100101111011111000110111',,,0.21830985915492956
'000000001111001000111100011110000000010000000000011010000000000111001000',,,0.19014084507042253
'011010000100000000000100011110000000010000000010010000100011000001010100',,,0.2323943661971831
'010001000011111110000100000110000000000001011010010000111010000100001011',,,0.19014084507042253
'101111111011110001111011000111101000001111100001101111110001111110110111',,,0.19718309859154928
'111111110000110111000011011111101000011111100011100101110011111001110110',,,0.15492957746478872
'101000001111110000111001111110110111111000000100101111110101000111110110',,,0.28169014084507044
'111101110100110001000011000001111111101111100111100101100111111000110111',,,0.21830985915492956
'000100001000001000111110100000000000000000111000011010000000110110001001',,,0.176056338028169
'100101111011111111111011000111111111101111111101101111011100111010101011',,,0.19718309859154928
'110110001011001001111111011111111111110100111100001111001100111111101000',,,0.2676056338028169
'000000001100001110111100100110000000000000000000011010010000000110001001',,,0.15492957746478872
'000010001011001000111100000110010111100000000100011010000100000110001001',,,0.14084507042253522
'000000000111001000000100000000010111100000011110010000001110000100001001',,,0.1056338028169014
'101101110100110111000011100111111111101111100111100101110111111000110111',,,0.22535211267605634
'111101111111110001111011000111111111101111111101101111011101111011110110',,,0.1267605633802817
'110100100011001001000110100111111111100100100110010000000110111000101001',,,0.2887323943661972
'110101111011001001111011011001111111110111111100101111001100111011101000',,,0.2323943661971831
'011100001100000111111110100000000000000000100000011010010001111110010101',,,0.23943661971830985
'101100111100010001111011011001101000011111100001101111100001111011110100',,,0.14788732394366197
'000110001111001110111110000110010111100000111100011010111100110110001001',,,0.2112676056338028
'111111011100110111111011011111101000011111100001101111010001111111110110',,,0.15492957746478872
'000000001011001000111100111110010111110000000100011010100100000111001000',,,0.23943661971830985
'111001011100110000111001111000111111111011011101101111100101000111110110',,,0.21830985915492956
'000000001100001000111100100000000000000000011000011010000000000010001001',,,0.1267605633802817
'000000001000001000111100111110010111110000000100011010100100000111001000',,,0.22535211267605634
'000011011011111110111000100000000000001011011001111010001000000110001011',,,0.2323943661971831
'011011001111000000111000100110000000000000000000011010110001000010010101',,,0.2605633802816901
'000011000011001000000100000110010111100001011110010000101110000100001001',,,0.15492957746478872
'101101110111110001000011111111101000011111100011100101010011111001110110',,,0.19014084507042253
'001001010111000000000100111000000000010011011011110000001011000101010100',,,0.2746478873239437
'001010000100110110000101011110111111111000000110010100110111000101010110',,,0.323943661971831
'101101111111110001111011111111101000011111111001101111111001111011110110',,,0.09859154929577464
'000010001111001000111100100110010111100000011100011010001100000110001001',,,0.1619718309859155
'001110001100000001111110100110010111101000111100001010110101111110110101',,,0.29577464788732394
'000010001100001000111100100110000000000000011000011010000000000110001001',,,0.13380281690140844
'010000000011001000000100011110000000010000000010010000000010000100001001',,,0.11267605633802817
'111001011000110000111001111111111111111111000101101111100101000111100110',,,0.2323943661971831
'101111110111110001000011011001111111111111111111100101101111111101110110',,,0.176056338028169
'111111111100010001111011011001101000011111111001101111000001111011110110',,,0.14788732394366197
'010100001011001000111110000000000000000000100000011010000000110110001001',,,0.18309859154929578
'101101110100110111000011111111111111111111111111100101011111111101110110',,,0.1619718309859155
'101001101100000000111000100111000000000111011000011010100001000010010101',,,0.2605633802816901
'111110111111110001111011100001111111101110100101101111000101111010110111',,,0.22535211267605634
'000010001100001000111100000000010111100000011100011010100100000110001001',,,0.1619718309859155
'010000001111001000111100111000010111110000011100011010101100000111001000',,,0.2535211267605634
'000100000000001000000110111000000000010000100010010000100010110100001001',,,0.19014084507042253
'000010000000001110000100111000000000010000000010010000000010000100001001',,,0.09859154929577464
'010000000100001000000100000110000000000000011010010000000010000100001001',,,0.07746478873239436
'000010000011001000000100100110000000000000000010010000100010000100001001',,,0.11267605633802817
'011100000100000001000110011110000000010000111010010000110011111100010101',,,0.24647887323943662
'000000001100001000111100011110010111110000011100011010000100000111001000',,,0.2112676056338028
'010000001100001110111100000110010111100000011100011010011100000110001001',,,0.14788732394366197
'101111110100110001000011100111111111101111111111100101010111111000110111',,,0.24647887323943662
'000100000111001000000110000110000000000000111010010000101010110100001001',,,0.2112676056338028
'010000001011001110111100011110010111110000000100011010011100000110001001',,,0.18309859154929578
'111101111000110111111011011001111111111111111101101111111101111011110110',,,0.09154929577464789
'101101110111110111000011111001101000011111111011100101111011111001110110',,,0.14084507042253522
'101101111111110111111011111001101000011111100001101111011001111011110110',,,0.14084507042253522
'100101111011111111111011000111111111101111100101101111011100111010101011',,,0.2112676056338028
'000010000000001110000100000000010111100000011110010000101110000100001001',,,0.13380281690140844
'111101111011110111111011000001101000001111111001101111111001111010110111',,,0.16901408450704225
'111001111111110001111001011001111111111111011101101111001101001011110110',,,0.19718309859154928
'010010001111001000111100000000000000000000000000011010100000000110001001',,,0.14084507042253522
'111011110100110001000001111111111111111111000111100101100111001001110110',,,0.20422535211267606
'101101111111110111111011100001111111101111100101101111111101111011110110',,,0.11971830985915492
'011011011111110110111000111000000000011011000001111011111001000111110111',,,0.31690140845070425
'111101111100110111111011011001111111111111100101101111010101111011110110',,,0.13380281690140844
'101011001100110111111001011001101000011100000001101111110001001111110110',,,0.24647887323943662
'010000000000001110000100111000000000010000000010010000000010000001001000',,,0.1619718309859155
'111101110111110001000011011001101000011111100011100101100011111001110110',,,0.15492957746478872
'111001111111110111111001111001111111111111000101101111111101001111110110',,,0.1619718309859155
'010000001011001000111100000110000000000000000000011010100000000110001001',,,0.15492957746478872
'010010000011001000000100100110000000000000000010010000000010000000001001',,,0.11267605633802817
'101111111011110001111011111001101000011111100001101111100001111011110110',,,0.1056338028169014
'010011001011001110111100000000010111100001000100011010001100000110001001',,,0.18309859154929578
'111111110100110111000011111111101000011111100011100101110011111001110110',,,0.14084507042253522
'101001110000110111000001011001111111111111000111100101110111001001110110',,,0.2112676056338028
'111011111011110110111001111111101000011111000001101111011001001011110110',,,0.2112676056338028
'111111111111110111111011000111101000001111111001101111111001111011110110',,,0.09859154929577464
'101101110111110111000011111111111111111111100111100101011111111001110110',,,0.14788732394366197
'001001111000010000111001111110000000011111000001101011100001000011110100',,,0.2605633802816901
'110000001000101110111100111110101000011000011001111010011000000111001010',,,0.323943661971831
'111111111011110111111011011001111111111111100101101111111101111011110110',,,0.08450704225352113
'000111011000011111111111100000100000001011111001111110001000110010001011',,,0.31690140845070425
'101101111100110111111011111111101000011111100001101111010001111011110110',,,0.14788732394366197
'000000001100001000111100100000000000000000000000011010000000000110001001',,,0.09859154929577464
'011111010100110111011111100000111111101011111111110100111101111110010111',,,0.24647887323943662
'000110000000001000000100111000010111110000100110010000100110000100001001',,,0.14084507042253522
'010100100000001001000110000000000000000100100010010000000010111000001001',,,0.19014084507042253
'010010001011001110010100000000010111100000011110010000001110000100001001',,,0.13380281690140844
'010000000000001000000100000000010111100000011110010000100110000100001001',,,0.11971830985915492
'010000000111001000000100000110000000000000000010010000000010000100001001',,,0.07746478873239436
'110011110011111110111001111001101000011111000001101111001000000011101010',,,0.28169014084507044
'111001111011110001111001011001101000011111011001101111001001001011110110',,,0.2112676056338028
'000000000111101110000100000000010111100000000110010000101110000100001001',,,0.14788732394366197
'111101111111010111111011111001111111111111100101101111111101111011110110',,,0.09154929577464789
'010011011000001110111100100000010111101011011101011010101100000110001001',,,0.2535211267605634
'111101110100110111000011100111101000001111100011100101010011111000110111',,,0.24647887323943662
'111011110111110111000001011001101000011111011011100101111011001001110110',,,0.19718309859154928
'000100000000001000000110100110010111100000111110010000100110110100001001',,,0.2112676056338028
'010000001100001110111100100000000000000000000000011010000000000110001001',,,0.11267605633802817
'101101110111000001000010100001000000001111111011100001101011111000110101',,,0.30985915492957744
'101011110111110001000001011111101000011111000011100101100011001001110110',,,0.2323943661971831
'000110000011001000000110100110000000000000111010010000101010110100001001',,,0.20422535211267606
'010010000011001110000100100110000000000000011010010000111010000100001001',,,0.14788732394366197
'010000001011001000111100011110000000010000000000011010000000000111001000',,,0.19718309859154928
'100111111011111111011011100111111111101111111111100101011100111010101011',,,0.21830985915492956
'101011111011110111111001011001111111111111011101101111011101001011110110',,,0.18309859154929578
'000100000111001000000110011000000000010000100010010000000010110100001001',,,0.176056338028169
'101111111011110001111011011111111111111111100101101111010101111011110110',,,0.13380281690140844
'110100101000001001111011011111111111110100100100001111000100111011101000',,,0.2323943661971831
'011100001111000001111110011000000000010000100000011010100001111110010101',,,0.2323943661971831
'111101110100110001000011011001101000011111111011100101000011111001110110',,,0.18309859154929578
'001100000100001000000110100000010111100000100110010000000110110100011001',,,0.176056338028169
'010000011011001110100100000000000000000011000011010010101000000100001001',,,0.20422535211267606
'101111110011110111000011011111111111111111111111100101011111111001110110',,,0.1267605633802817
'011111010111000001000110100000000000000011111011110000101011111100010101',,,0.2605633802816901
'000000001011001000111100011110000000010000000000011010100000000110001001',,,0.16901408450704225
'000010000011001000000100000110000000000000000010010000100010000110001001',,,0.11971830985915492
'101011111000110111111001011001111111111111000101101111110101001011110110',,,0.19014084507042253
'011001110111000000000100000000000000000011011011110000101011000000010101',,,0.2323943661971831
'111011110011110001000001011001111111111111000111100101100111001001110110',,,0.21830985915492956
'101101110100010001000011011001111111111111100111100101000111111001110100',,,0.20422535211267606
'101001111100110111111001011001101000011111011001101111111001001011110110',,,0.19014084507042253
'011011010111110000000100100110000000001011011011110000111011000100010111',,,0.21830985915492956
'000010000111001110000100011110000000010000000010010000011010000101001000',,,0.19014084507042253
'010010000000001000000100011000000000010000000010010000100010000100001001',,,0.11971830985915492
'010110000011001110000110100000010111100000111110010000111110110100001001',,,0.2112676056338028
'111111111000110111111011000111111111101111100101101111010101111011110110',,,0.1619718309859155
'001000100100000110000100011111001000010100000010010000110011001001010100',,,0.28169014084507044
'010010001011001000111100100110010111100000000100011010000100000110001001',,,0.1619718309859155
'101101111111110111111011011001101000011111100001101111011001111011110110',,,0.14788732394366197
'001100001100000111111110000000010111100000100100011010110101111110010101',,,0.2676056338028169
'110001110011111110000001011111111111111111000111100101011110000001101010',,,0.21830985915492956
'111111110000110001000011011111111111111111100111100101010111111001110110',,,0.176056338028169
'110011001011111000111001011111111111110100011100101111001100000111101010',,,0.29577464788732394
'101011111111110111111001111111101000011111000001101111011001001011110110',,,0.20422535211267606
'101111011111110001111011100001111111101111111101101111001101111110110111',,,0.2323943661971831
'101101110100110001000011100111101000001111111011100101110011111001110110',,,0.19014084507042253
'110100101011001001111011111001111111110100100100001111000100111011101000',,,0.23943661971830985
'010100001111001000111110100000000000000000100000011010000000110110001001',,,0.18309859154929578
'111101111111110111111011100001111111101111100101101111111101111010110111',,,0.14788732394366197
'111111110100110111000011011111111111111111111111100101111111111001110110',,,0.1056338028169014
'111101011111110001111011111001101000011111100001101111100001111111110110',,,0.1267605633802817
'000000001111001000111100100000010111100000000100011010000100000110001001',,,0.13380281690140844
'000010101000001000111101111110000000010000011000011010000000000011101000',,,0.21830985915492956
'101101111111110001111011011111101000011111111001101111011001111011110110',,,0.13380281690140844
'101101111100110111111011011111111111111111111101101111111101111111110110',,,0.09859154929577464
'101111111111110111111011100001101000001111111001101111011001111011110110',,,0.14788732394366197
'101011110100110001000001011111111111111111000111100101100111001001110110',,,0.22535211267605634
'101101110111110111000011011111101000011111111011100101011011111001110110',,,0.1619718309859155
'111101110000110111000011011111101000011111100011100101010011111001110110',,,0.19014084507042253
'010100001100001110111110100000010111100000100100011010000100110110001001',,,0.20422535211267606
'000010001000001000111100000000000000000000011000011010100000000110001001',,,0.13380281690140844
'111101110111110111000011100001101000001111111011100101111011111100110111',,,0.2112676056338028
'111110111100000001111011111001101000010110100001101111100001111011110100',,,0.15492957746478872
'000010001011001110111100111000000000010000011000011010101000000110001001',,,0.20422535211267606
'111001110111110001000001111001111111111111011111100101101111001001110110',,,0.19014084507042253
'011011010111110110000101011110101000011011000011110100011011000101010110',,,0.2746478873239437
'000100001011001110111110100110010111100000100100011010011100110110001001',,,0.20422535211267606
'111011110100110111000001111111111111111111011111100101111111001001110110',,,0.16901408450704225
'000000001011001000111100111110010111110000011100011010001100000111001000',,,0.21830985915492956
'111001110111110111000001111111111111111111000111100101111111001001110110',,,0.1619718309859155
'000010001000001110111100111110010111110000000100011010010100000110001001',,,0.19014084507042253
'010011000111001000000100011000010111110000011111010000001110000101001000',,,0.21830985915492956
'010100001000001000111110000000010111100000111100011010000100110110001001',,,0.20422535211267606
'111001011111110000111000011001101000011011011001101111101001000111110110',,,0.24647887323943662
'000010001011001000111100100000000000000000000000011010000000000110001001',,,0.11267605633802817
'101111111111000001111011111001101000010111111001101111101001111011110100',,,0.16901408450704225
'000010001100001110111100100000010111100000011100011010001100000110001001',,,0.1619718309859155
'111011111111110000111001111001111111111111011101101111101101000011110110',,,0.20422535211267606
'000010001011001000111100100000000000000000000000011010100000000110001001',,,0.14084507042253522
'101101111011110001101011111111101000011111100011100111110001111001110110',,,0.14788732394366197
'011110000100000111000110000000000000000000100010010000110011111100010101',,,0.22535211267605634
'101111110100010111000011000111101000001111100011110100010011111000010111',,,0.3028169014084507
'111111110000110001000011111111101000011111100011100101110011111001110110',,,0.14788732394366197
'101111111100110111111011000111101000001111100011101101110001111110110111',,,0.21830985915492956
'010001001011001110111100000000010111100000000100011010101100000110001001',,,0.20422535211267606
'010000000100001000000100100110000000000000011010010000000010000100001001',,,0.08450704225352113
'010010000000001000000100011000000000010000000010010000000010000101001000',,,0.13380281690140844
'010010000000001000000100000110000000000000000010010000100010000100001001',,,0.1056338028169014
'010000000000001110000100011000010111110000011110010000001110000100001001',,,0.14084507042253522
'111101110111110001000011100001111111101111111111100101101111111000110111',,,0.21830985915492956
'010010001000001110111100011000010111110000000100011010000100000011001000',,,0.22535211267605634
'010000000100001000000100100000000000000000000010010000100010000100001001',,,0.08450704225352113
'000010001111001000111100011000010111110000000100011010000100000111001000',,,0.20422535211267606
'001001000100000000000100011110000000010011011010010000100011000101010100',,,0.2676056338028169
'000010001000001110010100011000000000010000011010010000101010000101001000',,,0.2112676056338028
'000010000000001110000100000110000000000000000010010000110000000100001001',,,0.15492957746478872
'100011111011111110111001100001111111101111011101101111001100000011101010',,,0.24647887323943662
'101101110100110001101011011001101000011111111001101111000001111011110110',,,0.16901408450704225
'000110000000001000000110100110000000000000111010010000000010110100001001',,,0.15492957746478872
'110011111000111110111001111111111111111111011101101111111100000011101010',,,0.24647887323943662
'100101111011111001111011011001111111111111111101101111001100111011101010',,,0.18309859154929578
'000100100000001111000110000000010111100000111110010000011110111000001001',,,0.23943661971830985
'010000000000001000000100011110010111110000000110010000000110000101001000',,,0.1619718309859155
'010011010011111110000100100110010111101011000111110000011110000100001011',,,0.18309859154929578
'111101010111110111000011100111101000001011111011100101111011111100110111',,,0.2112676056338028
'000000000111001110000100111000010111110000011110010000001110000101001000',,,0.18309859154929578
'111001110100110111000001011111111111111111011111100101111111001001110110',,,0.16901408450704225
'111111111111110111111011100111101000001111100001101111011001111010110111',,,0.176056338028169
'110000001011111110111001111111111111111100011101101111111100000111101010',,,0.2746478873239437
'111101111000110111111011100001111111101111111101101111111101111010110111',,,0.15492957746478872
'010010000111001110000100111000010111110000000110010000001110000100001001',,,0.14788732394366197
'010000101000001000111100011001010111110100011100011010000100000011101000',,,0.22535211267605634
'101111111011110001111011011001111111111111111101101111001101111011110110',,,0.14084507042253522
'111101111011110111111011111111111111111111111101101111111101111011110110',,,0.056338028169014086
'000100000011001000000110011110000000010000111010010000001010110100001001',,,0.20422535211267606
'000000001111001000000100100000000000000000000010010000000010000100001001',,,0.08450704225352113
'010010000000001000000100000000000000000000011010010000100010000100001001',,,0.1056338028169014
'101101111111110111111011011111101000011111111001101111011001111011110110',,,0.11971830985915492
'010010001000001110111100011000000000010000011000011010101000000110001001',,,0.2112676056338028
'011100000111000001000110000110000000000000100010010000110011111100010101',,,0.2323943661971831
'101001111000110001111001011001101000011111011001101111000001001011110110',,,0.20422535211267606
'101001111111110001111001011001101000011111011001101111101001001011110110',,,0.19014084507042253
'001110001100000111111110000000010111100000100100011010110101111110010101',,,0.2605633802816901
'111011110100110001000001011001111111111111011111100101100111001001110110',,,0.2112676056338028
'010000000000001110000100111001010111110000011110010000001110000101001000',,,0.20422535211267606
'000001001011111110111100000000010111101011000100011010001100000110001011',,,0.21830985915492956
'000000000000001000000100100000010111100000011110010000100110000100001001',,,0.11267605633802817
'001011011111110110111000000000000000001011000001111010111001000110010111',,,0.2676056338028169
'101111111100110111111011000111101000001111111001101111111001111011110110',,,0.1267605633802817
'010010100011001000000100011110010111110100011110010000101110000001001000',,,0.24647887323943662
'010000001011001000111100100110000000000000011000011010101000000110001001',,,0.18309859154929578
'001000001100000000111100111000000000010000011000011010100001000111010100',,,0.2323943661971831
'101011111111110110111001000111111111101111011101101111111101001011110110',,,0.19014084507042253
'010000000011001000000100111110010111110000011110010000001110000100001001',,,0.14788732394366197
'101111111000110001111011100111111111101111111101101111010101111011110110',,,0.15492957746478872
'011100000100000001111110100000000000000000100000011010100001111110010101',,,0.19718309859154928
'010011000111001000000100111000010111110011011111010000101110000100001001',,,0.21830985915492956
'101111010111110111000111000111101000001111111011110100111011111100010111',,,0.24647887323943662
'010010001011001000111100100000010111100000011100011010101100000110001001',,,0.19718309859154928
'101101111011110001111011000001101000001111111001101111101001111110110111',,,0.2112676056338028
'100011110000111110000001011001111111111111011111100101001110000001101010',,,0.22535211267605634
'111111111111110111111011100001101000001111111001101111111011111010110111',,,0.16901408450704225
'100001110011111000000001011001111111111111011111100101001110000001101010',,,0.21830985915492956
'101001011100110110111001011111101000011011011001101111111001000111110110',,,0.22535211267605634
'010000001100001000111100111110000000010000000000011010000000000110001001',,,0.14084507042253522
'011110001100000001111110100110000000000000111000011010110001111110010101',,,0.21830985915492956
'000010000111001000000100100110000000000000000010010000000010000100001001',,,0.09154929577464789
'000000000011101000000100000000010111100000011110010000001110000100001001',,,0.11267605633802817
'000100001000001000111110100000000000000000111000011010100000110110001001',,,0.20422535211267606
'100111110011111001000011100001111111101111111111100101001110111000101011',,,0.2535211267605634
'111101110011110111000011011001101000011111100011100101011011111001110110',,,0.18309859154929578
'110010101000111110111001111111101000011100000000001111000000000011101010',,,0.2676056338028169
'101101111011110111111011111001101000011111100001101111111001111011110110',,,0.1056338028169014
'001011010111110110000100100000000000001011011011110000111011000100010111',,,0.2323943661971831
'101101111100110001111011100111111111101111100101101111110101111011110110',,,0.14084507042253522
'011010000100000110000100011000000000010000000010010000110011000100010101',,,0.21830985915492956
'101011111100110111111001011001111111111111000101101111010101001011110110',,,0.22535211267605634
'110001111011111000111001000111111111101111011101101111101100000011101010',,,0.2605633802816901
'010000000111001000000100011000000000010000011010010000001010000101001000',,,0.16901408450704225
'000110001100001000111110000000010111100000111100011010100100110110001001',,,0.21830985915492956
'000000001000001000111100100000000000000000000000011010100000000110001001',,,0.11971830985915492
'101101111100110111111011100111101000001111111001101111011001111011110110',,,0.15492957746478872
'100011111011111000111001111111101000011111011001101111011000000011101010',,,0.2535211267605634
'000110001111001110111110011110000000010000111000011010011000110110001001',,,0.21830985915492956
'110101110011111111000011100000101000001011111011100101011010110000101011',,,0.29577464788732394
'101011111100110111111001100001111111101111000101101111110101001011110110',,,0.21830985915492956
'010000000000001000000100000110000000000000011010010000100010000100001001',,,0.11267605633802817
'000100000100001000000110011000010111110000111110010000100110110100001001',,,0.22535211267605634
'000010001011001110111100000000000000000000011000011010101000000110001001',,,0.16901408450704225
'000110001011001000111110100110000000000000111000011010001000110010001001',,,0.21830985915492956
'110111101011111001111011000001111111101101111101101111001100111110101011',,,0.28169014084507044
'010110000111001110000110011000010111110000111110010000011110110100001001',,,0.19718309859154928
'010010000011101110000100000000000000000000011010010000001010000100001011',,,0.1267605633802817
'000000001011001000111100011110000000010000011000011010001000000110001001',,,0.1619718309859155
'100001110011111110000001111111101000011111011011100101011010000101101010',,,0.24647887323943662
'100110100000111111000011000111111111101100100110000101110110111000101011',,,0.2746478873239437
'111111111100110111111011000111101000001111100001101111110001111011110110',,,0.13380281690140844
'111100110100000001000011111001111111110100100111100101000111111001110100',,,0.2323943661971831
'000100001111001000111110100110010111100000100100011010000100110110001001',,,0.21830985915492956
'110011111000110110111001111111101000011111011001101111111000000011101110',,,0.28169014084507044
'110110000000001001000111111111111111110000100110000101000110110101101000',,,0.2676056338028169
'101011110011110111000001011111101000011111000011100101111011001001110110',,,0.20422535211267606
'111100110111000001000011111111101000010110111010100101001011111001100100',,,0.2535211267605634
'011011011111000000111100100000000000000011011001111010101001000110010101',,,0.22535211267605634
'001010001100000110111100111000000000010000000000011010110001000111010100',,,0.2676056338028169
'101100110100110001000011011111111111111110100111100101110111111001110110',,,0.18309859154929578
'000000001000111110111100100110010111101000011100011010011100000110001011',,,0.19718309859154928
'010010001111001000111100011000010111110000011100011010101100000110001001',,,0.2112676056338028
'101100110100110001000011100001101000001111100011100101100011111001110110',,,0.19718309859154928
'000010001000001000111100100110010111100000000100011010000100000110001001',,,0.13380281690140844
'111111111111110001111011111111111111111111100101101111010101111011110110',,,0.11971830985915492
'000010001000001110111100000000010111100000000100011010000100000110001001',,,0.1267605633802817
'111111111111110111111011000001101000001111100001101111111001111010110111',,,0.16901408450704225
'010000000000101110100100000110010111100000011110010010011110000100001011',,,0.14084507042253522
'001101000111000001000110000000010111100000100110010000100111111100010101',,,0.2887323943661972
'010011001011111110111100000000010111101001000100001011101100000110001011',,,0.29577464788732394
'100110101000001001111011011001111111110100100100001111000100111011101000',,,0.19718309859154928
'010110000011001000000110100110000000000000111010010000001010110100001001',,,0.19014084507042253
'101101111000110111111011011001101000011111100001101111110001111011110110',,,0.11971830985915492
'010110100000001001000110000110010111100100100110010000100110111000001001',,,0.2323943661971831
'101110100100110001000011011111101000011100100010010100010011111001110110',,,0.31690140845070425
'101101111111110111111011100111111111101111111101101111011101111010110111',,,0.1619718309859155
'010110000111001000000110111110010111110000111110010000001110110100001001',,,0.21830985915492956
'000000001011001110111100011000010111110000000100011010101100000111001000',,,0.23943661971830985
'001010000100000000000100100110000000000000011010010000100011000100010101',,,0.18309859154929578
'001100001100000001111110100000010111100000100100011010100101111110010101',,,0.24647887323943662
'000000001000001110111100011000000000010000011000011010001000000110001001',,,0.1619718309859155
'111110111100110001111011111111101000011110111001101111110001111011110110',,,0.11971830985915492
'010010000011001000000100000000010111100000000110010000100110000100001001',,,0.1267605633802817
'000010001111001110111100000000000000000000011000011010101000000110001001',,,0.176056338028169
'010000001000001110111100000110000000000000011000011010111000000110001001',,,0.19014084507042253
'111111110011110111000011000111111111101111100111100101111111111000110111',,,0.18309859154929578
'000000000011001000000100100110000000000000011010010000001010000100001001',,,0.09859154929577464
'101110110100110111000011011001111111111100100111100101010111111001110110',,,0.2112676056338028
'010011001011111110111101111000101000011011000000001110001000000111001010',,,0.29577464788732394
'101101110000010111000011111001101000010111100010110101100011111001110100',,,0.19014084507042253
'000010000000001000000100011110010111110000000110010000100110000101001000',,,0.18309859154929578
'110100101000001001111011000001111111100100111100001111000100111011101000',,,0.2605633802816901
'101001111100110001111001011111111111111111011101101111100101001011110110',,,0.20422535211267606
'000000000011001000000100000000000000000000000010010000000010000000001001',,,0.07042253521126761
'111111111111110001111011000111101000001111111001101111011001111010110111',,,0.18309859154929578
'000010000111001110000100111110010111110000000110010000111110000100001001',,,0.176056338028169
'000000000011001110000100111000010111110000011110010000101110000101001000',,,0.20422535211267606
'111001111111110111111001011111111111111111011101101111111101001011110110',,,0.1267605633802817
'111100111000010001000011011001111111111111111111100101100111111001110110',,,0.20422535211267606
'101111110100110111000011011111101000011111111011100101011011111001110110',,,0.16901408450704225
'101100100100010001000011111001101000011100100011100101100011111001110100',,,0.19014084507042253
'000000001011001110111100111110000000010000000000011010011000000110001001',,,0.18309859154929578
'111001011111110000111001111111101000011011011001111111011001000111110110',,,0.23943661971830985
'000100001011001110111110000110000000000000111000011010011000110110001001',,,0.19014084507042253
'111111111111110111111011011001111111111111100101101111111101111011110110',,,0.07746478873239436
'000000001000001000111100111000000000010000011000011010000000000110001001',,,0.13380281690140844
'101101111000110111111011100111111111101111111101101111011101111010110111',,,0.16901408450704225
'010010001011001000111100011000010111110000000100011010100100000111001000',,,0.23943661971830985
'000010000011001110000100100000010111100000000110010000001110000100001001',,,0.11267605633802817
'110011110011111110000001111001111111111111000111100101001110000001101010',,,0.24647887323943662
'110100011011111111111011011111111111111010100101101111011100111111101010',,,0.21830985915492956
'010100000000001000000110000000000000000000100010010000000010110100001001',,,0.14084507042253522
'111111110011110111000011100001101000001111100011100101111011111001110110',,,0.16901408450704225
'001001000100000000000100100000000000000000011010010000100011000100010101',,,0.18309859154929578
'111111110011110001000011100111101000001111111011100101111011111000110111',,,0.19718309859154928
'011111000100000001000110100000000000000000100010010000100011111100010101',,,0.2112676056338028
'101101101111000001111111011001111111110100100100001111000101111011110100',,,0.22535211267605634
'011001010100110110000100111000000000011011011011110000111011000100010111',,,0.2535211267605634
'000011000000001110000100100000010111100000000110010000000110000100001001',,,0.11267605633802817
'101110001100010001111111111111101000011000100000001111010001111111110100',,,0.2323943661971831
'011011010111000000000100000000000000000011011011110000101011000000010101',,,0.2323943661971831
'111100111100110111111011011001111111111100100101101111110101111011110110',,,0.13380281690140844
'111111110000110001000011111111101000011111111011100101010011111001110110',,,0.176056338028169
'111111111011110001111011011001101000011111111001101111101001111011110110',,,0.11971830985915492
'000010001100001110111100111000010111110000011100011010001100000110001001',,,0.19014084507042253
'100000111011111110111001011111111111111111000101101111011100000111101010',,,0.23943661971830985
'110111101000111111111011100001111111100100111100101111101100111110101011',,,0.3028169014084507
'000110000011001001000110100000010111100000111110010000001110110100001001',,,0.19718309859154928
'111011110100110001000001011001101000011111011011100101100011001001110110',,,0.20422535211267606
'111111110011110111000011100111111111101111100111100101111111111001110110',,,0.13380281690140844
'010001001000001110111100100110000000000011011000011010011000000110001001',,,0.19718309859154928
'010000001100001000111100000000010111100000011100011010100100000010001001',,,0.16901408450704225
'101011110000110001000001111001101000011111011011100101000011001001110110',,,0.2323943661971831
'010000000111001000000100000110000000000000011010010000101010000100001001',,,0.1267605633802817
'000010000100001000000100100000000000000000011010010000000010000100011001',,,0.09154929577464789
'010010000000001110000100100000010111100000000110010000000110000000001001',,,0.11971830985915492
'101101111000110001111011000001111111101111100101101111100101111011110110',,,0.14084507042253522
'111101110111110111000011000001101000001111111011100101011011111000110111',,,0.2323943661971831
'101111111011110001111011111001101000011111111001101111001001111011110110',,,0.14084507042253522
'101101110000110111100011100111111111101111100101100111110101111001110110',,,0.18309859154929578
'010000001000001110000100111110010111110000011110010000111110000100001001',,,0.19014084507042253
'000010000000001000000100100000000000000000000010010000000010000100001001',,,0.056338028169014086
'000000001011001000111100011000000000010000000000011010100000000110001001',,,0.15492957746478872
'101011111111110001111001111111101000011111000001101111100001001011110110',,,0.19718309859154928
'101111110111110111000011011111101000011111111011100101111011111001110110',,,0.1267605633802817
'110101110011111111000011100001111111101111100111100101111110111000101011',,,0.2605633802816901
'011001110100100000000100100111000000000111000011010000100011000000010101',,,0.2323943661971831
'111101111011110111111011100111101000001111100001101111011001111011110110',,,0.14788732394366197
'000010001011101000111100100110010111100000011100011010111100000110011011',,,0.18309859154929578
'011011110111000000000100011000010111110111011111110000101111001001010100',,,0.3028169014084507
'111101110011110001000011000001101000001111111011100101101011111001110110',,,0.19718309859154928
'101011011111110110111001011001111111111011011101101111111101000111110110',,,0.2112676056338028
'011001011100110110111000011000010111111011011101101011111101000111110110',,,0.2535211267605634
'000010000000001110000100011000010111110000011110010000001110000100001001',,,0.13380281690140844
'111011111111110001110001111111111111111111011101100111111101001001110110',,,0.176056338028169
'010011000011101110000100100110000000000001000010010000011010000100001001',,,0.16901408450704225
'111111111011110111111011111111111111111111100101101111111101111011110110',,,0.06338028169014084
'000010000011111110000100000110010111101000011111010000111110000100001011',,,0.15492957746478872
'110101111011111111111011100001101000001111111001101111011000111010101011',,,0.2676056338028169
'101001111011110001111001011001111111111111011101101111101101001011110110',,,0.176056338028169
'110011111000111110011001011111111111111111011101101111011110000011101010',,,0.2323943661971831
'010010001111001000111100000110000000000000011000011010011000000110001001',,,0.1619718309859155
'001011011111000000111100011000000000010011011001111010101001000111010100',,,0.3028169014084507
'101110110111110001000011000111111111101100100110100101110111111001110110',,,0.22535211267605634
'111001110111110111000001011111101000011111011011100101111011001001110110',,,0.176056338028169
'001110000100000001000110100000000000000000111010010000000011111100010101',,,0.2323943661971831
'000001000111001000000100000000010111100000000110010000100110000100001001',,,0.13380281690140844
'111101111111110001111011100001111111101111111101101111101101111010110111',,,0.176056338028169
'101111110111110001000011011111111111111111111111100101011111111001110110',,,0.14788732394366197
'110011111000111110111001111001111111111111011101101111001100000011101010',,,0.24647887323943662
'111100111011110111111011111111101000011100100001101111111001111011110110',,,0.11971830985915492
'011101010111000001000110000000000000000011111011110000001011111100010101',,,0.2887323943661972
'101111111100110001111011111001101000011111100001101111000001111011110110',,,0.1267605633802817
'111011110100110001000001111001101000011111011011100101000011001001110110',,,0.22535211267605634
'010000001100001000111100011000000000010000011000011010100000000110001001',,,0.1619718309859155
'000001001011111110111100100110010111101011000101001010011100000110001011',,,0.21830985915492956
'101101110011110001000011000111111111101111100111100101110111111001110110',,,0.18309859154929578
'010011011011111110111000000110000000001011011001111010011000000010001011',,,0.23943661971830985
'000010000000001110000100011110010111110000000110011000010110000100001001',,,0.1619718309859155
'101111110111110111000011000111101000001111111011100101111011111001110110',,,0.15492957746478872
'010100000111001000000110000110010111100000111110010000001110110100001001',,,0.19014084507042253
'111101111100110111111011111001101000011111111001101111111001111011110110',,,0.09859154929577464
'000000001000001000111100011110010111110000011100001011100100000111101000',,,0.2746478873239437
'001000001111000000111100011000000000010000000000011010100001000111010100',,,0.23943661971830985
'000000001100001000111100100000000000000000011000011010000000000110001001',,,0.11267605633802817
'101110111100000001111011111001111111111110100101101111100101111011110100',,,0.176056338028169
'101110111000000001111011000001101000000110111000101111100001111011100100',,,0.19718309859154928
'000010100011001000000100111110010111110000000110010000000110000001001000',,,0.19718309859154928
'111110001100110001000011000111101000001000111010100101110011111000110111',,,0.2887323943661972
'101110100111000001000111111111101000010100111010010100101011111001101100',,,0.30985915492957744
'010010001011001110111100011000000000010000011000011010101000000111001000',,,0.2535211267605634
'101011111000110001111001111001101000011111011001101111000001001011110110',,,0.20422535211267606
'111001111000110111101001011001101000011111000011101101110001001001110110',,,0.21830985915492956
'100101101000111111111011100001101000001101100000001111010000111010101011',,,0.2746478873239437
'101101111100110001111011000111101000001111111001101111110001111010110111',,,0.19718309859154928
'011011011111010110111000100000000000001011011001111010111001000110010111',,,0.2323943661971831
'000010000000001110000100111110000000010000011010010000011010000100001001',,,0.14788732394366197
'010000000100001110000100000000010111100000011110010000001110000100001001',,,0.1056338028169014
'100111111011111111111011100001101000001111100001101111011000111010101011',,,0.2605633802816901
'010011001011001110111100100000010111100000011100011010001100000110001001',,,0.19014084507042253
'101111110100110111000011111111111111111111100111100101110111111001110110',,,0.14788732394366197
'110101111000111111111011100111101000001111111001101111011000111010101011',,,0.2676056338028169
'011000001100001000111100000000010111100000000100011010100100000110011001',,,0.16901408450704225
'010001001011001110111100100000010111100011011100011010101100000110001001',,,0.21830985915492956
'000010000011001000000100000000000000000000011010010000101010000100001001',,,0.1267605633802817
'101001110011110111000001000111111111101111000111100101011111001001110110',,,0.2323943661971831
'001100001100000001111110000000010111100000111100011010100101111110010101',,,0.2676056338028169
'011010011100010110111000000000000000001010011001111010111001000110010111',,,0.24647887323943662
'110001111011111110111001011001101000011111000001101111001000000011101010',,,0.2535211267605634
'010010000111001000000100100000010111100000000110010000000110000100001001',,,0.09859154929577464
'111101111011110111111011011111101000011111111001101111111001111011110110',,,0.08450704225352113
'101111110100110111000011111111101000011111111011100101011011111001110110',,,0.1619718309859155
'110000101000001110111000111001110111110100000100001011000100000011101000',,,0.2535211267605634
'010011011011111110111000000110010111101011000101101011011100000110001011',,,0.2535211267605634
'101011010111110110000001011001111111111011011111100101111111000101110110',,,0.23943661971830985
'111011111100110001111001011111111111111111000101101111000101001011110110',,,0.2112676056338028
'100000101011001000111001011111010111110100000100001011000100000011101000',,,0.2676056338028169
'000110001111001000111110000000000000000000100000011010000000110110001001',,,0.16901408450704225
'111111111100110001111011111001101000011111100001101111000001111011110110',,,0.11267605633802817
'101001110000110111000001011001101000011111000011100101110011001001110110',,,0.21830985915492956
'111111110111110111000011100111111111101111100111100101011111111000110111',,,0.19718309859154928
'000000001000001000111100111000000000010000000000011010000000000110001001',,,0.11971830985915492
'100110100000001001000111100001111111100100111110010000000110111000001000',,,0.2887323943661972
'101001111100110001111001011111111111111111000101101111100101001011110110',,,0.19014084507042253
'101101110111110001000011100001111111101111100111100101000111111001110110',,,0.22535211267605634
'111111101100000001111011100001111111100111100100001111100101111011110110',,,0.19014084507042253
'111011110111110001000001111001101000011111011011100101101011001001110110',,,0.20422535211267606
'000000001011001110111100000110000000000000011000011010011000000110001011',,,0.14788732394366197
'000000001111001110111100111110010111110000011100011010011100000110001001',,,0.16901408450704225
'111001111111110111111001011001111111111111000101101111111101001011110110',,,0.15492957746478872
'000110001100001000111110100000010111100000100100011010000100110110001001',,,0.18309859154929578
'101100111111010111111011000111100000001010100001101111111001111110110101',,,0.2676056338028169
'110101110011111001000011011111111111111111111111100101001110111001101010',,,0.2112676056338028
'000010001011001000010100111110000000010000000000010000000010000110001001',,,0.14084507042253522
'010011001000001110111100011000000000010000011000011010001000000111001000',,,0.24647887323943662
'000010001111001000111100100110000000000000000000011010000000000110001001',,,0.13380281690140844
'010010110011111110000000000110000000001011011011110000011010000000001011',,,0.19718309859154928
'001000111100000000111000111110000000010000000001111010100001001011010100',,,0.29577464788732394
'111101110011110111000011100111101000001111100011100101111011111000110111',,,0.20422535211267606
'010110001000001001111110000000010111100000100100011010000100111110001001',,,0.21830985915492956
'101111111111110111111011111001111111111111111101101111011101111111110110',,,0.11267605633802817
'010010000111001000000100111000000000010000000010010000000010000100001001',,,0.1056338028169014
'101001110111110000000001011110101000010011000011110100100011000001010110',,,0.30985915492957744
'101111010111110111000011111111111111111111111111100101111111111101110110',,,0.11971830985915492
'111001111100110000111001011111101000011111000001101111100001001011110110',,,0.18309859154929578
'001001011111000000111100111000010111110011011101111010101101000111010100',,,0.29577464788732394
'000000001111001000111100100110000000000000011000011010101000000110001001',,,0.176056338028169
'111111111000110111111011100001111111101111100101101111010101111011110110',,,0.15492957746478872
'101011110000110111000001011001101000011111011011100101111011001001110110',,,0.21830985915492956
'111100100100110111000011111001101000011100100011100101010011111001110110',,,0.20422535211267606
'100111110000111111000011100001101000001111111011100101001010110000101011',,,0.28169014084507044
'010001001011001110111100000000000000000011011000011010001000000110001001',,,0.176056338028169
'010000001000001110111100111000010111110000000100011010000100000110001001',,,0.16901408450704225
'001100001111000001111110000000010111100000100100011010100101111110010101',,,0.2676056338028169
'001011001111000000111100100000000000000001000000011010100001000110010101',,,0.20422535211267606
'111111110100000001000011111111101000011111111011100101010011111001110100',,,0.19014084507042253
'011100000100000001000110000000010111100000100110010000100111111100010101',,,0.23943661971830985
'000010001111001110111100111110000000010000011000011010011000000110001001',,,0.18309859154929578
'111101111000110001111011111111111111111111100101101111010101111111110110',,,0.14788732394366197
'101111111111110111111011000001111111101111100101101111111101111010110111',,,0.1619718309859155
'100101111011111001111011000001111111101111111101101111001100111010101011',,,0.23943661971830985
'110001110011111000000001111001101000011111011011100101001010000001101010',,,0.2605633802816901
'010010000011001110000100011110010111110000011110010000011110000101001000',,,0.176056338028169
'010010001011001000111100100000000000000000000000011010000000000110001001',,,0.1267605633802817
'010100100000101001000110100111000000000100100010010000000010111000001011',,,0.22535211267605634
'101101111100110111111011100111111111101111100101101111010101111010110111',,,0.2112676056338028
'010010000100001110000100111000010111110000000110010000000110000101001000',,,0.16901408450704225
'110111111011111111111011100111101000001111100001101111011000111010101011',,,0.2605633802816901
'000000000100101110000100000000000000000000000010010000000010000100001001',,,0.07746478873239436
'010000001100001000111100111000010111110000011100011010000100000110001001',,,0.1619718309859155
'011000000100100000000100011110000000010000000010010000000011001101010100',,,0.24647887323943662
'010001000000111110000100000110010111101001011110010000011110000100001011',,,0.18309859154929578
'011100001111000001111110100000000000000000100000011010000001111110010101',,,0.22535211267605634
'101111110000110001000011111111101000011111111011100101010011111001110110',,,0.176056338028169
'101101110111110111000011100111101000001111100011100101011011111000110111',,,0.23943661971830985
'110111110000111111111011000001101000001111111001101111001000111010101011',,,0.28169014084507044
'000110000000001110000110000000010111100000100110010000000110110100001001',,,0.15492957746478872
'000000001111001110111100111000000000010000011000011010001000000110001001',,,0.176056338028169
'000001111011001000111101011001010111110111011101111010001100000111001000',,,0.28169014084507044
'010010000011001000000100011000010111110000011110010000001110000100001001',,,0.14788732394366197
'000010000011001000000100011110000000010000011000010010001010000001001000',,,0.19718309859154928
'010110000100001110000110000000000000000000100010010000000010110100001001',,,0.14084507042253522
'010001000000111110000100000110000000001000011010010000011010000100001011',,,0.19014084507042253
'111101110011110001000011111111111111111111100111100101110111111001110110',,,0.14788732394366197
'001100000100000001000110011000010111110000111110010000100111111100010101',,,0.28169014084507044
'101101110000110001000011111001101000011111111011100101100011111001110110',,,0.15492957746478872
'101011111011110001111001011111101000011111000001101111100001001011110110',,,0.19718309859154928
'101001111100110111111001111111101000011111011001101111111001001011110110',,,0.16901408450704225
'100110101000001001111011100111111111100100100100001111000100111011101000',,,0.24647887323943662
'000010000011001110000100100000000000000000000010010000101010000100001001',,,0.13380281690140844
'011010001100000000111100011110000000010000000000011010100001000110010101',,,0.20422535211267606
'101101110111110111000011100001101000001111111011100101111011111000110111',,,0.2112676056338028
'000100000011001110000110011110000000010000100010010000111010110100001001',,,0.2323943661971831
'010110000011001110000110111110000000010000100010010000111010110100001001',,,0.24647887323943662
'000100000100001110000110011110000000010000100010010000010010110100001001',,,0.20422535211267606
'000010001100001000111100111000010111110000011100011010000100000110001001',,,0.16901408450704225
'000000001011111110111100000110010111100000000100011010111100000110001011',,,0.20422535211267606
'111111110111110001111011011001101000011111100001101111100001111011110110',,,0.11971830985915492
'111111111011110001111011111111111111111111100101101111010101111011110110',,,0.1267605633802817
'101100100100000111000011111001101000010100100010010100010011111101110100',,,0.29577464788732394
'110101110011111111000011100111111111101111100111100101011110111000101011',,,0.24647887323943662
'110100100000001111111111111001111111110100100100001111000110111011101000',,,0.2605633802816901
'000100001000001000111110000110000000000000100000011010000000110110001001',,,0.16901408450704225
'111001111111110110111001011001101000011111000001101111111001000011110110',,,0.2112676056338028
'101100110100110001000011011111101000011110111011100101010011111001110110',,,0.21830985915492956
'101101111100110111111011011111111111111111111101101111011101111011110110',,,0.11267605633802817
'101101110100110001000011111111101000011111100011100101010011111001110110',,,0.19014084507042253
'101101110011110001000011011001111111111111111111100101001111111001110110',,,0.19014084507042253
'111111110100110111000010000001101000001111111011100101111011111000110111',,,0.2323943661971831
'111001110111110001000001011111111111111111000111100101010111001001110110',,,0.2323943661971831
'110011111000111110111001011111111111111111011101101111111100000011101010',,,0.23943661971830985
'111101111111110111111011000111111111101111111101101111011101111010110111',,,0.15492957746478872
'010000001111001110111100000000010111100000011100011010001100000110001001',,,0.14788732394366197
'101111111111110001111011011001101000011111100001101111100001111011110110',,,0.11971830985915492
'000000001000001110111100011000000000010000000000011010000000000111001000',,,0.16901408450704225
'000000001000001110111100011000010111110000011100011010001100000111001000',,,0.2112676056338028
'011000011100110110111001011000111111111000000101101111110101000111110110',,,0.2676056338028169
'000010000000001110000100000110000000000000011010010000011010000100001001',,,0.11267605633802817
'111101111011110111111011000111111111101111111101101111011101111010110111',,,0.1619718309859155
'111111110000110111000011000111101000001111100011100101010011111001110110',,,0.2112676056338028
'110101110000111111000011011111111111111111111111100101011100111001101010',,,0.20422535211267606
'101101111100110001010011111111111111111111111111100111110111111001110110',,,0.16901408450704225
'011001001100000000111100011110010111110001000100011010100101000111010100',,,0.28169014084507044
'000010001000001110111100100000010111100000000100011010000100000110001001',,,0.13380281690140844
'111111110111110001000011000111111111101111111111100101111111111000110111',,,0.176056338028169
'101111110100110111000011100001111111101111100111100101010111111000110111',,,0.24647887323943662
'111101110100110001000011111111101000011111100011100101110011111001110110',,,0.14788732394366197
'111001111111110001111001011111111111111111000101101111110101001011110110',,,0.176056338028169
'110110111011111111111011111001111111111111111101101111011100111011101010',,,0.19014084507042253
'001101010100000111000110100000000000001011111011110000111011111100010101',,,0.2676056338028169
'010010001000001000111100000110000000000000011000011010100000000110001001',,,0.1619718309859155
'010000001100001000111100100000000000000000011000011010100000000110001001',,,0.14084507042253522
'000001000011001110000100000110000000000000000010010000111010000100001001',,,0.15492957746478872
'010100000000001110000110011000000000010000100010010000000010110100001001',,,0.18309859154929578
'111001111111110111111001000001101000001111000001101111011001001011110110',,,0.2323943661971831
'010010000011001000000100000000000000000000011010010000001010000100001001',,,0.11267605633802817
'100000101000111000111001011111111111110100011100001111000100000011101010',,,0.24647887323943662
'101101111100110001111011011001111111111111100101101111100101111011110110',,,0.11971830985915492
'101101110000110111000011111001101000011111111011100101111011111001110110',,,0.14788732394366197
'101101111111110001111011011111111111111111100101101111110101111011110110',,,0.11971830985915492
'111101110000110111000011111111111111111111111111100101111111111001100110',,,0.14084507042253522
'101011111000110111111001100001101000001111011001101111011001001011110110',,,0.23943661971830985
'010100000100001110000110111000010111110000100110010000100110110100001001',,,0.2323943661971831
'111101111111010001111011011111101000011111100001101111010001111011110100',,,0.15492957746478872
'000000001100001000111100111110000000010000011000011010100000000110001001',,,0.18309859154929578
'101101110011110111000011100111101000001111111011100101011011111001110110',,,0.176056338028169
'000001001111001000111100000000010111100001000100011010100100000110001001',,,0.176056338028169
'011001011100110110111000000110000000001011000001111010110001000110010111',,,0.2535211267605634
'111111111100110111111011011111101000011111100001101111010001111011110110',,,0.13380281690140844
'111011110111110001000001111111111111111111000111100101110111001001110110',,,0.20422535211267606
'001100001100000111111110100000000000000000100000011010110001111110010101',,,0.23943661971830985
'101111110000110001000011000111101000001111111011100101110011111000110111',,,0.22535211267605634
'100100101011001001111011100111111111100100100100001111000100111011101000',,,0.2676056338028169
'101101110100110001000011011001101000011111100011100101000011111001110110',,,0.18309859154929578
'000100000011001000000110100000000000000000100010010000000010110100001001',,,0.14788732394366197
'000000000100001000000100011110000000010000000010010000000010000100001001',,,0.09154929577464789
'110001111011111110111001100111101000001111011001101111011000000011101010',,,0.2605633802816901
'011101001100000001111110100000010111100001111100001011100101111110110101',,,0.28169014084507044
'000010000100001000000100111110010111110000000110010000000110000100001001',,,0.1267605633802817
'111111111111110111111011100111111111101111111101101111111101111010110111',,,0.11267605633802817
'001010001100000000111100011000000000010000011000011010000001000111010100',,,0.24647887323943662
'000000000011001000101100000110010111100000011110010010101100000110001001',,,0.176056338028169
'101101111100010111111111011001101000011111111001101111011001111011110110',,,0.20422535211267606
'010000001100001110111100011110010111110000000100011010010100000110001001',,,0.18309859154929578
'000010000011001000000100000000010111100000011110010000001110000100001001',,,0.1056338028169014
'111111010100110001000010000111111111101111100111100101110111111100110111',,,0.2535211267605634
'000001001000111110111100000110010111100001000100011010010100000110001011',,,0.21830985915492956
'101101110000110001000011111111101000011111111011100101110011111001110110',,,0.15492957746478872
'101011111011110001111001011001101000011111011001101111001001001011110110',,,0.21830985915492956
'010010001000001000111100000000010111100000011100011010100100000110001001',,,0.16901408450704225
'000000000000101110000100100000010111100000011110010000001110000100001011',,,0.11971830985915492
'101101110000110001000011111001111111111111111111100101100111111001110110',,,0.1619718309859155
'101111110011110001000011111111111111111111100111100101010111111001110110',,,0.16901408450704225
'010110001000001000111110100110000000000000111000011010000000110110001001',,,0.19718309859154928
'000001001111001000111100000000010111100001011100011010101100000110001001',,,0.19718309859154928
'101111111100010001111011111001101000011111111001101111100001111011110110',,,0.1267605633802817
'101001110011110111000001011001101000011111000011100101011011001001110110',,,0.23943661971830985
'100001111011111110111001011111111111111111011101101111011100000011101010',,,0.19014084507042253
'011110001111000001111110000110000000000000100000011010010001111110010101',,,0.23943661971830985
'101111110000110001000011000111111111101111100111100101110111111001110110',,,0.176056338028169
'000000000100001110000100100000000000000000011010010000001010000100001001',,,0.1056338028169014
'101100110100000001000011111001111111110100111111100101000111111001110100',,,0.2605633802816901
'101001110011110111000001011111101000011111000011100101111011001001110110',,,0.19718309859154928
'000010100111001000000100000000010111100000011110010000101110000000001001',,,0.1619718309859155
'001000001100000110111100011110000000010000000000011010110001000111010100',,,0.2676056338028169
'111011110100110111000001111001101000011111000011100101110011001001110110',,,0.2112676056338028
'111101111111110001111011000001111111101111111101101111101101111011110110',,,0.14084507042253522
'101100000100000001000111011111101000010100100010010100000011111101110100',,,0.2676056338028169
'111101110100110001111011011001111111111111100101101111000111111011110110',,,0.16901408450704225
'010000000000001000000100011110000000010000000010010000100010000001001000',,,0.18309859154929578
'101111110111110001000011100111111111101111100111100101110111111001110110',,,0.176056338028169
'111101110111110111111011100111111111101111111101101111111101111010110111',,,0.13380281690140844
'001101011111000001111110000000000000000011111001111010101001111110010101',,,0.2887323943661972
'010000000000001110000100111000000000010000011010010000001010000100001001',,,0.14084507042253522
'000000000000001000000100100110000000000000011010010000000010000100001001',,,0.07746478873239436
'111111110100110001000011011111111111111111111111100101010111111001110110',,,0.16901408450704225
'101101111111110001111011100111111111101111111101101111011101111010110111',,,0.176056338028169
'110100100000001001000111100001111111100100100110010100000110111000001000',,,0.2887323943661972
'110100000100001001000111111111111111110100111110000101000110111101101000',,,0.2676056338028169
'100011110011111000000001111111111111111111011111100101001110000001101010',,,0.2323943661971831
'000010001000101110111100100000000000000000011000011010101000000110001001',,,0.19014084507042253
'000010000000001110000100111000010111110000000110010000100110000100001001',,,0.14788732394366197
'111101110111010111000011011001101000011111100011100101111011111001110110',,,0.1619718309859155
'010000000000001110000100100110010111100000000110010000110110000100001001',,,0.15492957746478872
'111111110100110111100011011111111111111111100111100101110101111001110110',,,0.14788732394366197
'111100101100000001111011111001111111110100111100101111100101111011110100',,,0.19014084507042253
'101111111000110001111011100001101000001111100001101111000001111011110110',,,0.14788732394366197
'110110100011001001101111111111111111110100100100001111000100111011101000',,,0.2605633802816901
'110100101011001001111011000111111111100100100100001111000100111011101000',,,0.2746478873239437
'011000001100000000111100100110000000000000011010010000100001000100010101',,,0.19718309859154928
'010010000111001000000100000000010111100000000110010000000110000100001001',,,0.09154929577464789
'101101110111110111000011111111101000011111100011100101111011111001110110',,,0.14084507042253522
'101101111111110001111011100111101000001111100001101111010001111011110110',,,0.176056338028169
'010000101000001000111000111001010111110100011100001011100100000011101000',,,0.29577464788732394
'110001111011111000111001011111101000011111011001101111001000000011101010',,,0.2535211267605634
'100101110011111111000011000001101000001111100011100101011010111000101011',,,0.2746478873239437
'101111110100110001100011111111101000011111100011100111110001111001110110',,,0.1619718309859155
'000010001000001110111100111000010111110000000100011010000100000111001000',,,0.20422535211267606
'010000000000001110000100111110000000010000011010010000111010000101001000',,,0.22535211267605634
'111101110011110111000011100111111111101111111111100101111111111000110111',,,0.16901408450704225
'011100001100000001111110000000010111100000111100011010100101111110010101',,,0.2535211267605634
'010000000111001110000100111000000000010000000010010000001010000100001001',,,0.13380281690140844
'010010001100001110111100111000000000010000011000011010101000000110001001',,,0.2112676056338028
'010000100000001110000100111000010111110000000110010000100110000001001000',,,0.21830985915492956
'010010000011001000000100011110010111110000000110010000100110000101001000',,,0.2112676056338028
'010010101011001000111100111000010111110000011100011010001100000011001000',,,0.2605633802816901
'101111111000110001111011011001111111111111111101101111100101111011110110',,,0.11971830985915492
'000010000000001110000100111000000000010000011010010000101010000101001000',,,0.20422535211267606
'001101011111110111111011000110101000001011111001101111111001111110110111',,,0.19014084507042253
'010010001100001110111100100110000000000000011000011010111000000110001001',,,0.19718309859154928
'111101110111110001000011000111111111101111111111100101111111111001110110',,,0.14084507042253522
'001100101111000001111110000000000000000000100000011010100001111010010101',,,0.2535211267605634
'101111111100110001111011100111101000001111111001101111110001111010110111',,,0.18309859154929578
'011110000100000001000110011000000000010000111010010000100011111100010101',,,0.22535211267605634
'100110100011111111000011000001111111101100100110100101111110111000101011',,,0.2746478873239437
'101100110100000001000011111001111111110110111111100101000111111001110100',,,0.2535211267605634
'101101110011110001000011100001101000001111100011100101000011111001110110',,,0.2112676056338028
'010000000011001000000100000000010111100000011110010000001110000100001001',,,0.11267605633802817
'111111110111110001000011111111101000011111100011100101010011111001110110',,,0.16901408450704225
'100111111011111111111011100111111111101111100101101111111100111010101011',,,0.2112676056338028
'010010001011001000000100100110000000000000000010010000000010000100001001',,,0.11267605633802817
'010000000111001000000100111000010111110000011110010000001110000100001001',,,0.14084507042253522
'100111111000111111111011100111111111101111111101101111011100111010101011',,,0.2112676056338028
'010000000011101110101100000000010111100000000100011010101100000110001001',,,0.19718309859154928
'101111110011110001000011111111101000011111100011100101110011111001110110',,,0.14788732394366197
'101101111111110111100011011001101000011111111011100101111001111001110110',,,0.15492957746478872
'101001110000110001000001111111111111111111011111100101100111001001110110',,,0.21830985915492956
'010000000011001000000100100110010111100000011110010000101110000100001001',,,0.14788732394366197
'111101110111110111000011111001111111111111100111100101111111111001110110',,,0.11971830985915492
'100011100011001000000001000001111111100100000110000101000110000001101000',,,0.2676056338028169
'000001000000001110000100000000010111100000011110010000101110000100001001',,,0.14788732394366197
'100011111011111110111001111001111111111111000101101111001100000011101010',,,0.2323943661971831
'000100001011001000111110111000000000010000100000011010000000110110001001',,,0.20422535211267606
'100100001011111111111011100001111111101000111100101111011100111110101011',,,0.2887323943661972
'101101110111110001000011111111101000011111100011100101110011111001110110',,,0.1619718309859155
'010010001000001000111100111000010111110000000100011010000100000111001000',,,0.20422535211267606
'111011110100110001000001011111111111111111011111100101100111001001110110',,,0.22535211267605634
'010110000111001110000110100110000000000000111010010000011010110100001001',,,0.16901408450704225
'111111011111110001111011111111101000011111111001101111111001111111110110',,,0.09859154929577464
'010001000011001110000100111000010111110001011110010000101110000100001001',,,0.19718309859154928
'101101111111110001111011100111111111101111111101101111011101111011110110',,,0.13380281690140844
'000100001111001110111110100000010111100000111100011010111100110110001001',,,0.23943661971830985
'000110001000001110111110100000010111100000100100011010000100110110001001',,,0.19014084507042253
'111011110000110111000001111111101000011111011011100101111011001001110110',,,0.19718309859154928
'010000001000101110111100100000010111100000011100011010001100000110001001',,,0.176056338028169
'000100000011001000000110000110010111100000100110010000000110110100001001',,,0.176056338028169
'010000001111001110111100100110000000000000011000011010111000000110001001',,,0.176056338028169
'010010001000001110111100100000010111100000011100011010101100000110001001',,,0.19718309859154928
'000010001000001110111100000000000000000000011000011010101000000110001001',,,0.16901408450704225
'111101111111110001111011011111101000011111111001101111111001111011110110',,,0.09154929577464789
'110101111011111111111011011001111111111111100101101111011100111011101010',,,0.18309859154929578
'111101110111110111000011111111111111111111100111100101111111111001110110',,,0.1056338028169014
'000000000000001000000100100110000000000000000010010000100010000100001001',,,0.09154929577464789
'111001110000001000000100100111000000000111000011110000000011000000011001',,,0.20422535211267606
'010010001000001110111100111000010111110000011100011010101100000111001000',,,0.2676056338028169
'010110100000001001000110100111010111100100100110010000000110111000001001',,,0.22535211267605634
'111101111011110111011011100111101000001111100011100101111011111011110110',,,0.14788732394366197
'010011000100001000000100100000000000000001011010010000100010000100001001',,,0.1267605633802817
'010000000111001110000100000000000000000000000010010000101010000100001001',,,0.1267605633802817
'000000000100001110000100000000000000000000000010010000100010000100001001',,,0.09154929577464789
'010010000011001110000100111000000000010000011010010000101010000100001001',,,0.176056338028169
'010000000100001110000100111000000000010000011010010000001010000100001001',,,0.13380281690140844
'000000010011111110000100000000010111100000000111110000101110000100001011',,,0.16901408450704225
'101111111111110111111011100111101000001111111001101111011001111010110111',,,0.176056338028169
'101100111100110111000011011001101000011110100011100101010011111001110110',,,0.21830985915492956
'111100000100000001000111011001111111110000111110000101100111111101110100',,,0.24647887323943662
'101101111000110111111011100111101000001111111001101111011001111011110110',,,0.14788732394366197
'000011011000111110111000100000010111101011011101101011101100000010001011',,,0.2746478873239437
'111111111111110111111011000111101000001111100001101111111001111010110111',,,0.15492957746478872
'101101110111110001000011111001111111111111111111100101101111111001110110',,,0.1619718309859155
'101011010111110110000001011001101000011011011011100101011011000101110110',,,0.2746478873239437
'000010000011001000000100111000010111110000000110010000000110000100001001',,,0.11971830985915492
'010000001011001000111100111000000000010000000000011010000000000110001001',,,0.14788732394366197
'000000000011001000000100100000000000000000000010010000100010000100001001',,,0.09154929577464789
'101101011111110111111011011111111111111111100101101111111101111111110110',,,0.1056338028169014
'101111110111110111101011111111111111111111100111100111011101111001110110',,,0.13380281690140844
'101001111111110001111001111111101000011111011001101111011001001011110110',,,0.19718309859154928
'101111110111110111000011000001101000001111111011100101011011111001110110',,,0.19718309859154928
'111101111100110001111011100001111111101111100101101111100101111011110110',,,0.1267605633802817
'000010001011001000000100000110000000000000000010010000000010000100001001',,,0.09154929577464789
'100011110000111110000001111111111111111111011111100101011110000101101010',,,0.2323943661971831
'100111110011111111000011100001111111101111100111100101011110111000101011',,,0.23943661971830985
'101001010111110000000101111110101000011011011011110100011011000101010110',,,0.2887323943661972
'000000001100001000111100111000000000010000000000011010000000000111001000',,,0.16901408450704225
'000100000000001000111110000000000000000000111000011010100000110110001001',,,0.19718309859154928
'101111110011110001000011100001111111101111111111100101101111111000110111',,,0.21830985915492956
'111111110011110001000011111111111111111111111111100101011111111001110110',,,0.13380281690140844
'001000001111000000111100011000000000010000000000011010100001000110010101',,,0.2112676056338028
'000110000100001000000110100000000000000000111010010000000010110100001001',,,0.14788732394366197
'010010000000001110000100000000000000000000011010010000101010000100001001',,,0.14084507042253522
'010010000011001000000100111000010111110000011110010000101110000101001000',,,0.22535211267605634
'101111110100000001000011011001101000010111111011110100000011111001110100',,,0.2887323943661972
'010011001011001110111100000000000000000001000000011010101000000110001001',,,0.20422535211267606
'010010000000111110000100000110000000001000011010010000111010000100001011',,,0.19014084507042253
'101111110100110111000011011111111111111111111111100101111111111001110110',,,0.11971830985915492
'000000000011001000000100111000010111110000011110010000001110000101001000',,,0.176056338028169
'110011111011111110111001011111111111111111000101101111011100000011101010',,,0.22535211267605634
'101001111111110001111001100001111111101111000101101111100101001011110110',,,0.2112676056338028
'100111110000111111000011111111111111111111111111100101011110111001101010',,,0.16901408450704225
'000000000111001000000100000110010111100000000110010000000110000100001001',,,0.09859154929577464
'000010001000001000111100111000000000010000000000011010100000000110001001',,,0.15492957746478872
'101011111011110111111001000111111111101111011101101111111101001011110110',,,0.16901408450704225
'000000000111001110000100111110000000010000011010010000011010000101001000',,,0.176056338028169
'100110100011001001000111111111111111110100111110000101001110111001101000',,,0.2535211267605634
'101111110100110001000011011001111111111111100111100101000111111001110110',,,0.18309859154929578
'111111110111110111000011000001101000001111111011100101111011111100110111',,,0.2112676056338028
'100010101000001000111000111001010111110100011100001011000100000011101000',,,0.24647887323943662
'010000000000001000000100100000010111100000000110010000100110000100001001',,,0.11267605633802817
'110011111011111110111000111001111111111111000101101111101100000011101010',,,0.2676056338028169
'111101111011110001111011100111101000001111111001101111011001111011110110',,,0.14788732394366197
'000100000011001110000110100000000000000000111010010000011010110100001001',,,0.18309859154929578
'000000001100001110010100111110000000010000011000010010011010000101001000',,,0.21830985915492956
'111110111100110001111011011001111111111111100101101111000101111011110110',,,0.14788732394366197
'001100000100000001000110100000010111100000111110010000100111111100010101',,,0.2605633802816901
'111101111100110001111011000111101000001111100001101111010001111011110110',,,0.16901408450704225
'101011111111110001111001011001101000011111000001101111100001001011110110',,,0.19014084507042253
'010010000000001110000100111000010111110000011110010000101110000100001001',,,0.18309859154929578
'010011000111111000000100000110010111101001011110010000001110000100001011',,,0.18309859154929578
'101111111100110111111011000111111111101111111101101111111101111011110110',,,0.1056338028169014
'000011001000111110111100100110000000001011011000011010111000000110001011',,,0.2535211267605634
'111111110000110111000011111111101000011111100011100101010011111001110110',,,0.176056338028169
'110111111011111001111011100001111111101111111101101111001100111110101011',,,0.2676056338028169
'001000000100000000000100011110000000010000000010010000100011000101010100',,,0.22535211267605634
'111111110100110111000011011111101000011111100011100101110011111001110110',,,0.14788732394366197
'111101110000110001000011111111101000011111111011100101110011111001110110',,,0.15492957746478872
'111111111011110111111011111111101000011111111001101111011001111011110110',,,0.09859154929577464
'111111111000110111111011111111101000011111100001101111010001111011110110',,,0.13380281690140844
'011010000100000000000100011000010111110000000110010000100111000101010100',,,0.23943661971830985
'101111111000000001111011011001101000010111100001101111100001111011110100',,,0.14788732394366197
'010011000011001110000100111110010111110000011110010000111110000101001000',,,0.2323943661971831
'111111111100110001111011000001111111101111111101101111000101111011110110',,,0.16901408450704225
'111100100100000111000011011001101000010100100011100101010011111001110100',,,0.24647887323943662
'101111110100010001000011011001111111111111111111100101100111111001110100',,,0.18309859154929578
'101111111100110001111011111001111111111111100101101111000101111011110110',,,0.13380281690140844
'111001111011110001111001011111111111111111011101101111111101001011110110',,,0.14788732394366197
'101001110100110111000001111111101000011111011011100101011011001101110110',,,0.23943661971830985
'010010000111001000000100000110000000000000000010010000000010000100001001',,,0.08450704225352113
'110011110011001000000100100111000000000111011011110000101010000000001001',,,0.23943661971830985
'000010000011001110000100011000010111110000011110010000001110000100001001',,,0.13380281690140844
'111111111100110001111011111001101000011111111001101111100001111011110110',,,0.09859154929577464
'010010001100001110111100100000010111100000000100011010000100000110001001',,,0.14084507042253522
'001001011111110110111000100000000000001011011001111010111001000110010111',,,0.23943661971830985
'101111111100110111000011111001101000011111100011100111110011111001110110',,,0.16901408450704225
'011000000100000110000100011000010111110000000110010000110111000101010100',,,0.2605633802816901
'101001111111110111111001000111111111101111000101101111111101001011110110',,,0.18309859154929578
'111111111100110001111011000111101000001111100001101111110001111011110110',,,0.13380281690140844
'010010001011001110111100111000010111110000000100011010001100000111001000',,,0.23943661971830985
'101111111000110001111011111001111111111111100101101111100101111011110110',,,0.09859154929577464
'010000001011001110111100000110000000000000011000011010011000000110001001',,,0.14788732394366197
'000000000111101110000100011110000000010000000010010000011010000100001001',,,0.15492957746478872
'100100101000001001111011000001111111100100100100001111000100111011101000',,,0.2323943661971831
'110101110011111001000011100111111111101111111111100101001110111000101011',,,0.2746478873239437
'101101110111110001000011111001101000011111111011100101101011111001110110',,,0.16901408450704225
'000100000000001110000110100000010111100000111110010000111110110100001001',,,0.21830985915492956
'111101110111110111000011111001111111111111111111100101111111111101110110',,,0.11971830985915492
'111100111111000001111011111001111111110100100101101111100101111011110100',,,0.19014084507042253
'011001010100000000000100111000000000010011011011110000100011001101010100',,,0.2605633802816901
'111101110111110111000011011111101000011111100011100101111011111101110110',,,0.14788732394366197
'110010001000111110111001111111111111111100000100001111010100000111101010',,,0.30985915492957744
'010000000011001110101100100000010111100000011100011010101100000110001001',,,0.19014084507042253
'010011011111001110111100000000010111100011000101111010101100000110001001',,,0.21830985915492956
'111101111100110111111011011111111111111111111101101111111101111011110110',,,0.07042253521126761
'010010000100001110000100100000000000000000011010010000101010000100001001',,,0.14084507042253522
'001001010111001000001100100000000000000011011010011000001010000110011001',,,0.18309859154929578
'010001011011111110111100100110000000001011000001011010011000000110001011',,,0.24647887323943662
'000010000011001110000100011110010111110000011110010000011110000101001000',,,0.1619718309859155
'111011111000110111111001011001111111111111011101101111111101001011110110',,,0.16901408450704225
'100001110011111110000001111001101000011111000011100101001010000001101010',,,0.24647887323943662
'000100001011001110111110000110010111100000100100011010011100110110001001',,,0.19718309859154928
'101101110000110111000011000001101000001111111011100101011011111001110110',,,0.2112676056338028
'000000001011001000111100011000010111110000011100011010001100000111001000',,,0.2112676056338028
'011110000100000001000110100110000000000000111010010000110011111100010101',,,0.21830985915492956
'100110100000001001000111111001111111110100111110000101000110111001101000',,,0.2323943661971831
'101011110111110111000001011111101000011111011011100101111011001001110110',,,0.19718309859154928
'100001011011111110111001111001111111111111011101101111001100000111101010',,,0.24647887323943662
'101101111100110001111011000001111111101111100101101111100101111011110110',,,0.14788732394366197
'111011111111110111111001011001111111111111011101101111111101001111110110',,,0.1619718309859155
'101111110100110001000011111001111111111111111111100101000111111001110110',,,0.19014084507042253
'000100000011001110000110000110010111100000100110010000011110110100001001',,,0.16901408450704225
'010000001000001000111100011000000000010000000000011010000000000110001001',,,0.1267605633802817
'100101110011111001000011100001111111101111111111100101001110111100101011',,,0.2746478873239437
'111111011111110001111011011111111111111011100101101111110101111111110110',,,0.1267605633802817
'101110111100110111111011000001111111101111100101101111010101111011110110',,,0.19014084507042253
'101101110100110111000011100001111111101111100111100101110111111100110111',,,0.23943661971830985
'101111111100110111111011100001101000001111111001101111011001111011110110',,,0.1619718309859155
'010000001100001000111100000000010111100000011100011010000100000110001001',,,0.1267605633802817
'111001011111110110111001111000101000011011000001101111111001000111110110',,,0.21830985915492956
'101111111011110001111011111111111111111111100101101111110101111011110110',,,0.09859154929577464
'011010000100000000000100011110000000010000011010010000100011000101010100',,,0.2323943661971831
'111101110000110001000011100111101000001111111011100101010011111001110110',,,0.2112676056338028
'100011111011111000111001100001111111101111011101101111001100000011101010',,,0.24647887323943662
'010010000100001000000100000110010111100000011110010000100110000100001001',,,0.13380281690140844
'000011000000001000000100000000010111100001011110010000100110000000001001',,,0.14788732394366197
'100100100000001111000111011001111111110100100110000101000110111001101000',,,0.2323943661971831
'011101010111000001000110111000000000010011111011110000001011111100010101',,,0.29577464788732394
'000010000111001110000100100110000000000000011010010000011010000100001001',,,0.11267605633802817
'101110111011110001111011111111101000011111111001101111011001111011110110',,,0.13380281690140844
'101111011111110111111011100110111111101011100101101111111101111110110111',,,0.16901408450704225
'111101111111110111111011011111101000011111111001101111111001111011110110',,,0.07746478873239436
'011100000111000001000110000000000000000000100010010000000011111100010101',,,0.2323943661971831
'110111110011111001000011100001111111101111111111100101101110111000101011',,,0.2676056338028169
'000000001000001110111100100110010111100000011100011010011100000110001001',,,0.14788732394366197
'110111110011111001000011000111111111101111111111100101001110111001101010',,,0.2323943661971831
'001010000100001000000100000000010111100000000110010000100111000100011001',,,0.16901408450704225
'011000001111000000111100000110000000000000000000011010110001000110010101',,,0.19718309859154928
'000000001011001110111100100110000000000000000000011010011000000110001001',,,0.15492957746478872
'010000000100001000000100100110000000000000000010010000000010000100001001',,,0.07042253521126761
'101101111111110111111011111111101000011111111001101111011001111011110110',,,0.11267605633802817
'010010000100001000000100011110010111110000011110010000100110000100001001',,,0.1619718309859155
'101100011100110001111011011111101000011110100001101111010001111111110110',,,0.19718309859154928
'011011100100000000000100100000000000000111011011010000100011000000010101',,,0.22535211267605634
'010010000100001000000100000110010111100000000110010000100110000100001001',,,0.11971830985915492
'101011110100110111000001111001101000011111000011100101010011001001110110',,,0.2535211267605634
'010000000011001000000100011110000000010000011010010000001010000100001001',,,0.13380281690140844
'101101110011110111000011111001101000011111100011100101011011111001110110',,,0.176056338028169
'000000000100001000000100100000010111100000000110010000100110000100001001',,,0.1056338028169014
'111001110111110000000001011111101000011111000011100101100011001101110110',,,0.23943661971830985
'101101110111110111000011100111111111101111111111100101111111111000110111',,,0.176056338028169
'000000001011111110111100000110010111101000000100011010111100000110001011',,,0.20422535211267606
'101101111011110001111011000001101000001111111001101111001001111010110111',,,0.22535211267605634
'000010000100101110000100011000000000010000000010010000000010000100001001',,,0.11267605633802817
'101001111000110111111001011111111111111111000101101111110101001011110110',,,0.18309859154929578
'110100101000111111111011011111111111111100100100001111010100111011101010',,,0.22535211267605634
'101011111111110111111001111111111111111111011101101111111101001011110110',,,0.14084507042253522
'000010100000001000000100011110000000010000000010010000000010000001001000',,,0.15492957746478872
'111001111111110111111001011111101000011111000001101111111001001011110110',,,0.1619718309859155
'010000000000001110000100111110000000010000011010010000011010000100001001',,,0.15492957746478872
'100110110000001111000111100001111111101100111110010100011110111001001000',,,0.323943661971831
'010011001011001110111100000000010111100001011100011010001100000110001001',,,0.18309859154929578
'101100101100000001111111111111111111111100100100001111010101111011110100',,,0.22535211267605634
'000010000011001000000100111000000000010000011010010000001010000100001001',,,0.13380281690140844
'101101111000110001111011111001101000011111100001101111100001111011110110',,,0.09859154929577464
'110110000011111111000011100110111111101000111110100101011110110100101011',,,0.2887323943661972
'111101111111110111111011100001101000001111111001101111111001111010110111',,,0.15492957746478872
'100011110011111110000001011111111111111111011111100101011110000001101010',,,0.19718309859154928
'101111111011110111111011000111101000001111100001101111111001111010110111',,,0.1619718309859155
'000000101011001000111100111110010111110100000100001010000100000011001000',,,0.2605633802816901
'101101111011110111111011000111101000001111111001101111011001111011110110',,,0.14084507042253522
'000000101011001000111100000110010111100000000100011010000100000010001001',,,0.15492957746478872
'000010000011001110000100011000000000010000000010010000001010000100001001',,,0.1267605633802817
'101111110000110001000011011111111111111111111111100101010111111001110110',,,0.176056338028169
'101111111111010001111011011111101000011111111001101111011001111011110110',,,0.14084507042253522
'101111111111110111111011100111111111101111100101101111011101111010110111',,,0.16901408450704225
'101111110111110111000011100111101000001111111011100101011011111000110111',,,0.21830985915492956
'000000001011001110111100011000000000010000000000011010101000000110001001',,,0.19014084507042253
'011011010100000000000100111000000000010011011011110000100011000101010100',,,0.2605633802816901
'110110000011111110000011100001111111100000111110010101011110110100101011',,,0.33098591549295775
'000011001011001110111100100110010111100000000100011010111100000110001001',,,0.20422535211267606
'010000001100001110111100111000010111110000011100011010101100000111001000',,,0.2535211267605634
'101111110111110111000011011111111111111111111111100101011111111001110110',,,0.13380281690140844
'100100001000001111111111100001111111100000111100001111001100110110101001',,,0.323943661971831
'011110010111000001000110000000000000000000111011110000101011111100010101',,,0.2535211267605634
'000100000100001000000110000000000000000000100010010000100010110100001001',,,0.1619718309859155
'110011110011111110000001100001111111101111000111100101001110000001101010',,,0.2605633802816901
'100100101000000001111011111111101000010100100001101111000001111011100100',,,0.20422535211267606
'010000000000001000000100011000010111110000011110010000000110000101001000',,,0.1619718309859155
'111111111100110111111011011001101000011111111001101111011001111011110110',,,0.1267605633802817
'101111110000110111000011000111101000001111111011100101111011111001110110',,,0.1619718309859155
'111111110011110001000011011111101000011111100011100101110011111001110110',,,0.15492957746478872
'100101110011111111000011000111111111101111100111100101011110111001101010',,,0.19718309859154928
'010010001111001000111100100110000000000000011000011010001000000110001001',,,0.15492957746478872
'011001100100000000000100011000000000010001000010010000100011000001010100',,,0.23943661971830985
'010010000011001000000100111110000000010000011010010000001010000100001001',,,0.14788732394366197
'101111110100110111000011100111111111101111111111100101111111111000110111',,,0.18309859154929578
'000000000111001110000100100000010111100000000110010000101110000100001001',,,0.14084507042253522
'001100001111000001111110100000010111100000100100011010100101111110010101',,,0.2605633802816901
'000000101000001110111100000110000000000100000000011010010000000010001001',,,0.16901408450704225
'011010001100000000111100011000000000010000011000011010100001000111010100',,,0.2323943661971831
'011100001100000111111110000000000000000000100000011010010001111110010101',,,0.24647887323943662
'010110011000001110111110000000000000000000111000111010001000110110001001',,,0.24647887323943662
'001010001100000110111101011000000000010000000000011010110001000111010100',,,0.28169014084507044
'101101110000110111000011100111101000001111100011100101010011111001100110',,,0.22535211267605634
'111101111111110111111011111111101000011111111001101111111001111011110110',,,0.07042253521126761
'000010101000101000111100000111001000000100000000011010000000000010001011',,,0.16901408450704225
'010010000011001110000100111000010111110000011110010000101110000100001001',,,0.18309859154929578
'001000000100000000000100011110000000010000011010010000100011000101010100',,,0.23943661971830985
'111101110111110001000011011111101000011111100011100101010011111001110110',,,0.18309859154929578
'111011111100110111111001011111101000011111011001101111011001001011110110',,,0.19718309859154928
'110100100000001001000111100111111111100100100110010000000110111000001001',,,0.2746478873239437
'111101110100110111000011000001101000001111111011100101011011111000110111',,,0.24647887323943662
'111110001100000001111111111001101000010100111000001111000001111111110100',,,0.19014084507042253
'010010001100001110111100100000010111100000011100011010001100000110001001',,,0.1619718309859155
'110010101000101110111101011111111111110100000100011010010100000111001000',,,0.323943661971831
'000100001100001000111110111000000000010000100000011010100000110110001001',,,0.22535211267605634
'000010000011001110101100000000000000000000011010011010001000000110001001',,,0.15492957746478872
'110011110000111110000001111111101000011111011011100101011010000001101010',,,0.2676056338028169
'000011000011111110000100100110010111101011000111010000011110000100001011',,,0.19014084507042253
'111101111100110111111011100001111111101111111101101111011101111011110110',,,0.13380281690140844
'101011110100110111000001011001101000011111011011100101111011001001110110',,,0.22535211267605634
'101111110100110001000011000111111111101111111111100101010111111001110110',,,0.2112676056338028
'010010000111001000000100000000000000000000011010010000001010000100001001',,,0.1056338028169014
'111111111100110111111011111111111111111111111101101111111101111011110110',,,0.056338028169014086
'111110110100010111000011111001111111111100100110100101110111111001110110',,,0.19014084507042253
'111111111100010111000011100111101000001111111011100101011011111000110111',,,0.2323943661971831
'111011111000110001111001000001111111101111011101101111100101001011110110',,,0.21830985915492956
'000110000100001110000110000000000000000000111010010000101010110100001001',,,0.20422535211267606
'101110110111110001000011111001101000011111100011100101100011111001110110',,,0.176056338028169
'111011111000110111111001111001111111111111011101101111111101001011110110',,,0.1619718309859155
'101111111111110001111011111111101000011111100001101111010001111011110110',,,0.14084507042253522
'101111111000110001111011100111101000001111100001101111010001111011110110',,,0.1619718309859155
'101101111100110001111011100111101000001111111001101111110001111010110111',,,0.19014084507042253
'011011010111110000000100000110000000001011011011110000111011000100010111',,,0.22535211267605634
'010010000000101110000100100110000000000000011010010000011010000100001011',,,0.14788732394366197
'000011000011001000000100000000000000000000000010010000000010000100001001',,,0.08450704225352113
'101011110100110111000001011001111111111111011111100101111111001001110110',,,0.20422535211267606
'000000000000001000000100011110010111110000011110010000100110000100001001',,,0.14788732394366197
'001100000100000111000110000000000000000000100010010000010011111100010101',,,0.2605633802816901
'101110101100010111111111011001111111111100100100001111110101111011110100',,,0.20422535211267606
'010000001111001110111100100110000000000000000000011010011000000110001001',,,0.1619718309859155
'010110100011001110000110100110000000000100100010010000011010111000001001',,,0.23943661971830985
'111111110111110001000011011111111111111111100111100101010111111001110110',,,0.16901408450704225
'100111110011111111000011000001101000001111100011100101011010111000101011',,,0.2676056338028169
'000110001000001110111110100000010111100000111100011010111100110110001001',,,0.23943661971830985
'101111111100110001111011111111111111111111111101101111010101111011110110',,,0.13380281690140844
'110000100000111110000001011111111111111100000110000101010110000001101010',,,0.2746478873239437
'111111110011110111000011000001111111101111100111100101111111111000110111',,,0.19718309859154928
'010010001000001000111100000110010111100000000100011010000100000110001001',,,0.14084507042253522
'111111111111110001111011100111101000001111100001101111010001111011110110',,,0.15492957746478872
'000010000000001000000100111110010111110000000110010000100110000100001001',,,0.14788732394366197
'000000000011001110000100111110000000010000011010010000011010000100001001',,,0.1267605633802817
'101001111011110111111001011111101000011111011001101111011001001011110110',,,0.18309859154929578
'101101011100110111111011000111111111101011111101101111111101111110110111',,,0.18309859154929578
'101101110111110111010011011111101000011111100011100101111011111011110110',,,0.1619718309859155
'010010001011101110111100100000010111100000000100011010001100000110001011',,,0.18309859154929578
'000000000100001000000100011000010111110000000110010000000110000100001001',,,0.09859154929577464
'111101110000110111100011000001101000001111111011100111111011111001110110',,,0.19718309859154928
'001011001000101000111100000000010111100001000100011010100100000110011001',,,0.20422535211267606
'111111111100110111111011011001111111111111111101101111011101111011110110',,,0.1056338028169014
'101101111100110001111011100111111111101111100101101111010101111010110111',,,0.2112676056338028
'110001111011111110111001111001101000011111011001101111001000000011101010',,,0.2605633802816901
'010011000011101110000100100110010111100001000110010000011110000100001011',,,0.1619718309859155
'011100001111000001111111011000101000010000100000001111100001111111110100',,,0.18309859154929578
'100011111000111110111001011111111111111111011101101111011100000011101010',,,0.2112676056338028
'111111110011110111000011011001101000011111100011100101111011111001110110',,,0.14788732394366197
'011000001100000000111100011110000000010000011000011010000001000111010100',,,0.23943661971830985
'000100000011001000000110000000010111100000100110010000000110110100001001',,,0.1619718309859155
'111101010111110111000011111111101000011111100011100101111011111101110110',,,0.14788732394366197
'101001111000110001111001111111111111111111011101101111100101001011110110',,,0.19014084507042253
'101101111100110111111011100111111111101111100101101111110101111011110110',,,0.14084507042253522
'010010001100001110111100111000000000010000011000011010001000000111001000',,,0.22535211267605634
'111101110111110001000011000111111111101111100111100101010111111001110110',,,0.20422535211267606
'111100110100110111000011000111111111101111100111100101110111111100110111',,,0.2535211267605634
'111101110100110111000011111001111111111111111111100101111111111001110110',,,0.11971830985915492
'010011011000111110000000111110101000011000011011100101011010000101101011',,,0.34507042253521125
'010100100000001001000110100111010111100100100110010000100110111000001001',,,0.24647887323943662
'101001111000110001110001011111111111111111000101101111100111001001110110',,,0.21830985915492956
'110001110011111110000001100001111111101111000111100101101110000001101010',,,0.2676056338028169
'110011110011111000000001111001111111111111011111100101001110000001101010',,,0.24647887323943662
'100100100000001001000111011001111111110100100110000101000110111001101000',,,0.21830985915492956
'010000000000001000000100011110010111110000011110010000000110000001001000',,,0.19014084507042253
'111111110000110111000011100111111111101111111111100101111111111000110111',,,0.176056338028169
'110111110111010001000011111111101000011111111011100101001011111001100100',,,0.20422535211267606
'010100001011001000111110000110000000000000111000011010001000110110001001',,,0.21830985915492956
'010010001000001110111100011000010111110000000100011010000100000110001001',,,0.16901408450704225
'000010000000001110000100111000010111110000011110010000101110000100001001',,,0.16901408450704225
'101111111100110111111011100111101000001111100001101101110001111010110111',,,0.19718309859154928
'111111111000110111111011100111101000001111100001101111110001111010110111',,,0.176056338028169
'100100111011001001111011111111111111110100111101101111001100111011101000',,,0.2535211267605634
'000001000011001110000100000000000000000000011010010000001010000100001001',,,0.11267605633802817
'000100001111001110111110000000010111100000100100011010011100110110001001',,,0.21830985915492956
'010000000111001110000100100000010111100000011110010010001110000100001001',,,0.1267605633802817
'001001010100111110000100000110010111101011011111110000111110000100011011',,,0.176056338028169
'101111111111110111111011011001111111111111111101101111011101111011110110',,,0.1056338028169014
'111111110011110001010011100111101000001111111011100101011011111001110110',,,0.19718309859154928
'010010001100001000111100111110010111110000011100011010100100000110001001',,,0.2112676056338028
'010001000100001000000100000110010111100000011110010000100110000100001001',,,0.14788732394366197
'111111111111110111111011000001101000001111111001101111111001111011110110',,,0.11267605633802817
'010011001011111110111100100000010111101011011101001010101100000110001011',,,0.2535211267605634
'010110000000001000000110000110000000000000100010010000000010110100001001',,,0.14788732394366197
'010011000100001110000100100110010111100000011110010000111110000100001001',,,0.16901408450704225
'100101111000111111111011000001111111101111111101101111101100111010101011',,,0.23943661971830985
'100011111011111000111001011111101000011111011001101111001000000011101010',,,0.24647887323943662
'100001111011111110111001011001101000011111000001101111001000000011101010',,,0.23943661971830985
'100101111011111111111011111001111111111111111101101111011100111011101010',,,0.1619718309859155
'100101111011111001111011100001111111101111111101101111001100111010101011',,,0.24647887323943662
'000101000111101000000110100000010111100000111110010000001110110100001011',,,0.2323943661971831
'011011011100000000111100000000000000000011011000011010100001000110010101',,,0.20422535211267606
'101111111000110001111011100111101000001111111001101111010001111010110111',,,0.20422535211267606
'100010111000111110111001011111111111111100011101101111111100000011101010',,,0.2535211267605634
'001010001100000000000100100000000000000000011000011010100011000100010101',,,0.20422535211267606
'000110001000001110111110100000000000000000111000011010001000110110001001',,,0.20422535211267606
'011001011111000000111100111000000000010011011001111010101001000111010100',,,0.2746478873239437
'110100101000001001111011011111111111110100111100001111000100111011101000',,,0.24647887323943662
'111101111111110111111011100111101000001111100001101111111001111010110111',,,0.15492957746478872
'000110000000101000000110000110010111100000100110010000000110110100001001',,,0.16901408450704225
'111111111111110001111011000001111111101111100101101111100101111011110110',,,0.14084507042253522
'110110111011001001111011011001111111111111111101101111001100111011101000',,,0.24647887323943662
'111111111000110001111011100001101000001111111001101111100001111011110110',,,0.13380281690140844
'010010000011001110000100011000000000010000000010010000001010000101001000',,,0.18309859154929578
'101101110100110001000011111001111111111111111111100101000111111001110110',,,0.19718309859154928
'000000001111001000111100011110000000010000000000011010100000000110001001',,,0.176056338028169
'101101110011110001000011100111101000001111100011100101010011111001110110',,,0.2112676056338028
'001100001111000001111110000110000000000000100000011010110001111110010101',,,0.24647887323943662
'000010000000001110000100011000010111110000011110010000101110000100001001',,,0.1619718309859155
'101101111000110111111011000001111111101111111101101111011101111011110110',,,0.14788732394366197
'000000000011001000000100100110010111100000011110010000001110000100001001',,,0.1056338028169014
'010000001100001000111100011000010111110000000100011010000100000111001000',,,0.18309859154929578
'101011111011110001111001111111101000011111000001101111000001001011110110',,,0.21830985915492956
'110100100011001001000111111111111111110100100110000101000110111001101000',,,0.2676056338028169
'000001010100111110000100000110000000001011011011010000011010000100001011',,,0.19014084507042253
'011001010100010110000100000110000000001011011011110000111011000100010111',,,0.21830985915492956
'101011011111110000111001111111101000011111011001101111111001001111110110',,,0.2112676056338028
'010000001100001000111100000110000000000000011000011010100000000110001001',,,0.14788732394366197
'000110001111001000111110000110010111100000111100011010101100110110001001',,,0.23943661971830985
'111111110100110111000011000001101000001111100011100101110011111001110110',,,0.176056338028169
'111100101111110001111011011111101000011100100000001111110001111011110110',,,0.14788732394366197
'001000000111000000000100111110000000010000000010010000110011000100010101',,,0.21830985915492956
'010000001000001110111100011110000000010000000000011010010000000111001000',,,0.22535211267605634
'011011010111110110000100011000000000011011011011110000111011000100010111',,,0.2535211267605634
'111111111011110111111011000111111111101111111101101111111101111010110111',,,0.1267605633802817
'010110000111001110000110100000010111100000100110010000111110110100001001',,,0.21830985915492956
'110101110011111111000011111001111111111111100111100101011110111001101010',,,0.20422535211267606
'100110101000101111111111111001111111110100111100001111001100111011101010',,,0.2535211267605634
'101001111000110111111001111111101000011111011001101111011001001011110110',,,0.19014084507042253
'000000001011001000111100111000010111110000000100011010000100000111001000',,,0.19718309859154928
'010000000000101000000100000000010111100000000110010000100110000100001001',,,0.11971830985915492
'111101110000110111000011011111111111111111111111100101111111111001110110',,,0.11971830985915492
'101101111011110001111011011001111111111111100101101111000101111011110110',,,0.15492957746478872
'010000000111001110000100000110000000000000000010010000011010000100001001',,,0.11267605633802817
'001011000100000000000100111000000000010000000010010000100011000101010100',,,0.2323943661971831
'111011110011110001000001111111101000011111011011100101111011001001110110',,,0.19718309859154928
'010100000000001110000110011110000000010000111010010000011010110100001001',,,0.21830985915492956
'101111110000110111000011100001101000001111100011100101010011111001110110',,,0.20422535211267606
'110101101011111001111011100111101000001100111001101111001000110110101011',,,0.323943661971831
'101100110111110001000011100111111111101110100111100101110111111000110111',,,0.24647887323943662
'000100001000001110111110000000010111100000111100011010011100110110001001',,,0.2112676056338028
'111101111111110001111011000001101000001111111001101111001001111011110110',,,0.176056338028169
'000010000011001000000100000000000000000000011010010000001010000100001001',,,0.09859154929577464
'010010001011001000111100011000010111110000011100011010001100000110001001',,,0.19014084507042253
'000100001000001110111110000110000000000000111000011010011000110110001001',,,0.20422535211267606
'000001001000001110111100000000000000000000011000011010001000000110001001',,,0.15492957746478872
'001011010111010110000100111000111111111011000111110100111111000101010100',,,0.29577464788732394
'111101110011110111000011111001101000011111100011100101111011111001110110',,,0.14788732394366197
'111111000100100111000110100001100000000011100010010000110011111100010111',,,0.2887323943661972
'101111111100010111111011011001101000011111111011100111011001111011110100',,,0.176056338028169
'111110111111110001111011111111111111111110100101101111010101111011110110',,,0.14084507042253522
'000010000011001000000100100110010111100000011110010000101110000100001001',,,0.14084507042253522
'100101101011001001111011111111111111110100100100001111000100111011101000',,,0.2323943661971831
'101100111011110001111011111001101000011111100001101111100001111011110110',,,0.13380281690140844
'010000001000001110111100011110010111110000011100011010111100000111001000',,,0.2535211267605634
'111111010011110111000011011001111111111111111111100101111111111101110110',,,0.13380281690140844
'101101111011110111111011000111111111101111100101101111111101111011110110',,,0.1056338028169014
'000000001011001000111100011110010111110000000100011010000100000110001001',,,0.1619718309859155
'010001011000001110111100100000000000000011011000011010001000000110001001',,,0.18309859154929578
'011110011111010001010010100110101000001011111011110100011011111100010111',,,0.2887323943661972
'000000000111001000000100100000010111100000000110010000000110000100001001',,,0.09154929577464789
'010010000100001110000100111110000000010000000010010000110010000101001000',,,0.21830985915492956
'010010000100001000000100100110000000000000011010010000100010000100001001',,,0.11971830985915492
'111110111111110001111011000111101000001111100001101111110001111010110111',,,0.19718309859154928
'000010001100001000111100111000010111110000000100011010000100000111001000',,,0.19718309859154928
'111110110100110111000011011111111111111110100111100101110111111001110110',,,0.1619718309859155
'101101110111110001000011111111111111111111111111100101011111111101110110',,,0.1619718309859155
'111001111111110111111001100111111111101111011101101111111101001011110110',,,0.14788732394366197
'101111110100110111000011000111101000001111111011100101111011111001110110',,,0.16901408450704225
'000010001100001000111100000000010111100000000100011010100100000110001001',,,0.14788732394366197
'010011101000001110111100100000000000000111011001011010101000000010001001',,,0.2605633802816901
'010011000011001110000100100000000000000011011010010000001010000000001001',,,0.1619718309859155
'111111111100000001111011111001111111110111100100101111100101111011110100',,,0.14084507042253522
'000000001111001110111100000000000000000000011000011010001000000110001001',,,0.14084507042253522
'000010000100001110000100100110010111100000011110010000111110000100001001',,,0.14788732394366197
'000010001100001000111100111110010111110000000100011010000100000110001001',,,0.16901408450704225
'111111111100110111111011000001101000001111100001101111010001111010110111',,,0.20422535211267606
'111100000100010111000111011111111111111100100110000101110111111101110110',,,0.2323943661971831
'010000000111001110000100011000000000010000000010010000101010000100001001',,,0.15492957746478872
'111111110100010001000011111001111111111111100111100101000111111001110110',,,0.176056338028169
'010010001011001000111100011110000000010000000000011010100000000110001001',,,0.19014084507042253
'011101010111000001000110011000000000010011111011110000101011111100010101',,,0.2887323943661972
'100111110011111001000011100001101000001111111011100101001010111000101011',,,0.2746478873239437
'101101111011110111111011111001101000011111111001101111111001111011110110',,,0.09154929577464789
'001110110100000001000010100001000000000100100010110000000011111000010101',,,0.28169014084507044
'001111011111000001111110100000000000000011111001111010101001111110010101',,,0.2746478873239437
'110110100011111110000011100111111111101100111111100100011110111000001011',,,0.2605633802816901
'111110001111110001111011011111111111111100100100001111010101111111110110',,,0.19718309859154928
'110101110000111111000011100111111111101111111111100101011110111001101010',,,0.21830985915492956
'000010001011001110010100111110010111110000000100010000011110000101001000',,,0.2112676056338028
'111101111100110001111011000001101000001111100001101111100001111010110111',,,0.16901408450704225
'000010001000001000111100011000010111110000000100011010100100000110001001',,,0.16901408450704225
'001100001100000111111110100000010111100000100100011010110101111110010101',,,0.2605633802816901
'100101101000001111111011000001111111100100100100001111000100111011101000',,,0.23943661971830985
'111011110100110111000001011001111111111111011111100101111111001001110110',,,0.19014084507042253
'101101011111110001111011100111111111101111100101101111110101111110110111',,,0.20422535211267606
'101101111011010001111011000111101000001111100001101111010001111011110100',,,0.19014084507042253
'000011000011101110000100100110000000000000011010010000011010000100001011',,,0.14084507042253522
'001101010111000001000110000000000000000011111011110000001011111100010101',,,0.3028169014084507
'111101000100000001000011000001101000000111100010010100100011111100010101',,,0.2605633802816901
'110011111000111110111001111111111111111111011101101111011100000011101010',,,0.2323943661971831
'101111111111110111111011100001111111101111100101101111111101111010110111',,,0.15492957746478872
'101101111111110001111011011111101000011111111001101111111001111011110110',,,0.1056338028169014
'101001110011110111000001011111111111111111011111100101111111001001110110',,,0.1619718309859155
'000010000011001000000100011000000000010000011010010000101010000100001001',,,0.15492957746478872
'101101110100110111000011100111101000001111111011100101011011111000110111',,,0.23943661971830985
'111100111100110001111011111111111111111110100101101111110101111011110110',,,0.11971830985915492
'111001101100000110111000011001100000010101000000011010110001001111010100',,,0.30985915492957744
'011010111100000000111100011001000000010100000001111010100001001011010100',,,0.2746478873239437
'001100000100000001000110100000000000000000100010010000100011111100010101',,,0.2112676056338028
'111111110100110111101011011001101000011111100001101111110001111001110110',,,0.11971830985915492
'100110101000001001011111111111111111110100100100001101000110111011101000',,,0.23943661971830985
'111101111100110001111011100111101000001111111001101111010001111011110110',,,0.1619718309859155
'101111110100110111000011000001111111101111100111100101110111111100110111',,,0.23943661971830985
'001011011100110110111000100000000000001011000001111010110001000110010111',,,0.2676056338028169
'101101111011110001111011111111111111111111111101101111111101111011110110',,,0.07042253521126761
'000000100011001110000100100110000000000000011010010000011010000000001001',,,0.11971830985915492
'111111111100010001111011100001101000001111100001101111100001111011110100',,,0.1267605633802817
'111101110100110001000011111001111111111111100111100101000111111001110110',,,0.16901408450704225
'010000001100001000111100100000010111100000011100011010000100000110001001',,,0.13380281690140844
'111111110000110111000011011001101000011111100011100101100011111001110110',,,0.15492957746478872
'000001001100001000111100100000010111100000011100011010000100000110001001',,,0.15492957746478872
'000010000000101110000100011110010111110000011110010000111110000100001011',,,0.176056338028169
'101110110100110001000011011111101000011110100011100101110011111001110110',,,0.18309859154929578
'010010001011101110111100100110000000000000000000011010011000000110001001',,,0.19014084507042253
'000010001000001000111100011110010111110000011100011010000100000110001001',,,0.16901408450704225
'111000110111110111000001011111111111111100011111100101111111001001110110',,,0.18309859154929578
'111100110111010001000011011111101000011100100011100101110011111001110100',,,0.19718309859154928
'101110110100110111000011011001101000011110100010100101010011111001110110',,,0.22535211267605634
'000010000000001110000100000000000000000000011010010000101010000100001001',,,0.1267605633802817
'000010001011001000111100111110010111110000011100011010001100000110001001',,,0.18309859154929578
'111101111100110001111011100001111111101111111101101111100101111011110110',,,0.14084507042253522
'111011111000110001111001111111111111111111000101101111100101001011110110',,,0.18309859154929578
'111001110011110001000001011111101000011111011011100101111011001001110110',,,0.19718309859154928
'010111000100000110000110000000000000000000100010010000100011110100000101',,,0.23943661971830985
'111001110111110001000001111111111111111111011111100101111111001001110110',,,0.1619718309859155
'010010001011001000111100111110000000010000000000011010000000000011001000',,,0.22535211267605634
'101101111111110111111011111001101000011111111001101111111001111011110110',,,0.09859154929577464
'000000001011001000010100100000010111100000011110010000001110000100001001',,,0.11971830985915492
'111001111000110111111001011001101000011111000001101111010001001011110110',,,0.21830985915492956
'101100111100000001111011111001111111110100111101101111000101111011110100',,,0.21830985915492956
'111101111111110001111011100111101000001111111001101111111001111010110111',,,0.15492957746478872
'101101010111110001000011100111111111101111111111100101111111111100110111',,,0.2112676056338028
'111101111100110111111011111111111111111111111101101111111101111011110110',,,0.06338028169014084
'010010000000001110101100011000000000010000011010011000001000000111001000',,,0.23943661971830985
'010101001000001110111110100000000000000000111000011010001000110010001001',,,0.2605633802816901
'000000001111001110011100100000000000000000000010011000101010000110001001',,,0.18309859154929578
'000000000000001000000100111000010111110000000110010000100110000100001001',,,0.1267605633802817
'101001111100110111111001111001111111111111000101101111110101001011110110',,,0.18309859154929578
'101101110100110001000011100001101000001111100011100101000011111000110111',,,0.24647887323943662
'010100000011001000000110000000010111100000100110010000100110110100001001',,,0.20422535211267606
'111101111111110111110011011001111111111111111111100101111101111001110110',,,0.11971830985915492
'000010000100001110000100000110000000000000000010010000110010000100001001',,,0.14084507042253522
'101111111011110111111011011111111111111111111101101111111101111011110110',,,0.056338028169014086
'010000001100001000111100011110010111110000000100011010000100000110001001',,,0.15492957746478872
'111111111111110111111011000111111111101111111101101111111101111011110110',,,0.07746478873239436
'110001110011111110000001111001101000011111011011100101001010000001101010',,,0.2605633802816901
'101011111100110111111001011001111111111111011101101111011101001011110110',,,0.20422535211267606
'000000000011001000000100100000010111100000011110010000101110000100001001',,,0.13380281690140844
'000010000111001110000100000000010111100000011110010000001110000100001001',,,0.11267605633802817
'111111111011110111111011111001101000011111111001101111011001111011110110',,,0.11267605633802817
'100111111011111001111011011001111111111111111101101111001100111011101010',,,0.176056338028169
'010000001011011000111001011110111111111000011101101111001100000111101010',,,0.3028169014084507
'010010000100001110000100100110000000000000011010010000011010000100001001',,,0.1267605633802817
'010000000000001000000100111000010111110000000110010000100110000100001001',,,0.14084507042253522
'101111011100110001111011000110110111101011111101101111110101111110110111',,,0.2323943661971831
'000000000011001110000100111000010111110000011110010000001110000101001000',,,0.176056338028169
'000010000011001110000100011000000000010000011010010000001010000100001001',,,0.1267605633802817
'110100111011111111111011100001101000001100100000101111011000111110101011',,,0.3380281690140845
'010001000100001110000100100000000000000001000010010000000010000100001001',,,0.09154929577464789
'000010000000001000000100011110000000010000011010010000100010000101001000',,,0.176056338028169
'111101111111110001111011011001111111111111111101101111001101111011110110',,,0.14084507042253522
'100110101000000001111011111111101000010100100000001111000000111011101000',,,0.19718309859154928
'101101111111110001111011111111101000011111100001101111010001111011110110',,,0.14788732394366197
'001110000111000001000110100000000000000000100010010000100011111100010101',,,0.21830985915492956
'001001010100110110000100000110000000001011011011110000111011000100010111',,,0.2323943661971831
'010010001111001110111100100110000000000000011000011010011000000110001001',,,0.15492957746478872
'000010001111001000111100000000000000000000000000011010100000000110001001',,,0.14084507042253522
'101101110100000001000011011001101000011111111011100101100011111001110100',,,0.21830985915492956
'000010000011001000000100000110010111100000000110010000100110000100001001',,,0.1267605633802817
'101011110011110001000001111001111111111111000111100101100111001001110110',,,0.2112676056338028
'111111111100110001111011011111101000011111100001101111110001111011110110',,,0.1056338028169014
'001000000100000110000100000000000000000000000010010000110011000100010101',,,0.19718309859154928
'101111111100110001111011000111111111101111111101101111110101111011110110',,,0.14084507042253522
'010100000100001110000110000000010111100000111110010000011110110100001001',,,0.19014084507042253
'111001110000110111000001000001111111101111011111100101111111001001110110',,,0.21830985915492956
'101011111111110111111001011001101000011111011001111111111001001011110110',,,0.20422535211267606
'111101111111110111111011100111111111101111111101101111011101111010110111',,,0.14788732394366197
'011011011100010110111000100000000000001011011001111010111001000110010111',,,0.24647887323943662
'101101110100110111000011000111111111101111100111110101110111111000010111',,,0.2323943661971831
'000100000011001110000110000000010111100000100110010000011110110100001001',,,0.18309859154929578
'010000000100001000000100100110000000000000000010010000100010000100001001',,,0.09859154929577464
'111011111100110001111001111111101000011111011001101111100001001011110110',,,0.18309859154929578
'111101111011110001111011000111101000001111100001101111010001111011110110',,,0.176056338028169
'010001011011111110111000100110000000001011011001111010011000000110001011',,,0.22535211267605634
'101111111111110111111011100111101000001111111001101111111001111010110111',,,0.14788732394366197
'101011011100110111111001011001111111111111011101101111111101001111110110',,,0.19718309859154928
'000010001100001110111100100000010111100000011100011010101100000110001001',,,0.19014084507042253
'000000000100001000000100100000010111100000011110010000100110000100001001',,,0.11971830985915492
'111111111100110001111011000111101000001111100001101111010001111011110110',,,0.1619718309859155
'111110111100000001111011111001101000011110100001101111000001111011110100',,,0.16901408450704225
'100110101000000111111011111001101000010100100000001111000000111011100000',,,0.19718309859154928
'110011110011111000000001011001111111111111011111100101001110000001101010',,,0.23943661971830985
'111001111100110110111001111001101000011111011001101111011001000111110110',,,0.2323943661971831
'001001011100110110111000000110000000001011011001111010111001000110010111',,,0.24647887323943662
'010010001011001110111100111000000000010000000000011010001000000110001001',,,0.19014084507042253
'011100000100000001000110100000010111100000111110010000100111111100010101',,,0.24647887323943662
'000000001100001000111100000000000000000000000000011010100000000110001001',,,0.11971830985915492
'000000000011001000000100000000000000000000000010010000100010000100001001',,,0.08450704225352113
'000011011011111110111100000110000000000011011000011010111000000110001011',,,0.2323943661971831
'101110111100010111111011100001111111101110100101101111010101111011110110',,,0.19718309859154928
'010000000011001000000100000110010111100000000110010000100110000100001001',,,0.13380281690140844
'010010000011001000000100100000000000000000011010010000001010000100001001',,,0.11971830985915492
'101101110011110111000011000111101000001111100011100101011011111001110110',,,0.19718309859154928
'111101111100110111111011100111111111101111100101101111010101111010110111',,,0.19718309859154928
'101110111100010001111011011111101000011110111001101111110001111011110110',,,0.15492957746478872
'110101110011111111000011000001111111101111111111100101011110111000101011',,,0.23943661971830985
'010010000100001000000100000000000000000000000010010000000010000100001001',,,0.056338028169014086
'101101110100110111111011100111101000001111100001101111110001111011110110',,,0.1619718309859155
'101101110100110111000011000001111111101111111111100101111111111000110111',,,0.2112676056338028
'101001111000110111111001111111111111111111011101101111111101001011110110',,,0.14084507042253522
'000110100100001001000110111000000000010000111010010000000010111000001001',,,0.21830985915492956
'101100111000010111111011111001101000011110100001101111010001111011110110',,,0.176056338028169
'010011000011111110000100000110000000001011000011010000011010000100001011',,,0.20422535211267606
'111110101111000001111011011001111111110100100101101111100101111011110100',,,0.19014084507042253
'010010000111001000000100000000010111100000011110010000101110000100011001',,,0.15492957746478872
'010010000011001000000100000000000000000000000010010000100010000100001001',,,0.1056338028169014
'111101110011110001000011100001111111101111111111100101101111111000110111',,,0.22535211267605634
'111011110000110111000001111001111111111111011111100101111111001001110110',,,0.19014084507042253
'110111111011111111111011100111111111101111100101101111011100111010101011',,,0.22535211267605634
'000000000111001110000100100110000000000000011010010000111010000100001001',,,0.13380281690140844
'010110000000001000000111100000001000000000100010010000000010110100001001',,,0.18309859154929578
'000001011111111110111000100000010111101011011101101011111100000110011011',,,0.24647887323943662
'000001001011001000111100100000010111100000011100011010101100000110001001',,,0.19718309859154928
'101101110111110111000011000001101000001111100011100101111011111000110111',,,0.2323943661971831
'011101011100110111111010000000000000001011111001101011111001111110010111',,,0.24647887323943662
'000000000011001110000100111000010111110000000110010000101110000101001000',,,0.20422535211267606
'111101110011110111000011011111111111111111100111100101111111111001110110',,,0.11971830985915492
'000100000100001110000110000110000000000000100010010000010010110100001001',,,0.176056338028169
'000010100000001000000100011000000000010100011010010000000010000001001000',,,0.1619718309859155
'111111110100110111011011011111101000011111111001101111111011111011110110',,,0.11971830985915492
'101001110111110111000001111111101000011111000011110101011011001001110110',,,0.24647887323943662
'100110100000001001000111111111111111110100100110000101000110111001101000',,,0.2323943661971831
'101101111111110111111011111111111111111111111101101111111101111011110110',,,0.06338028169014084
'011100000100000111000110000000000000000000100010010000110011111100010101',,,0.2323943661971831
'111011110000110111000001111001111111111111000111100101010111001001110110',,,0.23943661971830985
'001100000100000001000110000110010111100000111110010000110111111100010101',,,0.2676056338028169
'011000000100000000000100011110000000010000011010010000100011000101010100',,,0.22535211267605634
'011000000100000000000100011110000000010000000010010000100011000101010100',,,0.2112676056338028
'010000000111001000000100011000000000010000000010010000000010000101001000',,,0.13380281690140844
'010010000000001000000100011000000000010000011010010000000010000101001000',,,0.14788732394366197
'010010000100001000000100111000000000010000011010010000000010000101001000',,,0.14788732394366197
'111101110111110001000011100001111111101111100111100101100111111000110111',,,0.22535211267605634
'101101111100110001111011000111111111101111111101101111110101111011110110',,,0.14788732394366197
'101101111011110001111010100111101000001111100001101111010001111010010111',,,0.22535211267605634
'111101111000110001111011100001101000001111111001101111100001111010110111',,,0.18309859154929578
'010010001100001110111100100110010111100000011100011010011100000110001001',,,0.1619718309859155
'100110100011101001000110100111110111100100100110010000000110111000101001',,,0.2605633802816901
'000010001111001000111100000000010111100000000100011010000100000110001001',,,0.13380281690140844
'111110111100000001111011111001101000010111100001101111100001111011110100',,,0.15492957746478872
'111100110111010001000011111001101000011111100011100101100011111001110100',,,0.18309859154929578
'000010000000001000000100011000000000010000000010010000100010000101001000',,,0.14788732394366197
'000000001000001110111100111110000000010000000000011010110000000111001000',,,0.24647887323943662
'010000001000001110111100111000000000010000000000011010100000000111001000',,,0.21830985915492956
'010110100011001001100110100110010111100100100110010010100100111000001001',,,0.2746478873239437
'101100101111000001111111111001101000010100100000001111000001111111110100',,,0.21830985915492956
'101100100100000001000011111111101000010100111011100101000011111001110100',,,0.2676056338028169
'101111110000110001000011000001111111101111100111100101000111111000110111',,,0.24647887323943662
'000000001000001110110100000110010111100000000100011010110100000100001001',,,0.176056338028169
'111111110111110001101011111111111111111111100101101111110101111011110110',,,0.1056338028169014
'000000000100001000111100011000000000010000000000011010100000000110001001',,,0.14788732394366197
'110011100000001000000101111001111111110100000110000100000110000001101000',,,0.2605633802816901
'101101110011110001000011011111111111111111100101100111110111111001110110',,,0.16901408450704225
'111011111100110111111001011001111111111111000101101111010101001011110110',,,0.2112676056338028
'010110000100001000000110000000010111100000111110010000000110110100001001',,,0.1619718309859155
'111111110100110111100011100111111111101111100111100101110111111001110110',,,0.176056338028169
'111001111111110111111001111001101000011111011001101111011001001011110110',,,0.18309859154929578
'000010101011001000111101111111000000010100000000011010000000000011001000',,,0.24647887323943662
'000010001111001000111100011000000000010000000000011010000000000111001000',,,0.18309859154929578
'101111110100000001000011011001101000010111100011110101000011111001110100',,,0.20422535211267606
'011011011111000000111100000000000000000011011001111010101001000110010101',,,0.2323943661971831
'100001111011111110111001011111101000011111000001101111011000000011101010',,,0.23943661971830985
'101101111100110001111011011111101000011111111001101111010001111011110110',,,0.15492957746478872
'000000001011001000000100100000010111100000000110010000000110000100001001',,,0.09859154929577464
'001000001100000000111100000110000000000000000000011010100001000110010101',,,0.18309859154929578
'111110111100010111111011011001101000011111100001101111010001111011110110',,,0.16901408450704225
'111000111000110111111001011111111111111100011101101111111101001011110110',,,0.176056338028169
'000010000111001000111100000000010111100000011100011010101100000110001001',,,0.18309859154929578
'011110000100000001000110000000010111100000111110010000100111111000010101',,,0.2605633802816901
'010010001000001110111100100000010111100000000100011010100100000110001001',,,0.176056338028169
'000000000000001110000100011000010111110000000110010000000110000101001000',,,0.14788732394366197
'010010000011001110000100000000010111100000000110010000101110000100001001',,,0.14788732394366197
'111111111000110111111011100111101000001111100001101111010001111011110110',,,0.1619718309859155
'010010000000001000000100111110000000010000000010010000100010000100001001',,,0.14084507042253522
'110100100000001001000111111111111111110100111110000101000110111001101000',,,0.2676056338028169
'111111110100110111000011000001101000001111100011100101110011111000110111',,,0.21830985915492956
'111110110100110111000011011111101000011110111011100101111011111001110110',,,0.14788732394366197
'010010000000001110000100011000010111110000011110010000001110000101001000',,,0.19014084507042253
'101111111011110111111011011001111111111111100101101111011101111011110110',,,0.11267605633802817
'010000000100001110000100100000010111100000011110010000001110000100001001',,,0.11267605633802817
'000100000111001000000110100110010111100000111110010000101110110100001001',,,0.22535211267605634
'111001010100110110000001011001111111111011011111110101111111000101110110',,,0.2535211267605634
'110101011011111111111011100001101000001011100001101111011000110010101011',,,0.3028169014084507
'111001110111110111000001111001111111111111000111100101111111001001110110',,,0.176056338028169
'111101110111110001000011011111111111111111111111100101011111111001110110',,,0.14084507042253522
'111111110111010001000011111001111111111111111111100101101111111001110100',,,0.15492957746478872
'101101110000110111000011011001101000011111100011100101110011111001110110',,,0.1619718309859155
'101100100111000001000010100001000000000100100010010000000011111100010101',,,0.28169014084507044
'010110000100001000000110100110000000000000111010010000000010110100001001',,,0.1619718309859155
'100111110011111111000011100111101000001111111011100101011010111000101011',,,0.24647887323943662
'000000001111001000111100111000010111110000000100011010000100000110001001',,,0.1619718309859155
'011000001100000110111100111110000000010000000000011010110001000111010100',,,0.24647887323943662
'101001110111110001000001011111101000011111011011100101111011001001110110',,,0.20422535211267606
'111111111111110001111011000001111111101111111101101111101101111011110110',,,0.13380281690140844
'110111111011111001111011111001111111111111111101101111001100111011101010',,,0.19718309859154928
'111111111011110111111011011001101000011111111001101111111001111011110110',,,0.09154929577464789
'010010000111101110000100000000010111100000011110010000101110000100001011',,,0.15492957746478872
'100111111011111111111011100000101000001111100001111110011000111010001011',,,0.31690140845070425
'111011010111110110000101111110111111111011000111100101111111000101110110',,,0.2323943661971831
'000110000100001110000110000110010111100000100110010000110110110100001001',,,0.20422535211267606
'010010000111001000000100111000010111110000011110010000001110000101001000',,,0.19014084507042253
'101101111000110111111011100111101000001111100001101111010001111011110110',,,0.16901408450704225
'111100110100000001000011111001111111111110100111100101100111111001110100',,,0.2112676056338028
'000110000000001110000110000110010111100000100110010000010110110100001001',,,0.16901408450704225
'101001010111110111000001111111111111111111011111100101111111001101110110',,,0.18309859154929578
'110111111011111001111011100001111111101111111101101111001100111010101011',,,0.2535211267605634
'000000001100001000111100100000010111100000011100011010000100000110001001',,,0.13380281690140844
'101100110100110001000011111111101000011111100011100101010011111001110110',,,0.2112676056338028
'000010001100001000111100011000010111110000011100011010000100000110001001',,,0.1619718309859155
'111100111000010001111011111111101000011111100001101111010001111011110110',,,0.176056338028169
'000110000111001000000110111110010111110000100110010000000110110100001001',,,0.2112676056338028
'111001110011110111000001100111111111101111011111100101111111001101110110',,,0.19718309859154928
'111101110000110111000011111001111111111111100111100101110111111001110110',,,0.14788732394366197
'110000001011101000111000011111011111110000000100001011100100000111101000',,,0.323943661971831
'000000001011001110111100100110010111100000000100011010011100000110001001',,,0.14788732394366197
'100110100000001111000111011001111111110100100110000101000110111101101000',,,0.23943661971830985
'101011011111110000111001011001101000011111011001101111001001000111110110',,,0.2676056338028169
'111111110000110001000011100001111111101111111111100101000111111000110111',,,0.2535211267605634
'010001011000001110111100111000000000010011011001111010001000000111001000',,,0.2746478873239437
'001010000100000000000100011000000000010000011010010000100011000101000100',,,0.21830985915492956
'000110000111001000000110000110010111100000111110010000001110110100001001',,,0.18309859154929578
'111100111011110111111011011001101000011110111001101111011001111011110110',,,0.14788732394366197
'010000001000001110111100111110010111110000000100011010110100000110001001',,,0.22535211267605634
'101011010111010110000100011001101000011011000011110100111011000101010100',,,0.323943661971831
'011100001100000001111110000110010111100000100100011010110101111110010101',,,0.2535211267605634
'111101111111110111111011100111111111101111100101101111011101111011110110',,,0.11971830985915492
'111100110111000001000011000111001000000111100011110000010011111000110101',,,0.30985915492957744
'000000001011001000111100111000010111110000000100001010100100000111001000',,,0.24647887323943662
'111100111100110111111011000001111111101110100101101111110101111010110111',,,0.19718309859154928
'111101111000110001111011111001111111111111100101101111100101111011110110',,,0.1056338028169014
'001000001100000000100100100110000000000000011010010000100001000100010101',,,0.19718309859154928
'110011111011111110100001111111111111111111011101101111011110000001101010',,,0.22535211267605634
'000010000111001110000100111110000000010000011010010000011010000100001001',,,0.14084507042253522
'010000000011101110000100100110000000000000011010010000011010000100001001',,,0.1267605633802817
'000100001100001000111110100110010111100000100100011010000100110110001001',,,0.20422535211267606
'110110101000001001111011000111111111100100111100001111000100111011101000',,,0.2676056338028169
'111101111111110001111011100111101000001111111001101111111001111010010111',,,0.14788732394366197
'000000001100001000111100111000000000010000000000011010000000000110001001',,,0.1267605633802817
'010110000011001110000110000000010111100000100110010000011110110100001001',,,0.19014084507042253
'000100001000001111111110100000000000000000100000011010000000110110101001',,,0.19718309859154928
'001100000100000111000110100000000000000000100010010000110011111100010101',,,0.23943661971830985
'000000000000001000000100111110000000010000000010010000000010000101001000',,,0.13380281690140844
'101111111111110001111011000111101000001111100001101111110001111011110110',,,0.14788732394366197
'010000001100001000110100011110010111110000011100010010000100000100001001',,,0.1619718309859155
'111101111111110111011011100111111111101111111101101111111111111010110111',,,0.14084507042253522
'010010000011001000000100011110010111110000000110010000000110000101001000',,,0.18309859154929578
'010110000000001000000110100000010111100000111110010000000110110100001001',,,0.176056338028169
'110011110011111110000001011001111111111111000111100101001110000001101010',,,0.23943661971830985
'010011000100101110000100100000010111100001011110010000111110000100001011',,,0.19718309859154928
'101001111000110111111001100111101000001111011001101111111001001011110110',,,0.19014084507042253
'111101111111110111111011100001111111101111111101101111011101111010110111',,,0.1619718309859155
'011010001100100110111100100110000000000000000000011010110001000110010111',,,0.2112676056338028
'101111111111110001111011011001101000011111100001101111000001111011110110',,,0.14788732394366197
'111011010111110110000101011111101000011011011011110100011011000101010110',,,0.2746478873239437
'010100000011001110000110100000000000000000111010010000011010110100001001',,,0.19718309859154928
'100000100000001000000100011111010111110100011110010000100110000001001000',,,0.21830985915492956
'010000000000001110000100000110010111100000000110010000010110000000001001',,,0.13380281690140844
'111100111111010001111011011111111111111100100101101111110101111011110110',,,0.14788732394366197
'111011111000110111010001100111111111101111000101100101010111001011110110',,,0.28169014084507044
'111111111011110111111011000001111111101111111101101111111101111010110111',,,0.14084507042253522
'000010001100001000011100000000000000000000011010011000000010000110001001',,,0.11971830985915492
'101011110000110001000001111111111111111111011111100101100111001001110110',,,0.22535211267605634
'000010001011001000111100111000000000010000000000011010000000000111001000',,,0.18309859154929578
'100110000000111111000011011111111111111100100110000101010110111101101010',,,0.23943661971830985
'101001110100100000000001011111100000010111011011110000100011001001110110',,,0.30985915492957744
'111101111011110111111011000111111111101111111101101111111101111011110110',,,0.09154929577464789
'011010001111000000111100111000000000010000000000011010100001000110010101',,,0.19718309859154928
'010000001011001000111100111000000000010000011000011010001000000111001000',,,0.22535211267605634
'000000001011111110111100100110000000001000000000011010111000000110001011',,,0.21830985915492956
'000010001011001000111100000000010111100000011100011010001100000100001001',,,0.1619718309859155
'010000000100001000000100100110000000100000011010010000000010000100001001',,,0.09859154929577464
'101101111011110001111011000001101000001111100001101111000001111011110110',,,0.176056338028169
'011111011111000001111110100000000000000011111001111010001001111110010101',,,0.2746478873239437
'111101110000110001000011011001101000011111100011100101000011111001110110',,,0.176056338028169
'111101110100110001000011111111101000011111100011100101010011111001110110',,,0.176056338028169
'000000000100001000001100011110000000010000011000011000000000000101001000',,,0.20422535211267606
'000000001000001110111100000000000000000000011000011010101000000110001001',,,0.1619718309859155
'101011110000110111000001100111111111101111000111100101110111001001110110',,,0.23943661971830985
'101101111111110111111011100001101000001111100001101111111001111010110111',,,0.18309859154929578
'111101111111110001111011111111101000011111100001101111010001111011110110',,,0.13380281690140844
'010010001011001000111100100000000000000000000000011010100000000010001001',,,0.16901408450704225
'000010001011001000111100000110000000000000000000011010100000000110001001',,,0.14788732394366197
'000110000000001000100110000110010111100000111110010000000100110100001001',,,0.19014084507042253
'000010100011001000000100011110010111110100000110010000000110000001001000',,,0.19718309859154928
'010000000000001110000100000110000000000000011010010000111010000100001001',,,0.14788732394366197
'111111110100000111000111011001111111111111111111100101111111111101110100',,,0.18309859154929578
'000010000111001000000100011000010111110000000110010000100110000100001001',,,0.14788732394366197
'111011110000110001000001011001101000011111011011100101100011001001110110',,,0.2112676056338028
'010010000000111110000100111000010111110000000110010000100110000100001011',,,0.18309859154929578
'011100000100000001001110000110010111100000111110010000110101111100010101',,,0.2605633802816901
'100100001000111110111010000111101000001100111000111110011000110110001011',,,0.29577464788732394
'110011011011111110111001100111111111101011011101101111011100000111101010',,,0.24647887323943662
'010010000111001000000100000000010111100000011110010000001110000100001001',,,0.11267605633802817
'010110000011001000000110111000010111110000100110010000000110110100001001',,,0.20422535211267606
'010010000000001000000100100110010111100000000110010000100110000100001001',,,0.13380281690140844
'010010001011001110111100000110010111100000011100011010111100000110001001',,,0.176056338028169
'101100111111000001111011000001111111100111100100101111100101111011110100',,,0.2323943661971831
'101111111000110111111011011001101000011111111001101111011001111011110110',,,0.13380281690140844
'111101110111110001000011000111111111101111111111100101111111111000110111',,,0.18309859154929578
'111101110100110001000011011001101000011111100011100101100011111001110110',,,0.14084507042253522
'111011010111110110000101111110101000011011000011110100011011000101010110',,,0.28169014084507044
'000110000100001110000110000000000000000000100010010000100010110100001001',,,0.16901408450704225
'111111111100110001111011100111101000001111111001101111010001111011110110',,,0.15492957746478872
'101101110011110111000011011111111111111111100111100101111111111001110110',,,0.11971830985915492
'000000001011001000111100000110010111100000011100011010101100000110001001',,,0.16901408450704225
'101011010111110110000101011000101000011011000011110100111011000001010110',,,0.31690140845070425
'010110000011001000000110000000000000000000111010010000101010110100001001',,,0.2112676056338028
'101111110111110111000011111001101000011111100011100101011011111101110110',,,0.19014084507042253
'010000001011111110111100000110000000001000011000011010011000000110001011',,,0.19718309859154928
'111111111111110111111011100001101000001111111001101111111001111011110110',,,0.1056338028169014
'011011011111110110111000011000000000011011000001101011111001000111010110',,,0.3028169014084507
'100110100011001001000111111111111111110100100110000101000110111001101000',,,0.24647887323943662
'011101010111110111000111100000101000001011100011110100111011111100010111',,,0.2535211267605634
'001010001100000110111100011000000000010000000000011010110001000111010100',,,0.2746478873239437
'000010001011001000111100100110010111100000000100011010000100000110001001',,,0.14788732394366197
'000100000011001000000110011000010111110000100110010000000110110100001001',,,0.19014084507042253
'101011111111110110111001011111101000011111000001101111111001001011110110',,,0.19718309859154928
'111101110100110001000011111111101000011111111011100101110011111001110110',,,0.14788732394366197
'101111111000110001111011000111111111101111111101101111110101111011110110',,,0.13380281690140844
'111001111111110001111001011001101000011111000001101111100001001011110110',,,0.16901408450704225
'011110100100000001000110000000000000000000100010010000100011111000010101',,,0.21830985915492956
'111111110011110001000011011111101000011111111011100101111011111001110110',,,0.13380281690140844
'010010000000001110000100111110000000010000000010010000010010000101001000',,,0.19718309859154928
'001011010100010110000101011110110111111011011111110100111111000101010110',,,0.2887323943661972
'000001000111001110000100000110000000000000000010010000111010000100001001',,,0.1619718309859155
'011010000111000000000100000000000000000000000010010000100011000100010101',,,0.1619718309859155
'100111110011111001000011011001111111111111111111100101001110111001101010',,,0.19014084507042253
'110110110000001111000110000001010111100111111111010000111110111000001001',,,0.2887323943661972
'001110001100000001111110100110010111100000100100011010110101111110010101',,,0.2535211267605634
'111101111111110001111011000001101000001111111001101111101001111011110110',,,0.14788732394366197
'001011011111010110111100100000000000001011011001111010111001000110010101',,,0.24647887323943662
'111101111111110001111011000111111111101111111101101111111101111011110110',,,0.09859154929577464
'100010110011001110000100111111100000010100000010010000011010000001001000',,,0.24647887323943662
'111100110111110001000011111111101000011100100011100101010011111001110110',,,0.20422535211267606
'101110111100110111111011111001101000011111100001101111110001111011110110',,,0.13380281690140844
'111001111111110111111001011001101000011111000001101111011001001011110110',,,0.20422535211267606
'111001110100110111000000011001000000011111000011100101010011001001110110',,,0.29577464788732394
'010010000000101000000100011000010111110000000110010000100110000101001000',,,0.19718309859154928
'101001110011110111000001011111111111111111000111100101011111001001110110',,,0.20422535211267606
'100011110011111000000001011111101000011111011011100101001010000001101010',,,0.24647887323943662
'000000001000001000111100011110010111110000011100011010100100000111001000',,,0.2323943661971831
'111111110111110111000011011111111111111111111111100101011111111001110110',,,0.11971830985915492
'111001111000110111111001111001101000011111000001101111010001001011110110',,,0.2112676056338028
'110100110011111111000011011111111111111111100111100101011110111101101010',,,0.21830985915492956
'000110000111001000000110000000000000000000100010010000000010110100001001',,,0.14084507042253522
'011100000100000001000110100110010111100000111110010000110111111100010101',,,0.24647887323943662
'010010001100001110111100011110010111110000000100011010010100000110001001',,,0.19014084507042253
'010110000011001110000110000000000000000000111010010000011010110100001001',,,0.18309859154929578
'100101110011111111000011111111111111111111100111100101011110111001101010',,,0.176056338028169
'000010000000001000000100000110010111100000000110010000000110000100001001',,,0.08450704225352113
'111110101011000001111011111001101000010100100000001111000001111011100100',,,0.176056338028169
'111100111000110111111011100111101000001110100001101111010001111011110110',,,0.19014084507042253
'000010001100001110111100011000010111110000000100011010100100000111001000',,,0.2323943661971831
'000010000011001000000100111110010111110000000110010000000110000100001001',,,0.13380281690140844
'101111110000110001000011100001101000001111111011100101000011111001110110',,,0.20422535211267606
'010110000011001110000110000110010111100000100110010000011110110000001001',,,0.19014084507042253
'111011111111110001111001000001101000001111000001101111100001001011110110',,,0.20422535211267606
'010010000011001000101100100110010111100000011100011010001100000100001001',,,0.16901408450704225
'010010000011001000000100111110000000010000000010010000000010000101001000',,,0.16901408450704225
'101111111100110001111011000111111111101111100101101111110101111010110111',,,0.18309859154929578
'000010001011001000111100000110010111100000000100011010100100000110001001',,,0.16901408450704225
'000000000011001000000100011000010111110000000110010000000110000100001001',,,0.1056338028169014
'101101111111110111111011011001111111111111100101101111111101111011110110',,,0.09859154929577464
'010010001011001000111100111000000000010000000000011010000000000111001000',,,0.19718309859154928
'000011001011111110111100000000010111101011000100011010101100000110001011',,,0.23943661971830985
'111101111000110001111011000111101000001111111001101111110001111011110110',,,0.14788732394366197
'101001110111110110000001011001101000011111011011100101011011000001110110',,,0.2535211267605634
'111001110011110111000001111111101000011111011011100101111011001001110110',,,0.176056338028169
'010000000000001000000100011110010111110000011110010000100110000101001000',,,0.20422535211267606
'101111011111110001111011000111101000001111100001101111110001111110110111',,,0.2112676056338028
'100110100000001001000110000001010111100100100110010000000110111000001001',,,0.19014084507042253
'101110111100110111111011111001101000011100100001101111110001111011110110',,,0.14084507042253522
'000000001000001110111100011110000000010000011000011010111000000110001001',,,0.20422535211267606
'010000001011001110111100000000010111100000011100011010001100000110001001',,,0.15492957746478872
'100000100011111000000001100111111111100100000110010100010110000000011010',,,0.2605633802816901
'111111111111110001111011100001111111101111100101101111100101111011110110',,,0.13380281690140844
'111011111011110111111001111001111111111111000101101111011101001011110110',,,0.19014084507042253
'001001011111000000111100011000000000010011011001111010101001000111010100',,,0.29577464788732394
'000010100000001000000100100000010111100100000110010000000110000000001001',,,0.1056338028169014
'101011110000110111000001000001111111101111011111100101111111001001110110',,,0.22535211267605634
'010010001011001110111100111110000000010000000000011010011000000110001001',,,0.20422535211267606
'110001010011111110000001011111111111111111011111100101011110000101101010',,,0.22535211267605634
'100001110011111110000001111001111111111111000111100101001110000001101010',,,0.22535211267605634
'101011110111110111000001011111111111111111011111100101111111001001110110',,,0.176056338028169
'101001111011110001111001111111111111111111011101101111111101001011110110',,,0.14084507042253522
'111110100100000111000111011001101000010100100010010100010011111001110100',,,0.2676056338028169
'101101111011110111111011100111111111101111111101101111111101111010110111',,,0.1267605633802817
'111111111100110001111011100111111111101111100101101111110101111110110111',,,0.176056338028169
'000110000011001000000110100110010111100000100110010000100110110100001001',,,0.20422535211267606
'000100001000001110111110000110000000000000100000011010010000110110001001',,,0.19718309859154928
'010010001011001110000100000000010111100000000110011000001110000100001001',,,0.15492957746478872
'011001011100111001111000000110010111101011000101101011000101000110011111',,,0.29577464788732394
'010000001100001110111100100110010111100000000100011010110100000110001001',,,0.19014084507042253
'111101110100110001000011000111101000001111100011100101110011111001110110',,,0.18309859154929578
'110110100000101001000111000111111111100100100110000101000110111000101001',,,0.29577464788732394
'000110000100001000000110100110000000000000100010010000000010110100001001',,,0.14788732394366197
'000010000011001110000100011000010111110000000110010000101110000101001000',,,0.20422535211267606
'110110001000000111111111111000101000010000111000001111001000111111100000',,,0.2746478873239437
'101101111100110001111011111111111111111111111101101111010101111111110110',,,0.15492957746478872
'101011111100110001111001100111101000001111011001101111100001001011110110',,,0.22535211267605634
'011111110111000001000010000111001000001111100011110001110011111000010101',,,0.28169014084507044
'001011110111110000000000111111000000010111000011110000000011001001010110',,,0.3591549295774648
'000000000111001110000100000110010111100000011110010000111110000100001001',,,0.11971830985915492
'000010001000101000111100011000000000010000011000011010100000000110001001',,,0.176056338028169
'000011001011001110111100100000010111100001000100011010101100000110001001',,,0.20422535211267606
'101101111000110111111011111001111111111111111101101111011101111011110110',,,0.11267605633802817
'101111110111110111000011100001101000001111100011100101111011111100110111',,,0.2323943661971831
'010110000100001000000110100110010111100000111110010000000110110100001001',,,0.18309859154929578
'111011110111110001000001100111111111101111011111100101111111001001110110',,,0.19718309859154928
'000011000011101110000100000110010111100001011110010000111110000100001001',,,0.15492957746478872
'010011111000001110111000100001000000000111011001111010001000000010001001',,,0.23943661971830985
'111111110111110111000011000001101000001111100011100101111011111000110111',,,0.2112676056338028
'000010000000001000000100100000010111100000000100010000100110000100001001',,,0.11971830985915492
'010010000000001110000100111110000000010000011010010000111010000100001001',,,0.19014084507042253
'101101111100110001111011100001101000001111111001101111000001111011110110',,,0.176056338028169
'111111111100110111111011100111101000001111111001101111011001111010110111',,,0.176056338028169
'101101110011110001000011111111101000011111111011100101011011111001110110',,,0.1619718309859155
'110001111011111110111001111111111111111111011101101111111100000011101010',,,0.22535211267605634
'010011000111001000000100000000000000000000011010010000001010000100001001',,,0.1267605633802817
'010011000011111110000100100110010111101001000110010000011110000100001011',,,0.19718309859154928
'011110010100000001000110100000000000000010111010010000000011111100010101',,,0.23943661971830985
'000100001011001000111110100110010111100000100100011010000100110110001001',,,0.2112676056338028
'101101110111110111000011100111111111101111100111100101111111111000110111',,,0.19014084507042253
'110111111011111111111011000111111111101111100101101111111100111010101011',,,0.21830985915492956
'000000000000001000000100000110010111100000000110010000000110000100001001',,,0.07746478873239436
'010110000000001000000110100000000000000000111010010000000010110100001001',,,0.15492957746478872
'001000000111000000000100011000010111110000000110010000100111000101010100',,,0.2605633802816901
'101111111011110111111011111001111111111111111101101111111101111011110110',,,0.06338028169014084
'101111111000110111111011111001111111111111111101101111011101111011110110',,,0.1056338028169014
'111111110111110001000011000001101000001111100011100101000011111001110110',,,0.20422535211267606
'000010000100001110000100011110010111110000011110010000011110000101001000',,,0.18309859154929578
'000110001111001000111110000000000000000000111000011010001000110110001001',,,0.20422535211267606
'101011111011110001111001000111111111101111000101101111110101001011110110',,,0.21830985915492956
'000010001011001110111100011000010111110000011100011010001100000110001001',,,0.176056338028169
'110100011011111111111011000001101000001011111001101111011000110110101011',,,0.3028169014084507
'101100000111000001000111000111101000000100100010010100010011111100010101',,,0.2887323943661972
'010110000011001110000110100110000000000000111010010000011010110100001001',,,0.176056338028169
'010000001100001110111100111110010111110000000100011010110100000110001001',,,0.21830985915492956
'111101110011110001000011100111101000001111111011100101111011111001110110',,,0.1619718309859155
'000010000011001110000100111000010111110000011110010000001110000101001000',,,0.18309859154929578
'010010000111001000000100000110010111100000011110010000001110000100001001',,,0.11267605633802817
'111101111000110001111011011111101000011111111001101111110001111011110110',,,0.11971830985915492
'000110000011001000000110100110000000000000100010010000000010110100001001',,,0.15492957746478872
'101110111011110001111011111001101000011111100001101111000001111011110110',,,0.15492957746478872
'000000000000001110000100111110010111110000011110010000011110000100001001',,,0.13380281690140844
'101101110111110111000011100111101000001111100011100101111011111100110111',,,0.22535211267605634
'001110001100000111111110100110000000000000100000011010110001111110010101',,,0.2323943661971831
'111011110100110001000001111001101000011111011011100101100011001001110110',,,0.19718309859154928
'101110111100110111111011011001111111111100100101101111110101111011110110',,,0.14084507042253522
'111100110011110111000011111001111111111111111111100101111111111001110110',,,0.13380281690140844
'000000001100001110111100111000000000010000011000011010101000000110001001',,,0.20422535211267606
'101101110100110001000011100111101000001011100011100101010011111000110111',,,0.28169014084507044
'011001011111110110101000000000000000001011000001111010111001000100010111',,,0.2605633802816901
'000010000100001000000100111110010111110000000110010000100110000100001001',,,0.15492957746478872
'000010100011001000000100111001010111110100000110010000000110000001001000',,,0.19014084507042253
'101100111100010001111011111001101000011111100001101111100001111011110110',,,0.14084507042253522
'010100100011001111000110100110010111100100100110010000111110111000001001',,,0.2535211267605634
'010011001011101110111100100000000000000001011000011010001000000110001011',,,0.19718309859154928
'111101110100110111000011100001101000001111111011100101011011111001110110',,,0.19718309859154928
'101001110111110111000001011111101000011111000011100101111011001001110110',,,0.20422535211267606
'101111111100110001111011000001111111101111111101101111100101111011110110',,,0.15492957746478872
'100100101100011001111111011111111111111100111100001111010100111011101010',,,0.2605633802816901
'111100100100000001000011111111101000010100111010010100010011111001110100',,,0.28169014084507044
'011001011111000110111100011000000000010011000001111010101001000110000101',,,0.2535211267605634
'010000000000101110000100000110000000000000011010010000011010000100001011',,,0.13380281690140844
'101110111000110111111011111111101000011111111001101111111001111011100110',,,0.13380281690140844
'010010001011001000010100000110000000000000011000011010101010000100001001',,,0.176056338028169
'100111111000111111111011000111111111101111111101101111011100111010101011',,,0.20422535211267606
'100001111000111110111001000001101000001111011001101111001000000011101010',,,0.2535211267605634
'101101110000110111000011011001111111111111100111100101110111111001110110',,,0.15492957746478872
'111101111011110111111011111001101000011111100001101111111001111011110110',,,0.1056338028169014
'101101111000110111110011000111111111101111111101101111111111111010110111',,,0.19718309859154928
'010010000011001000000100100110000000000000011010010000101010000100001001',,,0.14788732394366197
'101111111100010001111011011001101000011111100001101111100001111011110100',,,0.11971830985915492
'111101110100110001000011100001101000001111100011100101000011111001110110',,,0.19014084507042253
'100101111011111111111011000111111111101111111101101111011100111011101010',,,0.16901408450704225
'010011011011111000111100000110010111100011011101111010101100000110001011',,,0.24647887323943662
'000111011100001110111110000000000000000011100001011010000000110110001001',,,0.2112676056338028
'101101110000110001000011100111101000001111100011100101010011111000110111',,,0.2535211267605634
'010011010000111110000100000110010111101011011111110000011110000100001011',,,0.176056338028169
'111101110111110001000011000001101000001111111011100101001011111000110111',,,0.2605633802816901
'010010000111001000101100000110000000000000000000011010000000000100001001',,,0.1267605633802817
'111011111000110001000001111111101000011111000001101111100011001001110110',,,0.2112676056338028
'110001110000111110101001111111101000011111011001101111011000000001101010',,,0.2746478873239437
'101101111111110001111011000111111111101111100101101111010101111011110110',,,0.176056338028169
'000000000111001110010100011000010111110000000110010000101110000100001001',,,0.176056338028169
'101000010111110000000001111111111111111111000111100101110111000101110110',,,0.2887323943661972
'101001111011110111111001011001111111111111000101101111111101001011110110',,,0.1619718309859155
'101100111011110001111011011111111111111110100101101111010101111011110110',,,0.1619718309859155
'000100001111001000111110000000000000000000100000011010000000110110001001',,,0.176056338028169
'010100000111001110000110011110010111110000100110010000111110110100001001',,,0.2323943661971831
'011100111100000001011110100000000000000100111000011010100001111010010101',,,0.2535211267605634
'010100100000001000000110000000001000000000100010010000000010110000001001',,,0.18309859154929578
'101101111100000001111011011001111111111111111101101111100101111011110100',,,0.18309859154929578
'000110001000001000111110100000010111100000100100011010100100110110001001',,,0.20422535211267606
'010000000100001000000100000110000000000000000010010000100010000100001001',,,0.09154929577464789
'001100000100000001000110000110010111100000100110010000110111111100010101',,,0.2676056338028169
'101101111111110111111011000111101000001111111001101111011001111010110111',,,0.19014084507042253
'101110111100110001111011111111101000011111111001101111010001111011110110',,,0.1619718309859155
'011010011000000000111100111110000000010011011000011010100001000111010100',,,0.2676056338028169
'010000000111001000000100011000000000010000000010010000000010000100001001',,,0.09154929577464789
'000110001100001110111110000000000000000000111000011010001000110110001001',,,0.20422535211267606
'010011000000001000000100011000010111110000000110010000000110000101001000',,,0.176056338028169
'010000001011001000111100000110010111100000000100011010000100000110001001',,,0.14788732394366197
'110000101000001110111001011001010111110100000100001011100100000011101000',,,0.29577464788732394
'010011001011001000111100100110000000000011011000011010001000000110001001',,,0.19014084507042253
'100110101111000001111111111001111111110100100100001111000101111011100100',,,0.21830985915492956
'101100111100010001111011011001101000011111100001101111000001111011110110',,,0.176056338028169
'111111110000110111000011000001101000001111111011100101111011111000110111',,,0.21830985915492956
'110001110000111110000001111001111111111111011111100101101110000001101010',,,0.2535211267605634
'010100000011001000000110111000000000010000100010010000000010110100001001',,,0.19014084507042253
'010010001000001000111100011110010111110000000100011010000100000111101000',,,0.20422535211267606
'101101111100110111111011100111111111101111100101101111010101111011110110',,,0.16901408450704225
'000010101011101000111000111110011111110100000100001011000100000011101000',,,0.29577464788732394
'111111110000110001000011100001111111101111111111100101000111111001110110',,,0.2112676056338028
'100111111011111111111011100111111111101111111101101111011100111011101010',,,0.16901408450704225
'000010000000001110000100111000000000010000011010010000001010000100001001',,,0.13380281690140844
'111100110100010001000011011111101000011110111011100101010011111001110110',,,0.21830985915492956
'100101111011111111111011000001111111101111111101101111111100111010101011',,,0.2112676056338028
'111111110111110001000011100001111111101111111111100101001111111000110111',,,0.23943661971830985
'000000011000111110111100100110010111101010011100011010011100000110001011',,,0.21830985915492956
'000000000111001000000100100000010111100000000110010000100110000000001001',,,0.13380281690140844
'111111110111110111000011111111111111111111100111100101111111111001110110',,,0.09859154929577464
'110100100000111111000011011111111111111100100110000101010110111001101010',,,0.23943661971830985
'010000000111001000000100011110000000010000011010010000001010000100001001',,,0.1267605633802817
'101101110111110001000011000111111111101111100111100101110111111000110111',,,0.2323943661971831
'100011110011111110000001011001101000011111011011100101001010000101101010',,,0.2605633802816901
'111111110011110111000011111001101000011111111011100101011011111001110110',,,0.15492957746478872
'100001010011111110000001011110101000011011011011100101011010000101101010',,,0.23943661971830985
'111110111111110001111011100111111111101111100101101111110101111110110111',,,0.19718309859154928
'000110001000001000111110000110010111100000100100011010000100110110001001',,,0.18309859154929578
'010110001000001000111110100110010111100000111100011010100100110110001001',,,0.24647887323943662
'000110001000001000111110100110000000000000100000011010100000110110001001',,,0.19718309859154928
'000110001011001110111110100110000000000000100000011010011000110110001001',,,0.20422535211267606
'101110010111110001000011111111111111111100100111100101010111111101110110',,,0.22535211267605634
'110110000111001111000111011111111111110100100110000101011110111101101000',,,0.24647887323943662
'101100100100010001000011111111101000011100100011110101110011111001110110',,,0.22535211267605634
'011101011111000001111110100000000000000011111001111010001001111110010101',,,0.28169014084507044
'000010000000001000000100000000010111100000000110010000100110000100001001',,,0.09859154929577464
'001010000111000000000100011110010111110000000110010000110111000101010100',,,0.28169014084507044
'101100101100000111111011011001101000011100100001111111110001111011110100',,,0.19718309859154928
'011011011111110110111000000000000000001011000001111010111001000110010111',,,0.2535211267605634
'010000001111001110111100111110000000010000000000011010111000000111001000',,,0.2605633802816901
'000100000111001110000110100000000000000000100010010000011010110100001001',,,0.20422535211267606
'101111010111010111000111000111101000001011111011110100111011111100010111',,,0.2535211267605634
'001100000100000001100110100000000000000000100010010000100011111100010101',,,0.22535211267605634
'000101011011011111111110000000000000001011100001001011011000111110101011',,,0.33098591549295775
'010000001100001000111100100110000000000000011000011010000000000110001001',,,0.1267605633802817
'000000000000001110000100111110000000010000011010010000111010000100001001',,,0.16901408450704225
'000000001111001110010100100110010111100000011110010000111110000100001001',,,0.14084507042253522
'111111110111110111000011111001101000011111100011100101011011111001110110',,,0.1619718309859155
'101011111011110111111001111111101000011111000001101111111001001011110110',,,0.16901408450704225
'010010000011001000000100100000000000000000000010010000100010000100001001',,,0.11267605633802817
'001110000100000001000110100110000000000000100010010000010011111100010101',,,0.24647887323943662
'101111111100110001111011011001111111111111100101101111000101111011110110',,,0.14084507042253522
'001001110111000000000100111000000000010111011011110000001011001001010100',,,0.30985915492957744
'111001110111110001000001100111111111101111011111100101111111001001110110',,,0.19014084507042253
'111110111111000001111011011111101000010100100001101111100001111011110100',,,0.19718309859154928
'011010001100000000111100000000000000000000011000011010100001000110010101',,,0.176056338028169
'010000001100001110111100111110010111110000000100011010010100000111001000',,,0.2323943661971831
'000000000100001000000100000000010111100000011110010000100110000100001001',,,0.11267605633802817
'110011111011111110111001011111101000011111011001101111011000000011101010',,,0.24647887323943662
'111111111011110111111011100001111111101111111101101111111101111010110111',,,0.13380281690140844
'000000001000001000111100011000010111110000000100011010000100000110001001',,,0.13380281690140844
'010100100000001111000110000000000000000100111010010000001010111000101001',,,0.24647887323943662
'000010001000001000111100011110000000010000000000011010100000000011001000',,,0.21830985915492956
'101111111100110001010011000111101000001111111011100101010011111000110111',,,0.2605633802816901
'111011110000110111000001011001111111111111000111100101010111001001110110',,,0.24647887323943662
'000110001100001000111110100110000000000000100000011010100000110110001001',,,0.20422535211267606
'101111111100110001111011011111111111111111100101101111010101111011110110',,,0.14084507042253522
'000000001100001110111100000110000000000000011000011010011000000110001001',,,0.15492957746478872
'010001000011111110000100000110010111101001000110010000111110000100001011',,,0.19718309859154928
'111100101100110111111111111111111111111100100100001111110101111011110110',,,0.176056338028169
'100110111011111001111011011111111111111110111101101111001100111011101010',,,0.19718309859154928
'101111111000110111011011011001111111111111111101101101111101111011110110',,,0.09859154929577464
'111111110011110001000011011001101000011111111011100101101011111001110110',,,0.1619718309859155
'000010001000001000111100011110000000010000000000011010000000000111001000',,,0.176056338028169
'000010000100001000000100011110000000010000011010010000100010000100001001',,,0.14084507042253522
'000000000111001110000100111000010111110000000110010000101110000100001001',,,0.16901408450704225
'111101110000110111000011011111111111111111111111100101011111111001110110',,,0.14788732394366197
'011001010100110110000100011110000000011011011011110000111011000100010111',,,0.24647887323943662
'000000001000001110111100011000000000010000011000011010001000000111001000',,,0.20422535211267606
'000110000100001110000110000110000000000000100010010000010010110100001001',,,0.16901408450704225
'111101110000110111000011100001101000001111111011100101111011111001110110',,,0.176056338028169
'010100101011001001111110100000000000000000100000011010000000110010101001',,,0.2323943661971831
'000000001011001000111100011110010111110000011100011010001100000011001000',,,0.22535211267605634
'010011000000001000000100100110010111100001000110010000100110000100001001',,,0.15492957746478872
'011111000100110111000110100110000000001001100011010100010011111100110111',,,0.34507042253521125
'101011110111110111000001011001111111111111000111100101111111001001110110',,,0.20422535211267606
'000000000000001110000100111000000000010000000010010000000010000101001000',,,0.13380281690140844
'000110001011001001111110100110000000000000100000001011000000110010101001',,,0.2535211267605634
'111101110100110001000011000111111111101111111111100101010111111001110110',,,0.20422535211267606
'111100111100000001111011000001111111100110100100101111100101111011110100',,,0.20422535211267606
'111101111011110001111011111111111111111111100101101111110101111011110110',,,0.1056338028169014
'111111111111110001111011100111101000001111111001101111011001111011110110',,,0.13380281690140844
'101101111100110001111011011111111111111111100101101111010101111011110110',,,0.14788732394366197
'111011111111110000111001011001111111111111000101101111100101001011110110',,,0.19718309859154928
'010011010000111110000000000000000000001011011011110000011010000000011011',,,0.23943661971830985
'010010001100001110111100100110000000000000000000011010010000000110001001',,,0.1619718309859155
'111111110111110111000011011001111111111111111111100101111111111001110110',,,0.1056338028169014
'000010001000001000111100000000010111100000000100011010100100000110001001',,,0.14084507042253522
'000010001100001000111100000110010111100000000100011010100100000110001001',,,0.1619718309859155
'101111111000110111111011000111111111101111100101101111110101111010110111',,,0.176056338028169
'111101110100110111000011111111101000011111111011100101111011111001110110',,,0.1267605633802817
'101110110100110111000011111111111111111110100111100101110111111001110110',,,0.16901408450704225
'010100000011001000000110000110010111100000100110010000000110110100001001',,,0.19014084507042253
'011110000100000111000110100000000000000000100010010000010011111100010101',,,0.2323943661971831
'000010000011001110011100111110010111110000011110011000111100000111001000',,,0.2535211267605634
'101110110100110001000011000001101000001111111011100101100011111001110110',,,0.2112676056338028
'111111111000110111111011011001111111111111111101101111111101111011110110',,,0.08450704225352113
'101101110111110001000011000001111111101111111111100101101111111000110111',,,0.23943661971830985
'100001111000111110111001011111111111111111011101101111011100000011101010',,,0.20422535211267606
'010010001000001110111100111110010111110000011100011010111100000110001001',,,0.22535211267605634
'101011111011110001111001011110101000011111011001101111111001001011110110',,,0.19014084507042253
'001000001100000000000100111110000000010000011010010000000011000101010100',,,0.24647887323943662
'101111111000110001111011100001101000001111100001101111100001111011110110',,,0.11971830985915492
'101001111000000111111001111001101000011111011001101011101001001011100100',,,0.2605633802816901
'101111111111110001111011011001111111111111100101101111100101111011110110',,,0.1267605633802817
'010010000111001000010100000110000000000000011000010010101010000100001001',,,0.1619718309859155
'111111110000110001000011100001101000001111111011100101000011111001110110',,,0.20422535211267606
'101001111111110111111001011111111111111111011101101111011101001011110110',,,0.16901408450704225
'010000001100001000111100111110000000010000000000011010000000000111001000',,,0.18309859154929578
'010110000000001000000110011000000000010000111010010000100010110100001001',,,0.20422535211267606
'011001011011111110111000100000000000001011000001111010011001000110011011',,,0.2323943661971831
'100110101011001001111011000001111111100100100100001111000100111011101000',,,0.23943661971830985
'001000101100000000111100111000000000010000000000011010100001000111010100',,,0.23943661971830985
'000000000000001000011100100110010111100000011100011000000110000110001001',,,0.14788732394366197
'001001111111110110111000100110000000001011000001111010111001000010010111',,,0.24647887323943662
'101101110111110001000011000111111111101111111111100101011111111101110110',,,0.19718309859154928
'110111101011111001111011100001111111101101100100001111000100111011101010',,,0.2323943661971831
'010000001000001000111100111000000000010000011000011010100000000110001001',,,0.176056338028169
'000010000100001000000100011110010111110000000110010000100110000100001001',,,0.14788732394366197
'111101011111110111111011000111111111101011111101101111111101111110110111',,,0.15492957746478872
'010010001100001110111100111110000000010000011000011010011000000110001001',,,0.19718309859154928
'111111110011110111000011011001111111111111100111100101111111111001110110',,,0.1267605633802817
'111101110011110111000011100111111111101111100111100101111111111000110111',,,0.18309859154929578
'000010000100001110101100100000010111100000000100011010100100000100001001',,,0.16901408450704225
'000001011000001110111100100000010111100011011100001010101100000010001001',,,0.23943661971830985
'110010100011001000000100011001010111110100000110010000000110000001001000',,,0.19718309859154928
'111001110000110001000001011111101000011111000011100101000011001001110110',,,0.2323943661971831
'110011111011111110111001011001111111111111011101101111101100000011101010',,,0.2535211267605634
'101001110111110001000001011111111111111111011111100101111111001001110110',,,0.18309859154929578
'000100001011001000111110100110000000000000100000011010000000110110001001',,,0.19014084507042253
'000000001111001110111100111110010111110000000100011010011100000110001001',,,0.18309859154929578
'000000000111001110000100111110000000010000011010010000111010000100001001',,,0.1619718309859155
'010000000111001000111100000110010111100000000100011010000100000110001001',,,0.14084507042253522
'000010000000001110000100100000010111100000000110010000000110000100001001',,,0.09154929577464789
'011010000100000000000100000000000000000000011010010000100011000100010101',,,0.1619718309859155
'010011000011001000000100011000010111110001011110010000001110000001001000',,,0.22535211267605634
'000010100000001110000100000000010111100000000110010000000110000000001001',,,0.1056338028169014
'101111110111110001000011111001111111111111100111100101100111111001110110',,,0.1619718309859155
'101111111000110111111011000111101000001111100001101111110001111011110110',,,0.14084507042253522
'111100101111000001011011111001111111110100100110101101100111111011110100',,,0.2112676056338028
'101111111111110111111011000111101000001111100001101111011001111011110110',,,0.15492957746478872
'000010000011001000000100100000000000000000011010010000001010000100001001',,,0.1056338028169014
'111111111100110111111011100111111111101111100101101111110101111010110111',,,0.1619718309859155
'010100001000001000111110000000010111100000111100011010100100110110001001',,,0.2323943661971831
'010010000011001110000100100110010111100000000110010000111110000100001001',,,0.15492957746478872
'111101110111110111000011011001111111111111100111100101011111111001110110',,,0.15492957746478872
'010111111011001001111110000000000000000111111001011010001000111010001001',,,0.3028169014084507
'000010000000001000000100011110000000010000011010010000100010000100001001',,,0.13380281690140844
'010010001000001000111100111000000000010000011000011010000000000110001001',,,0.15492957746478872
'000000000000001000000100111110000000010000000010010000100010000101001000',,,0.1619718309859155
'101101110111110111000011111001101000011111111011100101011011111001110110',,,0.16901408450704225
'000110000000001110000110000110010111100000100110010000010110110000001001',,,0.18309859154929578
'101101110111110001000011111111111111111111100111100101010111111001110110',,,0.18309859154929578
'101110111000110111111011111111101000011110100001101111010001111011110110',,,0.15492957746478872
'101100110111000001000011111001111111111100100111100101000111111001110100',,,0.2605633802816901
'010000000111001110000100000110010111100000000110010000011110000100001001',,,0.1056338028169014
'000000001000001110111100111000000000010000011000011010101000000111001000',,,0.23943661971830985
'010011001011111110111100000110010111100000000100011010111100000110001011',,,0.24647887323943662
'101101111000110111111011011001101000011111111001101111011001111011110110',,,0.14084507042253522
'101100110111110111000011011001111111111100100111100101111111111101100110',,,0.19718309859154928
'110010101000101110111100011001110111110100000100001011000100000011101010',,,0.2676056338028169
'010011011011111110111100000110010111101011011101111010011100000110001011',,,0.20422535211267606
'111101110100110111000011000111101000001111111011100101111011111001110110',,,0.1619718309859155
'010010000111001000000100011000000000010000000010010000100010000101001000',,,0.16901408450704225
'001000001100000000111100011000000000010000000000011010100001000111010100',,,0.22535211267605634
'010010000111001000000100000000000000000000011010010000101010000100001001',,,0.13380281690140844
'101111111000010001111011011001101000011111100001101111100001111011110100',,,0.11267605633802817
'000010000100001000000100111110010111110000011110010000100110000100001001',,,0.16901408450704225
'100001111011111110000001111001111111111111011111100101001100000001101010',,,0.24647887323943662
'101111111011110001111011111111101000011111111001101111011001111011110110',,,0.11267605633802817
'000000101100001000111100000110010111100100000100011010000100000010001001',,,0.15492957746478872
'000010000100001110000100111000000000010000000010010000000010000101001000',,,0.14788732394366197
'111111111011110111111011111001111111111111100101101111011101111011110110',,,0.1056338028169014
'111101111011110001111011000111111111101111100101101111110101111010110111',,,0.18309859154929578
'000000100000001000000100011001000000010100011010010000000010000001001000',,,0.15492957746478872
'101111110111110111000011000111111111101111111111100101111111111000110111',,,0.176056338028169
'100001111011111000111001100001101000001111011001101111001000000011101010',,,0.2605633802816901
'111101111100110111111011000001111111101111111101101111011101111011110110',,,0.14084507042253522
'111001110100110001000001111111101000011111011011100101000011001001110110',,,0.2323943661971831
'110111111011111111111011000001101000001111111001101111011000111010101011',,,0.2535211267605634
'110101110000111111000011000111111111101111111111100101011110111000101011',,,0.23943661971830985
'111100000100110001000011000111111111101100111111110101110111111100010111',,,0.2676056338028169
'101111110111110001000011011111111111111111100111100101010111111001110110',,,0.18309859154929578
'000010001000001000111100000110010111100000011100011010000100000110001001',,,0.14084507042253522
'111111111000110111111011111111111111111111111101101111111101111011110110',,,0.06338028169014084
'101110100100110001001011111111101000011100100000001111010001111011110110',,,0.20422535211267606
'000010001000001110111100000110010111100000000100011010110100000110001001',,,0.18309859154929578
'101100110111110001000011111111111111111110100111100101110111111001110110',,,0.176056338028169
'111111110100110111111011100111101000001111100001101111010001111010110111',,,0.2112676056338028
'101101110011110111000011000111111111101111111111100101011111111000110111',,,0.20422535211267606
'111111110011110111000011000001101000001111100011100101111011111001110110',,,0.176056338028169
'101101010100010111000011000111101000001111111011100101111011111100110111',,,0.2535211267605634
'000010000100001000000100100000010111100000000110010000000110000100001001',,,0.08450704225352113
'011001010111000000000100111000000000010011011011110000001011000101010100',,,0.2605633802816901
'110111110100110111000011011001111111111111111111100101101111111001100110',,,0.14788732394366197
'101111110100110001000011111111101000011111100011100101110011111001110110',,,0.15492957746478872
'110111110011111111000011100001111111101111111111100101111110111000101011',,,0.23943661971830985
'010010000111001000000100011110000000010000011010010000001010000100001001',,,0.13380281690140844
'001001011100110110111000100110000000001011000001111010110001000010010111',,,0.2746478873239437
'101111111100110111111011000111111111101111111101101111111101111010110111',,,0.14788732394366197
'110001110011111110000001100111111111101111011111100101011110000001101010',,,0.22535211267605634
'000001001000001110111100000000010111100011011100011010101100000110001001',,,0.19718309859154928
'010110000011001110000110000110010111100000100110010000111110110100001001',,,0.20422535211267606
'000000000011001110000100111110010111110000000110010000011110000100001001',,,0.13380281690140844
'101111111000110111111011111001101000011111100001101111110001111011110110',,,0.1056338028169014
'100101110000111111000011011001111111111111111111100101001110111001101010',,,0.19718309859154928
'101101111000110111111011011001111111111111111101101111011101111011110110',,,0.11971830985915492
'001110011111000001111110100110000000000011100000111010110001111110010101',,,0.2605633802816901
'010010001111001110111100011110010111110000000100011010011100000111001000',,,0.22535211267605634
'000100000011001001000110100000010111100000100110010000000110110100001001',,,0.18309859154929578
'111100111111110111111011011001101000011111111001101111111001111011110110',,,0.11267605633802817
'101001111111110001111001111001111111111111011101101111101101001011110110',,,0.176056338028169
'101101110100010001000011000111101000001111100011100101010011111001110100',,,0.23943661971830985
'000000000111001110000100111000010111110000000110010000001110000100001001',,,0.14084507042253522
'111101111111110001111011011111111111111111100101101111010101111011110110',,,0.13380281690140844
'000100000011001000000110100000000000000000111010010000001010110100001001',,,0.18309859154929578
'010100000111001000000110000000010111100000100110010000000110110100011001',,,0.19718309859154928
'111111111000110111111011100001101000001111100001101111110001111010110111',,,0.176056338028169
'011001010100110110000100100110000000001011011011110000111011000100010111',,,0.2112676056338028
'010000000000001110000100100110010111100000011110010000111110000100001001',,,0.14788732394366197
'010010001111001000111100000110010111100000000100011010000100000110001001',,,0.14788732394366197
'000000000100001110000100000000000000000000011010010000001010000100001001',,,0.09859154929577464
'111001111111110001111001111111111111111111011101101111111101001011110110',,,0.13380281690140844
'101001011000110000011001011111101000011011000001101101000011000111110110',,,0.2605633802816901
'011101011111000001111110000000000000000011111001111010001001111110010101',,,0.2887323943661972
'110011110011111110000001111111101000011111011011100101011010000001101010',,,0.2535211267605634
'000000001000001110111100000000000000000000011000011010001000000110001001',,,0.13380281690140844
'100100100000001001000111100001111111100100100110010000000110111000001001',,,0.24647887323943662
'101101110011110111000011011001111111111111100111100101111111111001110110',,,0.13380281690140844
'010000001000001000111100100000010111100000000100011010100100000110001001',,,0.15492957746478872
'111111110000110111000011111001101000011111100011100101010011111001110110',,,0.176056338028169
'001110001100000001111110000110000000000000111000011010110001111110010101',,,0.23943661971830985
'000000001011001110111100100000000000000000000000011010101000000110001001',,,0.16901408450704225
'010000101000001110111100100000010111100100000100011010100100000010001001',,,0.19718309859154928
'111111111011110001111011011111111111111111111101101111111101111011110110',,,0.07042253521126761
'001001110000110110000000000110000000001011011011110000111011000000010111',,,0.24647887323943662
'111101110011110111000011100001101000001111111011100101111011111001110110',,,0.1619718309859155
'101001111100110001111001111111111111111111000101101111100101001011110110',,,0.18309859154929578
'010000000011001110000100011110000000010000011010010000111010000101001000',,,0.20422535211267606
'110010011011111110111001011111111111111111000101101111111100000111101010',,,0.28169014084507044
'000010000100001110000100100110010111100000000110010000010110000100001001',,,0.1267605633802817
'000000001000001000111100011000000000010000000000011010000000000110001001',,,0.11267605633802817
'000000001000001000111100100110000000000000011000011010100000000110001001',,,0.14788732394366197
'010010001000001000111100111000010111110000000100011010100100000111001000',,,0.2323943661971831
'101111111100110111111011100001101000001111111001101111111001111011110110',,,0.13380281690140844
'101111110111110001000011000111101000001111100011100101110011111001110110',,,0.19014084507042253
'010100000100001110000110000110010111100000100110010000010110110100001001',,,0.18309859154929578
'111101111111110001111011000111101000001111100001101111010001111010110111',,,0.2112676056338028
'111111111111110001111011111111101000011111111001101111011001111011110110',,,0.1056338028169014
'011000001100000110111100000000000000000000000000011010110001000110010101',,,0.19718309859154928
'101001111111110001111001011001111111111111011101101111101101001011110110',,,0.18309859154929578
'010100000000001110000110100000010111100000100110010000000110110000001001',,,0.19718309859154928
'010001000011111110000100111110000000010000000010010000011010000100001011',,,0.22535211267605634
'010000000100001110000100100000010111100000000110010000000110000100001001',,,0.09154929577464789
'110011111000111110111001000111111111101111011101101111011100000011101010',,,0.23943661971830985
'101011111111110111111001011001111111111111000101111111111101001011110110',,,0.19718309859154928
'101011110100110110000001011001101000011111000011110100010011001001010110',,,0.33098591549295775
'100111111011111111111011011001111111111111111101101111011100111011101010',,,0.14788732394366197
'100000100011101000000100111111010111110100000110000000000110000001001000',,,0.2323943661971831
'000000000111001000000100100000000000000000000010010000100010000100001001',,,0.09859154929577464
'010010000000001110000100011110000000010000011010010000011010000101001000',,,0.19718309859154928
'101001111111110111111001011111111111111111011101101111111101001011110110',,,0.14084507042253522
'101001110000110111000001111111101000011111011011100101011011001001110110',,,0.21830985915492956
'000010000011001000000100000110010111100000011110010000001100000100001001',,,0.1267605633802817
'010000001011001110111100100110000000000000000000011010111000000110001001',,,0.19718309859154928
'101101110000110111000011000111111111101111100111100101110111111001110110',,,0.18309859154929578
'010100001111001000111110100000000000000000111000011010001000110110001001',,,0.21830985915492956
'010100000011001110000110000110010111100000111110010000011110110100001001',,,0.16901408450704225
'000000000111001000000100011110010111110000011110010000101110000100001001',,,0.1619718309859155
'110111110011111111000011011001111111111111100111100101011110111001101010',,,0.19014084507042253
'000000001111001110111100011000010111110000000100011010001100000110001001',,,0.176056338028169
'010010000100001000000100011110010111110000011110010000000110000100001001',,,0.13380281690140844
'010010001000001000111100111000010111110000011100001011000100000111101000',,,0.2605633802816901
'101011111111110001111001011111101000011111011001101111111001001111110110',,,0.19718309859154928
'101101110100110111000011100001101000001111111011100101111011111100110111',,,0.23943661971830985
'010010001011111110111100100000000000000000000000011010101000000110001011',,,0.2112676056338028
'111101111000110001111011100001101000001111100001101111000001111010110111',,,0.19718309859154928
'101001111111110111111001011001101000011111011001101111011001001011110110',,,0.20422535211267606
'010010000000001000000100100000000000000000011010010000100010000100001001',,,0.11267605633802817
'101101111111110001111011100111111111101111111101101111111101111011110110',,,0.1056338028169014
'110100101011001001111010000111010111100100111100001011001100111010101001',,,0.2887323943661972
'010000001011001110111100011000000000010000011000011010001000000110001001',,,0.176056338028169
'101101110011110111000011000111111111101111100111100101111111111001110110',,,0.14788732394366197
'000110001011001000111110000000000000000000111000011010001000110110001001',,,0.19718309859154928
'000000000111001000000100100000000000000000011010010000101010000100001001',,,0.13380281690140844
'111011111111110111111001111111101000011111011001101111111001001111110110',,,0.1619718309859155
'010011001011111110111100000110010111101011000100011010111100000110001011',,,0.2535211267605634
'000110101000001001111110000110010111100100100100011010000100111010001001',,,0.2323943661971831
'000010000000001000000100000110000000000000000010010000100010000100001001',,,0.09154929577464789
'001001000100000000000100000000000000000000000010010000100011000100010101',,,0.176056338028169
'111011111100110111111001011001101000011111011001101111011001001011110110',,,0.2112676056338028
'111111011011111001111111100000111111101011111101001111001100110110110011',,,0.3380281690140845
'100100110000110111000011111111101000011100100011100101010011111001100110',,,0.22535211267605634
'000010000011001110000100000000000000000000011010010000001010000100001001',,,0.09859154929577464
'000010000011101110000100000110010111100000011110010000011110000100001011',,,0.1056338028169014
'010001101000001000111000100110000000000001000000011010000000000010001001',,,0.176056338028169
'110010101000001110111001111001111111110100000100001111000100000011101000',,,0.28169014084507044
'010011000011001000000100000110000000000001011011010000101010000000001001',,,0.19014084507042253
'000000001011101000111100000110010111100000011100011010101100000110001001',,,0.18309859154929578
'010010001000001000111100000110010111100000000100001011000100000110001001',,,0.24647887323943662
'110011111011111000111001111111111111111111011101101111101100000011101010',,,0.2605633802816901
'101101110011110001000011111111111111111111111111100101011111111001110110',,,0.14084507042253522
'000010001100001000111100100110000000000000000000011010000000000110001001',,,0.11971830985915492
'100110101000001001111011111001111111110100111100001111000100111011101000',,,0.21830985915492956
'101111111011110111111011100001111111101111100101101111011101111010110111',,,0.176056338028169
'000010000100001110000100011110010111110000011110010000111110000100001001',,,0.16901408450704225
'101101110111110001000011011001101000011111111011100101001011111001110110',,,0.20422535211267606
'010000100000001110000100011111010111110100000110010000010110000001001000',,,0.21830985915492956
'101111111011110001111011100111101000001111111001101111011001111011110110',,,0.14084507042253522
'000000000011001110000100111000000000010000011010010000101010000101001000',,,0.19718309859154928
'101101111011110001111011011001101000011111100001101111000001111011110110',,,0.14788732394366197
'010110001011001000111110000110010111100000111100011010101100110110001001',,,0.24647887323943662
'000111001011001001111110100110010111100000100100001011000100110110101001',,,0.28169014084507044
'101101110011110111000011000111101000001111100011100101111011111000110111',,,0.2112676056338028
'000110000100001110000110000000010111100000100110010000000110110100001001',,,0.1619718309859155
'101101111100110111111011011001111111111111100101101111110101111011110110',,,0.11971830985915492
'101110110100110111000011111001101000011110100011100101110011111001110110',,,0.176056338028169
'011001110011110110000000000110000000001011000011110000111011000000010111',,,0.24647887323943662
'000100000011001000000110000000010111100000111110010000001110110100001001',,,0.18309859154929578
'011100000100000111000110011000010111110000100110010000110111111100010101',,,0.2676056338028169
'010100000100001000101110100110010111100000111100011010000100110110001001',,,0.21830985915492956
'110110111011111111111011100111111111101111111101101111011100111010101011',,,0.2323943661971831
'000010000100001000000100011000010111110000011110010000000110000101001000',,,0.1619718309859155
'000100001011001110111110100000010111100000111100011010111100110110001001',,,0.2323943661971831
'110111111011111001111011100111111111101111111101101111001100111010101011',,,0.2535211267605634
'111001111111110001111001111111101000011111000001101111000001001011110110',,,0.20422535211267606
'110000100000001000000100011001010111110100011110010000000110000001001000',,,0.19014084507042253
'000000000011001000000100011000010111110000011110010000001110000101001000',,,0.16901408450704225
'000000100000001110000100011110000000010000000010010000010010000000001001',,,0.14788732394366197
'011011010111000000000100011000000000010011000010010000100011000101010100',,,0.24647887323943662
'010010001100001000111100100110010111100000000100011010100100000110001001',,,0.16901408450704225
'011100001100000001111110011000000000010000111000011010100001111110010101',,,0.2323943661971831
'101101110111010001000011111001111111111111100111100101100111111001110110',,,0.18309859154929578
'000000101011001000111100000110010111100000011100011010001100000010001001',,,0.1619718309859155
'011000000100000000000100111000010111110000000110010000100111000101010100',,,0.22535211267605634
'011101010111110001000111000000111111101011111111110101101111111100010111',,,0.2676056338028169
'110010001011101110111001111111111111110100000100111111011100000111101010',,,0.30985915492957744
'000001000100001110000100000000010111100001011110010000001110000100001001',,,0.1267605633802817
'000100000000001000000110100110000000000000111010010000100010110100001001',,,0.19014084507042253
'101011111011110001111001111111101000011111000001101111100001001011110110',,,0.19014084507042253
'001001000100000000000100100000000000000000000010010000100011000100010101',,,0.16901408450704225
'000100001100001110111110000000000000000000100000011010000000110110001001',,,0.176056338028169
'101001011100110110111001011000111111111011000101101111110101000111110110',,,0.23943661971830985
'111101111111110001111011100111101000001111111001101111011001111010110111',,,0.18309859154929578
'001110001100000001010110000110010111100000100110010000110111111100010101',,,0.2746478873239437
'000001000011101110000100111110010111110001011110010000011110000100001011',,,0.15492957746478872
'101101110111110111000011000001101000001111111011100101011011111100110111',,,0.2605633802816901
'010000100011001000000100111110010111110100011110010000001110000001001000',,,0.21830985915492956
'000100001000001110111110100000010111100000111100011010011100110110001001',,,0.21830985915492956
'111101111100110001111011000001111111101111111101101111100101111010110111',,,0.19014084507042253
'111100100100000111000111111111101000010100100010010100010011111101110100',,,0.2676056338028169
'111101110011110111000011100001111111101111111111100101111111111000110111',,,0.18309859154929578
'011001010111110110000101111000101000011011011011110100111011000101010110',,,0.24647887323943662
'101101110100110001000011100001101000001111100011100101000011111001110110',,,0.20422535211267606
'011001010111110000000101111110111111111011011111100101111111000101110110',,,0.22535211267605634
'111100111111110001111011011111111111111110111101101111111101111011110110',,,0.09154929577464789
'110001111000111110111001000001101000001111011001101111001000000011101010',,,0.2676056338028169
'010100000100001110000110000110010111100000111110010000111110110100001001',,,0.20422535211267606
'100011110000111110000001100111111111101111011111100101011110000001101010',,,0.2323943661971831
'101011110111110001000001011001101000011111011011100101101011001001110110',,,0.22535211267605634
'101111111100110001111011011111111111111111111101101111010101111011110110',,,0.14084507042253522
'010010001011001110111100011110000000010000011000011010111000000110001001',,,0.2112676056338028
'110101111011111111111011000111101000001111100001101111011000111010101011',,,0.2605633802816901
'000010001100001000111100000110000000000000000000011010000000000110001001',,,0.11267605633802817
'000000001000101110111100000110010111100000011100011010111100000110001001',,,0.18309859154929578
'010110001011001000111110100110000000000000111000011010001000110110001001',,,0.21830985915492956
'000000000000001110000100000000000000000000000010010000100010000100001001',,,0.08450704225352113
'111110110011110111000011111111101000011111100011100101111011111001110110',,,0.14788732394366197
'010000100011001110000100011110010111110000000110010000111110000001001000',,,0.2323943661971831
'101101111111110001111011000001111111101111111101101111101101111010110111',,,0.19718309859154928
'100110100000011111000011111111111111111100100110000101010110111001101010',,,0.23943661971830985
'011100001100000001111110000000010111100000111100011010100101111110110101',,,0.2746478873239437
'001011010100110110000100000000000000001011011011110000111011000100010111',,,0.2535211267605634
'010000001111001000111100000000010111100000000100011010100100000110001001',,,0.15492957746478872
'100011110000111110000001111111111111111111011111100101111110000001101010',,,0.2323943661971831
'111101111011110111111011100001111111101111100101101111011101111011110110',,,0.14084507042253522
'000110000011001110111110100000010111100000111100011010011100110110001001',,,0.19718309859154928
'101110110111110001000011011111101000011100100011100101110011111001110110',,,0.19014084507042253
'010010001011001110111100100000010111100000011110010000101100000110001001',,,0.20422535211267606
'110011110000111110000001111111111111111111011111100101111110000001101010',,,0.24647887323943662
'111001111000110001111001011001101000011111011001101111000001001011110110',,,0.20422535211267606
'101011111000110111111001000111101000001111011001101111011001001011110110',,,0.2323943661971831
'111101110100010001000011111111101000011111111011100101110011111001110110',,,0.1619718309859155
'101101111000110111111011011001111111111111100101101111110101111011110110',,,0.11267605633802817
'011000000100000000000100011110000000010000011010010000100011000100010101',,,0.19718309859154928
'001101011111000001111110000000000000000011111001111010001001111110010101',,,0.3028169014084507
'010000000100001110000100000110010111100000000110010000010110000100001001',,,0.11267605633802817
'100110000000101110000110100001100000000000111010010000001010110100001011',,,0.21830985915492956
'111101011100110001111011000110101000001011100001101111110001111110110111',,,0.2112676056338028
'100100111011110111111011100111101000001111111001101111111000111010101111',,,0.24647887323943662
'010010001011101000111100100110010111100000011100001011001100000110001001',,,0.2746478873239437
'111101110100110111000011100111111111101111111111100101111111111001110110',,,0.13380281690140844
'101101110100110001000011011111101000011111100011100101010011111001110110',,,0.19718309859154928
'011000001111000000111100011110000000010000000000011010110001000111010100',,,0.2535211267605634
'101111111000110001111011011111111111111111100101101111110101111011110110',,,0.1056338028169014
'010010001111001110111100011110000000010000000000011010011000000110001001',,,0.19014084507042253
'010001001011001110111100000000010111100011000100011010101100000110001001',,,0.2112676056338028
'101111110111110111000011000001111111101111100111100101111111111000110111',,,0.20422535211267606
'000010001111001000111100000000000000000000000000011010000000000110001001',,,0.11267605633802817
'001110001100000001111111011000111111110000111100001111100101111111110100',,,0.22535211267605634
'010010001111001000111100100000010111100000000100011010000100000110001001',,,0.14084507042253522
'100100100000001001000111011111111111110100100110000101000110111001101000',,,0.2323943661971831
'001110000100000111000110000110000000000000100010010000110011111100010101',,,0.23943661971830985
'010000000000001000000100011110010111110000000110010000100110000101001000',,,0.19014084507042253
'111001111100110111111001011001111111111111011101101111011101001011110110',,,0.18309859154929578
'101101110011110001000011000001101000001111100011100101100011111000110111',,,0.2323943661971831
'010100001000001110111110100000000000000000111000011010001000110110001001',,,0.22535211267605634
'010010000111101110000100000110010111100000011110010000111110000100001011',,,0.14084507042253522
'100011111000111110111001111111111111111111011101101111011100000011111010',,,0.20422535211267606
'101011111000110001111001111001111111111111011101101111100101001011110110',,,0.18309859154929578
'101101111100110111111011011111101000011111111001101111111001111011110110',,,0.1056338028169014
'111101111111110111111011111111111111111111111101101111111101111011110110',,,0.04929577464788732
'101011111011110001111001111111101000011111011001101111011001001011110110',,,0.19718309859154928
'010010001011001000111100111110010111110000011100011010101100000110001001',,,0.22535211267605634
'000010001000001000100100000000000000000000000000010010000000000100001001',,,0.08450704225352113
'010010001011001000111100011000010111110000000100011010100100000110001001',,,0.19718309859154928
'111101110111110001100011111001101000011111100001100111000001111001110110',,,0.18309859154929578
'101111111100110111111011000001101000001111111001101111011001111011110110',,,0.16901408450704225
'101101110011110111000011000001101000001111100011100101111011111000110111',,,0.22535211267605634
'101101110000110111000011111001101000011111100011100101010011111001110110',,,0.18309859154929578
'111111111100110111111011111001101000011111100001101111110001111011110110',,,0.09859154929577464
'000000001011001000000100000110000000000000011010010000001010000100001001',,,0.1056338028169014
'000000001111001000111100100110010111100000011100011010001100000110001001',,,0.15492957746478872
'111101110000110001000011100111101000001111111011100101110011111001110110',,,0.18309859154929578
'000010100000001000000100011110010111110000000110010000000110000001001000',,,0.176056338028169
'101101111111110111111011100111111111101111111101101111011101111011110110',,,0.11971830985915492
'010000001000001000111100111000000000010000000000011010000000000111001000',,,0.176056338028169
'101101110111110111000011011001111111111111111111100101111111111001110110',,,0.1267605633802817
'100011111011111110111001100111111111101111011101101111011100000011101010',,,0.21830985915492956
'010010000111001110000100100000010111100000000110010000001110000100001001',,,0.11971830985915492
'010110000011001110000110000000000000100000111010010000011010110100001001',,,0.19718309859154928
'010010000011001000000100111110010111110000000110010000100110000101001000',,,0.21830985915492956
'001110100011000001000110000000000000000000100010010000000011111000010101',,,0.2535211267605634
'111101010111110111000011011111101000011111111011100101111011111101110110',,,0.14084507042253522
'000000000011001000000100100110000000000000000010010000100010000100001001',,,0.1056338028169014
'111111011111110111111011100110101000001011111001101111111001111110110111',,,0.1619718309859155
'101101110000110111000011000001101000001111100011100101010011111001110110',,,0.21830985915492956
'100100101000111111111011011111111111111100100100001111010100111011101010',,,0.2112676056338028
'000010000000001110000100100000010111100000000110010000110110000100001001',,,0.14788732394366197
'001000000100000110000100000110000000000000000010010000110011000100010101',,,0.19718309859154928
'010001000011001110000100011000000000010011000011010000001010000001001000',,,0.2323943661971831
'001000111111000000111100011000000000010100011001111010101001001011010100',,,0.3028169014084507
'111111110111010001000011000001111111101111100111100101000111111001110100',,,0.22535211267605634
'111110101100000001111111111001111111110100111100001111100101111111110100',,,0.20422535211267606
'111001111011110001111001100001101000001111011001101111101001001011110110',,,0.20422535211267606
'011110001100000001111110000110010111100000111100011010110101111110010101',,,0.24647887323943662
'010000000011001000101100000000000000000000000000011010100000000110001001',,,0.14084507042253522
'001111011100010111111010000110100000001011100001111111110001111010110111',,,0.29577464788732394
'101111110111110111000011000111101000001111100011100101111011111001110110',,,0.16901408450704225
'111111110011110111000011000001111111101111100111100101011111111001110110',,,0.18309859154929578
'000010101000001110111000111111001000010100011000011010011000000011001000',,,0.29577464788732394
'111110000100110111000011100001111111101100100111100101110111111100110111',,,0.2535211267605634
'110111111000111111111011100111111111101111111101101111011100111011101010',,,0.19718309859154928
'111111110000110111000011100111101000001111100011100101010011111000110111',,,0.24647887323943662
'000110000000001000000110100110010111100000100110010000000110110100001001',,,0.1619718309859155
'111111111000110111111011111111101000011111100001101111110001111011110110',,,0.1056338028169014
'000100001011001000111110111110000000010000100000011010100000110110001001',,,0.24647887323943662
'000011000000111110000100000110010111101001011110010000111110000100001011',,,0.19014084507042253
'111111010111110111000011100001101000001111111011110101011011111100110111',,,0.2605633802816901
'111111110111110111000011000001111111101111111111100101111111111001110110',,,0.13380281690140844
'010011000011001000000100100110000000000011011010010000101010000100001001',,,0.176056338028169
'000100000000001001000110100110010111100000111110010000000110110100001001',,,0.19718309859154928
'110101111011111111111011111111111111111111111101101111011100111011101010',,,0.1619718309859155
'100101110011001001000110100001010111100111111111010000001110111000001001',,,0.28169014084507044
'111110111100110001111011011111111111111110100101101111110101111011110110',,,0.11971830985915492
'010000001100001000111100111000000000010000011000011010000000000110001001',,,0.14084507042253522
'000000000100001000000100111000000000010000000010010000000010000100001001',,,0.08450704225352113
'000011010100111110000100100000000000000011011011110000101010000100001011',,,0.2112676056338028
'111101110100110111000011111001111111111111100111100101010111111001110110',,,0.16901408450704225
'101111110011110001000011011111111111111111100111100101010111111001110110',,,0.176056338028169
'010000000111001000000100000000010111100000000110010000100110000100001001',,,0.11267605633802817
'101101111111110111111011000001101000001111100001101111011001111110110111',,,0.2323943661971831
'111100111000110001111011100111101000001111111001101111010001111011110110',,,0.19014084507042253
'001000001111000000111100111110010111110000000100011010110101000111010100',,,0.28169014084507044
'100101111011111111111011100001111111101111111101101111111100111010101011',,,0.21830985915492956
'000100000100001110000110100000010111100000100110010000000110110100001001',,,0.176056338028169
'010010001011001110111100011110000000010000000000011010011000000110001001',,,0.19718309859154928
'000110001000001000111110000110000000000000100000011010000000110110001001',,,0.1619718309859155
'001100001100000001111110100110010111100000100100011010110101111110010101',,,0.2605633802816901
'000110001111001110111110000000010111100000100100011010011100110110001001',,,0.2112676056338028
'111101111111110111111011011001101000011111100001101111111011111011110110',,,0.1267605633802817
'110111111011111001111011100111111111101111111101101111001100111011101010',,,0.22535211267605634
'110110111000111111111011011001111111111100111101101111001100111011101010',,,0.21830985915492956
'010100000111001000000110100000000000000000100010010000000010110100001001',,,0.15492957746478872
'000010001100001000111100111110010111110000011100011010100100000110001001',,,0.2112676056338028
'111101011100110111111011000001101000001011111001101111011001111110010111',,,0.22535211267605634
'111001111011110111111001100001111111101111011101101111011101001011110110',,,0.19718309859154928
'100100100000001111000110000111000000000100100010010000010010111000001001',,,0.2323943661971831
'010000001011001000111100111110010111110000011100011010001100000111001000',,,0.2323943661971831
'000010000100001110000100011000010111110000011110010000001110000100001001',,,0.14084507042253522
'110001100000101000000101100111010111100100000110000000000110000000001000',,,0.22535211267605634
'101101111011110001111011100001111111101111111101101111101101111010110111',,,0.18309859154929578
'001001001100000000111100000110000000000011000000011010100001000110010101',,,0.2112676056338028
'111011110111110001000001111111101000011111000011100101100011001001110110',,,0.2112676056338028
'101100110100000001100011111001101000010100100000101111100001111001110100',,,0.22535211267605634
'010000001000001000111100111000010111110000011100011010100100000110001001',,,0.19718309859154928
'101111111111110001111011011111101000011111100001101111010001111011110110',,,0.14788732394366197
'101111110011110001000011011001101000011111100011100101100011111001110110',,,0.15492957746478872
'111101111111110001111011100111111111101111111101101111111101111011110110',,,0.09154929577464789
'111101110111110111000011100001101000001111100011100101111011111001110110',,,0.16901408450704225
'010010001111001000111100011000010111110000000100011010100100000110001001',,,0.19014084507042253
'111111110000110001000011100001111111101111111111100101100111111001110110',,,0.18309859154929578
'010010001100001110111100000110000000000000000000011010110000000110001001',,,0.18309859154929578
'010000001000001000110100000110000000000000000010010010000010000100001001',,,0.09859154929577464
'011000000100000000000100111000000000010000011010010000100011000100010101',,,0.176056338028169
'010000000111001110000100000110000000000000011010010000111010000100001001',,,0.1267605633802817
'101101110100110111000011000111111111101111111111100101011111111001110110',,,0.18309859154929578
'101111111011110001011011111111111111111111111101101101011101111011110110',,,0.1056338028169014
'111111111100110111111011100001101000001111111001101111011001111010110111',,,0.19014084507042253
'100111011011111111111011000111101000001111100001101111011000110110101011',,,0.2676056338028169
'000010000011001110000100000110010111100000011110010000011110000000001001',,,0.1056338028169014
'101001111000110001111001000001111111101111000101101111100101001011110110',,,0.19718309859154928
'110010100000001000000001000001111111100100000110000101000110000001101000',,,0.2746478873239437
'010100000100001110000110011000000000010000100010010000000010110100001001',,,0.176056338028169
'100011000000111110000101011001111111111011011110000101101110000101101010',,,0.2746478873239437
'000000000000101110000100100110000000000000011010010000011010000100001011',,,0.1267605633802817
'101001111000110001111001011001101000011111000001101111100001001011110110',,,0.1619718309859155
'101001111000110111111001000001111111101111000101101111110101001011110110',,,0.2112676056338028
'010000000000001110000100111000000000010000011010010000001010000101001000',,,0.18309859154929578
'110001110011111110000001011111101000011111011011100101011010000001101010',,,0.23943661971830985
'101100110111110001000011111111111111111111100111100101110111111001110110',,,0.176056338028169
'111111111000110111111011100111111111101111111101101111011101111010110111',,,0.1619718309859155
'000110000100001000000110100110010111100000111110010000100110110100001001',,,0.2112676056338028
'000000000111101000000100111110000000010000011010010000001010000100001001',,,0.14788732394366197
'101011010100010110000001011000111111111011011111100101111111000101110110',,,0.2676056338028169
'110001110011111110000001011111111111111111011111100101111110000001101010',,,0.21830985915492956
'000010000000001000000100111110010111110000011110010000100110000100001001',,,0.1619718309859155
'101001111100110111111001011111101000011111011001101111111001001011110110',,,0.176056338028169
'001011001111000000111100011110000000011000000000001010110001000011010100',,,0.33098591549295775
'101001111111110111111001100001111111101111000101101111111101001011110110',,,0.19014084507042253
'000000001000111110111100000110010111100000011100011010111100000110001011',,,0.20422535211267606
'000110000000001000000110100110010111100000111110010000100110110100001001',,,0.20422535211267606
'000000000111001000000100000000000000000000000010010000100010000100001001',,,0.09154929577464789
'101111111111110111111011100001101000001111111001101111111001111010110111',,,0.1619718309859155
'111111110011110111000011011001101000011111111011100101111011111001110110',,,0.13380281690140844
'111111110000110001000011011111101000011111100011100101110011111001110110',,,0.15492957746478872
'111111010111110111000011000110101000001011111011100101011011111100010111',,,0.2323943661971831
'110110101000001001111011011111111111110100100100001111000100111011101000',,,0.22535211267605634
'110001110011111110000001000111111111101111000111100101011110000001101010',,,0.2323943661971831
'111111111100110001111011100111101000001111111001101111110001111011110110',,,0.1267605633802817
'101101110011110111000011011001101000011111100011100101011011111001110110',,,0.18309859154929578
'110011111000111110111001100111101000001111011001101111011000000011101010',,,0.28169014084507044
'101111111011110111111011011111111111111111111101101111011101111011110110',,,0.08450704225352113
'111101111011110111111011000001111111101111111101101111111101111010110111',,,0.14788732394366197
'010010000000001110000100100110000000000000000010010000110010000100001001',,,0.15492957746478872
'111111111000110001111011100111111111101111111101101111110101111010110111',,,0.16901408450704225
'111101111100110111111011000001111111101111100101101111110101111010110111',,,0.176056338028169
'000000001111001000111100111000010111110000000100011010100100000111001000',,,0.2323943661971831
'101111110000110111000011100111101000001111111011100101111011111000110111',,,0.19718309859154928
'111110110000110111000011000111101000001111100011100101110011111000110111',,,0.24647887323943662
'001100000100000001000110100000000000000000100010010000000011111100010101',,,0.22535211267605634
'101101111100110111111011000111101000001111100001101111110001111010110111',,,0.19718309859154928
'000011001011001000111100011000000000010001011000011010001000000111001000',,,0.2323943661971831
'000100000111001110000110111000010111110000100110010000111110110100001001',,,0.2535211267605634
'000110000000001000000110111000010111110000111110010000000110110100001001',,,0.19014084507042253
'111101111111110001111011000001111111101111111101101111101101111010110111',,,0.18309859154929578
'111001110100110111000001011001101000011111011011100101111011001001110110',,,0.20422535211267606
'011010001100000110111100111000010111110000000100011010110101000111010100',,,0.2746478873239437
'111001111100110001111001100111111111101111011101101111100101001011110110',,,0.2112676056338028
'000010001000001000111100011110000000010000011000011010100000000110001001',,,0.176056338028169
'010010001011001110111100111000010111110000011100001010001100000111101000',,,0.2535211267605634
'110011110000111110000001100001111111101111011111100101001110000001101010',,,0.2605633802816901
'111111111000110001000011100111111111101111111111100101010111111000110111',,,0.23943661971830985
'000000001000001110111100100000010111100000011100001010101100000110001001',,,0.19718309859154928
'111101110100110111000011100111101000001111100011100101010011111001110110',,,0.20422535211267606
'000010001111001110111100100000010111100000011100011010101100000110001001',,,0.19014084507042253
'000010001111001110111100111110010111110000000100011010111100000110001001',,,0.21830985915492956
'110110100000001001000111011001111111110100100110000101000110111001101000',,,0.22535211267605634
'010010001000001110111100100110010111100000000100011010010100000110001001',,,0.176056338028169
'000000001100001000111100100000010111100000000100011010100100000110001001',,,0.14788732394366197
'111101111100110111111011100001111111101111111101101111011101111010110111',,,0.176056338028169
'111001110100110111000001111001111111111111011111100101111111001101110110',,,0.19014084507042253
'000010000000001110000100100000010111100000000110010000100110000100001001',,,0.11971830985915492
'111101111011110111111011111001101000011111111001101111011001111011110110',,,0.11971830985915492
'001000000100000000000100100000000000000000011010010000100011000000010101',,,0.176056338028169
'101101111111110001000011000001111111101111111111100101101111111001110110',,,0.19718309859154928
'010100001100001110111110000000000000000000100000011010000000110110001001',,,0.176056338028169
'100011111011111110111001011111111111111111011101101111111100000011101010',,,0.2112676056338028
'101111111111110001111011000111111111101111111101101111111101111010110111',,,0.14788732394366197
'111111111000110001111011011001111111111111100101101111000101111011110110',,,0.13380281690140844
'010010001000001110111100000110010111100000011100011010111100000110001001',,,0.19014084507042253
'011001010111110110000100011110000000011011000011110000111011000100010111',,,0.24647887323943662
'110111111011111111111011000111111111101111111101101111111100111010101011',,,0.20422535211267606
'111110111111110001111011011001111111111111100101101111100101111011110110',,,0.13380281690140844
'011001110100000000000100000110000000000011011011010000100011000000010101',,,0.2323943661971831
'011011000100000000000100011110010111110000011110010000100111000101010100',,,0.2887323943661972
'010100000011001110000110100110010111100000100110010000111110110100001001',,,0.21830985915492956
'000100001000101001111010100000011111100000111100001011100100110110101011',,,0.33098591549295775
'101101110011110111000011000111111111101111111111100101111111111001110110',,,0.13380281690140844
'010000100000001000000100100110000000000000000010010000100010000000001001',,,0.1267605633802817
'000000001011001110111100000110010111100000000100011010011100000110001001',,,0.14084507042253522
'111100111100110001010011100111101000001111100011100101110011111000110111',,,0.23943661971830985
'101001110000110001000001111111101000011111000011100101000011001001110110',,,0.22535211267605634
'001100001100000001111110000000000000000000100000011010100001111110010101',,,0.21830985915492956
'101100010100110111000011111111101000011100100011100101010011111101110110',,,0.23943661971830985
'111101111011110111111011011001111111111111111101101111111101111011110110',,,0.07746478873239436
'100111111011110111111011011111101000011111111001101111011000111011101110',,,0.16901408450704225
'111011110100110110000001011111101000011111011011100101111011000001110110',,,0.2323943661971831
'000110000000001001000111100110010111100000100110010000100110111000001001',,,0.24647887323943662
'101110110100000001000011011001101000010111100010100101000011111001100100',,,0.21830985915492956
'111111111000110111111011011001111111111111100101101111110101111011110110',,,0.1056338028169014
'000010000011001000000100100000000000000000011010010000101010000100001001',,,0.13380281690140844
'010111111011001001111011000001010111100111111101101011001100111110101001',,,0.323943661971831
'000010001100001110111100100110010111100000011100011010111100000110001001',,,0.19014084507042253
'100111111000111111111011100001111111101111111101101111001100111011101010',,,0.2112676056338028
'101111110011110001000011100111111111101111100111100101110111111000110111',,,0.2112676056338028
'010000000000001000000100100110000000000000000010010000000010000000001001',,,0.09154929577464789
'101111110111110111000011111001101000011111100011100101011011111001110110',,,0.176056338028169
'010000000100001000000100000000010111100000000110010000000110000100001001',,,0.07042253521126761
'101101111011110111111011111001111111111111111101101111111101111011110110',,,0.07042253521126761
'101100011100010111111011011001101000011010100001101111010001111111110100',,,0.21830985915492956
'111111011100110001111011100000111111101011111101101111100101111110110111',,,0.20422535211267606
'000010001011001110011100011110000000010000011010010000111010000110001001',,,0.19718309859154928
'110001011011111110111001111110101000011011000001101111011000000111101010',,,0.2746478873239437
'000100000111001110000110011000000000010000100010010000111010110100001001',,,0.2535211267605634
'101101110111010001000011011001101000011111100011100101000011111001110100',,,0.2112676056338028
'011001011111110110111001111000101000011011000001101111111001000111110110',,,0.21830985915492956
'101101110111110001000011111001111111111111100101100111100111111001110110',,,0.18309859154929578
'000000001100001000111100100110010111100000000100011010100100000110001001',,,0.1619718309859155
'010000001000001000111100100110000000000000000000011010100000000110001001',,,0.14788732394366197
'111111110111110001000011011111101000011111111011100101111011111001110110',,,0.1267605633802817
'000010000111001110000100000000010111100000011110010000101110000100001001',,,0.14084507042253522
'101101110100110001000011111111111111111111100111100101010111111001110110',,,0.18309859154929578
'101111110011110001000011011111101000011111111011100101111011111001110110',,,0.13380281690140844
'000100000000001000000110000110000000000000100010010000000010110100001001',,,0.14084507042253522
'010000000011001110000100000000010111100000000110010000101110000100001001',,,0.14084507042253522
'000110001011001000111110000110010111100000111100011010001100110110001001',,,0.20422535211267606
'000000001000001110111100011110000000010000011000011010011000000110001001',,,0.176056338028169
'101101111100010001111011111111101000011111100001101111010001111011110100',,,0.1619718309859155
'010010000000101000000100100000010111100000011110010000100110000100001001',,,0.14788732394366197
'011110001100000111111110000000010111100000100100011010110101111110010101',,,0.24647887323943662
'010100001100001110111110000110010111100000100100011010110100110110001001',,,0.23943661971830985
'110011110011111110000001111111111111111111000111100101111110000001101010',,,0.24647887323943662
'111111110111110111000011100111101000001111100011100101011011111001110110',,,0.176056338028169
'000100000100001000000110011000000000010000100010010000000010110100001001',,,0.1619718309859155
'101001111100110001111001111111111111111111011101101111100101001011110110',,,0.19718309859154928
'111111110000110001000011111001101000011111100011100101000011111001110110',,,0.1619718309859155
'101101111100110001111011100001111111101111100101101111100111111011110110',,,0.1619718309859155
'010010100011001110000100011110000000010100011010010000011010000001001000',,,0.2112676056338028
'111111110100110111000011100111111111101111111111100101011111111001110110',,,0.15492957746478872
'110101111011111001111011100001111111101111111101101111001100111011101010',,,0.2323943661971831
'000010101000001000111100000111000000000100011000011010100000000010001001',,,0.176056338028169
'000010000111001110000100000000010111100000000110010000101110000100001001',,,0.14084507042253522
'010000001000001000010100011000010111110000011110010000100110000101001000',,,0.20422535211267606
'010001001000111110111100000110010111101001011100011010111100000110001011',,,0.23943661971830985
'000000101000001110111100111000010111110100000100011010000100000011001000',,,0.22535211267605634
'101101110011110001000011111001101000011111100011100101000011111001110110',,,0.18309859154929578
'101001110111110111000001111001101000011111011011100101111011001001110110',,,0.19718309859154928
'010110000011001110000110000110010111100000111110010000111110110100001001',,,0.19014084507042253
'000110000000001110000110100000010111100000100110010000000110110100001001',,,0.1619718309859155
'011010001100000000111100011110000000010000011000011010100001000110010101',,,0.21830985915492956
'101100100111000001000011111001101000010100100010010100100011111101110100',,,0.2676056338028169
'001110001100000001111110011000000000010000100000011010100001111110010101',,,0.22535211267605634
'001011010111000000000100011110000000010011000010010000110011000101010100',,,0.2887323943661972
'000011010111111110000100100110010111101011000111010000111110000100001011',,,0.2112676056338028
'101101111000110111111011011111101000011111111001101111111001111011110110',,,0.09859154929577464
'010010000100001110000100111000010111110000000110010000000110000100001001',,,0.1267605633802817
'111101111111110001111011000001111111101111100101101111000101111011110110',,,0.176056338028169
'010000001000001110111100011110010111110000011100011010011100000111001000',,,0.22535211267605634
'000010100000001000000100111110000000010000000010010000000010000001001000',,,0.1619718309859155
'111101110111110111000011100001101000001111111011100101011011111000110111',,,0.22535211267605634
'111101111100000111111011011001101000011111111001101111111001111011110100',,,0.14084507042253522
'010010001000001000111100100000010111100000011100011010000100000110001001',,,0.14788732394366197
'101111111000110111111011000111111111101111111101101111111101111010110111',,,0.14084507042253522
'111101111100110001111011011001101000011111111001101111000001111011110110',,,0.14084507042253522
'111001111111110111111001111111111111111111011101101111111101001011110110',,,0.11971830985915492
'000001000111001000000100100110000000000001011010010000001010000100001001',,,0.1267605633802817
'011000001100000000111100111110010111110000000100011010100101000111010100',,,0.2535211267605634
'101101111000110111111011111001111111111111100101101111110101111011110110',,,0.1056338028169014
'111111110000110001000011000001101000001111100011100101100011111001110110',,,0.16901408450704225
'111111111000110111111011111001111111111111111101101111011101111011110110',,,0.1056338028169014
'111111111111110111111011100001101000001111100001101111011001111011110110',,,0.14788732394366197
'011000000111000000000100011110010111110000000110010000110111000101010100',,,0.2605633802816901
'101101110100110111000011111001101000011111111011100101011011111001110110',,,0.18309859154929578
'110110001100111111111111011001111111110100111100001111001100111111101010',,,0.2535211267605634
'010000001111101110110100100000000000000000000010010010001010000100001001',,,0.14788732394366197
'111111110000110111101011111111111111111111111111101111111101111001110110',,,0.09154929577464789
'101101110111000001000011111111111111111111100111100101110111111001110100',,,0.19014084507042253
'101101110100110001000011100001101000001111111011100101100011111000110111',,,0.2323943661971831
'010000000011001000000100000110010111100000011110010000001110000100001001',,,0.11267605633802817
'100000100011111000000001000111111111100100000110010100000110000001101010',,,0.2535211267605634
'101001110000110111000001000111111111101111011111100101111111001001110110',,,0.20422535211267606
'100111101000111001111011111111111111111101111100001111000100111011101010',,,0.20422535211267606
'111101111111110001111011111111111111111111100101101111110101111011110110',,,0.09859154929577464
'011011010100000110000100111000000000010011011011110000001011000101010100',,,0.2676056338028169
'111001111000110001111001011111101000011111011001101111100001001011110110',,,0.19014084507042253
'010111111011001000111110000111000000001111111001101011001000111010001001',,,0.34507042253521125
'101101111111110111111011011111101000011111100001101111011001111011110110',,,0.13380281690140844
'000010000000001000000100111110010111110000000110010000000110000101001000',,,0.1619718309859155
'101101111000110001111011111111111111111111111101101111010101111011110110',,,0.13380281690140844
'101101111100010001111011011001101000011111100001101111100001111011110110',,,0.1267605633802817
'101111111111110001111011100111111111101111100101101111010101111011110110',,,0.1619718309859155
'101101110100110111000011100111101000001111100011100101010011111000110111',,,0.2605633802816901
'110011110011111000000001011001101000011111011011100101001010000001101010',,,0.2605633802816901
'100101111011111111111011000001101000001111100001101111011000111010101011',,,0.2605633802816901
'010001000011101110000100100110010111100001000110010000011110000100001011',,,0.15492957746478872
'101111110111110001000011100111101000001111100011100101010011111000110111',,,0.2535211267605634
'000010001100001000111100100110010111100000000100011010000100000110001001',,,0.14084507042253522
'111001111000110111111001011111111111111111000101101111110101001011110110',,,0.18309859154929578
'111011110111110000000101111111101000011111011011110100011011001101010110',,,0.3028169014084507
'111111110111110001000011111001101000011111111011100101101011111001110110',,,0.14788732394366197
'101011110011110001000001011001101000011111011011100101101011001001110110',,,0.21830985915492956
'101111110111110111000011100111111111101111100111100101111111111001110110',,,0.14084507042253522
'010010000011101110000100100000000000000000011010010000001010000100001001',,,0.13380281690140844
'101110111100110111111011111001111111111110100101101111110101111011110110',,,0.1267605633802817
'000000000100001000000100111110010111110000011110010000100110000101001000',,,0.20422535211267606
'101111110000110111000011011001111111111111111111100101011111111001110110',,,0.15492957746478872
'011010001100000000111100111110010111110000000100011010100101000111010100',,,0.2605633802816901
'110010001011001110111100011111001000010000011000011010011000000111001000',,,0.2746478873239437
'000011000000001110000100000000010111100001011110010000101110000100001001',,,0.15492957746478872
'000000000100001000000100111000000000010000011010010000000010000101001000',,,0.14084507042253522
'101111111100110001111011100001101000001111100001101111100001111011110110',,,0.1267605633802817
'100011111011111110111001000111111111101111011101101111011100000011101010',,,0.2112676056338028
'111111010111110001000011011111101000011011111011110100011011111000010111',,,0.30985915492957744
'100011111011111110111001011001111111111111011101101111001100000011101010',,,0.22535211267605634
'001100000111000001000110100110000000000000100010010000010011111100010101',,,0.2535211267605634
'101111010111110111000111100000101000001011100011110100111011111100010111',,,0.2746478873239437
'111011111111110111111001111001101000011111000001101111111001001011110110',,,0.176056338028169
'111111111011110001011011011111111111111111100101101101110101111011110110',,,0.11971830985915492
'010010001100001110111100100000010111100000000100011010100100000110001001',,,0.16901408450704225
'011100100100000001000010011000000000010100111010010000100011111100010101',,,0.2746478873239437
'010000000111101110000100111000010111110000000110010000001110000100001001',,,0.15492957746478872
'001100001100000001111110000000010111100000100100011010100101111110010101',,,0.2535211267605634
'000010001100001000111100111000010111110000000100011010100100000110001001',,,0.18309859154929578
'010010001000001000111100000000000000000000011000011010000000000110001001',,,0.11971830985915492
'100000101000101000111001100111101000000100011010010010000000000010101011',,,0.24647887323943662
'111101110011110111000011111111111111111111100111100101011111111001110110',,,0.14084507042253522
'101111111000110001111011100001101000001111111001101111100001111010110111',,,0.176056338028169
'010010000000001000000100011110000000010000000010010000000010000101001000',,,0.14788732394366197
'110110000000001111000111011001111111110000100110000101000110111101101000',,,0.2535211267605634
'111011111100110001111001011111101000011111011001101111100001001011110110',,,0.19014084507042253
'111100110100100001101011111001111111110110100101101111000101111011110110',,,0.19718309859154928
'001100001100000001111110100000000000000000100000011010100001111110010101',,,0.2112676056338028
'010010001011001000111100011000000000010000000000011010100000000110001001',,,0.176056338028169
'111111011111110111111011100110101000001011111001101111011001111110110111',,,0.19014084507042253
'111101111111110111010011011111101000011111111011100101111011111001110110',,,0.11971830985915492
'000000001000001000111100100000010111100000011100011010100100000110001001',,,0.15492957746478872
'010110001100001110111110100110000000000000100000011010010000110110001001',,,0.20422535211267606
'011100000111100001000110100110000000000000100010010000110011111100010101',,,0.23943661971830985
'101111111011110111111011111001101000011111100001101111011001111011110110',,,0.1267605633802817
'010000000111001000000100011110010111110000000110010000100110000101001000',,,0.19718309859154928
'000110000100001110000110100000010111100000111110010000111110110100001001',,,0.21830985915492956
'000100100000001001000110000110000000000100100010010000000010111000001001',,,0.19014084507042253
'101101111011110111111011011111101000011111111001101111111001111011110110',,,0.08450704225352113
'010100000000001111000110011000000000010000111010010000001010111100001001',,,0.23943661971830985
'010010000011001000000100111000000000010000000010010000100010000101001000',,,0.18309859154929578
'000000100000001000000100011000000000010100011010010000000010000001001000',,,0.15492957746478872
'000010000000001000000100111000010111110000011110010000100110000101001000',,,0.19014084507042253
'101111110111110001000111111111101000011111111011100101111011111001110111',,,0.19718309859154928
'011011000111000000000100000000000000000001000010010000100011000000010101',,,0.19718309859154928
'011001010111000000000100011000000000010011011011110000101011000101010100',,,0.2676056338028169
'010001000111001110000100000000010111100001000110010000101110000100001001',,,0.15492957746478872
'111101110011110001000011011001101000011111111011100101001011111001110110',,,0.19718309859154928
'111110100100000001000011111001111111110100111110100101100111111001110100',,,0.22535211267605634
'010110000000001000000110100110000000000000111010010000000010110100001001',,,0.16901408450704225
'101111111100110001111011000111101000001111111001101111110001111010110111',,,0.19014084507042253
'000010001000001000111100111110010111110000011100011010000100000111001000',,,0.21830985915492956
'111110101100110001111011011111111111111100111101101111100101111011100110',,,0.14084507042253522
'100010010000111110000001011110101000011010011011110100011010000101001010',,,0.28169014084507044
'101001111100110111111001111001101000011111000001101111110001001011110110',,,0.19014084507042253
'111111111100010001111011111001101000011111100001101111100001111011110100',,,0.09859154929577464
'000010000000001000000100011000000000010000000010010000000010000100001001',,,0.07746478873239436
'001011010111110000000100000110000000001011011011110000111011000100010111',,,0.23943661971830985
'010100000111001000000110000000010111100000100110010000100110110100001001',,,0.19718309859154928
'000010001111001110111100100110010111100000000110010000111100000110001001',,,0.19718309859154928
'000000001111001000111100111000010111110000011110010000101100000111001000',,,0.2605633802816901
'000010001111001000111100100110010111100000000100011010100100000110001001',,,0.18309859154929578
'010010001111001110111100011000000000010000011000011010101000000110001001',,,0.20422535211267606
'000000001100001110111100100000000000000000011000011010001000000110001001',,,0.14788732394366197
'010010001100001110111100000110010111100000011100011010111100000110001001',,,0.18309859154929578
'111001110011110001000001011111111111111111000111100101110111001001110110',,,0.2112676056338028
'101111111000010001111011011001111111111111111101101111100101111011110100',,,0.13380281690140844
'111101110111110001000011111001111111111111100111100101100111111001110110',,,0.15492957746478872
'110001111011111110111001100111111111101111011101101111011100000011101010',,,0.22535211267605634
'010100000011001110000110000110000000000000100010010000011010110100001001',,,0.19014084507042253
'010010000100001000000100000000000000000000000010010000100010000100001001',,,0.08450704225352113
'011011011100110110111000011000000000011011011001101011111001000111110111',,,0.3028169014084507
'000100000100001110000110100110010111100000100110010000010110110100001001',,,0.19014084507042253
'111101011100110001111011111111101000011111100001101111110001111111110110',,,0.1267605633802817
'111011111111110111111001111001101000011111011001101111011001001011110110',,,0.19014084507042253
'000000001111001000111100111110000000010000000000011010000000000110001001',,,0.15492957746478872
'101101110111110001000011011111111111111111100111100101110111111001110110',,,0.1619718309859155
'101111111111110111111011011001111111111111100111101101011101111011110110',,,0.13380281690140844
'100111110011111111000011000001111111101111111111100101111110111000101011',,,0.21830985915492956
'000010100011001000000100111000010111110000000110010000000110000001001000',,,0.18309859154929578
'111111110100110111000011100001101000001111100011100101010011111000110111',,,0.23943661971830985
'101101111000110111111011000001101000001111111001101111111001111010110111',,,0.18309859154929578
'000100001100001000000110111110000000010000100010010000000010110100001001',,,0.19718309859154928
'000010000111001000000100111000010111110000000110010000000110000100001001',,,0.1267605633802817
'100010100000111110000001011111111111111100000110000101010110000001101010',,,0.2676056338028169
'111111110111110001000011100001111111101111100111100101000111111001110110',,,0.20422535211267606
'100110001000001001111111011001111111110000111100001111000100111111101000',,,0.23943661971830985
'010000000000001110000100111000000000010000000010010000000010000100001001',,,0.1056338028169014
'100111111011111111111011111111111111111111111101101111011100111111101010',,,0.15492957746478872
'000011001000001000111100000000000000000000011000011010000000000110011001',,,0.15492957746478872
'011011010111001000000100000000010111100011011111110000101111000100011001',,,0.19718309859154928
'000010000111001110000100000110000000000000000010010000111010000100001001',,,0.14788732394366197
'100001110011111000000001111111101000011111011011100101001010000001101010',,,0.24647887323943662
'101011111011110111111001111111101000011111011001101111111001001011110110',,,0.15492957746478872
'010000101011001000111100100000000000000000000000011010000000000010001001',,,0.14084507042253522
'000010000011001000000100011000010111110000011110010000101110000100001001',,,0.1619718309859155
'010000001100001000111100111000010111110000000100011010000100000111001000',,,0.19014084507042253
'000011111011111110111000000000010111101111011101101011001100000010001011',,,0.2535211267605634
'010010001111001000111100011110000000010000011000011010001000000111001000',,,0.21830985915492956
'000010001011101110111100000000000000000000000000011010001000000110001011',,,0.15492957746478872
'111101110011110001000011011001101000011111111011100101101011111001110110',,,0.16901408450704225
'111011110111110110000001011111111111111111011111100101111111001101110110',,,0.19014084507042253
'101111111000110111111011000001101000001111100001101111010001111011110110',,,0.16901408450704225
'000010000111001000000100111110010111110000000110010000100110000100001001',,,0.16901408450704225
'010000000000001110000100100000000000000000011010010000001010000100001001',,,0.11267605633802817
'111001110100110001101001011111101000011111000001101111000001001011110110',,,0.2112676056338028
'101100101100010001111011011111101000011100100000101111010001111111110110',,,0.22535211267605634
'000000000111001110000100111000010111110000011110010000001110000100001001',,,0.14084507042253522
'001110001100000001111110000000000000000000100000011010100001111110010101',,,0.2112676056338028
'000010000111001000000100111000000000010000011010010000001010000101001000',,,0.18309859154929578
'011110000111000001000110011000000000010000100010010000100011111100010101',,,0.22535211267605634
'001010000100000000000100100000000000000000011010010000100011000100010101',,,0.16901408450704225
'111111110100110001000011000001111111101111100111100101000111111001110110',,,0.19718309859154928
'111111111111010111111011011001101000011111111001101111111001111011110110',,,0.09859154929577464
'010000001000001000111000000110010111100000000100011010000100000010001001',,,0.176056338028169
'001110000100000001000110011110000000010000111010010000010011111100010101',,,0.2676056338028169
'000010001111001110111100111000000000010000000000011010001000000111001000',,,0.22535211267605634
'101111111011110001111011011111101000011111111001101111011001111011110110',,,0.11971830985915492
'101111111011110111111011000001111111101111100101101111111101111011110110',,,0.11267605633802817
'101101011111110111111011100111111111101111100101101111111101111110110111',,,0.16901408450704225
'100011111011111110010001011001101000011111000011100101001010000001101010',,,0.24647887323943662
'000000001111001000111100111000010111110000011100011010001100000111001000',,,0.22535211267605634
'111111111100110111111011100001111111101111100101101111110101111011110110',,,0.11971830985915492
'101101111011110111111011100111101000001111100001101111111001111011110110',,,0.11971830985915492
'111001110011110111000001011111101000011111000011100101011011001001110110',,,0.22535211267605634
'101100101000000001111011111111101000010100100001101111010001111011110100',,,0.20422535211267606
'101101110100110111000011011111111111111111111111100101111111111001110110',,,0.1267605633802817
'001011110000110110000000100110000000001111000011110000110011000000010111',,,0.2746478873239437
'101111111111110111111011100001111111101111111101101111011101111010110111',,,0.16901408450704225
'101011110000110111000001111111111111111111000111100101110111001001110110',,,0.2112676056338028
'111001110111110111000001011111111111111111000111100101111111001001110110',,,0.16901408450704225
'110111111011111111111011000111111111101111111101101111011100111010101011',,,0.20422535211267606
'010010000011001000000100100000010111100000000110010000000110000000001001',,,0.11971830985915492
'111110111011110001111011111001101000011110100001101111100001111011110110',,,0.1267605633802817
'010010000100001110000100111110000000010000011010010000011010000101001000',,,0.19718309859154928
'101101110011110111000011100001101000001111100011100101011011111001110110',,,0.20422535211267606
'111011111000110111111001111111101000011111011001101111011001001011110110',,,0.19718309859154928
'010010100000001000000100111001010111110100011110010000000110000001001000',,,0.20422535211267606
'111101110100110001000011100111101000001111100011100101110011111001110110',,,0.176056338028169
'111101110111110001000011011001111111111111100111100101000111111001110110',,,0.19014084507042253
'010000001000001000111100011110010111110000011100011010000100000111001000',,,0.21830985915492956
'101111111111110001111011000001111111101111111101101111101101111010110111',,,0.19014084507042253
'111101110100110001000011100111101000001111100011100101110011111000110111',,,0.21830985915492956
'000100000000001110000110000000000000000000111010010000001010110100001001',,,0.176056338028169
'010010001000001110111100011110010111110000011100011010011100000111001000',,,0.2323943661971831
'111011111011110111111001011001101000011111000001101111111001001011110110',,,0.19014084507042253
'111111110111110001000011100001101000001111100011100101000011111001110110',,,0.19718309859154928
'010010001111001110111100111110000000010000000000011010111000000111001000',,,0.2676056338028169
'010010001000001000111100111110000000010000011000011010100000000111001000',,,0.23943661971830985
'000010001011111110111100100110010111100000011100011010011100000110001011',,,0.19014084507042253
'101111111000110111111011000001111111101111100101101111110101111010110111',,,0.176056338028169
'101111011100110001111011100000101000001011111001101111000001111010110111',,,0.23943661971830985
'011001011011110110111000000110000000001011011001111010111001000110010111',,,0.22535211267605634
'001010001111001000111100011000010111110000000100011010000100000111011000',,,0.2323943661971831
'000000001000001000111100000000010111100000000100011010000100000110001001',,,0.1056338028169014
'111101110100110111000011100001101000001111100011100101010011111000110111',,,0.24647887323943662
'111101010100110111000011011001111111111011111111100101111111111001110110',,,0.15492957746478872
'010000000111001000000100111000010111110000011110010000101110000100001001',,,0.16901408450704225
'101011111011110111111001000001101000001111000001101111011001001011110110',,,0.24647887323943662
'110011110011111110000001011001101000011111011011100101001010000001101010',,,0.2605633802816901
'111111110100110111000011100001101000001111111011100101111011111000110111',,,0.20422535211267606
'101101110000110001000011100001101000001111100011100101000011111000110111',,,0.23943661971830985
'110010100000111110000001111111111111111100000110000101010110000001001010',,,0.29577464788732394
'010110000011001110000110000110010111100000111110010000011110110100001001',,,0.1619718309859155
'111101111111110001111011111111111111111111111101101111011101111111110110',,,0.1056338028169014
'101101111100110111111011111001101000011111100001101111110001111011110110',,,0.11971830985915492
'011010001100000110111100011000010111110000000100011010110101000111010100',,,0.28169014084507044
'000010001000001000111100111110000000010000011000001010000000000111101000',,,0.19718309859154928
'111101111111110001111011111111111111111111100111100101010101111011110110',,,0.14788732394366197
'111100001111110111111011011111111111111000100101101111111101111111110110',,,0.1267605633802817
'101111110011110001000011111111111111111111111111100101111111111001110110',,,0.1056338028169014
'111111110000110111000011011001101000011111111011100101111011111001110110',,,0.14788732394366197
'010000001011111110111100011000010111111000000100011010001100000110001011',,,0.2323943661971831
'111111110100110111000011100001101000001111100011100101110011111000110111',,,0.2112676056338028
'000010001011001000111100011110000000010000011000011010001000000111001000',,,0.2112676056338028
'000010001000001000111100011110000000010000000000011010100000000111001000',,,0.20422535211267606
'010010000111001000000100011000010111110000000110010000000110000100001001',,,0.11971830985915492
'111111011111110111111011000001101000001011111001101111111001111110110111',,,0.18309859154929578
'010000101011001000111100111000010111110100011100011010001100000011001000',,,0.2605633802816901
'010010001011001000111100011000010111110000000100011010000100000111001000',,,0.2112676056338028
'101111111100110001000011000001111111101111100111100101000111111001110110',,,0.2112676056338028
'000000001000001110111100000000010111100000000100011010000100000110001001',,,0.11971830985915492
'101001111011110111111001011001101000011111000001101111111001001011110110',,,0.18309859154929578
'111101110000110111000011111001101000011111111011100101011011111001110110',,,0.176056338028169
'000010001011001000111100111110000000010000000000011010000000000110001001',,,0.15492957746478872
'101101111111110001111011111001111111111111111101101111101101111011110110',,,0.11971830985915492
'111101110011110001000011111001101000011111111011100101101011111001110110',,,0.1619718309859155
'010010001100001000111100100000010111100000011100011010000100000110001001',,,0.14084507042253522
'001111011111000001111110100110010111100011111101111011111101111110110101',,,0.24647887323943662
'000010000100001000000100000000000000000000000010010000100010000100001001',,,0.08450704225352113
'100100111011111111111011100001111111101110100101101111011100111010101011',,,0.2535211267605634
'001011001100110000111100011000111111111001000100001110100101000111110110',,,0.323943661971831
'111100001111000111010111111111111111110000111110100101111111111101110100',,,0.2112676056338028
'010001010000111110000100000110010111100011011110010000111110000100001011',,,0.20422535211267606
'000000001011001000010100100000000000000000000010010000000010000100001001',,,0.07746478873239436
'001001010111110110000101011000111111111011000111110101111111000101010110',,,0.2887323943661972
'010100000000001000000110000000000000000000111010010000000010110000001001',,,0.16901408450704225
'100010101011101000111001111001110111110100000100001011000100000011101000',,,0.2676056338028169
'101111111000110111111011000001111111101111111101101111111101111010110111',,,0.15492957746478872
'000010000100001000000100100110010111100000011110010000000110000100001001',,,0.11267605633802817
'111101011100110001111011011111101000011111111001101111010001111111110110',,,0.1619718309859155
'101111111100110111111011000001111111101111100101101111010101111010110111',,,0.2112676056338028
'010011010011111110000100000110000000001011011011010000011010000000001011',,,0.20422535211267606
'111011111100110110011001011111101000011111011001101101011001001011010110',,,0.24647887323943662
'100001111011111000111001011111111111111111011101101111001100000011101010',,,0.21830985915492956
'101111011111110111111010000110101000001011111001111110111001111110010111',,,0.24647887323943662
'101001110011110001000001111111111111111111011111100101111111001001110110',,,0.16901408450704225
'101111110011110111000011100111101000001111100011100101011011111000110111',,,0.22535211267605634
'100110101000001001111011011001111111110100111100001111000100111011101000',,,0.2112676056338028
'001010000100000110000100011000000000010000000010010000110011000100010101',,,0.2323943661971831
'101111110111110001000011100001101000001111111011100101101011111000110111',,,0.2323943661971831
'101111111011110001111011100001111111101111100101101111000101111011110110',,,0.16901408450704225
'101110110100110001000011011111111111111100100111100101110111111001110110',,,0.18309859154929578
'010010000000001110000100111110010111110000000110010000010110000101001000',,,0.20422535211267606
'101110111100110111111011000111101000001110100001101111110001111010110111',,,0.2112676056338028
'111111111011110111111011000001101000001111111001101111111001111010110111',,,0.1619718309859155
'110101111000111111111011011111111111111111111101101111011100111011101010',,,0.16901408450704225
'111111110111110111000011100001111111101111100111100101111111111000110111',,,0.18309859154929578
'110110101000111111111011000111111111101100100100001111010100111011101010',,,0.24647887323943662
'010100000000001000000110100110000000000000100010010000000010110100001001',,,0.1619718309859155
'011011010111000000000100111000000000010011011011110000101011000100010101',,,0.23943661971830985
'101101110111110001000011000111101000001111100011100101110011111000110111',,,0.23943661971830985
'010010000011001000000100000000010111100000011110010000001110000100001001',,,0.11971830985915492
'000110000000001000000110100110010111100000111110010000000110110100001001',,,0.176056338028169
'111011111111110110111001011001101000011111000001101111111001000111110110',,,0.2323943661971831
'010100000111001000000110000110000000000000111010010000001010110100001001',,,0.18309859154929578
'011010000100000110000100100110000000000000000010010000110011000100010101',,,0.18309859154929578
'000100001111001000111110000000000000000000111000011010001000110010001001',,,0.22535211267605634
'101110100100000001000011111111101000010100100010010100100011111001110100',,,0.2605633802816901
'000010000000001110000100111110010111110100000110010000010110000101001000',,,0.2112676056338028
'101111111000110001111011011111111111111111111101101111110101111011110110',,,0.1056338028169014
'000110001011001000011110000000010111100000100100011000100110110110001001',,,0.21830985915492956
'111111111011110001111010100111101000001111100001101111010001111010110111',,,0.22535211267605634
'000010001000001110111100100000000000000000000000011010100000000110001001',,,0.14084507042253522
'111101111000110111111011111001101000011111111001101111011001111011110110',,,0.13380281690140844
'010011000011111110000000100000000000001001011011010000011010000000001011',,,0.24647887323943662
'010000000011001000000100011000010111110000011110010000001110000100001001',,,0.14084507042253522
'101101111000110001111011100001101000001111100001101111100001111010110111',,,0.16901408450704225
'001010001100000110111100000000000000000000000000011010110001000110010101',,,0.21830985915492956
'111100111111110111111011111001101000011100100000101111011001111011110110',,,0.16901408450704225
'111101111000000001111011111111111111110111111100101111110101111011110100',,,0.15492957746478872
'111011110111110111000001011111111111111111000111100101111111001001110110',,,0.176056338028169
'010010001111001000111100000110010111100000000100011010110100000110001001',,,0.19014084507042253
'101111010111110111000011011111111111111111111111100101011111111101110110',,,0.15492957746478872
'010000001100001110111100111110000000010000011000011010011000000111001000',,,0.2323943661971831
'000010001100101110111100000110010111100000000100011010010100000110001011',,,0.176056338028169
'111111110000110001000011111111101000011111100011100101010011111001110110',,,0.176056338028169
'111111111111110001111011000001111111101111111101101111101101111010110111',,,0.176056338028169
'101111110111110111000011100111111111101111100111100101111111111000110111',,,0.18309859154929578
'000010000100001110000100011000000000010000000010010000000010000100001001',,,0.09859154929577464
'111111111111110001111011111001101000111111111001101111101001111011110110',,,0.1056338028169014
'010000001000001110111100011000010111110000000100011010000100000111001000',,,0.20422535211267606
'100111101000001001111011100001111111100100100100001111100100111010101001',,,0.2676056338028169
'011100001100000001111110100000010111100000111100011010100101111110010101',,,0.24647887323943662
'000100001000001000111110100000010111100000100100011010100100110110001001',,,0.2112676056338028
'110101111011011111111011000111101000001011111001101111011000110010101011',,,0.2746478873239437
'111011110111110111000001111111111111111111000111100101111111001101110110',,,0.18309859154929578
'000011001011001000111100011000000000010000011000011010001000000111001000',,,0.2323943661971831
'001001010111000000100100011000000000010011011011110010001001000101010100',,,0.2887323943661972
'111011110011110111000001111001111111111111000111100101111111001001110110',,,0.19014084507042253
'000111010111001001000110000000010111100011111111110000111110110100011001',,,0.24647887323943662
'000010000011001000000100100000010111100000000110010000100110000100001001',,,0.11971830985915492
'110000011000111110111101111000101000011011011001101111001000000111101010',,,0.323943661971831
'000100001011001000111110000000010111100000100100011010000100110110001001',,,0.19014084507042253
'111111110100110111000011100001111111101111100111100101110111111000110111',,,0.20422535211267606
'010010000000001110000100000110010111100000000110010000110110000100001001',,,0.15492957746478872
'111011111000110001111001111001111111111111000101101111100101001011110110',,,0.16901408450704225
'011110000100000001000110111110000000010000111010010000110011111100010101',,,0.2323943661971831
'111100110100110111000011111111101000011110100011100101110011111001110110',,,0.16901408450704225
'111111110111110111000011100001111111101111100111100101011111111001110110',,,0.16901408450704225
'101110101111110001111011011111101000011100100000001111010001111011110110',,,0.18309859154929578
'100111110000111111000011100111111111101111111111100101011110111000101011',,,0.22535211267605634
'111011111000110001111001000111101000001111011001101111000001001011110110',,,0.2535211267605634
'011010001100000000111100000000000000000000000000011010100001000110010101',,,0.1619718309859155
'000010001111001000111100100110000000000000011000011010101000000110001001',,,0.18309859154929578
'000010000111001000000100000110000000000000000010010000000010000100001001',,,0.08450704225352113
'010110000111001000000110100110010111100000111110010000101110110100001001',,,0.21830985915492956
'111101110100110111000011011111111111111111100111100101110111111001110110',,,0.14788732394366197
'000110000111001000000110111000000000010000100010010000000010110100001001',,,0.176056338028169
'001000001100000000111100111110010111110000011100011010100101000111110100',,,0.2746478873239437
'011011111100000000111100100000000000000111011001111010100001000010010101',,,0.24647887323943662
'000010001011101110111100000110010111100000000100011010111100000110001011',,,0.19014084507042253
'100011110000111110100001011001111111111111011111100111101110000001101010',,,0.2535211267605634
'010001001111001000111100011110010111110001011100001010001100000111001000',,,0.2605633802816901
'110001110000111110000001011001111111111111011111100101101110000001101010',,,0.24647887323943662
'010100001011001000111110000110010111100000111100011010101100110110001001',,,0.2535211267605634
'101110110100000001000011011001111111110100100110100101100111111001100100',,,0.21830985915492956
'000000000111001110000100011000000000010000000010010000101010000100001001',,,0.15492957746478872
'000110001011001000111110011000000000010000111000011010101000110110001001',,,0.2535211267605634
'010100000111001110000110000000000000000000100010010000111010110100001001',,,0.22535211267605634
'111101110000110001000011111001111111111111111111100101000111111001110110',,,0.19014084507042253
'101110110100000001000011111001111111111100111111100101100111111001110100',,,0.23943661971830985
'010000000011001000000100000000010111100000000110010000100110000100001001',,,0.11971830985915492
'000011001011111110111100100110010111101000011100011010111100000110001011',,,0.22535211267605634
'000110000100001110000110100000000000000000100010010000000010110100001001',,,0.14788732394366197
'111101110111110111000011000001101000001111100011100101111011111001110110',,,0.176056338028169
'101101111000110111111011111111101000011111111001101111111001111011110110',,,0.09154929577464789
'111111110000110111000011011001111111111111111111100101111111111001110110',,,0.1267605633802817
'010100000000001000000110011000000000010000100010010000000010110100001001',,,0.16901408450704225
'000000001000001000111100100110000000000000000000011010100000000110001001',,,0.13380281690140844
'010010101011001000111100111000010111110000000100001011000100000011101000',,,0.2676056338028169
'010000000100101110000100000000000000000000011010010000001010000100001001',,,0.11267605633802817
'010010000011001110111100000000000000000000011000011010001000000110001001',,,0.15492957746478872
'010010001000001000111100011000000000010000011000011010000000000110001001',,,0.14788732394366197
'101111111100110111111011000111101000001111111001101111011001111010110111',,,0.19718309859154928
'111011111111110111111001111111111111111111011101101111111101001011110110',,,0.1267605633802817
'010010001100001000111100111000000000010000011000011010100000000111001000',,,0.21830985915492956
'010110000100001000000110000110010111100000111110010000000110110100001001',,,0.176056338028169
'010010001111001000111100111000010111110000011100011010001100000110001001',,,0.19014084507042253
'000011011011111000111000100110010111101011011101101011111100000110001011',,,0.2605633802816901
'010000100011001110000100111000000000010000011010010000101010000001001000',,,0.2323943661971831
'001000001100000000111100000000000000000000011000011010100001000110010101',,,0.18309859154929578
'111100100111110001000111011111111111111100100110000101110111111101110110',,,0.22535211267605634
'000001001011111110111100100110010111101000000100011010011100000110001011',,,0.21830985915492956
'010001000011001000000100100000010111100000011110010000001110000100001001',,,0.14084507042253522
'010110100011001001000110000110010111100100100110010000000110111000001001',,,0.2323943661971831
'000001011111101110111100100000010111100011000100011010101100000110001001',,,0.22535211267605634
'110110110000111111000011011111111111111100111111100101011110111001101010',,,0.20422535211267606
'101101111111110111111011000111111111101111111101101111111101111010110111',,,0.14084507042253522
'001110001100000001111110000000000000000000111010010010000001111110010101',,,0.24647887323943662
'101111111011110111111011000001111111101111100101101111011101111011110110',,,0.14084507042253522
'010110001011001110111110011110000000010000111000011010111000110110001001',,,0.2535211267605634
'110110001011001001111111111001111111110100111100001111001100111111101000',,,0.2746478873239437
'000110100000001001000110000110010111100000111110010000000110111000001001',,,0.22535211267605634
'101101110111110001000011000001111111101111111111100101101111111001110110',,,0.19718309859154928
'010000001100001000111100011110000000010000011000011010100000000110001001',,,0.176056338028169
'111111110000110111000011111111101000011111111011100101011011111001110110',,,0.15492957746478872
'100101111000111111111011111001111111111111111101101111001100111011101010',,,0.19014084507042253
'000000001000001000111100000110000000000000000000011010100000000110001001',,,0.1267605633802817
'111100100100110001000011011001101000011100100011100101000011111001110110',,,0.19718309859154928
'000000000011001000000100111110000000010000000010010000100010000100001001',,,0.13380281690140844
'000010000111001110000100000110010111100000000110010000011110000100001001',,,0.11267605633802817
'100110101011001001111011011111111111110100100100001111000100111011101000',,,0.22535211267605634
'000001000011001000000100000000000000000001000010010000100010000100001001',,,0.1056338028169014
'111111111011110111111011011111111111111111100101101111111101111011110110',,,0.07042253521126761
'000000000011001000111100100110010111100000011110011000001100000110001001',,,0.1619718309859155
'101011111100110111111001011111101000011111011001101111111001001011110110',,,0.18309859154929578
'111001110100110001000001111001101000011111011011100101100011001001110110',,,0.19014084507042253
'101101111000110111111011100001101000001111100001101111010001111011110110',,,0.16901408450704225
'100100101000001111111011000001111111100100100100001111000100111011101000',,,0.24647887323943662
'000000001011001110111100011000010111110000011100011010001100000111001000',,,0.2112676056338028
'101011111100110111111000111111011111111111000101101011110101001011110110',,,0.2323943661971831
'111111111100110111111011011001101000011111100001101111010001111011110110',,,0.13380281690140844
'101100110111000001000011011001111111110100100111100101100111111001110100',,,0.2535211267605634
'011001010111110110000100100110000000001011000011110000111011000000010111',,,0.22535211267605634
'101001111000110111111001100111101000001111011001101111011001001011110110',,,0.21830985915492956
'100111111000111111111011000111101000001111111001101111011000111010101011',,,0.23943661971830985
'100101111000111111111011100001111111101111111101101111001100111010101011',,,0.24647887323943662
'111111010111110111000011100001101000001111111011100101111011111100110111',,,0.2112676056338028
'110111111000111111111011100001111111101111111101101111101100111110101011',,,0.2676056338028169
'100001110000111110000001011001111111111111011111100101101110000001101010',,,0.2323943661971831
'100010111011111110111001111111111111111111000101101111111100000011101010',,,0.2535211267605634
'000000001011001000111100000110010111100000000100011010100100000110001001',,,0.1619718309859155
'010000000111001000001100100110010111100000000110011000110100000100001001',,,0.20422535211267606
'111101111100110111111011100111101000001111111001101111011001111011110110',,,0.14084507042253522
'000010000111001000000100011110000000010000000010010000000010000100001001',,,0.11267605633802817
'011100000111000001000110011110000000010000100010010000110011111100010101',,,0.24647887323943662
'010000001111001110111100100000010111100000011100011010001100000110001001',,,0.15492957746478872
'101111111111110111111011011111101000011111111001101111111001111011110110',,,0.08450704225352113
'010000001000001110111100100000010111100000011100011010001100000110001001',,,0.1619718309859155
'101011111000110001111001111001101000011111011001101111100001001011110110',,,0.176056338028169
'110000001000111110111100011110101000011000000000011110010000000111001010',,,0.3028169014084507
'101001111111110110111001111111101000011111011001101111111001001011110110',,,0.16901408450704225
'111111011111110111111011000111101000001111100001101111111001111110110111',,,0.176056338028169
'101101110011110001000011100001101000001111111011100101001011111001110110',,,0.21830985915492956
'110100100000001001111111011001111111110100111100001111000100111011101000',,,0.24647887323943662
'111101111100110001111011011001111111111111111101101111000101111011110110',,,0.14788732394366197
'101101110000110111000011111001101000011111111011100101011011111001110110',,,0.176056338028169
'000000001100001110100100100000010111100000000110010000000100000100001001',,,0.1267605633802817
'000010000011001000000100111110010111110000011110010000001110000101001000',,,0.18309859154929578
'010011010000101110000100100000000000000011011011010000101010000100001001',,,0.20422535211267606
'101101111000110111111011111001101000011111100001101111110001111011110110',,,0.11267605633802817
'101110111100110001111011011111111111111100111101101111110101111011110110',,,0.14084507042253522
'111001111000110111111001000001101000001111000001101111110001001011110110',,,0.21830985915492956
'100000100011111110000001111111111111111100011111100101011110000001101010',,,0.22535211267605634
'010110000000001000000110100110010111100000111110010000000110110100001001',,,0.19014084507042253
'111111110011110111000011100001111111101111111111100101111111111001110110',,,0.13380281690140844
'101111111100010001111011111001111111111111100101101111100101111011110100',,,0.11971830985915492
'111000011100110110111001011001111111111110000100101111110101001111110110',,,0.24647887323943662
'111101111011110111111011100111101000001111100001101111111001111011110110',,,0.11971830985915492
'101011111100110111111001100001111111101111011101101111111101001011110110',,,0.19718309859154928
'101111110100110111100011111111101000011111100011100101110011111001110110',,,0.16901408450704225
'000000000000001000000100011110010111110000011110010000000110000100001001',,,0.11971830985915492
'010000000111001110000100011000010111110000000110010000101110000100001001',,,0.1619718309859155
'010011001011001000111100100110000000000001000000011010000000000110001001',,,0.1619718309859155
'010100001011001110111110011000000000010000100000011010011000110110001001',,,0.2605633802816901
'000010001100001000111100100000010111100000000100011010100100000110001001',,,0.15492957746478872
'101101110000110111000011011001101000011111111011100101111011111001110110',,,0.15492957746478872
'100010111000001110111001111111101000010111011001101111011000000011101000',,,0.30985915492957744
'001001001100000000111100111000000000010000011000011010100001000111010100',,,0.2535211267605634
'101111111000110111111011111001101000011111111001101111011001111011110110',,,0.1267605633802817
'110110101000001001111011100111111111100100100100001111000100111011101000',,,0.2605633802816901
'011101100111000001000110100000000000000011100010010000100011111000010101',,,0.2605633802816901
'010110001000001110111110100110000000000000100000011010110000110110001001',,,0.23943661971830985
'101001110000110111000001011111111111111111011111100101011111001001110110',,,0.20422535211267606
'101001111100010111111001111111111111111111011101101111011101001011110110',,,0.19014084507042253
'010010000000001000000100100110000000000000011010010000000010000100001001',,,0.09859154929577464
'111110110100000001000011111111101000010110111010110101010011111001110100',,,0.21830985915492956
'000010000111001000000100111000010111110000000110010000000110000101001000',,,0.16901408450704225
'000100000100001000111110000000000000000000100000011010000000110110001001',,,0.1619718309859155
'100010100000001000000100111111000000010100011010010000000010000001001000',,,0.19718309859154928
'111111111011110111111011011111111111111111100101101111011101111011110110',,,0.09859154929577464
'000000100000001000000100111111010111110100000110010000000110000001001000',,,0.18309859154929578
'000000001100101110111100011000010111110000000100011010000100000111001000',,,0.2112676056338028
'101101110100110111000011100001101000001111100011100101110011111000110111',,,0.2323943661971831
'000000001000001110111100111000000000010000000000011010000000000111001000',,,0.176056338028169
'111101111100110001111011000111111111101111100101101111010101111011110110',,,0.1619718309859155
'010110000011011001000110000110010111100000100110000001000110111100101011',,,0.29577464788732394
'101011110111110001000001111001111111111111000111100101000111001001110110',,,0.24647887323943662
'010000001111001000111100000110010111100000011100011010111100000110001001',,,0.176056338028169
'110101110000111111000011011001111111111111111111100101001110111001101010',,,0.2112676056338028
'001000001100000000111100011110000000010000011000011010100001000111010100',,,0.2535211267605634
'000011000000001000000100000000000000000000000010010000000010000100001001',,,0.07042253521126761
'011001011111110110111000100000000000001011011001111010111001000100010111',,,0.23943661971830985
'000000001000001110111100000000010111100000000100011010100100000110001001',,,0.14788732394366197
'010000001011001000111100000000000000000000000000011010100000000110001001',,,0.14084507042253522
'101011111011110111111001111001111111111111000101101111111101001011110110',,,0.1619718309859155
'000000000100001000000100111110000000010000000010010000000010000100001001',,,0.09859154929577464
'000000001011001000111100111000010111110000011100011010101100000111001000',,,0.24647887323943662
'010001000011001110000100100000010111100000100110010000011110000100001001',,,0.16901408450704225
'110100100011001001000111111001111111110100100110000101000110111001101000',,,0.2535211267605634
'000000001111001000111100100000000000000000011000011010001000000110001001',,,0.14788732394366197
'100101110111010001000011111111101000011111111011100101001011111001100100',,,0.22535211267605634
'101100010100110111000011011111101000011110100011100101010011111101110110',,,0.23943661971830985
'010000001111001000111100000000010111100000011100011010101100000110001001',,,0.176056338028169
'010000001111001000111100100000000000000000000000011010100000000110001001',,,0.14084507042253522
'010100001111001110111110000000000000000000111000011010011000110110001001',,,0.2112676056338028
'011000001100000110111100111110000000010000000000011010010001000111010100',,,0.24647887323943662
'100111111011111111111011100001111111101111100101101111111100111010101011',,,0.22535211267605634
'000100000111001000000110111110010111110000111110010000001110110100001001',,,0.22535211267605634
'111011111011110111111001011001111111111111000101101111111101001011110110',,,0.16901408450704225
'001011010111110000111100100110000000001011011001111010111001000110010111',,,0.24647887323943662
'000110100011001000000110000110010111100000100110010000000110110000001001',,,0.19014084507042253
'010000000011101110000100000110000000000000000010010000111010000100001011',,,0.1619718309859155
'010000001100001000111100111110000000010000011000011010100000000110001001',,,0.18309859154929578
'010110100000001001000110100000010111100000100110010000000110110000001001',,,0.19718309859154928
'001111001100000001111110000000010111100001100100001011100101111110010101',,,0.2746478873239437
'000000000000001000000100000110000000000000000010010000000010000100001001',,,0.056338028169014086
'100111110000111111000011100111111111101111111111100101011110111100101011',,,0.23943661971830985
'010001011011101000111100000110010111100011011100011010101100000110001011',,,0.22535211267605634
'111111010100110111000011111111111111111011111111100101011111111101110110',,,0.15492957746478872
'000100000111001000000110000110010111100000100110010000100110110100001001',,,0.2112676056338028
'100011111011111110111001111111111111111111000101101111011100000011101010',,,0.21830985915492956
'111101110111010001000011011111111111111111100111100101110111111001110110',,,0.1619718309859155
'101111110100110001000011100111111111101111111111100101110111111001110110',,,0.176056338028169
'111110100111000001000011011001101000010100100010000101000011111001110100',,,0.21830985915492956
'000100001100001110111110100000000000000000100000011010100000110110001001',,,0.2112676056338028
'101110110100010001000011111001101000011110100011100101000011111001110100',,,0.20422535211267606
'000010001100001000111100011000000000010000011000011010000000000110001001',,,0.14084507042253522
'100000111000111110111001111001111111111111011101101111001100000011101010',,,0.24647887323943662
'100100101011111111111011000001111111101100100100001111011100111010101011',,,0.2746478873239437
'111101110100010111000011100001101000001111111011100101111011111001110110',,,0.18309859154929578
'101111111000110001111011011111101000011111111001101111110001111011110110',,,0.11267605633802817
'010011110011011110000000111000010111110011000110010100101110000001001000',,,0.33098591549295775
'010011001011001110111100100110000000000001000000011010011000000110001001',,,0.19718309859154928
'011000001100000000111100011000000000010000000000011010000001000111010100',,,0.2112676056338028
'011100000111000001000110000110000000000000100010010000010011111100010101',,,0.24647887323943662
'101111111011010001111011100001101000001111100001101111000001111011110100',,,0.176056338028169
'101100101000110111111011000111101000001100100001101111010001111011100110',,,0.20422535211267606
'000000000100001000000100011000000000010000000010010000100010000100001001',,,0.1056338028169014
'010110000011001001000110000000010111100000100110010000000110110100001001',,,0.18309859154929578
'111101110011110111000011100111101000001111100011100101011011111000110111',,,0.2323943661971831
'010010001111001110111100000110000000000000011000011010011000000110001001',,,0.14788732394366197
'000000001011001000111100100110010111100000011100011010101100000110001001',,,0.176056338028169
'100010101000001110111000111111100000010100000000011010010000000111001000',,,0.2676056338028169
'101101110011110001000011100001111111101111100111100101100111111000110111',,,0.2323943661971831
'010000000111001000101100000000010111100000000100011010100100000100011001',,,0.18309859154929578
'000110001100001110111110000000000000000000100000011010000000110110001001',,,0.16901408450704225
'111111111000110111111011100111111111101111111101101111111101111011110110',,,0.09154929577464789
'101111110011110111000011100111101000001111111011100101111011111000110111',,,0.18309859154929578
'101101111100110001111011100001111111101111100101101111100101111011110110',,,0.14084507042253522
'101101111100110001111011100111111111101111111101101111110101111010110111',,,0.18309859154929578
'101110111000110111111011100111101000001111100001101111110001111010110111',,,0.19718309859154928
'101101111000110111111011100001101000001111111001101111011001111011110110',,,0.1619718309859155
'110100111000111111111011011001111111111110111101101111001100111011101010',,,0.21830985915492956
'010010001100001110111100011110000000010000000000011010010000000111001000',,,0.22535211267605634
'101101110100010001101011000111101000001111100001100111010001111001110110',,,0.2323943661971831
'000000001111001000111100100110000000000000011000011010001000000110001001',,,0.14788732394366197
'111001111011110110111001111111101000011111011001101111111001001011110110',,,0.1619718309859155
'011000110111110001000000111001010111111111000111100000100111001001110110',,,0.29577464788732394
'010111101000001111111110100000000000000100100000011010000000111010001001',,,0.2535211267605634
'000000000100001000000100100000000000000000011010010000100010000100001001',,,0.09859154929577464
'110010101000101110111000111111111111110100000100001011010100000111101000',,,0.323943661971831
'010010000000001000000100000000000000000000000010010000000010000100001001',,,0.06338028169014084
'000000000011001110000100111000000000010000000010010000101010000100001001',,,0.15492957746478872
'100010000100101110000101011111111111110100000110010100010110000101001010',,,0.2605633802816901
'110001110000111110000001111111111111111111011111100101011110000001101010',,,0.22535211267605634
'000000000011001110000100011110010111110000000110010000011110000100001001',,,0.1267605633802817
'111101111100110001111011000111111111101111111101101111010101111010110111',,,0.20422535211267606
'000011001000101110111100000110000000000001011000011010011000000110001001',,,0.19014084507042253
'101011111100110001111001111001111111111111011101101111000101001011110110',,,0.21830985915492956
'101111010111110001000011011111111111111111111111100101011111111101110110',,,0.16901408450704225
'111111110011110001001011011111111111111111100111101101110101111001110110',,,0.13380281690140844
'101001111000110001111001011001101000011111011001101111100001001011110110',,,0.176056338028169
'000010000011001000000100100110010111100000000110010000100110000000001001',,,0.14788732394366197
'101011111100110111111001111001101000011111011001101111011001001011110110',,,0.21830985915492956
'010110000111001110000110100110000000000000100010010000011010110100001001',,,0.18309859154929578
'111100111100110001111011011111101000011110100001101111110001111011110110',,,0.13380281690140844
'111101111000110111100011000111111111101111100111100111010111111000110111',,,0.2676056338028169
'111011111000110001111001011111101000011111000001101111100001001011110110',,,0.18309859154929578
'010010001100001110111100111000010111110000011100011010001100000110001001',,,0.19014084507042253
'111101111100110111111011000001101000001111100001101111010001111010110111',,,0.2112676056338028
'000000000011001110000100000110010111100000011110010000011110000100001001',,,0.08450704225352113
'100101110011111111000011100001111111101111111111100101111110111000101011',,,0.2323943661971831
'101111111011110001111011111001111111111111111101101111101101111011110110',,,0.1056338028169014
'000000000011001000000100011110010111110000000110010000100110000100001001',,,0.14788732394366197
'001001000100000000000100100110000000000000011010010000100011000100010101',,,0.19718309859154928
'000000000111001000000100011000000000010000011010010000001010000100001001',,,0.1267605633802817
'110100100011111111000011100110110111101000111111100101011110111000101011',,,0.2746478873239437
'000000001000001000111100011110000000010000011000011010000000000110001001',,,0.14084507042253522
'011100001100000001111110000110000000000000111000011010010001111110010101',,,0.24647887323943662
'010010000000001000111100111110010111110000000100011010000100000111001000',,,0.21830985915492956
'100001111011111110111001011111111111111111000101101111011100000011101010',,,0.20422535211267606
'010001001011001000111100100110000000000001011000011010001000000110001001',,,0.176056338028169
'011010001100000000111100000110000000000000011000011010100001000110010101',,,0.19014084507042253
'010100000000001110000110011110000000010000111010010000111010110100001001',,,0.24647887323943662
'010011000000111110000100100110010111100001011110010000111110000100001011',,,0.2112676056338028
'111101110100110001000011011001111111111111100111100101000111111001110110',,,0.176056338028169
'000010001011001110111100011110010111110000011100011010011100000110001001',,,0.1619718309859155
'110011111011111110011001111111101000011111011011101101011000000011101010',,,0.2676056338028169
'101111111111110001111011000111101000001111111001101111011001111010110111',,,0.19718309859154928
'110001110011111110111001111111101000011111011001101111011000000011101010',,,0.2605633802816901
'000000001000001110111100111000000000010000011000011010101000000110001001',,,0.19718309859154928
'000010001011001000111100111110010111110000011100011010101100000110001001',,,0.2112676056338028
'001100001100001001111110100000010111100000100100001010000101111110010101',,,0.28169014084507044
'101111111011110001111011100111111111101111111101101111011101111011110110',,,0.11971830985915492
'000000001000101110111100111110010111111000011100001011111100000111101010',,,0.2887323943661972
'111101110011110001000011100111111111101111111111100101011111111001110110',,,0.16901408450704225
'011000010100100110000100000000000000001010011011110000111011000100010111',,,0.21830985915492956
'000001011011111110111100000110000000001011011000011010011000000110001011',,,0.2112676056338028
'111011110100110111000001011111101000011111011011100101111011001001110110',,,0.19718309859154928
'000000101011001000111100011001000000010100000000011010000000000011001000',,,0.19718309859154928
'100010011011101000111100011110110111110000011101011010001100000111001000',,,0.2746478873239437
'101111110111110001000011100111111111101111111111100101011111111000110111',,,0.2112676056338028
'000000001000001000111100000000010111100000011100011010000100000110001001',,,0.11971830985915492
'000110000111001000000110011110010111110000100110010000100110110100001001',,,0.2323943661971831
'010010001100001000111100111000010111110000000100011010100100000110001001',,,0.18309859154929578
'101001111011110001111001111001101000011111000001101111000001001011110110',,,0.19718309859154928
'000010001011001000111100000000010111100000000100011010000100000110001001',,,0.1267605633802817
'111011011111110110111001011001111111111011011101101111111101000111110110',,,0.19718309859154928
'010000101000001000111100111000000000010000000000011010000000000011001000',,,0.19718309859154928
'111110110111010001000011011001101000011111100011100101100011111001110110',,,0.18309859154929578
'111001111011110111111001011111111111111111000101101111111101001011110110',,,0.14788732394366197
'111100101100000111111011011001111111110100100101101111100101111011100100',,,0.18309859154929578
'101011111011110111111001011001111111111111000101101111011101001011110110',,,0.19718309859154928
'110011101000001110111001111001111111110100000100001111000100000011101000',,,0.2746478873239437
'000001001011111000111100000110010111100001011100001010101100000110001011',,,0.21830985915492956
'010000000100001000000100011000000000010000011010010000000010000101001000',,,0.13380281690140844
'111001111000110111111001100111111111101111011101101111111101001011110110',,,0.16901408450704225
'000010000100001110000100011110000000010000000010010000110010000100001001',,,0.16901408450704225
'101101111011110001111011000001111111101111100101101111000101111011110110',,,0.18309859154929578
'111101110000010111000011100001101000001111111011100101011011111001110110',,,0.21830985915492956
'011011001100000000111100100000000000000001000000011010100001000110010101',,,0.176056338028169
'000000000000001000000100011110010111110000011110010000100110000101001000',,,0.19014084507042253
'000010001000001000111100011000000000010000011000011010000000000110001001',,,0.13380281690140844
'101101111100110111111011000111111111101111111101101111011101111011110110',,,0.14084507042253522
'111101111100110111111011000111111111101111111101101111111101111010110111',,,0.14084507042253522
'011001010100000000000100011110000000010011000010010000100011001001010100',,,0.2605633802816901
'010010001000111110111100000000010111100000011100011010101100000110001011',,,0.2112676056338028
'110001111100111110111001011111111111111111011101101111111100000011101010',,,0.22535211267605634
'011010001100000110111100000110000000000000000000011010110001000110010101',,,0.20422535211267606
'000100001000001000111110111000000000010000111000011010000000110110001001',,,0.20422535211267606
'000010000000001000000100000110010111100000000110010000000110000000001001',,,0.09859154929577464
'010001011011001110111000000000000000000011011011111010001000000010001001',,,0.23943661971830985
'001001011100110110111000100000000000001011011001111010111001000010010111',,,0.2676056338028169
'101100001111000001111111011000101000010000100000001111000001111111110100',,,0.22535211267605634
'111111110000110111000011111111111111111111100111100101110111111001110110',,,0.14084507042253522
'101110110100010001000011111001111111111111111111100101100111111001110110',,,0.19718309859154928
'000000001011101000111100000110010111100000000100011010100100000110001001',,,0.176056338028169
'010010001011001110111100111110010111110000000100011010111100000110001001',,,0.22535211267605634
'011011011111000000111100100000000000000011011001111010101001000010010101',,,0.23943661971830985
'100111110000111111000011011111111111111111111111100101011110111001101010',,,0.1619718309859155
'111101110100110001000011100111101000001111111011100101110011111100110111',,,0.2323943661971831
'111101110100110001000011000001101000001111100011100101000011111000110111',,,0.23943661971830985
'111001011011110110111001111110101000011011000001101111111001000111110110',,,0.2112676056338028
'111101111011110001111011100001101000001111100001101111000001111011110110',,,0.16901408450704225
'000010000011001110000100011110000000010000000010010000111010000101001000',,,0.2112676056338028
'100000100000111110000001011111111111111100000110000101010110000001101010',,,0.2605633802816901
'000000001011001000111100011110010111110000000100011010100100000110001001',,,0.19014084507042253
'001010101100000000111100011000000000010000000000011010100001000011010100',,,0.2535211267605634
'010100000000001110000110100000010111100000100110010000000110110100001001',,,0.18309859154929578
'111011111100110111111001011111111111111111011101101111011101001011110110',,,0.176056338028169
'111001110111110001000001111111101000011111000011100101100011001001110110',,,0.20422535211267606
'111011110100110111000001011001101000011111011011100101011011001001110110',,,0.23943661971830985
'010011001011001000111100100000000000000001011000011010001000000010001001',,,0.19718309859154928
'101101110011110111000011100001111111101111100111100101011111111001110110',,,0.18309859154929578
'101001110100110001000001100111111111101111011111100101000111001001110110',,,0.28169014084507044
'101001111100110111111001011001111111111111000101101111110101001011110110',,,0.19014084507042253
'101110100100110001000011111001111111110100100110000101100111111001110110',,,0.18309859154929578
'111111111111110111111011000111101000001111111001101111011001111010110111',,,0.16901408450704225
'101001111011110001111001011111101000011111000001101111100001001011110110',,,0.19014084507042253
'100000101000001000111100111001100000010100000000011010000000000011001000',,,0.20422535211267606
'010000000000001110000100000110000000000000000010010010000010000100001001',,,0.09859154929577464
'101101111011110111111011000111111111101111100101101111111101111010110111',,,0.14788732394366197
'111011111000110111111001000111111111101111011101101111011101001011110110',,,0.2112676056338028
'111101110000110001111011100111111111101111100101101111010101111011110110',,,0.176056338028169
'111111111000110001111011100111111111101111111101101111110101111011110110',,,0.1267605633802817
'111111111100110111111011100001101000001111111001101111111001111010110111',,,0.1619718309859155
'101001111011110111111001000001101000001111000001101111111001001011110110',,,0.2112676056338028
'001101010111110111000111100110111111101011100111100101111111111100110111',,,0.2323943661971831
'101001111000110111111001011001111111111111011101101111111101001011110110',,,0.1619718309859155
'101110111000110001111011100111101000001100111001101111000001111011100110',,,0.20422535211267606
'101101110011110001000011100001111111101111111111100101101111111001110110',,,0.18309859154929578
'101110100100000001000011011001101000010100111010100101000011111001110100',,,0.2535211267605634
'111100010000010111000011111111101000011110100011100101010011111101110110',,,0.23943661971830985
'101101110111110111000011011111101000011111111011100101111011111001110110',,,0.13380281690140844
'101101111100110111111011000001111111101111100101101111010101111011110110',,,0.176056338028169
'011001000100000000000100000110000000000000000010010000100011000100010101',,,0.176056338028169
'000010001111001000111100111110000000010000000000011010000000000110001001',,,0.1619718309859155
'101011110100110111000001111111101000011111011011100101111011001001110110',,,0.20422535211267606
'111111110111110111000011111111111111111111100111101101111111111001110110',,,0.1056338028169014
'010010000111001000000100000110010111100000011110010000101110000100001001',,,0.14084507042253522
'101010111100110001111001011111101000011111011001101111100001001011110110',,,0.22535211267605634
'101101111000110111111011111111101000011111100001101111010001111011110110',,,0.14084507042253522
'010000001011001000111100111000010111110000000100011010100100000111001000',,,0.23943661971830985
'001110000100000001000110011000000000010000100010010000100011111100010101',,,0.22535211267605634
'010000001000101110111100000110010111100000011100011010011100000110001001',,,0.16901408450704225
'010000000100001000000100111000010111110000011110010000100110000100001001',,,0.14788732394366197
'010000001100001110111100111000010111110000000100011010100100000111001000',,,0.2323943661971831
'101100110100010001000011011001111111111110111111100101100111111001110100',,,0.2112676056338028
'010100000000001000000110000110000000000000100010010000000010110100001001',,,0.15492957746478872
'111011011111110000111001111111111111111111011101111111111101000111110110',,,0.21830985915492956
'000000001111001110111100000110000000000000011000011010111000000110001001',,,0.16901408450704225
'101111111100110001111011000001101000001111111001101111000001111011110110',,,0.176056338028169
'001010000111000000000100111000010111110000000110010000100111000101010100',,,0.2605633802816901
'111001111000110001111001100001111111101111011101101111100101001011110110',,,0.20422535211267606
'011100000100000001000110100110010111100000100110010000110111111100010101',,,0.24647887323943662
'001101001100000001111110000000000000000001100000011010100001111010010101',,,0.2535211267605634
'000010000111001000000100000000000000000000000011010000000010000100001001',,,0.08450704225352113
'101111111111110111000011011111101000011111100001100111111011111001110110',,,0.15492957746478872
'000100001011001000111110000000000000000000100000011010000000110110001001',,,0.16901408450704225
'010000001000001000111100000000000000000000011000011010100000000110001001',,,0.14084507042253522
'111111111011110111111011011111101000011111100001100111011001111011110110',,,0.14084507042253522
'100001110000111110000001011111101000011111011011110100011010000001001010',,,0.2676056338028169
'111101110011110111000011011001111111111111111111100101011111111001110110',,,0.14788732394366197
'111111111000110001111011111111101000011111100001101111110001111011110110',,,0.1056338028169014
'010010100000001110000100100000010111100100000110010000000110000000001001',,,0.13380281690140844
'111011110111110111000001111111101000011111011011100101011011001001110110',,,0.20422535211267606
'011010000100000000000100000110000000000000011011010000100011000100010101',,,0.19014084507042253
'111001111111110110111001111001101000011111000001101111011001001111010110',,,0.24647887323943662
'000001011011111110111100000110010111100011011100011010111100000110001011',,,0.21830985915492956
'010110001011001000111110000000010111100000100100001010000100110110101001',,,0.23943661971830985
'000000000000001110000100100000010111100000000110010000000110000100001001',,,0.08450704225352113
'010010000000001000000100000000010111100000011110010000000110000100001001',,,0.09859154929577464
'111011111100110001111001111001111111111111000101101111100101001011110110',,,0.1619718309859155
'010000000011001000000100111000010111110000000110010000000110000101001000',,,0.16901408450704225
'111111110111110001000011100111101000001111100011100101110011111001110110',,,0.16901408450704225
'011100001111000001111110100000000000000000100010011000000001111110010101',,,0.23943661971830985
'000000000100001110000100111110010111110000000110010000110110000100001001',,,0.176056338028169
'010000000000101000000101111000011111110000011110010000000110000101001000',,,0.22535211267605634
'111101110111110001000011000001111111101111111111100101101111111000110111',,,0.22535211267605634
'000010001100001110111100011000000000010000011000011010101000000111001000',,,0.24647887323943662
'010000001000001000111100000000010111100000011100011010100100000110001001',,,0.1619718309859155
'111011111100110111111001011111111111111111000101101111010101001011110110',,,0.2112676056338028
'001111011111110111111011000110111111101011111101101111111101111110110111',,,0.176056338028169
'111100111111000001111011011001101000010111111001101111001001111011110100',,,0.20422535211267606
'101111110111110001000011111111111111111111111111100101111111111001110110',,,0.11267605633802817
'101101011100110001111011100001111111101011100101101111100101111110110111',,,0.2112676056338028
'110000100000001000000100000111000000000100000010010000000010000000011001',,,0.14084507042253522
'001011011111110110111000100000000000001011011001111010111001000110010111',,,0.24647887323943662
'000010000011001000000100111110000000010000000010010000000010000101001000',,,0.15492957746478872
'000011000111001000000100100000000000000000000010010000000010000100001001',,,0.09859154929577464
'000100101000001001111110000000010111100000100100011010000100110010101001',,,0.2323943661971831
'101101111000110001010011111111111111111111111111100101010111111001110110',,,0.176056338028169
'110100101111001001111011111111111111110100100100001111000100111011101000',,,0.24647887323943662
'001010000111000000000100111110000000010000000010010000110011000100010101',,,0.22535211267605634
'010011011000111110110100100110010111101011011101110010111100000100011011',,,0.21830985915492956
'011100001100000111111110000000010111100000100100011010110101111110010101',,,0.2535211267605634
'100101110011111111000011000111101000001111100011100101011010111000101011',,,0.2605633802816901
'111101111000110001111011111001101000011111100001101111100001111011110110',,,0.09859154929577464
'110111111011111111111011100001111111101111111101101111011100111011101010',,,0.19718309859154928
'110100101000001001111011100001111111100100111100001111000100111011101000',,,0.2676056338028169
'011001100100000110000100100111000000000100000010010000110011000000010101',,,0.22535211267605634
'010001100100110110000100011111000000011111011010000101111011000001100100',,,0.34507042253521125
'001100100100000111000110000110010111100000100110010000110111111000010101',,,0.2887323943661972
'010010000000001000000100000110010111100000011110010000000110000100001001',,,0.11267605633802817
'010010001111001110000100011000000000010000011010010000001010000100001001',,,0.14788732394366197
'010010101000001000111100100111000000000100000000011010000000000010001001',,,0.15492957746478872
'101101110111110111000011100111101000001111111011100101011011111000110111',,,0.22535211267605634
'111001010111110110000001111001101000011111011011110101111011001101010110',,,0.2605633802816901
'010010001011101000111100100110000000000000011000011010001000000110001001',,,0.176056338028169
'000000000100001110000100000110000100000000000010010000010010000100001001',,,0.09859154929577464
'010000000011001110000100000110010111100000011110010000111110000100001001',,,0.1267605633802817
'101010111111110111111001111001101000011111000001101111111001001011110110',,,0.2112676056338028
'000100000011001110000110100110000000000000100010010000011010110100001001',,,0.18309859154929578
'000010000100001000000100100110000000000000000010010000100010000100001001',,,0.1056338028169014
'100101110011111111000011111111111111111111111111100101011110111001101010',,,0.1619718309859155
'110111110011111001000011100001111111101111111111100101001110110100101011',,,0.2887323943661972
'000000111011001110111100011000000000010111011001011010001000000011001000',,,0.2676056338028169
'110111110000111111000011000001111111101111111111100101001110111000101011',,,0.2605633802816901
'111111110111110001000011011111101000011100100011100101010011111001110110',,,0.19718309859154928
'101101110000110001000011100001111111101111111111100101000111111000110111',,,0.2605633802816901
'101011111011110001111001011001101000011111011001101111101001001011110110',,,0.19014084507042253
'010110001100001000111110000110010111100000111100011010100100110110001001',,,0.2323943661971831
'000000001111001000111100111110000000010000011000011010101000000110001001',,,0.20422535211267606
'100101110011111001000011100111111111101111111111100101101110111000101011',,,0.2605633802816901
'001011011100110110111000100000000000001011011001111010111001000110010111',,,0.2605633802816901
'000000000111001110000100011000000000010000011010010000001010000101001000',,,0.16901408450704225
'101111111111110111111011000001101000001111111001101111011001111011110110',,,0.15492957746478872
'000000001011001000111100100110010111100000000100001011000100000110001001',,,0.24647887323943662
'001011010100110110000101011000101000011011011011110100111011000101010110',,,0.2887323943661972
'001000001100000110111100111110010111110000000100011010110101000111010100',,,0.28169014084507044
'111111111111110001111011011001101000011111111001101111001001111011110110',,,0.14084507042253522
'000010000000001000000100011000010111110000000110010000100110000100001001',,,0.1267605633802817
'101001110100110001000001011001101000011111000011100101000011001001110110',,,0.22535211267605634
'011011011100111110111000100110010111101011011101101011111101000110011011',,,0.24647887323943662
'010000000100001000000100000110010111100000011110010000000110000100001001',,,0.09859154929577464
'000000001011001110111100000110000000000000011000011010011000000110001001',,,0.13380281690140844
'000010000100001110000100000110000000000000011010010000111010000100001001',,,0.14788732394366197
'111111110011110111000011000001101000001111111011100101111011111000110111',,,0.20422535211267606
'000010000000001000000100011000000000010000011010010000000010000101001000',,,0.13380281690140844
'101111111011110111111011100111101000001111100001101111011001111011110110',,,0.14084507042253522
'011000001100000000111100111110000000010000000000011010100001000111010100',,,0.21830985915492956
'111111111100110111111011100001111111101111111101101111111101111011110110',,,0.09859154929577464
'111001111000110111111001100111101000001111000001101111110001001011110110',,,0.2112676056338028
'101110000100110111000011100001101000000000100010110100110011111100010111',,,0.30985915492957744
'111101111111110111111011000001111111101111111101101111011101111010110111',,,0.16901408450704225
'101101110000110001000011111001111111111111111111100101000111111001110110',,,0.19014084507042253
'101111110000110001000011011001101000011111100011100101000011111001110110',,,0.16901408450704225
'011110001100000111111110111000000000010000100000011010010001111110010101',,,0.24647887323943662
'101101111011110001111011000111111111101111100101101111010101111010110111',,,0.2112676056338028
'010010001011001000111100011000010111110000000100011010000100000011001000',,,0.22535211267605634
'110110100000101001000111011111111111110100111110000101000110111001101000',,,0.2535211267605634
'000010001111001110111100111110000000010000000000011010011000000111001000',,,0.23943661971830985
'010000100011001000000100100000000000000000000010010000000010000000001001',,,0.09859154929577464
'101001111100110111111001011111111111111111000101101111110101001011110110',,,0.19014084507042253
'001110001100000001111110000000000000000000100000011010000001111110010101',,,0.22535211267605634
'111011011000110111111001111001101000011011000001101111110001000111110110',,,0.23943661971830985
'111011110011110111000001111001101000011111000011100101011011001001110110',,,0.23943661971830985
'111100111100110001111011100111111111101111111101101111010111111011110110',,,0.19718309859154928
'000110001000001110111110000110000000000000100000011010010000110110001001',,,0.19014084507042253
'100011110011111000000001011001111111111111011111100101001110000001101010',,,0.22535211267605634
'101100101100010001111011011111111111111100100100101111110101111011110100',,,0.176056338028169
'101001111111110001111001111001101000011111000001101111100001001011110110',,,0.176056338028169
'111101111100110111111011111001111111111111111101101111011101111011110110',,,0.1056338028169014
'111111111000110001111011000111101000001111100001101111010001111011110110',,,0.16901408450704225
'000010000100001000000100100110010111100000000110010000100110000100001001',,,0.1267605633802817
'111111011111110001111011111001101000011011111001101111001001111111110110',,,0.1619718309859155
'101101110011110111000011011111101000011111111011100101011011111001110110',,,0.15492957746478872
'111001111111110111111001100111111111101111000101101111111101001011110110',,,0.1619718309859155
'100100100000001001000111111111111111110100100110010101000110111001101000',,,0.2323943661971831
'111001111100110110111001111001111111111111011101111111111101001011010110',,,0.19014084507042253
'000110000011001000011110000000000000000000100000011010100000110110001001',,,0.20422535211267606
'101001011111110111111001011001111111111111011101101111111101001111110110',,,0.176056338028169
'000100000011001000000110111000000000010000100010010000000010110100001001',,,0.176056338028169
'011101111111000001111110000000000000000011100001011010100001111010010101',,,0.28169014084507044
'000010001000001000111100111110010111110000000100011010100100000111001000',,,0.2323943661971831
'101101111111110111111011100001101000001111100001101111111001111011110110',,,0.14084507042253522
'010011101011001000000100100000000000000101011000011010001010000000001001',,,0.20422535211267606
'001010001111000000111100011000000000010000000000011010000001000111010100',,,0.24647887323943662
'111111111100110111111011100111101000001111100001101111110001111010110111',,,0.16901408450704225
'111001011111110110111001011111111111111111011101101111111101001111110110',,,0.1619718309859155
'111101110011110111000011100001111111101111100111100101111111111001110110',,,0.15492957746478872
'111101110100110001000011100111111111101111100111100101010111111001110110',,,0.19718309859154928
'010000001011001000111100100000010111100000011100011010001100000110001001',,,0.1619718309859155
'101011110011110111000001011111111111111111000111100101111111001001110110',,,0.18309859154929578
'010010001111001000111100011000000000010000000000011010000000000111001000',,,0.18309859154929578
'000100000111001000100110000110010111100000111100010010101100110100001001',,,0.23943661971830985
'101111110011110001000011111111111111111111100111100101110111111001110110',,,0.14084507042253522
'001011000100000000000100011000000000010011011010010000100011000101010100',,,0.2605633802816901
'010000000000001000000100100000010111100000000110010000000110000100001001',,,0.08450704225352113
'000000000011001110111100000000000000000000000000011010101000000110001001',,,0.1619718309859155
'010110000011001110000110111000010111110000111110010000111110110000001001',,,0.2535211267605634
'000000000011001110000100100000000000000000000010010000101010000100001001',,,0.1267605633802817
'011100000100000001000110011000000000010000100010010000100011111100010101',,,0.21830985915492956
'010100100000001111000110000000010111100100100110010000100110111000001001',,,0.23943661971830985
'010110000111001000000110100110000000000000111010010000001010110100001001',,,0.18309859154929578
'000010001111001000111100100000000000000000000000011010000000000110001001',,,0.11971830985915492
'101100110100000111000011111001101000011100100011100101110011111001110100',,,0.22535211267605634
'111100111011110001111011111001111111111111111101101111101101111011110110',,,0.13380281690140844
'010110001111001110111110000110000000000000111000011010011000110110001001',,,0.19014084507042253
'010000001100001110111100111110000000010000000000011010010000000111001000',,,0.22535211267605634
'101111111011110111111011100111101000001111100001101111111001111010110111',,,0.15492957746478872
'000000001011001000111100000110010111100000011100011010001100000110001001',,,0.14084507042253522
'101110111100110111111011000111111111101110111101101111111101111011110110',,,0.1267605633802817
'010010001000001110111100011000010111110000011100011010101100000110001001',,,0.21830985915492956
'010000000000001110000100100110000000000000000010010000010010000100001001',,,0.11971830985915492
'101101110111110001000011100001101000001111111011100101001011111000110111',,,0.2676056338028169
'000011011011111110111100000000010111100011000101011010101100000110001011',,,0.23943661971830985
'010001000011111110000100000110000000001011000010010000111010000100001011',,,0.2112676056338028
'000001001011001000111100000000000000000001011000011010001000000110001001',,,0.15492957746478872
'101101111100110111111011000111111111101111111101101111111101111010110111',,,0.15492957746478872
'111001111011110111111001000001101000001111011001101111111001001011110110',,,0.19718309859154928
'001110001111000001111110000110010111100000100100011010110101111110010101',,,0.2605633802816901
'111101110100110111000011011111111111111111111111100101011111111001110110',,,0.14084507042253522
'010000100000001110000100000000011111100100000110010000000110000000001001',,,0.14084507042253522
'100101110000111111000011100111101000001111111011100101011010111000101011',,,0.2676056338028169
'101111111111110111111011111001101000011111100001101111011001111011110110',,,0.13380281690140844
'110100001100001001111111000001111111100000100100001111000100110111101000',,,0.2605633802816901
'000010000100001000000100100110010111100000011110010000100110000100001001',,,0.14084507042253522
'111111111000110001111011000111111111101111111101101111110101111011110110',,,0.13380281690140844
'010010001000001110000100000000010111100000011110010000101110000100001001',,,0.1619718309859155
'000011000011001000000100000110000000000001011010010000001010000100001001',,,0.11971830985915492
'101111111100110001111011011001111111111111100101101111100101111011110110',,,0.11267605633802817
'000011110011001000000100000110010111100011011111010000001110000000001001',,,0.16901408450704225
'101101111000110111111011111001111111111111111101101111111101111011110110',,,0.08450704225352113
'011001010111000000000100100110000000000011000000010010110011000100010101',,,0.21830985915492956
'001100001100000111111110000000000000000000100000011010110001111010010101',,,0.2605633802816901
'101011011100110110111001011001101000011011011001101111111001000111110110',,,0.24647887323943662
'010000001011001110111100111000010111110000011100011010101100000111001000',,,0.2605633802816901
'110101110011111111000011000111111111101111100111100101011110111000101011',,,0.23943661971830985
'010001011011001110111100000000010111100011011101011010101100000110001001',,,0.22535211267605634
'010010001100001000111100100000010111100000011100011010100100000110001001',,,0.16901408450704225
'001110001100000111000110100000000000000000100010010000110011111100010101',,,0.24647887323943662
'101101110011110111000011000001111111101111111111100101011111111000110111',,,0.21830985915492956
'101011111011110001111001100001101000001111000001101111000001001011110110',,,0.2323943661971831
'001010001100000110010100111000000000010000000010010000010011000101010100',,,0.2676056338028169
'000000001100001110111100000000010111100000000100011010000100000110001001',,,0.1267605633802817
'100001111000111110111001011111111111111111011101101111111100000011101010',,,0.21830985915492956
'111101110100110001000011011111111111111111111111100101010111111001110110',,,0.176056338028169
'111001110111110001000001111111101000011111011011100101111011001001110110',,,0.18309859154929578
'111101110111110111000011100001111111101111111111100101011111111001110110',,,0.1619718309859155
'111110111100010001111011100001111111101111111101101111100101111011110100',,,0.16901408450704225
'000000001000001110111100100110010111100000011100011010111100000110001001',,,0.176056338028169
'101111110100110001000011111111101000011111100011100101010011111001110110',,,0.18309859154929578
'000100000000001000000110011000010111110000111110010000000110110100001001',,,0.19014084507042253
'111111110111110001000011000111101000001111111011110100111011111000010111',,,0.23943661971830985
'010010000100001000000100111110000000010000000010010000100010000100001001',,,0.13380281690140844
'000100000000001000000110100110000000000000100010010000000010110100001001',,,0.14788732394366197
'111001111011110001111001111111111111111111000101101111110101001011110110',,,0.176056338028169
'111101111000110001111011000111111111101111111101101111110101111010110111',,,0.18309859154929578
'111101111100010001000011111111111111111111111111100101010111111001110100',,,0.18309859154929578
'101111111011110001111011000001111111101111111101101111101101111011110110',,,0.14084507042253522
'010010000011101110000100000000010111100000011110010000001110000100001001',,,0.13380281690140844
'000010001011001000111100100110000000000000011000011010101000000110001001',,,0.176056338028169
'101101010100110111000011000111111111101111111111100101111111111100010111',,,0.19718309859154928
'000010000000001110000100111110000000010000011010010000011010000101001000',,,0.19014084507042253
'001000001100000000111100011000000000010000000000011010100001000110010101',,,0.19718309859154928
'010000000000001110000100111110010111110000000110010000110110000101001000',,,0.22535211267605634
'010100001100001000111110111110000000010000111000011010000000110110001001',,,0.22535211267605634
'101001111100110001111001011001111111111111011101101111100101001011110110',,,0.19014084507042253
'111111111111110111111011000111111111101111111101101111011101111011110110',,,0.1056338028169014
'111101110111110111000011000001101000001111111011100101111011111001110110',,,0.1619718309859155
'100111011011111111010011111111111111111011100101100111011110111111101010',,,0.2112676056338028
'101101110100010001000011111111111111111111100111100101110111111001110110',,,0.16901408450704225
'000110101011001001111110000000000000000000111000011010001000111010001001',,,0.2535211267605634
'000010001000001000111100011110010111110000011100011010100100000110001001',,,0.19718309859154928
'111111111011110001111011100001101000001111111001101111101001111011110110',,,0.14084507042253522
'101011111011110001111001111001101000011111000001101111100001001011110110',,,0.176056338028169
'111101010111010001000111100111101000001011111011110100011011111100010101',,,0.28169014084507044
'101100111100000001111011000001111111100110111101101111100101111011110100',,,0.2323943661971831
'010010000111001110000100100110000000000000000010010000011010000100001001',,,0.1267605633802817
'110010100011111110000001111001111111110100000110010101001110000101001010',,,0.30985915492957744
'101100101100000001111011011001111111110100111100001111100101111011110100',,,0.20422535211267606
'000001011000111110111100100000010111101011011100011010001100000110001011',,,0.22535211267605634
'000110000011001000000110111110000000010000100010010000100010110100001001',,,0.2112676056338028
'101111110000110111000011000111111111101111100111100101110111111000110111',,,0.21830985915492956
'010000001000001110111100111110010111110000011100011010111100000110001001',,,0.21830985915492956
'110110001011111111111011000001111111101100100100001111011100111110101011',,,0.3028169014084507
'010010000100001000000100000110010111100000011110010000000110000100001001',,,0.1056338028169014
'100011110011111110000001111111101000011111011011100101011010000101101010',,,0.2535211267605634
'101100111111010001111011111001101000011111100001101111100001111011110110',,,0.15492957746478872
'110001111011111110111001000001111111101111000101101111001100000011101010',,,0.24647887323943662
'010000001100001110111100000110010111100000011100011010111100000110001001',,,0.176056338028169
'100001111011111110111001111001111111111111011101101111001100000011101010',,,0.22535211267605634
'111101111000110111111011011001101000011111100001101111010001111011110110',,,0.14788732394366197
'000011000011001000000100100110010111100000011110010000001110000100001001',,,0.13380281690140844
'010010001000001000111100111110000000010000000000011010000000000110001001',,,0.15492957746478872
'000010000100001110000100111110010111110000000110010000010110000100001001',,,0.15492957746478872
'000000000000001110000100111000000000010000000010010000000010000100001001',,,0.09154929577464789
'010010000000001000000100100000000000000000011000011010100010000100001001',,,0.13380281690140844
'111111110111110001111011111111111111111111111101101111111101111011110110',,,0.07042253521126761
'001010000111100000000100011110010111110000000110010000110111000101010100',,,0.29577464788732394
'000001000000001110000100100110000000000000011010010000011010000100001001',,,0.13380281690140844
'000011011011111110111000000110010111101011011101101011111100000110010011',,,0.2676056338028169
'101111110100010001000011011001111111111111100111100101100111111001110100',,,0.16901408450704225
'010010000111001110000100000000000000000000011010010000101010000100001001',,,0.13380281690140844
'110011110011111110000000000111100000001111000011110000011010000000001011',,,0.22535211267605634
'110101111011111111111011100001111111101111100101101111011100111011101010',,,0.21830985915492956
'100100101000101111111010000001111111100100100100001011100100111010101001',,,0.2887323943661972
'001010000100000000000100111110000000010000000010010000000011000101010100',,,0.22535211267605634
'011010000111000000000100111110000000010000000010010000110011000100010101',,,0.2112676056338028
'000000001100001000111100000110000000000000000000011010000000000110001001',,,0.1056338028169014
'010010000100001000000100011000000000010000000010010000000010000101001000',,,0.1267605633802817
'010110001000001000111110000110010111100000100100011010000100110110001001',,,0.19718309859154928
'000000001100001000111100011000010111110000011100011010000100000110001001',,,0.15492957746478872
'010010000000001110000100011000000000010000011010010000101010000100001001',,,0.16901408450704225
'100011111111111110111001011001111111111111011101101111011100000011111010',,,0.21830985915492956
'011001110100000000000100011111000000010111011011110000000011001001010100',,,0.30985915492957744
'000110101000001001111010000110000000000000100000001011000000110010101001',,,0.23943661971830985
'000100001111001110111110000110000000000000100000011010011000110110001001',,,0.2112676056338028
'101101111111110001111011100111111111101111100101101111110101111010110111',,,0.18309859154929578
'101101110011110111000011011111101000011111100011100101111011111001110110',,,0.14084507042253522
'011001011111110110111000100110000000001011000001111010111001000110010111',,,0.22535211267605634
'101111111100110111111011000001101000001111111001101111111001111010110111',,,0.18309859154929578
'010011000111001110000100000110000000000001011010010000111010000100001001',,,0.15492957746478872
'010000000111001110000100011000000000010000000010010000001010000101001000',,,0.16901408450704225
'101111110100110111101011011001101000011111100001101111110001111011110110',,,0.13380281690140844
'101100100100000111000010100111000000001100100011110000010011111000010101',,,0.3028169014084507
'010000000100001000000100111110000000010000000010010000000010000100001001',,,0.09859154929577464
'010010001011001000111100111110010111110000000100011010000100000110001001',,,0.19014084507042253
'001110000100000001000110100110000000000000111010010000110011111100010101',,,0.2323943661971831
'010010001000001000111100111110010111110000000100011010100100000111001000',,,0.24647887323943662
'100110111000111111111011000111111111101100111101101111011100111010101011',,,0.2323943661971831
'100110100011001001000111011111111111110100100110000101000110111001101000',,,0.23943661971830985
'011110001100000001111111111110101000010000100000001111010001111111110100',,,0.19718309859154928
'111111110000110111000011111001111111111111111111100101111111111001110110',,,0.11971830985915492
'000110000000001111000110000110000000000000100010010000010010111100001001',,,0.19718309859154928
'010010001011001000111100011110000000010000011000011010101000000111001000',,,0.2535211267605634
'000110001100001000111110000000000000000000111000011010000000110110001001',,,0.16901408450704225
'000011011000101110111100100110000000000011011000011010011000000110001001',,,0.20422535211267606
'010010000000001000001100100000010111100000011100011010100110000100001001',,,0.18309859154929578
'100001110011111110000001011001111111111111000111100101001110000001101010',,,0.21830985915492956
'001010000100000000000100011110000000010000000010010000100011000101010100',,,0.2323943661971831
'100100101011000001111011011001101000010100100000001111000000111011100100',,,0.18309859154929578
'111111110111110001000011111111101000011111111011110100011011111001110110',,,0.2535211267605634
'000110000000001000000110000000000000000000100010010000000010110100001001',,,0.11971830985915492
'011110000100000001100110000110000000000000100010010010010011111100010101',,,0.2535211267605634
'010011000000001000000100000110010111100000000110010000000110000100001001',,,0.11971830985915492
'000010000011001110000100111110000000010000011010010000011010000100001001',,,0.13380281690140844
'101110111100010001111011011001111111111110100101101111000101111011110110',,,0.176056338028169
'001010000100000000000100111110000000010000011010010000100011000101010100',,,0.23943661971830985
'010100001100001000111110000110000000000000111010011000000000110110001001',,,0.20422535211267606
'111111111011110001111011011111101000011111111001101111011001111011110110',,,0.11971830985915492
'010100000000001110000110000110000000000000111010010000011010110100001001',,,0.19014084507042253
'011001011111000000111100011000000000010011011001111010101001000111010100',,,0.28169014084507044
'000010101000001110111100111000000000010100000000001010000000000011101000',,,0.2112676056338028
'111111111011110111111011111001101000011111100001101111011001111011110110',,,0.1267605633802817
'101110110100110001000011011111111111111110100111100101110111111001110110',,,0.176056338028169
'111011110011110111000001111111111111111111000111100101111111001001110110',,,0.176056338028169
'111100111100110001111011011111111111111110111100101111110101111111110110',,,0.15492957746478872
'000000000011001000000100000110000000000000000010010000000010000100001001',,,0.07042253521126761
'010011001011111110111100100110010111101001011100011010011100000110001011',,,0.22535211267605634
'011001011100110001111000000110000000001011011001111010000001000110010111',,,0.28169014084507044
'000111100011011111000010100001010111101111100111010000011110111000001001',,,0.323943661971831
'011110000100000001000110100110000000000000100010010000110011111100010101',,,0.21830985915492956
'000000000000111110000100000110010111100000011110010000111110000100001011',,,0.1619718309859155
'010010000000001000111100111110010111110000000100011010100100000111001000',,,0.24647887323943662
'000010001100001000111100100000010111100000011100011010100100000110001001',,,0.16901408450704225
'010010001000001000111100000000010111100000000100011010000100000110001001',,,0.1267605633802817
'000010000011001000000100100110010111100000011110010010101110000100001001',,,0.15492957746478872
'101011111000110001111001100001111111101111000101101111100101001011110110',,,0.19718309859154928
'111111111111110001111011100001111111101111111101101111001101111011110110',,,0.15492957746478872
'101111110011110111000011011001101000011111111011100101011011111001110110',,,0.1619718309859155
'101111111100110111111011111111101000011111100001101111010001111011110110',,,0.14084507042253522
'000000101011001000111000011001000000010100011000111010001000000011101000',,,0.24647887323943662
'010010001000001110111100111110000000010000000000011010010000000111001000',,,0.23943661971830985
'010010001011001000111100000000000000000000000000011010000000000110001001',,,0.11971830985915492
'110110101000001111111111011001111111110100100100001111000100111011101000',,,0.23943661971830985
'000101110011011111000010100001110111101111111111100101011110111000101011',,,0.2887323943661972
'010100001000001110111110100000000000000000111000011010001000110010001001',,,0.23943661971830985
'111101111100110111111011100001111111101111100101101111010101111010110111',,,0.19718309859154928
'001000000100000000000100000110000000000000011010010000100011000100010101',,,0.18309859154929578
'010000001100001000111100111110010111110000000100011010000100000110001001',,,0.1619718309859155
'000001000011001110000100100000000000000000000010010000101010000100001001',,,0.14788732394366197
'000000011011001110111000011110000000011010011001111010011000000011001000',,,0.2605633802816901
'010000001100001000111100011000010111110000011100011010100100000111001000',,,0.22535211267605634
'111111110100110001000011111001101000011111100011100101000011111001110110',,,0.15492957746478872
'111111110100110111000010011111101000011111111011100101111011111101110110',,,0.1619718309859155
'010110001100001000000110111000000000010000111010010000000010110100001001',,,0.19014084507042253
'101101110011110111000011100001101000001111111011100101111011111001110110',,,0.1619718309859155
'101111110011110111000011111001101000011111100011100101011011111001100110',,,0.19718309859154928
'101101111100110111111011100001111111101111111101101111011101111010110111',,,0.19014084507042253
'110010101000001000111001111001011111110100011100001011000100000011101000',,,0.3028169014084507
'001010001111000000111100011110010111110000000100011010110101000111010100',,,0.29577464788732394
'010110001011001000111110100110010111100000100100011010000100110110001001',,,0.21830985915492956
'111111110100110001000011011111101000011111111011100101010011111001110110',,,0.176056338028169
'101111110100110001000011000001101000001111111011100101100011111001110110',,,0.19014084507042253
'111010100100000000000100011001000000010100000010010000000011001101010100',,,0.2535211267605634
'011011000100000000000100111000000000010000000010010000100011000101010100',,,0.21830985915492956
'010110001111001000111110000110000000000000100000011010000000110110001001',,,0.18309859154929578
'110011111011111110111001111001111111111111000101101111001100000011101010',,,0.24647887323943662
'011100001100000001111110000000000000000000111000011010000001111110010101',,,0.2323943661971831
'000010001100001000111100011000010111110000000100011010000100000111001000',,,0.19014084507042253
'111111110000110111000011100001101000001111100011100101110011111000110111',,,0.21830985915492956
'110001111011111110111001000001101000001111000001101111001000000011101010',,,0.2676056338028169
'101111111000000001111011011001101000010111111000101111000001111011110100',,,0.176056338028169
'111001111111110111111001000111111111101111011101101111111101001011110110',,,0.15492957746478872
'110011111011110001111001111111101000011111011001101111101001001011100110',,,0.19718309859154928
'100011110011111110000001011111101000011111011011100101011010000001101010',,,0.2323943661971831
'000001010011111110000000100110011111101011000111110000111110000000001011',,,0.2112676056338028
'000110001111001110111110000000000000000000100000011010111000110110001001',,,0.24647887323943662
'101111111111110001111011000111111111101111111101101111011101111110110111',,,0.19014084507042253
'010000001011101110111100000110010111100000000100011010011100000110001011',,,0.16901408450704225
'111101111011110111111011011111101000011111111001101111011001111011110110',,,0.11267605633802817
'000010001111001000111100111000000000010000000000011010000000000110001001',,,0.14788732394366197
'010010000111001000000100011110010111110000000110010000000110000100001001',,,0.13380281690140844
'110110110011111111000011100001111111101111111111100101011110111001101010',,,0.2323943661971831
'111001111000110111111001011111101000011111011001101111111001001011110110',,,0.16901408450704225
'011100011100000001111110000000000000000010111001011010100001111010010101',,,0.2676056338028169
'101101111100110001111011000111111111101111100101101111010101111011110110',,,0.176056338028169
'000011010011111110000100000110000000000011011010010000011010000100001011',,,0.176056338028169
'010000000100001110000100111110010111110000011110010000111110000100001001',,,0.16901408450704225
'101101111100110111111011100001101000001111100001101111010001111010110111',,,0.21830985915492956
'010100000111001110000110100000000000000000111010010000111010110100001001',,,0.21830985915492956
'010010000000111110000100100110000000000000011010010000011010000100001011',,,0.18309859154929578
'001011011111010001011101100110000000001011000001101001110011000110010101',,,0.34507042253521125
'101101110111110001000111100111101000001111111011110100011011111100010111',,,0.29577464788732394
'001100001111000001111110100000010111100000100100011000100101111110010101',,,0.2746478873239437
'011010000111000000000100111110000000010000000010010000010011000101010100',,,0.23943661971830985
'101111110000110111000011111111111111111111111111100101111111111001110110',,,0.1056338028169014
'100001111000111110111001011111101000011111011001101111011000000011101010',,,0.23943661971830985
'111011111000110001111001111111111111111111000101101111000101001011110110',,,0.2112676056338028
'111111111011110111111011111111101000011111100001101111011001111011110110',,,0.11267605633802817
'111111111111110001111011100111111111101111111101101111111101111011110110',,,0.08450704225352113
'001100000100000001001110000000010111100000111110010000100101111100010101',,,0.2746478873239437
'010010001000001110111100111000010111110000000100011010000100000111001000',,,0.21830985915492956
'101001111111110111111001111111101000011111000001101111111001001011110110',,,0.16901408450704225
'101101111011110001111011111111101000011111100001101111010001111011110110',,,0.14084507042253522
'010000001011111110111100000110000000000000011000011010011000000110001011',,,0.19718309859154928
'010110001100001000111110111110000000010000100000011010000000110110001001',,,0.20422535211267606
'001010001100000000111100111110000000010000000000011010100001000011010100',,,0.2535211267605634
'111001111111110001111001111111111111111111000101101111110101001011110110',,,0.16901408450704225
'101101110000110111000011100111111111101111100111100101110111111000110111',,,0.21830985915492956
'111111111111110001111011000111101000001111100001101111010001111010110111',,,0.20422535211267606
'111101110111110111000011000111101000001111111011100101011011111001110110',,,0.176056338028169
'100111110011011001000011011001111111111111111111100101001110111001101010',,,0.20422535211267606
'010000000100111110000100100110010111101000011110010000111110000100001011',,,0.176056338028169
'111001110100110111000001011001111111111111011111100101111111001001110110',,,0.18309859154929578
'111111110111110001000011000111111111101111100111100101110111111001110110',,,0.16901408450704225
'010010100011001000000100111110010111110100000110000000000110000001001000',,,0.23943661971830985
'111101110000110001000011111001111111111111100111100101100111111001110110',,,0.14788732394366197
'111101111011110111010011100111111111101111111111101101111111111011110110',,,0.13380281690140844
'101111110111110111000011111111101000011111100011100101111011111001110110',,,0.13380281690140844
'000010100011001000000100000110000000000100011010010000001010000000001001',,,0.1267605633802817
'001000000100000110000100111000000000010000000010010000110011000100010101',,,0.21830985915492956
'010001001011111110111100000110010111101000011101011010111100000110001011',,,0.22535211267605634
'000010001111001000111100000110010111100000011100011010101100000110001001',,,0.18309859154929578
'010000000011001110000100000000010111100000011110010000101100000100001001',,,0.1619718309859155
'111101110011110111100011011111111111111111111101100111011101111001110110',,,0.14084507042253522
'111100110100000111000011111001101000011100100011100101110011111001110100',,,0.2112676056338028
'010110001000001000111110000000010111100000100100011010000100110110001001',,,0.18309859154929578
'000000001011001110111100011110000000010000000000011010111000000110001001',,,0.20422535211267606
'000110101011001001111110100000010111100100100100011010100100111010001001',,,0.2535211267605634
'110101111011111111111011100111111111101111111101101111011100111011101010',,,0.19014084507042253
'000000000000001110000100011110000000010000000010010000010010000001001000',,,0.18309859154929578
'001000000111000000000100000000000000000000000010010000100011000100010101',,,0.16901408450704225
'111101110111110111001011100111111111101111111111100101111101111001110110',,,0.11267605633802817
'110001110011111000000001111111101000011111011011100101001010000001101010',,,0.2605633802816901
'110011111011111110111001000001111111101111000101101111001100000011101010',,,0.2535211267605634
'100100110000111111000011100001111111101111111111100101101110111000101011',,,0.28169014084507044
'011110001000000001111110000110000000000000100000011010100001111110000101',,,0.20422535211267606
'010110100000001001000110000110010111100000100110010000000110110000001001',,,0.20422535211267606
'010010001111001110111100000000000000000000011000011010101000000110001001',,,0.176056338028169
'001000000100000000000100011000000000010000011010010000100011000101010100',,,0.22535211267605634
'101101110000110111000011100111111111101111111111100101111111111000110111',,,0.18309859154929578
'011100000100000001000110100000000000000000111010010000000011111100010101',,,0.22535211267605634
'000000000100001110000100111000010111110000000110010000000110000101001000',,,0.1619718309859155
'001011010100110110000100100000000000001011011011110000111011000100010111',,,0.24647887323943662
'010000000111001110000100000000010111100000000110010000101110000100001001',,,0.13380281690140844
'101001111100110001111001111001111111111111011101101111000101001011110110',,,0.2112676056338028
'010000101100001000111100100110000000000000011000011010000000000010001001',,,0.14788732394366197
'111001110000110111000001011111101000011111000011100101010011001001110110',,,0.24647887323943662
'101101010111110111000111111111111111111111111111100101111111111101110110',,,0.14084507042253522
'000010001000001000111100111000010111110000011100011010100100000011001000',,,0.24647887323943662
'100101110011111001000011000001111111101111111111100101101110111000101011',,,0.2535211267605634
'000000000000001000000100111110010111110000000110010000100110000100001001',,,0.14084507042253522
'111101010111110001000011011111101000011111111011100101111011111101110110',,,0.15492957746478872
'101111111111110001111011000001111111101111111101101111001101111011110110',,,0.176056338028169
'010110000000001001000110000000000000000000100010010000000010110100001001',,,0.14788732394366197
'010000000011001110000100011110000000010000000000010000111010000111001000',,,0.24647887323943662
'011011010100110110000100011000001000011011011011110100111011001101010110',,,0.3028169014084507
'101101110111110001101011100111111111101111100111101101110101111001110110',,,0.16901408450704225
'001001011111110110111000000000000000001011011001111010111001000110010111',,,0.24647887323943662
'000000000100001110000100000110000000000000000010010000110010000100001001',,,0.13380281690140844
'111111111000110001111011000111101000001111111001101111010001111011110110',,,0.16901408450704225
'101110110111010001000011111001111111111111100111100101100111111001110100',,,0.19718309859154928
'101110111100010001111011011001111111111111100101101111100101111011110110',,,0.14788732394366197
'000110000111001000000110011110000000010000100010010000100010110100001001',,,0.2112676056338028
'010010000000001110000100111000000000010000011010010000001010000100001001',,,0.14788732394366197
'010000000000001000000100011110010111110000011110010000000110000100001001',,,0.13380281690140844
'101111111011110001111011011111101000011111100001101111110001111011110110',,,0.11267605633802817
'011110000111000001000110100110000000000000100010010000110011111100010101',,,0.21830985915492956
'101110111111110111111011011111101000011111111001101111111001111011110110',,,0.1056338028169014
'101100111000000001111011011111101000011100111001101111110001111011110100',,,0.18309859154929578
'101011110100110111000001011111111111111111000111100101110111001001110110',,,0.22535211267605634
'101101110011110001000011011001101000011111111011100101001011111001110110',,,0.19718309859154928
'101101110011110001000011011001101000011111100011100101000011111001110110',,,0.19014084507042253
'010010000000001000111100111000010111110000011110010010000100000111001000',,,0.22535211267605634
'101100111100000001111011011001111111110100111101101111100101111011110100',,,0.2112676056338028
'111111111100110111111011000111101000001111111001101111011001111011110110',,,0.14084507042253522
'111111010111110111000011100001111111101011100111100101111111111100110111',,,0.2112676056338028
'101011111100110111111001011001111111111111011101101111111101001011110110',,,0.176056338028169
'010000000011001110000100011000010111110000000110010000001110000101001000',,,0.18309859154929578
'001001011111110110111001011000101000011011011001101111111001000111110110',,,0.22535211267605634
'010110000100101000000110000111010111100000111110010000100110110100001011',,,0.2323943661971831
'000000001000001110111100011110010111110000000100011010010100000110001001',,,0.176056338028169
'000000000011001000000100011000010111110000000110010000100110000001001000',,,0.19014084507042253
'011011011111000000010100011000010111110011011111110000101111000101010100',,,0.29577464788732394
'010001011000001110111100111000000000010011011000011010001000000110001001',,,0.2112676056338028
'110101110011111001000011100001111111101111111111100101001110111000101011',,,0.2746478873239437
'100111111000111111111011111111111111111111111101101111011100111011101010',,,0.15492957746478872
'101110110111000001000011111001101000010110100011100101000011111001110100',,,0.23943661971830985
'101111110011110001000011000001111111101111111111100101101111111000110111',,,0.22535211267605634
'111001111011110001111001011111101000011111011001101111011001001111110110',,,0.2112676056338028
'100101110011111001000011000111111111101111111111100101101110111000101011',,,0.2535211267605634
'011010000100000000000100111110000000010000011010010000100011000101010100',,,0.22535211267605634
'000010000111001000111100111110010111110000000100011010110100000110001001',,,0.22535211267605634
'111011110100110001000001000001111111101111011111100101100111001001110110',,,0.23943661971830985
'101111111100110111111011100001111111101111111101101111111101111010110111',,,0.15492957746478872
'100110100000101001000110100111010111100100111110000001100110111000101011',,,0.28169014084507044
'000000100000001110000100011111000000010100000010010000010010000001001000',,,0.19718309859154928
'000110000011001110000110000110000000000000100010010000111010110100001001',,,0.19718309859154928
'111101111100110001111011100111101000001111100001101111110001111010110111',,,0.176056338028169
'111111110011110111001011011001101000011111111011100101111001111001110110',,,0.1267605633802817
'001011011111110000111000000110000000001011011001111010111001000110010111',,,0.2535211267605634
'010100001100001110111110000000010111100000111100011010011100110110001001',,,0.21830985915492956
'111111110100110001101011100001101000001111111011100101100001111001110110',,,0.1619718309859155
'101011000111000000000101111000111111110001000110010100100111000101010100',,,0.2887323943661972
'101011011100110110111001111111101000011011011001101111011001000111110110',,,0.23943661971830985
'000000001000001000111100111000000000010000000000011010000000000011001000',,,0.176056338028169
'101101010111110111000011100111101000001111111011100101011011111100110111',,,0.24647887323943662
'101100101111000001111011011001111111110100100101101111100101111111110100',,,0.22535211267605634
'010000001011001000111100011110000000010000000000011010000000000110001001',,,0.15492957746478872
'010001001000101110111100100110010111100011011100011010011100000110001001',,,0.20422535211267606
'010000000100001110000100011000000000010000011010010000101010000101001000',,,0.19718309859154928
'001000111111000000111100011000010111110111000101111010100101001011110100',,,0.31690140845070425
'101111000111110001000110100000101000001011100010000100000011111100110111',,,0.3380281690140845
'000100101000001001111110100110000000000100111000011010000000111010001001',,,0.23943661971830985
'010000000000001000000100000000000000000000000010010000000010000100001001',,,0.056338028169014086
'100111111011111001111011000111101000001111111001101111001000111010101011',,,0.2535211267605634
'111111111100110111111011000111101000001111111001101111111001111010110111',,,0.15492957746478872
'001000001100000000111100111110000000010000011000011010000001000111010100',,,0.24647887323943662
'010000000000001110000000111110010111110000000110010000110110000100001001',,,0.22535211267605634
'110011110011111110100001011001111111111111011101100111101110000001101010',,,0.2676056338028169
'010000001100001110101100100110000000000000011000010010111000000110001001',,,0.2112676056338028
'000010000111001000000100000110000000000000011010010000101010000100001001',,,0.13380281690140844
'101101110000110001000011011111111111111111100111100101010111111001110110',,,0.18309859154929578
'010010001111001000111100011000010111110000011100011010001100000111001000',,,0.22535211267605634
'011111010111000001000111100000111111100011111111110101001111111100010101',,,0.2746478873239437
'101111110011110001000011000111101000001111111011100101111011111000110111',,,0.20422535211267606
'011001011111000000000100000000000000000011011011110000101011000100010101',,,0.22535211267605634
'101111110100110001000011011111111111111111100111100101110111111101110110',,,0.16901408450704225
'111011011111110110111001111001111111111011011101101111111101000111110110',,,0.19014084507042253
'010010000011001000000100111110010111110000000110010000000110000100001001',,,0.14788732394366197
'010010111011111110111000111000000000010111011001111010001000000011001010',,,0.323943661971831
'010010001000001110111100111110000000010000000000011010010000000011001000',,,0.2535211267605634
'010010000000001000000100100110000000000000000010010000100010000100001001',,,0.11267605633802817
'001010000111000000000100011000010111110000000110010000100111000101010100',,,0.2676056338028169
'010000001011001000111100111000010111110000000100011010000100000110001001',,,0.16901408450704225
'001110000100000001000110000110000000001000100011010000110011111000010101',,,0.2676056338028169
'010011111011111110111000000110000000001011011001111010111000000010001011',,,0.24647887323943662
'110001010011111110101001111111101000011011000010101101011000000111101010',,,0.31690140845070425
'110110101011001001000011100001111111100100100110000001000110111000101001',,,0.30985915492957744
'101101111000110111111011100001101000001111100001101111110001111010110111',,,0.18309859154929578
'010100000011001110000110000000010111100000100110010000111110110100001001',,,0.22535211267605634
'111111110111110111000011100111101000001111100011100101011011111000110111',,,0.21830985915492956
'101001111100110111111001100111111111101111011101101111111101001011110110',,,0.176056338028169
'000010000000001110000100000000010111100000011110010000101100000100001001',,,0.15492957746478872
'101011111100110110111001011111101000011111011001101111111001001011110110',,,0.19718309859154928
'110110101000001001111011111111111111110100111100001111000100111011101000',,,0.24647887323943662
'111100110111000001000011111001101000010100100011100101100011111001110100',,,0.22535211267605634
'000000000011001110000100011110010111110000011110010000111110000100001001',,,0.14084507042253522
'111100101100000001111011111001111111110100100100001111000101111011110100',,,0.18309859154929578
'000010001000001110111100100000010111100000011100011010101100000010001001',,,0.19718309859154928
'101101110100110111000011111001101000011111100011100101110011111001110110',,,0.1619718309859155
'010000001011001110111100111110000000010000011000011010011000000111001000',,,0.22535211267605634
'000000000011001000000100011110000000010000000010010000000010000001001000',,,0.15492957746478872
'000000001000001000111100011110010111110000000100011010000100000011001000',,,0.20422535211267606
'000000001000001110111100011000000000010000011000011010101000000111001000',,,0.2323943661971831
'111101110000110111101011111111111111111111100111100111110101111011110110',,,0.14084507042253522
'010100001111001110111110100110000000000000100000011010011000110110001001',,,0.21830985915492956
'111100110100000001000011011001101000010100100010100101000011111001110100',,,0.2323943661971831
'010000000011001000000100000000000000000000011010010000001010000100001001',,,0.1056338028169014
'011100000100000001000110100110000000000000111010010000010011111100010101',,,0.23943661971830985
'010000000000001110000100111000000000010000000010010000000010000101001000',,,0.14788732394366197
'000010000011101110000100100110000000000000011010010000111010000100001001',,,0.14788732394366197
'011110000100000111000110011110000000010000100010010000110011111100010101',,,0.23943661971830985
'101011111111110111111001011001111111111111000101101111111101001011110110',,,0.176056338028169
'100011011000111110111001011111111111111111011101101111011100000111100010',,,0.2605633802816901
'010010000111001000000100111000010111110000011110010000001110000100001001',,,0.14788732394366197
'100101110011111001000011111111111111111111111111100101001110111001101010',,,0.20422535211267606
'010100001100001110111110100110000000000000100000011010010000110110001001',,,0.2112676056338028
'000010000100001000101100100000000000000000000000011010000000000110001001',,,0.1056338028169014
'011010000100000000111100011000000000010000000000011010100001001011010100',,,0.23943661971830985
'111111111100010001010011011001101000011111111011100101000011111011110100',,,0.19014084507042253
'111111110100110001000011000001101000001111100011100101000011111001110110',,,0.19014084507042253
'111101111100110111111011100001101000001111100001101111010001111011110110',,,0.1619718309859155
'010100000000001110000110111110000000010000100010010000110010110100001001',,,0.24647887323943662
'100111101011001001111011011111111111111100111101101111001100111011101000',,,0.2323943661971831
'101001111100110111010001111111101000011111011001101111011011001011110110',,,0.2323943661971831
'110111111011111111111011011111111111111111100101101111011100111011101010',,,0.1619718309859155
'011100000111100001000110000110000000000000100010010000110011111100010111',,,0.24647887323943662
'000010000011001110000100000110010111100000000100011000011110000100001001',,,0.1267605633802817
'010000001011001000111100111110000000010000000000011010000000000011001000',,,0.21830985915492956
'100100100000011111000011100110111111101100100110000101010110111000101001',,,0.31690140845070425
'000010001111001000111100000000000000000000011000011010101000000110001001',,,0.176056338028169
'010010001111001000111100011110000000010000000000011010000000000110001001',,,0.15492957746478872
'101111111000110111111011111111111111111111111101101111111101111011110110',,,0.06338028169014084
'000000101000001000111100111000010111110100011100011010000100000011001000',,,0.22535211267605634
'010001001000111000111100100110010111100001000100011010000100000110001011',,,0.19718309859154928
'101110100100010111000011011001101000011100100011100101010011111001110100',,,0.2323943661971831
'101111111011110111111011100001101000001111100001101111011001111011110110',,,0.15492957746478872
'101001110111110001000001000111111111101111000111100101110111001001110110',,,0.24647887323943662
'001011000100000000000100111110000000010001011011010000000011000101010100',,,0.2746478873239437
'000010000100001110000100000110010111100000011110010000111110000100001001',,,0.14084507042253522
'000110000000001000000110000000010111100000111110010000000110110100001001',,,0.15492957746478872
'000010000000001110000100011000010111110000000110010000000110000100001001',,,0.11267605633802817
'000110000111001000000110100110010111100000111110010000001110110100001001',,,0.19014084507042253
'101101111100110111010011111001101000011111100011100101110011111011110110',,,0.1619718309859155
'000110000011001110000110100000010111100000111110010000111110110000001001',,,0.2112676056338028
'101110111100010111111010000111001000001110100001111110110001111010110101',,,0.29577464788732394
'010010000011001000000100111110010111110000011110010000001110000001001000',,,0.2112676056338028
'000000000100001110000100111110010111110000000110010000010110000101001000',,,0.19014084507042253
'111111110100110111000011100001111111101111111111100101111111111001110110',,,0.14084507042253522
'010100000100001110000110100000010111100000111110010000111110110100001001',,,0.22535211267605634
'011100110100000111000111000001000000000110100011110000110011111000010101',,,0.28169014084507044
'011001000100110110000101011000101000011000000011010100110011000101010110',,,0.2887323943661972
'010000000000001000000100011000000000010000011010010000000010000100001001',,,0.09859154929577464
'010110000111001000000110011110000000010000100010010000000010110100001001',,,0.18309859154929578
'001000000111000000000100100000000000000000000010010000100011000100010101',,,0.1619718309859155
'111111110011110111000011000001111111101111111111100101111111111001110110',,,0.14084507042253522
'111111110100110111000011011111111111111111100111100101010111111001110110',,,0.16901408450704225
'000011001011001110111100000110000000000011011000011010011000000110001001',,,0.16901408450704225
'111111111011110111111011100001101000001111100001101111111001111010110111',,,0.16901408450704225
'101101110000110111000011100001101000001111100011100101110011111000110111',,,0.22535211267605634
'100100101000101001111011011111111111110100100100001111000100111011101000',,,0.21830985915492956
'000010000011001000000100111000010111110000000110010000100110000101001000',,,0.19014084507042253
'110110111011111001111011100111111111101111111101101111001100111011101010',,,0.24647887323943662
'100110111011111111111011000001111111101110111101101111011100111011101010',,,0.19718309859154928
'111101111100110111111011100001101000001111100001101111110001111010110111',,,0.176056338028169
'010110000011001110000110100110000000000000100010010000011010110100001001',,,0.19014084507042253
'101110111100110111111011111111111111111110100101101111110101111011110110',,,0.1267605633802817
'101101111000110111111011000001101000001111100001101111110001111011110110',,,0.14788732394366197
'101101110111110001000011100001101000001111111011100101101011111000110111',,,0.23943661971830985
'111111110000110001000011000111101000001111111011100101110011111001110110',,,0.18309859154929578
'000010000111001110000100111000000000010000000010010000101010000100001001',,,0.16901408450704225
'101011111000110001111001000001101000001111011001101111000001001011110110',,,0.23943661971830985
'111111111000110111111011000111101000001111111001101111111001111010100111',,,0.176056338028169
'000010000000001110000100111110010111110000000110010000010110000101001000',,,0.19014084507042253
'111011111100110110010001111111101000011111011011100101111011000001110110',,,0.22535211267605634
'110100101011001001111011000001111111100100100100001111000100111011101000',,,0.2605633802816901
'101111111000110001111011111001111111111111111101101111100101111011110110',,,0.11267605633802817
'111011111011110001111001011111111111111111011101101111011101001011110110',,,0.18309859154929578
'001010000100000000111100111110000000010000000010011000100001000110010101',,,0.22535211267605634
'011001010111000000000100011110000000010011000010110000110011000101010100',,,0.2746478873239437
'001011001100000000111100000000000000000011011000011010100001000110010101',,,0.21830985915492956
'001010000100000000000100111000000000010000000011010000100011000101010100',,,0.22535211267605634
'101100110100010001000011011111111111111100111111100101110111111101110100',,,0.21830985915492956
'111111110100110001000011100111111111101111100111100101110111111001110110',,,0.1619718309859155
'010011011000111110111100000000010111101011011101001010101100000110001011',,,0.24647887323943662
'010000001011101110111100111110010111110000000100011010111100000110001001',,,0.2323943661971831
'000011001011111110111100100110000000001001011001011010011000000110001011',,,0.21830985915492956
'001101010111110001000110011000111111110011111111100101101111111101110110',,,0.24647887323943662
'010010101000001000111000100110010111100100000100011010000100000010001001',,,0.19014084507042253
'001001011100100000111100100000000000000011000001111010100001000010010101',,,0.23943661971830985
'001101011111000001111110011000000000011011111001101011101001111110110101',,,0.2887323943661972
'101110111111110111111011011111101000011111100001101111011001111011110110',,,0.14788732394366197
'111111111111110001111011000001101000001111111001101111001001111010110111',,,0.2112676056338028
'000010000100001110000100000110000000000000011010010000011010000100001001',,,0.11971830985915492
'111100111111000001111011111001111111110110100100101111100101111011110100',,,0.18309859154929578
'000000000100001000000100100000000000000000011010010000000010000100001001',,,0.07042253521126761
'111111110100010001000011111001101000011111111011100101100011111001110100',,,0.15492957746478872
'101101110111110111000011100111111111101111100111100101011111111000110111',,,0.21830985915492956
'011011010111000000000100100000000000000011011011110000101011000100010101',,,0.2112676056338028
'000000001000001110111100111110000000010000011000011010111000000111001000',,,0.2535211267605634
'000000001000001000111100111000010111110000000100011010000100000111001000',,,0.18309859154929578
'000010000100001110000100100000010111100000000110010000100110000100001001',,,0.1267605633802817
'101101110100110111000011100001111111101111111111100101111111111000110111',,,0.20422535211267606
'010110000111001000100110000110010111100000100110010010100110110100001001',,,0.21830985915492956
'000011001011111110111100000000000000000000011000011010001000000110001011',,,0.19718309859154928
'010100000011001110000110000000010111100000111110010000011110110100001001',,,0.18309859154929578
'010010000011001110000100111110000000010000011010010000011010000101001000',,,0.19014084507042253
'010010001011001000111100000110010111100000011100011010101100000110001001',,,0.19014084507042253
'110100100011001001000111100111111111100100111110000100001110111001001000',,,0.3380281690140845
'100011111011111110111001100001111111101111000101101111001100000011101010',,,0.24647887323943662
'101101110100110001000011000111111111101111100111100101110111111000110111',,,0.2323943661971831
'010000000111001000000100000110000000000000000010010000010010000100001001',,,0.1056338028169014
'110100000000111001000011000111111111100000111110000101000110111000101011',,,0.323943661971831
'100110100000001001100111111001111111110100111100000111000100111001101000',,,0.2535211267605634
'000100000111001000000110111000010111110000100110010000000110110100001001',,,0.20422535211267606
'111111110111110111000011000001111111101111111111100101011111111001110110',,,0.1619718309859155
'100111110011111001000011000001111111101111111111100101101110111000101011',,,0.24647887323943662
'101011111100110111111001100111101000001111000001101111010001001011110110',,,0.2535211267605634
'001001000100000000000100000110000000000011011010010000100011000100010101',,,0.2112676056338028
'100100000011001001000111011111111111110000111110000101001110111101101000',,,0.2676056338028169
'010111101011001001111110100110000000000000111000011010001000110010001001',,,0.2746478873239437
'101100100100110001000011100111101000001100100011100101010011111000110111',,,0.2887323943661972
'000000000111001110000100111110010111110000000110010000011110000101001000',,,0.18309859154929578
'011011011100110110111000000000000000001011011001111010111001000110010111',,,0.2535211267605634
'000110000111001110000110111110000000010000100010010000011010110100001001',,,0.2112676056338028
'110101111011111111111011011111111111111111111101101111011100111011101010',,,0.15492957746478872
'101101111011110001111011011111111111111111111101101111111101111011110110',,,0.07746478873239436
'111101110000110111000011111001101000011111100011100101010011111001110110',,,0.18309859154929578
'100110111000111111111011100111111111101100111101101111111100111010101011',,,0.23943661971830985
'111001111111110111111001011111111111111111000101101111011101001011110110',,,0.16901408450704225
'000000000000001000000100000110000000000000011010010000100010000100001001',,,0.09859154929577464
'101101111100110001111011000111101000001111111001101111110001111011110110',,,0.15492957746478872
'001000000100100110000100000110000000000000000010010000110011000100010101',,,0.2112676056338028
'101101111111110001111011111111111111111111100101101111010101111111110110',,,0.15492957746478872
'000100000000001110000110100110010111100000100110010000010110110100001001',,,0.18309859154929578
'101110100100000111000011011001101000010100111010100101011011111001110100',,,0.24647887323943662
'111101111000110111111011111001111111111111111101101111111101111011110110',,,0.08450704225352113
'000011001011001110111100100110010111100001011100011010111100000110001001',,,0.19014084507042253
'111111111000110111000011011001101000011111111011100101011011111001110110',,,0.176056338028169
'100100101011011111111011100111111111101100111101101111011100111010101011',,,0.24647887323943662
'010000001100001000111100111000010111110000011100011010100100000110011001',,,0.20422535211267606
'000010001011001000111100000110000100100000011000011010101100000110001001',,,0.1619718309859155
'110001111011111110111001111111101000011111011001101111011000000011101010',,,0.24647887323943662
'010010001000001000111100011110010111110000000100001010100100000111001000',,,0.2605633802816901
'111001111111110001111001000001111111101111011101101111101101001011110110',,,0.19718309859154928
'010010101000001110111100111000000000010000011000011010001000000011001000',,,0.2535211267605634
'000000001000001000111100111000010111110000000100011010100100000111001000',,,0.2112676056338028
'110011110011111110000001111001111111111111000111100101101110000001101010',,,0.2605633802816901
'010000000011101000000100100000010111100000011110010000101110000100001001',,,0.1619718309859155
'000000001111001110111100000000000000000000011000011010101000000110001001',,,0.16901408450704225
'101011111100110001111001111111101000011111000001101111000001001011110110',,,0.2112676056338028
'111001111100110111111001011001101000011111000001101111010001001011110110',,,0.2112676056338028
'010100001100001110111110100000010111100000100100011010100100110110001001',,,0.2323943661971831
'010110000100001110000110100000010111100000100110010000000110110000001001',,,0.18309859154929578
'001000000100000110000100111110000000010000000010010000110011000100010101',,,0.21830985915492956
'000010001111001000111100000110010111100000000100011010100100000110001001',,,0.176056338028169
'000011000000001000000100100000010111100001011110010000100110000100001001',,,0.14084507042253522
'010011010000111110000100100110010111101011011111110000011110000100001011',,,0.18309859154929578
'000110001111001000111110000000000000000000100000011010100000110110001001',,,0.19718309859154928
'100011111011111110111001100001111111101111011101101111101100000011101010',,,0.2605633802816901
'010000000111001000000100000000000000000000000010010000100010000100001001',,,0.09154929577464789
'101001111000110111111001111001101000011111011001101111111001001011110110',,,0.176056338028169
'101111111011110111111011000111111111101111100101101111111101111011110110',,,0.09859154929577464
'010100001000001000111110100110000000000000100000011010000000110110001001',,,0.19014084507042253
'000110100000001001000110100111000000000100111010010000000010111000001001',,,0.20422535211267606
'111111111000110111111011011111111111111111100101101111010101111011110110',,,0.13380281690140844
'000001000011111110000100000110000000000000011010010000011010000100001011',,,0.1619718309859155
'111111010100110001000011100000110111101011111111100101100111111100110111',,,0.2676056338028169
'101100000100000001101111111001111111110100111100001111100101111101110100',,,0.21830985915492956
'011000000100000000000100011000000000010000000010010000000011000101010100',,,0.19718309859154928
'000000000011001000000100111110010111110000000110010000000110000101001000',,,0.16901408450704225
'011001011111010000111100100110000000001011000001111010110001000110010101',,,0.24647887323943662
'111111110011110111000011100111101000001111100011100101111011111001110110',,,0.15492957746478872
'101111110011110001000011011001111111111111100111100101000111111001110110',,,0.19014084507042253
'000011000111001000000100100110010111100011011110010000101110000100001001',,,0.176056338028169
'101111110100110001000011000111111111101111100111100101110111111001110110',,,0.18309859154929578
'010010000011001000000100011110000000010000000010010000000010000100001001',,,0.11971830985915492
'010110000100001110000110011000000000010000111010010000101010110100001001',,,0.2323943661971831
'000011001000101110111100000000010111100001011100011010101100000110001001',,,0.2112676056338028
'101101111111110111111011011111101000011111111001101111111001111011110110',,,0.09154929577464789
'000110000000001110000110100110010111100000111110010000011110110100001001',,,0.16901408450704225
'111111110111110111000011111001111111111111100111100101011111111001110110',,,0.14084507042253522
'000000001000001000111100011110010111110000000100011010100100000110001001',,,0.176056338028169
'010000000100001110000100100110000000000000011010010000011010000100001001',,,0.11971830985915492
'000110000100001000000110111110010111110000111110010000100110110100001001',,,0.23943661971830985
'010000000000001110000100111000010111110000000110010000000110000001001000',,,0.18309859154929578
'010000000100001110000100111000010111110000011110010000101110000100001001',,,0.16901408450704225
'010010000111001000000100011000000000010000011010010000001010000100001001',,,0.13380281690140844
'111110110100110111000011011111101000011100100011100101010011111001110110',,,0.20422535211267606
'000010001000101110111100100110010111100000000100011010010100000110001001',,,0.176056338028169
'111111110000110111000011100001101000001111111011100101111011111001110110',,,0.16901408450704225
'010100000111001000000110100110010111100000100110010000100110110100001001',,,0.21830985915492956
'111100101100110001111011011111111111111100111100101111110101111011110110',,,0.14788732394366197
'100110100000001001000111100111001000000100100010010000000010111000101001',,,0.2535211267605634
'010001001000001110111100000000000000000000011000011010101000000110001001',,,0.19718309859154928
'101101110111110001000011100001101000001111111011100101101011111000010111',,,0.2323943661971831
'010001000100001110000100011000010111110001011110010000001110000101001000',,,0.19718309859154928
'010010000000001110000100100110000000000000000010010000010010000100001001',,,0.1267605633802817
'000110001011001110111110000110010111100000111100011010111100110110001001',,,0.20422535211267606
'010010001000001110111100100110010111100000011100011010011100000110001001',,,0.16901408450704225
'010000000000001000000100000110000000000000000010010000100010000100001001',,,0.09859154929577464
'101101111011110001111011111111101000011111111001101111011001111011110110',,,0.11971830985915492
'010010001011001000111100111110010111110000011100011010001100000110001001',,,0.19718309859154928
'111100110100110111000011111001111111111111111111100101111111111001110110',,,0.14084507042253522
'000010000100001110000100000110010111100000000110010000010110000100001001',,,0.11971830985915492
'000010001000001000110100011000000000010000000010010010000010000100001001',,,0.1056338028169014
'101111011100110001111011100000101000000011111001101111100001111110110111',,,0.22535211267605634
'101011011111010110111001011110101000011011000001111110111001000111010110',,,0.2746478873239437
'011110000100000001000110100000010111100000111110010000100111111100010101',,,0.23943661971830985
'111001111111110111111001000001111111101111000101101111011101001011110110',,,0.2112676056338028
'001000100100000110000100111000010111110000000110010000110111000001010100',,,0.2887323943661972
'110100111011111001111011100001111111101110111101101111001100111011101010',,,0.2535211267605634
'101101110000110001000011000111101000001111100011100101110011111000110111',,,0.2323943661971831
'111101010111110111000011100111101000001011100011100101011011111100110111',,,0.2535211267605634
'011010001100000110111100011110000000010000000000011010110001000110010101',,,0.2323943661971831
'000001100011001000000100100000010111100111011110010000101110000000001001',,,0.19014084507042253
'111101111011110111111011000001101000001111100001101111111001111010110111',,,0.18309859154929578
'000010000011001110000100111000010111110000011110010000001110000100001001',,,0.14084507042253522
'101111111000110111111011100001111111101111111101101111111101111011110110',,,0.1056338028169014
'110111111011111001111011000001111111101111111101101111001100111011101010',,,0.21830985915492956
'101111111111110001111011011111111111111111100101101111110101111011110110',,,0.11267605633802817
'101101110011110111000011000001111111101111111111100101011111111001110110',,,0.176056338028169
'101101111111010001111011000111111111101111111101101111111101111010110111',,,0.16901408450704225
'010010101000001000111100011000010111110100000100001010000100000011001000',,,0.24647887323943662
'000100000000001110000110011000010111110000100110010000000110110100001001',,,0.19014084507042253
'010110000111001000000110100000000000000000100010010000000010110100001001',,,0.14788732394366197
'001011010111000000000100011000000000010011011011110000001011000101010100',,,0.2887323943661972
'111111011100110001111011000001111111101111100101101111100101111110110111',,,0.19014084507042253
'101111110100110111000011000111111111101111100111100101010111111001110110',,,0.2112676056338028
'101101111100110111111011111001101000011111100001101111010001111011110110',,,0.14788732394366197
'111101111011110001111011100001101000001111100001101111100001111010110111',,,0.18309859154929578
'111101110111110001000011011111111111111111100111100101010111111001110110',,,0.176056338028169
'110111111000111111111011000111111111101111111101101111011100111010101011',,,0.21830985915492956
'010000100000001110000100000110000000000100000010010000010010000000001001',,,0.14084507042253522
'010100000100001000000110000110000000000000111010010000000010110100001001',,,0.1619718309859155
'111001111011110111111001111111111111111111011101101111111101001011110110',,,0.1267605633802817
'100010100000111110000001111111111111111100000110000101010110000001101010',,,0.2746478873239437
'010100101000001001111010100110010111100100100100001011000100111010101001',,,0.2887323943661972
'010000001000001110111100111110010111110000011100011010111100000111001000',,,0.2605633802816901
'101000000100110110000101111000111111111000000111000100110111000101110110',,,0.30985915492957744
'101111110011110111000011100111111111101111111111100101111111111001110110',,,0.11971830985915492
'100101110011111111000011100001111111101111111111100101011110111001101010',,,0.20422535211267606
'111101111111110111111011000111101000001111100001101111111001111011110110',,,0.11971830985915492
'000110001011001001111110000110010111100000111100011010101100110110001001',,,0.24647887323943662
'010011001011001000111100000000010111100001011100011010001100000110001001',,,0.18309859154929578
'000010000111101110000100100000010111100000011110010000101110000100001001',,,0.1619718309859155
'111110001111000001111111111000111111110000100100001111100101111111110100',,,0.20422535211267606
'110110101011001001011111000001111111100100100100001101000110111011101000',,,0.2746478873239437
'101011110011110111000001011001111111111111011111100101111111001001110110',,,0.18309859154929578
'011000000100000000000100111000000000010000000010010000000011000101010100',,,0.19014084507042253
'111001111000110001111001000111101000001111011001101111000001001011110110',,,0.24647887323943662
'010000000011001110000100100000000000100000011010010000001010000100001001',,,0.1267605633802817
'000001000011001110000100100110000000000000000010010000111010000100001001',,,0.1619718309859155
'101101110111110111000011011001101000011111100011100101111011111001110110',,,0.1619718309859155
'010000001011001000111100111110000000010000000000011010000000000110001001',,,0.1619718309859155
'000110001111001000000110000000000000000000111010010000001010110100001001',,,0.19014084507042253
'000011000111001110000100111000010111110001011110010000101110000100001001',,,0.19718309859154928
'010010000011001000000100111000010111110000000110010000000110000100001001',,,0.13380281690140844
'000010000000001000000100011000010111110000011110010000000110000100001001',,,0.11267605633802817
'101101111111110111111011000111111111101111100101101111111101111011110110',,,0.11267605633802817
'010010101000001110111100111110001000010000000000011010010000000011001000',,,0.28169014084507044
'001111011111000001111110000000000000000011111001111010101001111110010101',,,0.28169014084507044
'101101111011110111111011000001101000001111100001101111011001111010110111',,,0.2112676056338028
'111101110000110001000011000001111111101111111111100101100111111001110110',,,0.19718309859154928
'010000001011101110111100100000010111100000000100011010001100000110001011',,,0.176056338028169
'010001001000001110111100100110000000000001011000011010011000000110001001',,,0.19014084507042253
'100110001000111111111011111111111111111000111100101111011100111111101010',,,0.22535211267605634
'010001001000101110111100100110000000000000011000011010111000000110001011',,,0.2323943661971831
'101100110111110001000011111111101000011111100011100101110011111001110110',,,0.18309859154929578
'010000001111001000101100011000010111110000000100011010100100000110001001',,,0.19718309859154928
'111111110011110111000011011001111111111111111111100101011111111001110110',,,0.14084507042253522
'111101111111110111111011011001111111111111100101101111011101111011110110',,,0.11267605633802817
'111101110100110111000011000001111111101111100111100101110111111001110110',,,0.176056338028169
'101101110111110111000011111001111111111111100111110101111111111001110110',,,0.15492957746478872
'010000001011001000000100111000010111110000000110010000000110000101001000',,,0.18309859154929578
'010110001100001000111110100110000000000000111000011010100000110110001001',,,0.21830985915492956
'110111111000111111111011100111111111101111111101101111011100111010101011',,,0.22535211267605634
'011100001100000111111110000110000000000000100000011010110001111110010101',,,0.2323943661971831
'010010001000001000111100111000010111110000011100001010100100000111001000',,,0.2676056338028169
'111001011111110000111001111001111111111011011101101111101101000111110110',,,0.2112676056338028
'110100011011111111111011100001101000001011100000101111011000110110101011',,,0.3380281690140845
'010000000111001000000100000000000000000000000010010000000010000100001001',,,0.06338028169014084
'010010000111001000000100100110010111100000000110010000000110000100001001',,,0.11267605633802817
'100011100000111110000001111111111111111100000110000101110110000001101010',,,0.28169014084507044
'010010001111001000111100011000000000010000000000011010100000000011001000',,,0.22535211267605634
'101100110100000001000011111001101000010110100011100101000011111001110100',,,0.2323943661971831
'010000000011001000000100000000000000000000011010010000101010000100001001',,,0.13380281690140844
'000000000011001110000100111110000000010000000010010000011010000101001000',,,0.18309859154929578
'111101111011110001111011011001101000011111100001101111000001111011110110',,,0.14788732394366197
'111111111000110001111011000001111111101111100101101111000101111011110110',,,0.1619718309859155
'010110001000001000111110100000000000000000100000011010000000110110001001',,,0.16901408450704225
'011011011100110110111000000110000000001011011001111010111001000110010111',,,0.23943661971830985
'111001010111110110000001111000100000011011000011110100111011000101010110',,,0.29577464788732394
'111111110111110001000011000001101000001111111011100101101011111001110110',,,0.18309859154929578
'111111111111110001111011100001101000001111111001101111101001111011110110',,,0.13380281690140844
'110111111011111111111011100001101000001111100001101111011000111010101011',,,0.2746478873239437
'001011011111110110111000100000000000001011000001111010111001000110010111',,,0.2605633802816901
'101111110100110001000011100111111111101111111111100101110111111000110111',,,0.21830985915492956
'011000001100000110111100011110000000010000000000011010110001000110010101',,,0.22535211267605634
'010010000011001000000100111110000000010000000010010000000010000100001001',,,0.1267605633802817
'110101111011111111111011000111111111101111111101101111011100111010101011',,,0.2112676056338028
'000000000000001110000100011000000000010000011010010000101010000101001000',,,0.19014084507042253
'111101110100110001000011100111101000001111111011100101110011111001110110',,,0.176056338028169
'010011000000111110000100100110000000001011011011010000011010000100001011',,,0.2112676056338028
'000010001011001110010100100110000000000000000010010000011010000100001001',,,0.13380281690140844
'000000000111001000000100011000000000010000011010010000101010000101001000',,,0.19718309859154928
'011100001111000001111110000110000000000000100000011010010001111010010101',,,0.2605633802816901
'011000000111000000010100111000000000010000000000010000000011000111010100',,,0.2323943661971831
'001011011111110110111100100110000000001011011001111010111001000110010111',,,0.2323943661971831
'010000001111001000111100000000000000000000011000011010001000000110001001',,,0.14084507042253522
'010010000011001000000100111000010111110000000110010000100110000101001000',,,0.20422535211267606
'111100111100110001111011000111101000001110111001101111010001111011110110',,,0.19014084507042253
'000001000011111000000100100110000000001001011011010000011010000100001011',,,0.18309859154929578
'010000001011101000111100100110010111100000011100011010101100000110001011',,,0.20422535211267606
'010000000011001000000100011110000000010000011010010000001010000101001000',,,0.176056338028169
'010000000100001000000100111110000000010000011010010000000010000100001001',,,0.11267605633802817
'110001111000111110111001000111101000001111011001101111011000000011101010',,,0.2676056338028169
'001110101100000001111110000000000000000000111000011010000001111010010101',,,0.2605633802816901
'111101110111110001000011000001111111101111100111100101100111111001110110',,,0.19014084507042253
'111010111100110111111001111111101000011110000001101111010001001011110110',,,0.2323943661971831
'110100101000001001111010100001010111100100111100001011000100111010101001',,,0.2746478873239437
'101011110111110001000001011111111111111111000111100101110111001001110110',,,0.22535211267605634
'010000001000001000000100100000000000000000011010010000000010000100001001',,,0.09154929577464789
'101101111111110001111011000111111111101111111101101111111101111011110110',,,0.11267605633802817
'000000000111001110001100000110000000000000000010010000011000000110001001',,,0.1619718309859155
'101101110011110111100011000111111111101111100111100101111101111000110111',,,0.19718309859154928
'011001010111000000000100011000000000010011011011110000001011000101010100',,,0.2676056338028169
'010100000000001110000110000110010111100000111110010000111110110100001001',,,0.2112676056338028
'000010001000001110111100111000010111110000000100001010000100000111001000',,,0.22535211267605634
'001000000100000000000100011000010111110000011110010000100111000101010100',,,0.2605633802816901
'000000000111001000000100111110010111110000000110010000000110000101001000',,,0.176056338028169
'001011000100000000000100111000000000010001000010010000000011000101010100',,,0.2323943661971831
'110001110011111110000001111111111111111111000111100101111110000001101010',,,0.23943661971830985
'010110100000001000000110000110000000000000100010010000000010110000001001',,,0.16901408450704225
'111111111000110001111011111001101000011111111001101111000001111011110110',,,0.13380281690140844
'010100001000001000010110100110010111100000100100011010100110110110001001',,,0.24647887323943662
'100101110000111111000011100111111111101111111111100101111110111000101011',,,0.2323943661971831
'101001111000110001111001111001111111111111000101101111000101001011110110',,,0.19014084507042253
'100010100000001110000000111001100000010100000010010000000010000001001000',,,0.19718309859154928
'010000000011001110000100111000010111110000000110010000101110000001001000',,,0.2323943661971831
'101101110011110001000011000001101000001111111011100101001011111001110110',,,0.22535211267605634
'011110000100000111000110000000000000000000100010010000010011111100010101',,,0.23943661971830985
'010110001011001001111110100110000000000000111000011010001000110110001001',,,0.2323943661971831
'000100101000001111111110000000010111100000100100001010000100111010001001',,,0.2676056338028169
'001100001100000001111110000110010111100000100100011010110101111110010101',,,0.2676056338028169
'110011111011111110110001011001111111111011000101101111001100000001101010',,,0.2605633802816901
'000000000000001000100100100110010111100000000110010000100110000100001001',,,0.1267605633802817
'101101110111110111000011011001111111111111100111100101011111111101110110',,,0.18309859154929578
'000000001011001110111100000000000000000000011000011010101000000110001001',,,0.1619718309859155
'010011001000001000111100011110000000010000000000011010000000000011001000',,,0.22535211267605634
'110001110000111110000001011001101000011111011011100101001010000001101010',,,0.2535211267605634
'110100100000001001000111011001111111110100111110000101000110111101101000',,,0.2605633802816901
'010000101000001000111100000000010111100000011100011010000100000010001001',,,0.15492957746478872
'111111011100110111111011111111101000011111100001101111010001111111110110',,,0.14788732394366197
'111101111100110111111011000111111111101111100101101111110101111011110110',,,0.13380281690140844
'000000000111001000000100111000000000010000000010010000000010000100001001',,,0.09859154929577464
'000110000000001000000110100110010111100000111110010000100110110000001001',,,0.21830985915492956
'000001000100111110000100100000010111100000011110010000111110000100001011',,,0.2112676056338028
'010001000011111110000100100110000000000000011010010000011010000100001011',,,0.18309859154929578
'011001111011110110111000000111000000001111000001111010111001000010010111',,,0.2535211267605634
'101101110000110001000011000111101000001111111011100101110011111000110111',,,0.2323943661971831
'000001000011001000000100100110000000000001011010010000001010000100001001',,,0.11971830985915492
'000000001000001110011100100000000000000000000010011000100000000110001001',,,0.14788732394366197
'000001000011001110000100100110010111100000000110010000011110000100001001',,,0.1267605633802817
'101001110111110111000001111111101000011111011011110101011011001001110110',,,0.2323943661971831
'011010011100110110111000100110000000001011000001111010110001000110010111',,,0.24647887323943662
'010010001011101110111100000000000000000000011000011010101000000110001001',,,0.19718309859154928
'111111111100110111111011111001111111111111100101101111110101111111110110',,,0.1056338028169014
'111011111111110111111001011001101000011111011001101111011001001011110110',,,0.19718309859154928
'101001110111110111000001000001111111101111011111100101111111001001110110',,,0.2112676056338028
'100110101000101111111011000001101000000100100000001111000000111010101011',,,0.2605633802816901
'000010001100001110111100100000010111100000000100011010100100000110001001',,,0.16901408450704225
'111100110111110001000011100111101000001100100011100101110011111000110111',,,0.24647887323943662
'111101111000110001111011000001101000001111111001101111100001111011110110',,,0.14788732394366197
'101011111111110001111001100001111111101111011101101111001101001011110110',,,0.23943661971830985
'010000000011001000000100100000000000000000011010010000101010000100001001',,,0.14084507042253522
'111110100100000111000011011001101000011100100011100101000011111001100100',,,0.22535211267605634
'101111111111110001111011011001101000011111111001101111001001111011110110',,,0.15492957746478872
'101101111000110001111011000111101000001111100001101111010001111010110111',,,0.21830985915492956
'000000100000001110000100111000010111110100000110010000000110000001001000',,,0.18309859154929578
'101111111100110111111011000001101000001111100001101111110001111011110110',,,0.14788732394366197
'110011111000111110111001011001111111111111011101101111101100000011101010',,,0.2535211267605634
'010010000100001110000100011110000000010000000010010000110010000100001001',,,0.16901408450704225
'100011110000111110000001111001101000011111011011100101001010000001101010',,,0.2535211267605634
'011011110000110110000000000110000000001011011011110000111011000000010111',,,0.2535211267605634
'000000101011001000111000111111010111110100000100001011000100000011101000',,,0.2676056338028169
'110100110011111111000011000001111111101111111111100101011110111000101011',,,0.2605633802816901
'000100001100001000111110000000000000000000100000011010000000110110001001',,,0.1619718309859155
'101110110100010001000011011001111111111111100111100101100111111001110110',,,0.19014084507042253
'101111111111110001111011000111101000001111111001101111011001111011110110',,,0.15492957746478872
'111101111100110001111011000111101000001111111001101111010001111010110111',,,0.2112676056338028
'111101111011110111111011100111111111101111111101101111111101111010110111',,,0.1267605633802817
'111101111100010001111011111001101000011111111001101111000001111011110110',,,0.14788732394366197
'100100100000111001000011100001111111100100111110000101000110111001101010',,,0.24647887323943662
'111101010111110001000111000111111111101111111111100101111111111100110111',,,0.21830985915492956
'101100000111100110000111111000101000010000111010010100011011111101100100',,,0.33098591549295775
'010010000100001110000100011000010111110000000110010000100110000101001000',,,0.19014084507042253
'000001000011001000000100100000000000000000011010010000001010000100001001',,,0.11971830985915492
'000001001011111110111100000110010111100000000100011010011100000110001011',,,0.2112676056338028
'010011000000001110000100100000010111100000000110010000100110000100001001',,,0.15492957746478872
'010010000011001000000100111000010111110000000110010000100110000100001001',,,0.1619718309859155
'100110100000001001000111111001111111110100100110000101000110111001101000',,,0.21830985915492956
'101111110011110111000011111111111111111111111111100101011111111001110110',,,0.11971830985915492
'000000001011001000111100111000000000010000011000011010101000000111001000',,,0.23943661971830985
'010011100000001000000100000110000000000000011010010000000010000000001001',,,0.13380281690140844
'101011111111110111111001011001101000011111000001101111111001001011110110',,,0.19718309859154928
'010001101011001000111100100110000000000100000000011010010000000010001001',,,0.2112676056338028
'111111110100110111000111100001101000001111111011110100111011111100010111',,,0.2605633802816901
'010000000000001110000100000000010111100000000110010000000110000100001001',,,0.09154929577464789
'101101111111110111111011011001111111111111100101101111011101111011110110',,,0.1267605633802817
'111101111011110111111011000111101000001111100001101111111001111010110111',,,0.16901408450704225
'111111010100110111000011111001111111111111111111100101111111111101110110',,,0.13380281690140844
'011000001111000000111100111000000000010000000000011010100001000011010100',,,0.2323943661971831
'000001011000101110111100100000010111100011011101111011001100000110001001',,,0.2676056338028169
'000110000100001000000110100110010111100000100110010000100110110100001001',,,0.19718309859154928
'001100000100000111000110000110000000000000100010010000110011111100010101',,,0.24647887323943662
'101001111000110001111001011111101000011111000001101111000001001011110110',,,0.20422535211267606
'100100101011000001111011111001101000010100100001101111000001111011100100',,,0.20422535211267606
'101110111111110111111011111111101000011110100001101111111001111011110110',,,0.11267605633802817
'000110000011001110000110000000000000000000111010010000011010110100001001',,,0.16901408450704225
'001111011111110111111010000110101000001011100001111110111001111110010111',,,0.2605633802816901
'000010001100001110111100111000000000010000000000011010000000000111001000',,,0.19014084507042253
'111111110111110111000011100001101000001111100011100101111011111000110111',,,0.20422535211267606
'111110110100000001000011111001101000010100100011100101100011111001110100',,,0.20422535211267606
'111111111100110111111011111111111111111111100101101111010101111011110110',,,0.11971830985915492
'000010000011001110000100011110010111110000011110010000111110000100001001',,,0.14788732394366197
'111101110111110001000011100111111111101111100111100101110111111001110110',,,0.16901408450704225
'011011110000110110000000000000000000001111011011110000111011000000010111',,,0.2746478873239437
'101100101100110111111111011001111111111100100100001111110101111011110110',,,0.19718309859154928
'000110001100001000111110100000010111100000111100011010100100110110001001',,,0.22535211267605634
'001001011111110110111000100110000000001011000001111010111001000110010111',,,0.23943661971830985
'101101111000110111111011000111111111101111111101101111011101111011110110',,,0.13380281690140844
'010110000000001000000110000000010111100000111110010000000110110100001001',,,0.16901408450704225
'101001011100110110111001111001101000011111000001101111110001000111110110',,,0.24647887323943662
'101101110000110001000011100001111111101111100111100101100111111001110110',,,0.176056338028169
'101101110011110001000011000001111111101111100111100101100111111001110110',,,0.19718309859154928
'000011000011111110000100100110010111101011000111010000111110000100001011',,,0.20422535211267606
'001001001100001000111100100110010111100001011100011010100100000110010001',,,0.23943661971830985
'000010000100001000000100000000010111100000011110010000000110000100001001',,,0.09154929577464789
'110001111011111110111001011001111111111111011101101111001100000011101010',,,0.2323943661971831
'100111110011111111000011000111111111101111100111100101011110111000101011',,,0.21830985915492956
'010010000000001000000100100000000000000000000010010000000010000000001001',,,0.08450704225352113
'110001110011111000000001111001111111111111011111100101101110000001101010',,,0.2535211267605634
'000011000011001110000100100000000000000000000010010000101010000100001001',,,0.15492957746478872
'111011110011110111000001111001111111111111011111100101111111001001110110',,,0.176056338028169
'101001110100110111000001011001101000011111011011100101111011001001110110',,,0.21830985915492956
'101101110100110111000011100111101000001111111011100101111011111000110111',,,0.2112676056338028
'001010001100000110111100000110000000000000000000011010110001000110010101',,,0.21830985915492956
'000110001111001000111110111000000000010000100000011010000000110110001001',,,0.20422535211267606
'000010000100001110000100000000000000000000000010010000100010000100001001',,,0.09859154929577464
'110001110011111000000001100001111111101111011111100101001110000001101010',,,0.2535211267605634
'011011010111110110000100111000111111111011011111110101111111000101110110',,,0.2746478873239437
'000000001100001110111100111110000000010000011000011010111000000110001001',,,0.21830985915492956
'000011001011001110111100111000010111110001011100011010001100000111001000',,,0.24647887323943662
'110010110011111110000001011111111111111111000111100101111110000001101010',,,0.2605633802816901
'000011000011001110000100100000000000000001011010010000001010000100001001',,,0.1267605633802817
'111011110011110001000001011111101000011111011011100101111011001001110110',,,0.20422535211267606
'111101111111110001111011011001111111111111100101101111000101111111110110',,,0.1619718309859155
'100011110000111110000001111111101000011111011011100101011010000001101010',,,0.2535211267605634
'001011010111110000000100011110000000011011011011110000111011000100010111',,,0.2676056338028169
'010110001011001110111110000000010111100000111100011010011100110110001001',,,0.20422535211267606
'100101101000111001111011011111111111111100111101001111000100111011101010',,,0.20422535211267606
'111110110111000001000011011001101000010110100011100101100011111001110100',,,0.21830985915492956
'101101011111110001010011011110100000011011111001100111111011111111110110',,,0.2112676056338028
'000010000111001110000100100110000000000000000010010000111010000100001001',,,0.15492957746478872
'010110000011001000000110111000000000010000111010010000001010110100001001',,,0.21830985915492956
'111001110100110111000001011111101000011111000011100101010011001001110110',,,0.23943661971830985
'010010000000001110000100111110010111110000000110010000010110000100001001',,,0.1619718309859155
'111100100111000001000011111001101000010100100010000101100011111001110100',,,0.20422535211267606
'111101111111110111111011100001111111101111111101101111011101111011110110',,,0.11971830985915492
'001110001100000001111110100000000000000000100000011010000001111110010101',,,0.21830985915492956
'010000001111001110111100100000000000000000000000011010101000000110001001',,,0.176056338028169
'101111110111110001000011000111101000001111111011100101111011111000110111',,,0.2112676056338028
'101111111111110111111011000111111111101111100101101111111101111011110110',,,0.1056338028169014
'110111111011111111111011111001111111111111100101101111011100111011101010',,,0.18309859154929578
'111101110111110001000011100001111111101111111111100101001111111001110110',,,0.20422535211267606
'111001111100110111111001111001101000011111011001101111111001001011110110',,,0.16901408450704225
'000001011111001000111100100000000000000011011001011010001000000110001001',,,0.19014084507042253
'111111110111110111000011000111101000001111111011110100111011111000010111',,,0.22535211267605634
'000001000000111110000100000110010111101000011111010000011110000100001011',,,0.16901408450704225
'111001110000110111000001111001111111111111000111100101110111001001110110',,,0.20422535211267606
'100100101000111111111011000111101000001100100000001111010000111010101011',,,0.2746478873239437
'101111110111110111000011100111101000001111100011100101111011111001110110',,,0.1619718309859155
'101111111111110001111011100001101000001111111001101111101001111010110111',,,0.19014084507042253
'010000100011001000000100111000010111110100000110000000000110000001001000',,,0.21830985915492956
'000000001011001110111100111110010111110000011100011010011100000110001001',,,0.1619718309859155
'011110010111000001000110000110000000000000111010110000101011111100000101',,,0.2535211267605634
'110011111011111110111001011111111111111111011101101111111100000011101010',,,0.22535211267605634
'111111110100010111000011000001111111101111100111100101110111111001110100',,,0.18309859154929578
'001000000111000000000100011110010111110000000110010000110111000101010100',,,0.2746478873239437
'111101110100110001001011111001101000011111111011100101000011111001110110',,,0.176056338028169
'000000001100001110010100011110000000010000000000011000010010000110001001',,,0.16901408450704225
'010010001111001000111100000000010111100000000100011010000100000110011001',,,0.1619718309859155
'111101111000110111111011000001111111101111111101101111111101111011110110',,,0.11971830985915492
'010000000000001110000100100000010111100000000110010000000110000100001001',,,0.09859154929577464
'000000000011001000000100111000010111110000011110010000001110000100001001',,,0.13380281690140844
'101111111111110001111011100111111111101111100101101111010101111010110111',,,0.20422535211267606
'110001111000111110111001000111111111101111011101101111011100000011101010',,,0.2323943661971831
'101011111100110111111001111001111111111111011101101111011101001011110110',,,0.19718309859154928
'011000001100000000111100011000010111110000011100011010100101000111010100',,,0.2605633802816901
'101111110100110001000011100111111111101111100111100101110111111000110111',,,0.21830985915492956
'010010001000001110111100011000010111110000000100011010100100000111001000',,,0.23943661971830985
'111001111000110001111001100001101000001111000001101111000001001011110110',,,0.2112676056338028
'000010000011001110000100011000010111110000000110010000001110000101001000',,,0.176056338028169
'010000000000001000000100011000010111110000000110010000000110000101001000',,,0.14788732394366197
'101101110100010001000011111001101000011111100011100101000011111001110110',,,0.19014084507042253
'001011010111010000000100100110000000001011011011110000111011000100010111',,,0.2323943661971831
'110101110011111111000011100001111111101111111111100101111110111000101011',,,0.24647887323943662
'101101110011110001000011000001101000001111100011100101100011111001110110',,,0.19014084507042253
'111111110100110111000111111111101000011111111011100101111011111001110110',,,0.14788732394366197
'100100110011111001000011011111111111111111111111100101001110111001101010',,,0.21830985915492956
'111111110100110001000011011001101000011111100011100101000011111001110110',,,0.1619718309859155
'111111110111110001000011100001101000001111111011100101101011111000110111',,,0.21830985915492956
'001000111000110110111000011001000000011111000001101010110001001011010110',,,0.30985915492957744
'101001111111110111111001011111101000011111011001101111111001001011110110',,,0.1619718309859155
'111111110011110111000011100001111111101111100111100101111111111000110111',,,0.19014084507042253
'111011111111110001111001011111111111111111000101101111110101001111110110',,,0.19718309859154928
'101111110000110001000011000111111111101111111111100101110111111100110111',,,0.2323943661971831
'000010001111001000111100100110000000000000011000011010001000000110001001',,,0.15492957746478872
'000010000011111110000100000110010111100000000110010000111110000100001011',,,0.16901408450704225
'011110001100000001111110100000010111100000100100011010100101111110010101',,,0.22535211267605634
'010010001100001000111100011000000000010000000000011010000000000111001000',,,0.16901408450704225
'100101110000110111000011011111101000011111111011100101011010111001100110',,,0.19014084507042253
'000010000000001110000100111110010111110000000110010000110110000101001000',,,0.21830985915492956
'111111111100110001111011100111101000001111100001101111110001111011110110',,,0.1267605633802817
'001000000100000000000100111000010111110000011110010000100111000101010100',,,0.2535211267605634
'101110100100110001101011011111101000010100111010010100110001111001110110',,,0.29577464788732394
'010100000100001110000110100110010111100000100110010000110110110100001001',,,0.21830985915492956
'000010001011001110111100000000000000000000000000011010001000000110001001',,,0.14084507042253522
'011000000111000000000100011110000000010000000010010000110011000101010100',,,0.23943661971830985
'101001110011110111000001111001101000011111011011100101111011001001110110',,,0.19014084507042253
'100001111011111110111001000001111111101111011101101111001100000011101010',,,0.2323943661971831
'100101011011111111111011100001111111101111111101101111011100110110101011',,,0.24647887323943662
'001000000111000000000100011000010111110000000110010000100111001001010100',,,0.28169014084507044
'111100111100110001111011111001101000011111100001101111100001111011110110',,,0.11267605633802817
'111110011100110001111011000110101000001011111001101111110001111110110111',,,0.22535211267605634
'010000001011001000111100111110000000010000011000011010101000000111001000',,,0.2535211267605634
'000000000011001000000100000000000000000000000000010010000010000100001001',,,0.07042253521126761
'111101110111110111000011100111101000001111111011100101111011111001110110',,,0.14084507042253522
'101111111000110001111011000001101000001111100001101111100001111010110111',,,0.16901408450704225
'000010001011001000111100111000010111110000000100011010100100000111001000',,,0.2323943661971831
'101101111111110111111011100111101000001111100001101111111001111011110110',,,0.1267605633802817
'011011011100110110111000000000000000001011000001111010110001000110010111',,,0.2605633802816901
'000100001111001000111110100000000000000000111000011010001000110110001001',,,0.21830985915492956
'010010000000001110000100100110000000000000000010010000000010000100001001',,,0.09859154929577464
'101101111111110111111011011111111111111111111101101111111101111111110110',,,0.08450704225352113
'011010000111000000100100011000000000010000000010010010100011001101010100',,,0.23943661971830985
'100010100000001110000100111001010111110100000110010000000110000001001000',,,0.19014084507042253
'010100000111001001000110000110010111100000100110010000010110110100011001',,,0.2112676056338028
'111011110011110110000001111001101000011111011011100101111011001001110110',,,0.2112676056338028
'101111010111110111000111000000111111101011111111100101111111111100110111',,,0.2323943661971831
'101111111111110001111011011001111111111111111101101111101101111011110110',,,0.11971830985915492
'101001110111110111000001011111111111111111011111100101011111001001110110',,,0.19718309859154928
'010010000100001110000100100000000000000000011010010000001010000100001001',,,0.11267605633802817
'101001110100110111000001011111101000011111000011100101010011001001110110',,,0.2535211267605634
'010110101011001111111110000001010111101100111100001011011100111010101001',,,0.28169014084507044
'111001111100110111111001100001101000001111000001101111110001001011110110',,,0.20422535211267606
'010010001100001000111100100000010111100000000100011010100100000110001001',,,0.15492957746478872
'101111110100110111000011100001111111101111111111100101111111111000110111',,,0.19718309859154928
'000000000000001000000100111110010111110000000110010000100110000101001000',,,0.18309859154929578
'011001010111110000000100000110000000001011011011110000111011000100010111',,,0.21830985915492956
'000110001100001000111110100000010111100000111100011010000100110110001001',,,0.19718309859154928
'111101111111110111100011100111101000001111100011100111011001111001110110',,,0.19014084507042253
'111001110111110001000001111111101000011111000011100101000011001001110110',,,0.2323943661971831
'010010000111001000000100100110000000000000000010010000000010000100001001',,,0.09154929577464789
'110100100000111111000011100001111111100100100110000101100110111000101011',,,0.2887323943661972
'111001110000110001000001000111111111101111000111100101100111001001110110',,,0.23943661971830985
'000000000111001110000100111110010111110000011110010000011110000100001001',,,0.1267605633802817
'010010101011001000111100011110010111110000000100011010000100000011001000',,,0.24647887323943662
'110110100011001001000111100111111111100100111110000101001110111000101001',,,0.323943661971831
'000000001000001000111100100110000000000000000000011010000000000110001001',,,0.1056338028169014
'100100101000001001111011011111101000110100111000001111000000111011101000',,,0.22535211267605634
'101111011111110001111011100111101000001111111001101111111001111110110111',,,0.18309859154929578
'101111110000110111000011100001111111101111100111100101110111111001110110',,,0.16901408450704225
'101001110011110111000001111111101000011111000011100101111011001001110110',,,0.19014084507042253
'101101111111110001011011111001101000011111100001101111100011111011110110',,,0.14084507042253522
'000110000111001000000110100000010111100000100110010000100110110100001001',,,0.19718309859154928
'010010001100001000111100011110000000010000011000011010100000000110001001',,,0.18309859154929578
'101011111100110001111001111111111111111111000101101111100101001011110110',,,0.19014084507042253
'111111110100110111000011100001101000001111111011100101011011111000110111',,,0.2323943661971831
'101011111111110111111001011001101000011111011001101111011001001011110110',,,0.2112676056338028
'110110000011111110000111000111111111101000111110000100011110110100001011',,,0.23943661971830985
'000010000011001110000100111000000000010000011010010000001010000100001001',,,0.13380281690140844
'110001111011111000111001100001111111101111011101101111001100000011101010',,,0.2535211267605634
'000100001011001000111110000110010111100000100100011010000100110110001001',,,0.20422535211267606
'111111111000110111111011000111111111101111100101101111110101111011110110',,,0.13380281690140844
'001010000100000000000100111000000000010000011010010000000011000001010100',,,0.23943661971830985
'100010101000001000111001111111001000010100011000011010000000000011101000',,,0.2605633802816901
'111101110100110111000011000001111111101111100111100101110111111000110111',,,0.21830985915492956
'010000001000001110111100111000010111110000000100011010000100000111001000',,,0.2112676056338028
'111110111111110001111011111111111111111111100101101111110101111011110110',,,0.11267605633802817
'010000100011001000000100011111000000010100000010010000000010000001001000',,,0.18309859154929578
'000011000011001110000100000110000000000001011010010000011010000100001001',,,0.11971830985915492
'111011110100110001000001011111101000011111000011100101100011001001110110',,,0.20422535211267606
'101100111000110111111011000111101000001110100001101111010001111011110110',,,0.19718309859154928
'111110001100110001111010011111111111111100100100001111110101111111110110',,,0.176056338028169
'100110100000001001000110100111000000000100100010010000000010111000101001',,,0.2112676056338028
'011110001100000001111110100000010111100000111100011010100101111110010101',,,0.23943661971830985
'000011110011111110000000000110010111101011000111110000011110000000001011',,,0.18309859154929578
'101100110100110111000011111111101000011100100011100101010011111001110110',,,0.21830985915492956
'010010000111001000000100111000000000010000000010010000100010000100001001',,,0.13380281690140844
'010010000000001000000100011110010111110000000110010000100110000100001001',,,0.15492957746478872
'101001111100110001111001100001111111101111000101101111100101001011110110',,,0.19718309859154928
'111111111111110001111011100111101000001111111001101111111001111010110111',,,0.14788732394366197
'000001001011101110111100100110000000000011011000011010111000000110001011',,,0.2112676056338028
'010100000011001110000111000000011111100000100110010000111110110100001001',,,0.2676056338028169
'111101011000110111111011111001101000011111111001101111111001111111110110',,,0.1267605633802817
'111111111100110001111011100111101000001111100001101111010001111010110111',,,0.19718309859154928
'111110101100010111111011111001101000011100100001101111010001111011110100',,,0.16901408450704225
'111101110011110111000011011001101000011111100011100101111011111001110110',,,0.15492957746478872
'000100001011001110111110100110000000000000100000011010111000110110001001',,,0.23943661971830985
'010110001000001110111110100000000000000000100000011010000000110110001001',,,0.18309859154929578
'010110000100001000000110011000010111110000100110010000000110110100001001',,,0.176056338028169
'000100001000001001010111111000011111110000111110000101000110111101101000',,,0.2676056338028169
'110110101000111111111011011111111111111100100100001111010100111111101010',,,0.2323943661971831
'100101110011111001000011000001101000001111111011100101001010111000101011',,,0.2746478873239437
'101100110100110111000011000111111111101111111111100101111111111000110111',,,0.21830985915492956
'000010001100001110111100000000000000000000011000011010101000000110001001',,,0.176056338028169
'000010101000001000111100011110010111110000011100001010000100000011101000',,,0.24647887323943662
'000010000000101110000100100000010111100000011110010000101110000100001001',,,0.15492957746478872
'101111111100110111010011011111101000011111100011101101110011111001110110',,,0.16901408450704225
'000000000111001000000100011000010111110000011110010000001110000100001001',,,0.13380281690140844
'111101110111110001000011100111111111101111100111100101110111111000110111',,,0.2112676056338028
'001100000100000001000110000110000000000000111010010000110011111100010101',,,0.24647887323943662
'111111111100110111111011000001111111101111111101101111111101111010110111',,,0.14788732394366197
'010000000011001110000100100000000000000000011010010000001010000100001001',,,0.11267605633802817
'000010001011101110111100000000000000000000000000011010101000000110001001',,,0.18309859154929578
'001010000100000000000100011000010111110000011110010000100111000101010100',,,0.2676056338028169
'111101010111110111000011100001111111101111100111100101011111111100110111',,,0.23943661971830985
'011101011100110111111010100000000000001011111001101011011001111110110111',,,0.2605633802816901
'001110011100110001111011100110001000001011111001111111110001111010110111',,,0.2535211267605634
'010000000100111110000100011110010111110000011110010000111110000100001011',,,0.19718309859154928
'000000001000001000010100000110010111100000000110011000000110000110001001',,,0.11267605633802817
'010010000011101110000101011000111111110000011110010100001110000101001010',,,0.2535211267605634
'010000001100001000111100111000000000010000011000011010100000000110001001',,,0.16901408450704225
'000110000011001001000110100110010111100000100110010000000110110000001001',,,0.20422535211267606
'111101111011010111111011111001111111111111100101101111011101111011110110',,,0.1267605633802817
'010000000111001110000100100110010111100000011110010000111110000100001001',,,0.1267605633802817
'000001001011101110111100000110000000000011000000011010011000000110001011',,,0.19014084507042253
'101010101100000000111000011111110111110100011100011010100101001111010100',,,0.31690140845070425
'101111110000110001111011111001111111111111100101101111100101111011110110',,,0.11267605633802817
'100100001111001001111111111001111111110000100100001111000100111111101000',,,0.2605633802816901
'000110000000001000000110011000000000010000111010010000100010110100001001',,,0.19014084507042253
'010000000011001110000100111000010111110000011110010000001110000101001000',,,0.19014084507042253
'010000000011001000000100111000010111110000000110010000100110000101001000',,,0.19718309859154928
'010010001000001110111100011110000000010000000000011010010000000111001000',,,0.2323943661971831
'101011111000110111110001111111101000011111000001100111110011001001110110',,,0.2323943661971831
'110001110011111110000001011001101000011111011011100101001010000001101010',,,0.2535211267605634
'000010001011001110111100111000000000010000000000011010101000000110001001',,,0.20422535211267606
'000100001000001110111110100110010111100000111100011010011100110110001001',,,0.20422535211267606
'100011111011111110111001000111111111101111000101101111111100000011101010',,,0.23943661971830985
'100101111000111111111011100111111111101111111101101111011100111011101010',,,0.19014084507042253
'000001000111001000000100011110000000010001011010010000001010000100001001',,,0.14788732394366197
'111111111100110111111011000001111111101111100101101111110101111011110110',,,0.1267605633802817
'011101010100110111000111100000111111101011111111110101111111111100010111',,,0.2323943661971831
'010000000000001000000100111000000000010000000010010000100010000101001000',,,0.1619718309859155
'101011110011110111000001111001111111111111011111100101011111001001110110',,,0.20422535211267606
'110110101000111111111011100111111111101100100100001111010100111010101011',,,0.28169014084507044
'000110001000001000111110000000000000000000100000011010000000110110001001',,,0.14788732394366197
'110001111011111110111001111001111111111111011101101111101100000011101010',,,0.2535211267605634
'000100001011001001111110100000000000000000100000011010000000110110001001',,,0.19014084507042253
'010010001100001110111100011000000000010000011000011010101000000110001001',,,0.20422535211267606
'101101110011110111000011011001111111111111100111100101011111111001110110',,,0.1619718309859155
'000000001100001110111100100000000000000000000000011010000000000110001001',,,0.11267605633802817
'111001110011110111000001011111101000011111011011100101111011001001110110',,,0.18309859154929578
'011110000100000001000110011000000000010000100010010000000011111100010101',,,0.22535211267605634
'010000001011101110111100100110000000000000000000011010111000000110001011',,,0.2112676056338028
'000010000000001110000100100110010111100000011110010000011110000100001001',,,0.11267605633802817
'110101111011111001111011011111111111111111111101101111001100111011101010',,,0.19718309859154928
'000010000111001000000100111110000000010000000010010000000010000100001001',,,0.11971830985915492
'101111111011110111111011000111101000001111111001101111111001111011110110',,,0.1056338028169014
'111110101100000001111111111001101000010100111000001111000001111011110100',,,0.18309859154929578
'111101110011110111000011111111111111111111111111100101011111111001110110',,,0.1267605633802817
'101111110011110001000011100001101000001111111011100101001011111001110110',,,0.2112676056338028
'111110101100000001111011111001101000010100111001101111100001111111110100',,,0.19014084507042253
'010100000000001110000110000110010111100000100110010000010110110100001001',,,0.19014084507042253
'000010001100001000111100000000000000000000011000011010000000000110001001',,,0.11267605633802817
'010000001000001000111100111000010111110000000100011010100100000011001000',,,0.23943661971830985
'000010000111001110000100000000000000000000000010010000001010000100001001',,,0.1056338028169014
'011000000100000110000100100000000000000000000010010000110011000100010101',,,0.176056338028169
'111101110011110001000011100111111111101111100111100101010111111001110110',,,0.20422535211267606
'100001110000111110000001100001111111101111011111100101001110000001101010',,,0.23943661971830985
'101101010000110001000011000001111111101011111111100101000111111100110111',,,0.29577464788732394
'110001111011111110111001011001101000011111011001101111001000000011101010',,,0.2535211267605634
'100110110011111111000011111001111111111110111111100101011110111001101010',,,0.19014084507042253
'111001110111110111000001011111101000011111000011100101111011001101110110',,,0.20422535211267606
'011001000100010110000100011000010111111001000110010000110111000101010100',,,0.31690140845070425
'000010100011001000000100111000000000010000000010010000000010000001001000',,,0.1619718309859155
'000110000111001110000110100110000000000000100010010000011010110100001001',,,0.18309859154929578
'000010000111001000000100011110010111110000000110010000000110000101001000',,,0.176056338028169
'100110101011111111111011000001111111101100100101101111011100111010101011',,,0.24647887323943662
'000010001111001000111100011000000000010000011000011010001000000110001001',,,0.176056338028169
'000000100000001000000100100110010111100000011110010000100110000000001001',,,0.14788732394366197
'101101111111110111111011111111101000011111111001101111111001111011110110',,,0.08450704225352113
'111111111011110001111011000111111111101111111101101111011101111010110111',,,0.16901408450704225
'001000000111000000000100000110000000000000000010010000110011000100010101',,,0.19718309859154928
'111001111011110111111001100001111111101111011101101111111101001011110110',,,0.16901408450704225
'010010001100001110111100111000000000010000000000011010000000000110001001',,,0.14788732394366197
'100001110011111110000001011111101000011111011011110100011010000001001010',,,0.2535211267605634
'101001111111110111111001011111101000011111011001101111011001001011110110',,,0.19014084507042253
'100100101000001001111011011001111111110100100100001111000100111011101000',,,0.20422535211267606
'111111110011110111000011000111111111101111111111100101111111111000110111',,,0.16901408450704225
'000000001100001000111100100110010111100000011100001010100100000110001001',,,0.19718309859154928
'101001111011110111111001011111101000011111000001101111011001001011110110',,,0.19718309859154928
'011000000100000000000100011000000000010000011010010000000011000101010100',,,0.2112676056338028
'101101111000110111111011111111101000011111100001101111110001111011110110',,,0.11267605633802817
'000010001100001110111100111000000000010000011000011010001000000111001000',,,0.22535211267605634
'010010001000001110111100111110010111110000011100011010011100000110001001',,,0.19718309859154928
'110010111000111110111001011111101000011111011001101111011000000111101010',,,0.29577464788732394
'000110100011001111000110000111010111100100100110010000011110111000001001',,,0.2112676056338028
'101110101100110111111011111001111111111100100101101111110101111011110110',,,0.13380281690140844
'110110010011111111000011000111111111101011111111100101011110110101101010',,,0.2323943661971831
'010010000011001000000100111000010111110000011110010000001110000100001001',,,0.15492957746478872
'111011110100110111000001111001101000011111000011100101010011001001110110',,,0.23943661971830985
'010110001100001000111110100000010111100000111100011010000100110110001001',,,0.19718309859154928
'101101110111110001000011000001101000001111111011100101001011111000110111',,,0.2746478873239437
'101101111111110001010011100111111111101111111111100101011111111011110110',,,0.176056338028169
'011100000100000111000110000000010111100000100110010000110111111100010101',,,0.2535211267605634
'010000100000001110011100111110000000010100000000011010110010000011001000',,,0.29577464788732394
'110011111011111110111001000001111111101111000101101111101100000111101010',,,0.28169014084507044
'110001111011111110111001100111111111101111011101101111111100000011101010',,,0.23943661971830985
'010010000011001110000100111000000000010000000010010000001010000101001000',,,0.19014084507042253
'101111110111110111000011100001101000001111111011100101011011111000110111',,,0.2323943661971831
'001010001100000000111100011000010111110000011100011010100101000111010100',,,0.28169014084507044
'111111111111110111111011000001111111101111100101101111011101111011110110',,,0.13380281690140844
'111111110011110001000011011111111111111111100111100101110111111001110110',,,0.14788732394366197
'010110001111001110111110000110010111100000111100011010111100110110001001',,,0.2112676056338028
'000010001011001110111100011110010111110000000100011010111100000111001000',,,0.24647887323943662
'000010000000001000000100100000010111100000000110010000100110000100001001',,,0.1056338028169014
'000001001000001000111100000000010111100001011100011010000100000110001001',,,0.14084507042253522
'101111100100110111000011100001101000001111100010100101110011111000110111',,,0.2535211267605634
'100101110000111111000011000111111111101111111111100101011110111001101010',,,0.19718309859154928
'010010100000001110000100111111000000010100000010010000010010000001001000',,,0.22535211267605634
'010010100011001000000100111110000000010000000010010000000010000001001000',,,0.19014084507042253
'010110000000001110000110000000010111100000100110010000000110110100001001',,,0.16901408450704225
'111101110111110111000011100111111111101111100111100101011111111001110110',,,0.1619718309859155
'101101111100110111111011000001111111101111100101101111110101111011110110',,,0.14788732394366197
'101101111100110001111011100111101000001111111001101111110001111011110110',,,0.14788732394366197
'000001010011001000000100100110000000000011011010010000101010000100001001',,,0.15492957746478872
'010000000011001000000100111110010111110000000110010000000110000100001001',,,0.14084507042253522
'010000000000001000000100111000000000010000011010010000100010000101001000',,,0.176056338028169
'000100000100001110000110100000010111100000111110010000011110110100001001',,,0.19718309859154928
'000010000000001110000100000110010111100000000110010000110110000100001001',,,0.14084507042253522
'000100100000001001000110000001010111100100111110010000000110111000001001',,,0.2112676056338028
'000011001011101110111100000000010111100001011100011010001100000110001011',,,0.18309859154929578
'110110110011011001000011111001111111111100111111100101001110111001101010',,,0.2535211267605634
'110111110011111111000011000111111111101111111111100101011110111000101011',,,0.21830985915492956
'101101110100000111000011011001101000011111111011100101111011111001110100',,,0.19718309859154928
'000000001100001110111100011000010111110000011100011010101100000110001001',,,0.20422535211267606
'010000001011001110110100111110010111110000000100011010011110000101001000',,,0.22535211267605634
'101101110100110111000011100111111111101111111111100101111111111000110111',,,0.19014084507042253
'000000001000001110011100000110010111100000011100011010111100000110001001',,,0.18309859154929578
'000100001000001001111110000000010111100000100100011010000100110110001001',,,0.19014084507042253
'101010011111000110111100111001000000010110000001101010111001000111110100',,,0.323943661971831
'101111111100110111111011100001101000001111100001101111110001111011110110',,,0.14084507042253522
'010000001011001110111100011000000000010000000000011010001000000110001001',,,0.176056338028169
'010110100000001111000110000000011111100100100110010000000110111000101001',,,0.2605633802816901
'000010000100001000000100000000010111100000011110010000100110000100001001',,,0.11971830985915492
'000010001011001000111100011110010111110000011100011010101100000111001000',,,0.24647887323943662
'011010000100000000000100111000000000010000011010010000000011000101010100',,,0.2112676056338028
'101100100100000111000011111001111111110100100110100101010111111001110100',,,0.24647887323943662
'110100110011111111000011000111111111101100100111100101011110111000101011',,,0.2676056338028169
'111101111000110111111011100111101000001111111001101111111001111010110111',,,0.1619718309859155
'010000001111001000111100011110000000010000011000011010001000000111001000',,,0.2112676056338028
'101111111100110111111011000111101000001111111001101111111001111110110111',,,0.18309859154929578
'001001011000111000111100100110010111101011000101101011100100000110011011',,,0.2887323943661972
'000100000100001110000110000000000000000000111010010000001010110100001001',,,0.18309859154929578
'111001110000110111000001111001111111111111011111100101111111001001110110',,,0.18309859154929578
'000010001111001000111100011000000000010000000000011010100000000111001000',,,0.2112676056338028
'000000001111001110111100000110000000000000011000011010011000000110001001',,,0.14084507042253522
'000010001100001000111100000110010111100000011100011010000100000110001001',,,0.14788732394366197
'000010001011001110111100100110010111100000000100011010011100000110001001',,,0.15492957746478872
'101111110100110001000011100001111111101111100111100101000111111001110110',,,0.20422535211267606
'010010000100001110000100000000010111100000011110010000101110000100001001',,,0.14084507042253522
'010001000000101110000100000110010111100000011110010000111110000100011001',,,0.176056338028169
'100011111000111110111001111111111111111111011101101111011100000111101010',,,0.2323943661971831
'000100001000001000111110100000000000000000100000011010000000110110001001',,,0.1619718309859155
'101101111011110111111011000001101000001111111001101111011001111010110111',,,0.19718309859154928
'111111111100110001111011000001111111101111111101101111100101111011110110',,,0.14084507042253522
'101001110011101000000001000001101000000111011011110000001010000000011001',,,0.22535211267605634
'011100001100000001000110100110000000000000111010010000110011111100010101',,,0.23943661971830985
'010110000111001000000110111000010111110000111110010000001110110100001001',,,0.21830985915492956
'111111110111110001000011011111101000011111100011100101010011111001110110',,,0.176056338028169
'101100110100110001000011011001111111111110100111100101100111111001110110',,,0.18309859154929578
'000000000011001000000100000110000000000000000010010000100010000100001001',,,0.09859154929577464
'010100000100001000000110100000010111100000111110010000100110110100001001',,,0.20422535211267606
'010100000100001110000110000110000000000000111010010000111010110100001001',,,0.2112676056338028
'101101111011110111111011111001111111111111100101101111011101111011110110',,,0.11267605633802817
'101011111111110111111001111111111111111111000101101111111101001011110110',,,0.15492957746478872
'010010001111001000111100111110000000010000000000011010100000000110001001',,,0.19014084507042253
'111101110100110001000011100001101000001111100011100101100011111001110110',,,0.1619718309859155
'010010000111001110000100100110010111100000000110010000011110000100001001',,,0.11971830985915492
'011010000111000000000100011110010111110000000110010000110111000101010100',,,0.2676056338028169
'111111010111110111000011100111101000001111111011100101111011111100110111',,,0.19718309859154928
'001100000100000111000110100110000000000000111010010000111011111000010101',,,0.24647887323943662
'000000000000001110000100011110000000010000000010010000010010000101001000',,,0.16901408450704225
'100110111011111111111011000001101000001111100001101111011000111010101011',,,0.2746478873239437
'011001010100110110100100000110000000001011000001011010110001000100010111',,,0.2605633802816901
'010000000111001000000100100110010111100000000110010000100110000100001001',,,0.13380281690140844
'101101111111110111111011100001111111101111111101101111011101111010110111',,,0.176056338028169
'101101111011110111111011000111111111101111100101101111011101111010110111',,,0.176056338028169
'111011111111110111111001000111111111101111011101101111011101001011110110',,,0.19014084507042253
'010010001100001110111100100000000000000000011000011010101000000110001001',,,0.18309859154929578
'000000001011001000111100111000000000010000011000011010001000000110001001',,,0.16901408450704225
'010010000011001110000100000110010111100000011110010000111110000100001001',,,0.13380281690140844
'100101111011111111111011100111111111101111100101101111011100111110101011',,,0.2323943661971831
'000010000100001110000100011000000000010000000010010000100010000100001001',,,0.1267605633802817
'101111110011110001000011011001101000011111111011100101101011111001110110',,,0.1619718309859155
'111100111011010001111011011111111111111110100101101111110101111011110100',,,0.14788732394366197
'110100111011111111111011000001101000001100111001101111011000111010101011',,,0.2887323943661972
'000010000000001000000100111000010111110000000110010000100110000101001000',,,0.176056338028169
'010010001000111110111100000110010111101000011100011010011100000110001011',,,0.2112676056338028
'011101000111000001000110000000000000000000100010010000100011111100010101',,,0.23943661971830985
'000000001011101000111100100110010111100000011100011010101100000110001001',,,0.19014084507042253
'000010000011001110000100011000010111110000011110010000101110000100001001',,,0.1619718309859155
'001010001100000000111100111000000000010000000000011010000001000111010100',,,0.22535211267605634
'000100001011001000111110100000010111100000100100011010100100110110001001',,,0.22535211267605634
'010000000100001000000100100110010111100000011110010000100110000100001001',,,0.13380281690140844
'001001011100110110111000100110000000001011011001111010111001000110010111',,,0.23943661971830985
'101001110000110111000001111111111111111111011111100101011111001001110110',,,0.19718309859154928
'000110000111001110000110000000010111100000111110010000011110110100001001',,,0.16901408450704225
'101111111011110111111011011001101000011111111001101111111001111011110110',,,0.09154929577464789
'000010001011001110111100011000010111110000000100011010001100000110001001',,,0.176056338028169
'101111111100010001111011111001101000011111100001101111100001111011110100',,,0.11267605633802817
'101111111000110111111011100001101000001111100001101111110001111010110111',,,0.176056338028169
'101111111000110001111011011001101000011111100001101111000001111011110110',,,0.1267605633802817
'010000101000001110111100111000010111110000000100011010000100000011001000',,,0.2323943661971831
'000000001000001000111100111110000000010000011000011010100000000111001000',,,0.21830985915492956
'101011111100110001111001100001111111101111000101101111100101001011110110',,,0.20422535211267606
'101101111000110111111011000111101000001111111001101111011001111011110110',,,0.15492957746478872
'000000000011001110000100111110010111110000011110010000111110000100001001',,,0.14788732394366197
'111101111011110111111011111001111111111111111101101111111101111011110110',,,0.07042253521126761
'101111110100010111000011111001111111111111100111100101010111111001110110',,,0.19014084507042253
'111101111111110001111011100001101000001111100001101111100001111011110110',,,0.13380281690140844
'000000101000001000111100111000010111110100011100011010100100000011001000',,,0.2535211267605634
'000000000011001000000100011000010111110000011110010000001110000100001001',,,0.1267605633802817
'110101011011111111111011111001111111111111111101101111011100111111101010',,,0.19718309859154928
'101011110111110110000001011001101000011111000011100101111011000101110110',,,0.2746478873239437
'100100110000111111000011011111111111111110111111100101011110111001101010',,,0.19014084507042253
'000010101011001000111100111000010111110000000100011010100100000011001000',,,0.2535211267605634
'101101011100110111111011100001101000001011111001101111011001111110110111',,,0.23943661971830985
'001010001100000000111100000110000000000000000000011010100001000110010101',,,0.19014084507042253
'000100001000001110111110100000010111100000111100011010111100110110001001',,,0.24647887323943662
'000010000011001000000100000000000000000000000010010000000010000100001001',,,0.06338028169014084
'101111110011110001000011111111101000011111111011100101001011111001100110',,,0.19718309859154928
'110101111011111001011011100111111111101111111101101111001100111010101011',,,0.2746478873239437
'110101101011111111111011000111101000001100111000001111011000111010101011',,,0.2746478873239437
'111101110011110111000011000111111111101111100111100101011111111001110110',,,0.176056338028169
'000010001011111110111100100110010111100000011100011010111100000110001011',,,0.20422535211267606
'010010001011001000111100000110000000000000011000011010101000000110001001',,,0.18309859154929578
'101001111000110001111001000111111111101111000101101111100101001011110110',,,0.2112676056338028
'011100001100000001111110000000000000000000100000011010000001111110010101',,,0.21830985915492956
'000100000000001110000110111000000000010000100010010000000010110100001001',,,0.176056338028169
'001000010111110000000100000110000000001011011011110000111011000100010111',,,0.22535211267605634
'111111110011110111000011111001101000011111100011100101111011111001110110',,,0.14084507042253522
'001000000111000000000100011110000000010000000010010000110011000100010101',,,0.22535211267605634
'101111010111110111000011100111111111101011111111100101111111111100110111',,,0.19718309859154928
'111111010111110001000011100111111111101111111111100101111111111100110111',,,0.19014084507042253
'111111110111110111000011000111111111101111100111100101111111111000110111',,,0.176056338028169
'001110000100000001000110111110010111110000100110010000110111111100010101',,,0.2676056338028169
'101111111000110001111011000111101000001111111001101111110001111010110111',,,0.18309859154929578
'101111110111110111000011000111101000001111111011100101011011111000110111',,,0.22535211267605634
'000110001011001000111110000110000000000000111000011010001000110110001001',,,0.19718309859154928
'101111110111110001000011000001111111101111100111100101100111111001110110',,,0.19718309859154928
'000000001000001000111100111110010111110000011100001010100100000111101000',,,0.2535211267605634
'011110000100000001000110100110000000000000100010010000010011111100010101',,,0.2323943661971831
'000010001000001110111100000110010111100000011100011010111100000110001001',,,0.176056338028169
'101110110100010001000011111111101000011111100011100101010011111001110110',,,0.21830985915492956
'000000000000001000000100011110010111110000011110010000000110000101001000',,,0.1619718309859155
'110110101000111111111011000111111111101100100100001111010100111010101011',,,0.2746478873239437
'110101000011111111000111000110111111101011111110000101111110110100101011',,,0.29577464788732394
'111101110111110001000011100111101000001111111011100101011011111001110110',,,0.18309859154929578
'111101110100110111111011111111101000011111111001101111011001111011110110',,,0.1267605633802817
'010110100000001111000110100001000000000100111010010000001010111100001001',,,0.23943661971830985
'101111110100110111000011100111101000001111100011100101010011111001110110',,,0.2112676056338028
'101111111100110111111011000111101000001111100001101111010001111011110110',,,0.176056338028169
'110100001100001111000111011000111111110000100110000101000110111101101000',,,0.2676056338028169
'111111111100110001111011111001111111111111100101101111100101111011110110',,,0.09154929577464789
'000011000011001000000100100110000000000011011011010000001010000100001001',,,0.14788732394366197
'001000000111000000000100111000000000010000000010010000100011000101010100',,,0.21830985915492956
'010001010000111110000100011110010111111011011111010100011110000100001011',,,0.2535211267605634
'100100100000101111000110000001000000000100100010010000000010111000001001',,,0.21830985915492956
'010010001011001000111100111110000000010000011000011010101000000111001000',,,0.2605633802816901
'010010000111001000000100011000000000010000011010010000001010000101001000',,,0.176056338028169
'101001111111110110111001111001101000011111011001111111111001001011110110',,,0.20422535211267606
'111101111100110001111011000111101000001111111001101111010001111011110110',,,0.16901408450704225
'100011111011111000111001000111101000001111011001101111001000000011101010',,,0.2605633802816901
'111101111111110111111011000111101000001111100001101111011001111011110110',,,0.14788732394366197
'010100000111001110000110000000000000000000100010010000011010110100001001',,,0.19718309859154928
'000011000011111110000100000000010111100011000111010000101110000100001011',,,0.19718309859154928
'010110001000001001111110000000000000000000100000011010000000110110001001',,,0.176056338028169
'010110000100001000000110111000000000010000100010010000000010110100001001',,,0.1619718309859155
'111101110011110001000011111001101000011111100011100101000011111001110110',,,0.18309859154929578
'000010000100001000000100111000000000010000011010010000000010000100001001',,,0.1056338028169014
'010100100000001111000011000001010111100100100110000001100110111000101001',,,0.31690140845070425
'000110000011001110000110000110010111100000111110010000111110110100001001',,,0.176056338028169
'100100100000001111000111000001011111100100111110000000001110111000101001',,,0.31690140845070425
'100011110011111110000001111111101000011111011011100101011010000001101010',,,0.23943661971830985
'111101011111010111111011000001111111101111100101101111111101111110110111',,,0.19014084507042253
'001001011111000110111100011110000000011011000001111010111001000111010100',,,0.28169014084507044
'000010001000001110111100011000010111110000011100011010101100000111001000',,,0.24647887323943662
'010100000000001000000110000110000000000000111010010000000010110100001001',,,0.16901408450704225
'101100110100110111000011011001101000011111100011100101010011111001110110',,,0.21830985915492956
'101111110011110111000011100111111111101111100111100101111111111000110111',,,0.176056338028169
'010001000011001110000100100000000000000011011011010000001010000100001001',,,0.15492957746478872
'100110101011001001111011000111111111100100100100001111000100111011101000',,,0.2535211267605634
'000000001011001110111100111110010111110000000100011010011100000110001001',,,0.176056338028169
'010001000011111110000100000110000000001001011011010000011010000100001011',,,0.176056338028169
'111011110100110111000001011111101000011111000001100111010011001001110110',,,0.2605633802816901
'001011000111000000000100111000000000010011000010010000100011000101010100',,,0.2535211267605634
'111110101100000001111111011111101000011100100000001111010001111111110100',,,0.21830985915492956
'000010001000001110111100011000000000010000000000011010100000000111001000',,,0.20422535211267606
'010000001011001000111100111110000000010000011000011010001000000110001001',,,0.18309859154929578
'111011111011110111111001111001101000011111000001101111111001001011110110',,,0.18309859154929578
'101001110011110110000001011111101000011111000011110100111011001001010110',,,0.2676056338028169
'001100001100000001111110011000000000010000100000011010100001111110010101',,,0.2323943661971831
'111110111100010001111011011001111111111100100101101111100101111011110110',,,0.14084507042253522
'111011111111110111111001011111111111111111000101101111011101001011110110',,,0.176056338028169
'010000001100001110111100100000000000000000000000011010100000000110001001',,,0.14084507042253522
'011001000100000000000100100000000000000001011011010000100011000100010101',,,0.18309859154929578
'011110001100000001111110000110000000000000111000011010110001111110010101',,,0.22535211267605634
'111101111000110111111011111001101000011111100001101111010001111011110110',,,0.14084507042253522
'011000000100000110000100111110000000010000000010010000110011000100010101',,,0.20422535211267606
'110110111011111001111011100111111111101110111101101111011100111010101011',,,0.24647887323943662
'011100000100000111000110000110010111100000100110010000110111111100010101',,,0.2535211267605634
'101011011111110110111001011111101000011111000001101111011001000111110110',,,0.2535211267605634
'101111110000110001000011011111101000011111111011100101010011111001110110',,,0.18309859154929578
'010010001011001110111100111000000000010000000000011010001000000111001000',,,0.2323943661971831
'010000000000001110000100100000000000000000011010010000101010000100001001',,,0.14084507042253522
'011001110000111110000000100111000000001111000011110000010010000000011011',,,0.2323943661971831
'101001110011110111000001111001111111111111000111100101111111001001110110',,,0.18309859154929578
'000010000011001000101100100000010111100000000110010000100100000110001001',,,0.16901408450704225
'111011110111100001000001011111101000010111000011100001000011001001110110',,,0.2887323943661972
'101001110111111001000000000111111111101111011111100001111110001000011011',,,0.2535211267605634
'011010000100000110000100011000000000010000000010010000010011000101010100',,,0.24647887323943662
'000000000000001110000100100000000000000000000010010000100010000100001001',,,0.09154929577464789
'011011111111110111111000000110010111101011000101101011011101001010010111',,,0.2676056338028169
'010000001000001000010100011000000000010000011010010000000010000100001001',,,0.11267605633802817
'101101110000110001000011111001101000011111100011100101100011111001110110',,,0.14084507042253522
'001001011111110110111000000000000000001011000001111010111001000110010111',,,0.2605633802816901
'111111110100110111000011000111101000001111111011100101111011111000110111',,,0.19718309859154928
'111101110000110111000011100111111111101111100111100101010111111001110110',,,0.20422535211267606
'000000000011001110000100000110000000000000011010010000011010000100001001',,,0.09154929577464789
'000010001100001110111100000000010111100000000100011010100100000110001001',,,0.1619718309859155
'111101110111110001000111100111111111101111111111100101111111111000110111',,,0.20422535211267606
'000001011011111110111100100110000000001011011001111010011000000110001011',,,0.2112676056338028
'011000001100000000111100011110000000010000000000011010000001000111010100',,,0.22535211267605634
'110010100011101000000100111111110111110100000110000000000110000001001000',,,0.2535211267605634
'001011011100110110010000100110000000001011011011110000111011000100010111',,,0.24647887323943662
'110110100011101001000111011111111111110100100110000101000110111001101000',,,0.2535211267605634
'111101010111110111000111100000101000001011100011110100111011111100010111',,,0.2676056338028169
'000100101011001001111110000110010111100100100100001010000100111010001001',,,0.2746478873239437
'000100000000001000000110100110000000000000111010010000000010110100001001',,,0.1619718309859155
'000000001011001000111100011110000000010000000000011010100000000111001000',,,0.2112676056338028
'111011111111110111111001011001111111111111000101101111011101001011110110',,,0.19014084507042253
'010010000000001110000100000110000000000000000010010000010010000000001001',,,0.13380281690140844
'111011110111110111000001000111111111101111011111100101111111001001110110',,,0.19014084507042253
'001001111111110000111001011000101000011011011011111101101001001011010110',,,0.28169014084507044
'111101110100000001000011100001101000000111111011100101100011111000110101',,,0.2676056338028169
'111101111011110111111011011111111111111111100101101111111101111011110110',,,0.07746478873239436
'100001111011111000111001100111111111101111011101101111001100000011101010',,,0.23943661971830985
'001110000100000001000110111110000000010000100010010000110011111100010101',,,0.24647887323943662
'010000001100001110111100011000000000010000011000011010101000000110001001',,,0.19718309859154928
'100111110000111111001011100001111111101111111101101101001110111010101011',,,0.2605633802816901
'111101110100110001000011100111101000001111100011100101010011111001110110',,,0.20422535211267606
'101001111000110111111001111111101000011111000001101111110001001011110110',,,0.18309859154929578
'101111111111110111111011100111101000001111100001101111111001111010110111',,,0.1619718309859155
'101011111011111110111001011001111111111111011101101111111100000011111010',,,0.22535211267605634
'000010001111001110111100111000000000010000000000011010101000000110001001',,,0.2112676056338028
'111011111111110111111001111111101000011111011001101111111001001011110110',,,0.14788732394366197
'100110000000111111000011100111111111101000100110000101010110110100101011',,,0.3028169014084507
'001000000100001110000100000000010111100000000110010000110110000100011001',,,0.15492957746478872
'001000000111100000000100100110000000000000000010010000100011000100010101',,,0.19014084507042253
'110101111011111001111011111001111111111111111101101111001100111011101010',,,0.20422535211267606
'010110001000001000111110100000010111100000100100011010000100110110001001',,,0.19014084507042253
'111111110111110111000011011111111111111111100111100101111111111001110110',,,0.1056338028169014
'010000000111001000000100100000010111100000011110010000101110000100001001',,,0.14084507042253522
'000011001000111110111100100000010111100001011100011010001100000110001011',,,0.2112676056338028
'111101111011110111111011100001101000001111100001101111111001111010110111',,,0.176056338028169
'001000000100000000000100011110000000010000011010010000100011000100010101',,,0.2112676056338028
'000001000000001110000100111000000000010000011010010000001010000100001001',,,0.14788732394366197
'000000001000101110111100011000010111110000011100011010001100000110001001',,,0.18309859154929578
'000100001111001000111110000000000000000000100000011010100000110110001001',,,0.20422535211267606
'001010000100000000000100111000000000010000011010010000100011000100010101',,,0.19718309859154928
'111101111111110111111011111001111111111111111101101111111101111011110110',,,0.06338028169014084
'000010001000001000111100011110000000010000011000011010000000000111001000',,,0.19014084507042253
'101101111111110001010011111111111111111111100101101101010111111011110110',,,0.19014084507042253
'010110000000001000000110011000010111110000111110010000000110110100001001',,,0.19718309859154928
'010000001100001000111100111110010111110000000100011010100100000110001001',,,0.19014084507042253
'111101111011110111111011111111101000011111100001101111111001111011110110',,,0.09154929577464789
'111111110100110111000011100111101000001111111011100101111011111001110110',,,0.14788732394366197
'011011011100100000111100000110000000000011000000011010100001000110010101',,,0.21830985915492956
'010011001011111110111100100110010111100000000100011010011100000110001011',,,0.23943661971830985
'101001111111110001010001111001101000011111011001101111101011001001110110',,,0.21830985915492956
'110100100011000001000111011111101000010100100010000101000010111001100100',,,0.23943661971830985
'100101011011111001111011100110101000001011111001101111001000110110101011',,,0.2887323943661972
'100110101011011001111011000001111111101100111101001111001100111010101011',,,0.28169014084507044
'010100001000001000111110100110010111100000111100011010100100110110001001',,,0.2535211267605634
'010011001011001110111100111110000000010011000000011010111000000111001000',,,0.3028169014084507
'101100110111000001000011011001101000010100100011100101000011111001110100',,,0.2605633802816901
'111111111000110111111011100111101000001111111001101111111001111010110111',,,0.15492957746478872
'111101111000110001111011100001111111101111111101101111100101111011110110',,,0.14788732394366197
'111101110111110111000011100001101000001111111011100101111011111001110110',,,0.15492957746478872
'111111111111110001111011100111111111101111111101101111111101111010110111',,,0.1267605633802817
'100110001100001001111111011001111111110100100100001111000100111111101000',,,0.22535211267605634
'010100000100001000000110000000000000000000100010010000000010110100001001',,,0.13380281690140844
'010000000000001110000100111000000000010000000010010000000010000101101000',,,0.1267605633802817
'101011010100110110000001111111101000011011000011100101110011000101110110',,,0.2746478873239437
'000110001000001110111110100110000000000000100000011010110000110110001001',,,0.22535211267605634
'110111111011111001101011000111111111101111111111100111101100111010101011',,,0.28169014084507044
'110101111011111001111011100111101000001111111001101111001000111010101011',,,0.28169014084507044
'000000000011001000000100111110010111110000011110010000101110000100001001',,,0.1619718309859155
'000000001011111110111100100110000000000000000000011010011000000110001011',,,0.20422535211267606
'111101110100110001000011100001101000001111111011100101000011111000110111',,,0.24647887323943662
'010010001111001110111100000110010111100000011100011010111100000110001001',,,0.16901408450704225
'101110100100110001000011111111111111111100111110000101110111111001110110',,,0.19718309859154928
'110100101000111111111011011111111111111100111100001111011100111011101010',,,0.21830985915492956
'000010001011001000111100111000010111110000000100011010000100000111001000',,,0.20422535211267606
'111101110111110111000011000111111111101111100111100101111111111000110111',,,0.18309859154929578
'010011000000001110000100000000010111100001000111010000100110000100001001',,,0.1619718309859155
'000011000011001110000100111000000000010011000010010000001010000101001000',,,0.20422535211267606
'000110000000001110000110111110010111110000100110010000010110110100001001',,,0.20422535211267606
'101101110000110001000011100001101000001111111011100101100011111000110111',,,0.22535211267605634
'111100111100110111111011100001111111101111100101101111010101111111110110',,,0.19014084507042253
'111111111111110001111011111111101000011111100001101111010001111011110110',,,0.1267605633802817
'000010001000001110111100011110000000010000000000011010010000000111001000',,,0.21830985915492956
'001011010100010110000100111000000000011011011011110000111011000101010110',,,0.3028169014084507
'000010000011001110000100100000000000000000011010010000001010000100001001',,,0.1056338028169014
'101110110100010001000011011001111111111110100111100101100111111001110100',,,0.19014084507042253
'001000001100000000111100111000000000010000011000011010100001000110010101',,,0.20422535211267606
'111101111000110001111011011111111111111111111101101111010101111011110110',,,0.14084507042253522
'010011001000001110111100100000000000000001011000011010001000000110001001',,,0.18309859154929578
'010010000000001000000100100000010111100000000110010000000110000100001001',,,0.09154929577464789
'111111110011110001000011000001111111101111111111100101101111111001110110',,,0.18309859154929578
'100011110011111110000001111111111111111111011111100101111110000001101010',,,0.21830985915492956
'101111111000110001111011000001111111101111100101101111000101111010110111',,,0.20422535211267606
'001000001111000000111100011110000000010000000000011010110001000110010101',,,0.23943661971830985
'010000001000001110111100100110010111100000000100011010110100000110001001',,,0.19718309859154928
'000100000100001000000110000110010111100000111110010000000110110100001001',,,0.18309859154929578
'010000001000001110000100111110000000010000011010010000111010000100001001',,,0.19718309859154928
'101101111011110111111011100001111111101111111101101111111101111010110111',,,0.14084507042253522
'101111110011110001000011100111111111101111100111100101010111111001110110',,,0.19718309859154928
'101111110111110111000011100111111111101111111111100101011111111000110111',,,0.19718309859154928
'001100000111000001000110100110000000000000100010010000110011111100010101',,,0.23943661971830985
'101011111100110001111001011001111111111111011101101111100101001011110110',,,0.19718309859154928
'010110000100001110000110000000010111100000111110010000111110110100001001',,,0.2112676056338028
'101001110111110111000001011001101000011111000011100101111011001001110110',,,0.21830985915492956
'100111110011111111000011000001111111101111111111100101111110111100101011',,,0.2323943661971831
'101111111000110001111011111111111111111111111101101111110101111011110110',,,0.09859154929577464
'110100111011111001111011111001111111111110111101101111001100111111101010',,,0.23943661971830985
'000000001000001110111100111000010111110000011100011010001100000111001000',,,0.21830985915492956
'000011000000001110000100100000010111100000011110010000001110000100001001',,,0.13380281690140844
'111001110100110001000001000111111111101111011111100101100111001001110110',,,0.24647887323943662
'111111110111110001000011000111101000001111100011100101110011111001110110',,,0.176056338028169
'100100110000111111000011011001111111111111111111100101001110111001101010',,,0.21830985915492956
'010011001000101110111100100110010111100001011100011010011100000110001001',,,0.20422535211267606
'100110001011111111111011000111111111101000100101101111011100110110101011',,,0.2535211267605634
'010010001011001000111100111000010111110000011100011010001100000111001000',,,0.23943661971830985
'000000001011001110111100111000010111110000011100011010101100000111001000',,,0.24647887323943662
'111111111111110001111011000001111111101111111101101111001101111010110111',,,0.20422535211267606
'000010000000101110000100100000000000000000000010010000100010000100001001',,,0.11267605633802817
'000010000011001000000100111110000000010000011010010000101010000101001000',,,0.20422535211267606
'000110000000001110000110011110010111110000100110010000010110110100001001',,,0.19718309859154928
'010000000000001000000100011000000000010000011010010000000010000101001000',,,0.14084507042253522
'000010001000001000111100111000010111110000011100011010100100000111001000',,,0.2323943661971831
'111100111100010111111011011001101000011100100000101111010001111011110110',,,0.19718309859154928
'000110001011001110111110100000000000000000111000011010111000110110001001',,,0.2323943661971831
'000000000000101110000100100110000000000000011010010000111010000100001001',,,0.15492957746478872
'000001011011001110111100100000000000000011011000011010001000000110001001',,,0.16901408450704225
'010000001000001110111100111110010111110000000100011010010100000111001000',,,0.23943661971830985
'111101110100110111000011011001111111111111100111100101010111111001110110',,,0.176056338028169
'101101110111110001000011100111101000001111111011100101011011111000110111',,,0.23943661971830985
'000100000100001000000110111000010111110000100110010000100110110100001001',,,0.21830985915492956
'111011010100010110000001111111101000011111011011100101011011000101010110',,,0.29577464788732394
'111110110000110001000011111111111111111111111111100101010111111001110110',,,0.19014084507042253
'011101001100000111111110100110000000000001100000011010110001111110010101',,,0.24647887323943662
'010110001000001110111110000000000000000000100000011010000000110110001001',,,0.176056338028169
'110110111000101111111011000001111111101100111101101011011100111010101001',,,0.3028169014084507
'000001011000101110111100000000000000000011011000011010001000000110001011',,,0.176056338028169
'010010000011001000000100100000010111100000011110010000001110000000001001',,,0.14084507042253522
'111111110011110001000011011001111111111111111111100101001111111001110110',,,0.18309859154929578
'111011111111110110111001111001101000011111011001101111111001001011110110',,,0.176056338028169
'000000101000001110111100111000010111110100000100011010100100000011001000',,,0.2535211267605634
'111101110100110111111011011001101000011111100001101111010001111011110110',,,0.15492957746478872
'000110000100001110000110111000000000010000111010010000001010110100001001',,,0.2112676056338028
'010011000000101110000100000110010111100000011110010000111110000100001001',,,0.18309859154929578
'010000000011001110000100111110000000010000000010010000111010000101001000',,,0.22535211267605634
'010010001000001000111100011000000000010000011000011010100000000110001001',,,0.176056338028169
'010011010011001000000100000000010111100011011110010000101110000100001001',,,0.176056338028169
'000010001000001000000100111110000000010000000010010000000010000100001001',,,0.11267605633802817
'010000000000001110000100111110000000010000000010010000110010000100001001',,,0.176056338028169
'111110001100000001111110011000111111110000111100001111100101111111110100',,,0.21830985915492956
'001000000100000000000100000000000000000000011010010000100011000100010101',,,0.16901408450704225
'110100100000011111000011100111111111101100100110000101110110111000101011',,,0.31690140845070425
'101111110011110111000011011111111111111111111111100101111111111001110110',,,0.09859154929577464
'100001101011101000111001011111111111110100000100001111000100000011101010',,,0.2605633802816901
'111001111011110111111001011001111111111111011101101111111101001011110110',,,0.14788732394366197
'110100000000001001000111011000111111110000111110000101000110111101101000',,,0.2605633802816901
'111111111011110111111011100001101000001111100001101111111001111011110110',,,0.1267605633802817
'010100000111001000000110100000010111100000111110010000001110110100001001',,,0.19718309859154928
'111110111100110111111011111111101000011111111001101111011001111011110110',,,0.1267605633802817
'010000001111001110111100100110010111100000011100011010111100000110001001',,,0.16901408450704225
'001110000100000001000110000110000000000000111010010000110011111100010101',,,0.23943661971830985
'010011001011001110111100100000000000000000000000011010101000000110001001',,,0.2112676056338028
'110110100000111111000011100111111111101100100110000101110110111000101011',,,0.29577464788732394
'101110110111000001000011111001111111111111100111100101100111111001110100',,,0.2323943661971831
'010000000100001110000100111000010111110000000110010000000110000100001001',,,0.11971830985915492
'101111110111000001000011111111101000011111100011100101000011111001110100',,,0.2323943661971831
'000011010011111110000100000110000000001011011011010000011010000100001011',,,0.176056338028169
'111101111111110001111011000001111111101111100101101111100101111011110110',,,0.14788732394366197
'010000001000001110111100011000000000010000000000001010000000000111001000',,,0.20422535211267606
'000100000100001000000110000000010111100000111110010000000110110100001001',,,0.16901408450704225
'111100111111010001111011011111111111111110100101101111010101111011110110',,,0.16901408450704225
'000011000011001000000100111110000000010001011010010000001010000101001000',,,0.19718309859154928
'010010000111001110000100100110000000000000011010010000111010000100001001',,,0.14084507042253522
'000100001100001000111110011000000000010000100000011010000000110110001001',,,0.19014084507042253
'000100101000001111111110100000010111100000100100001010100100110010101001',,,0.3028169014084507
'011000000100000110100100111110000000010000000000010010010001000101010100',,,0.23943661971830985
'011011010111110110000100000110000000001011011011110000111011000100010111',,,0.2112676056338028
'010110100000001110000110100000010111100000100110010000000110110000001001',,,0.19718309859154928
'111101111000110001111011100001111111101111111101101111000101111010110111',,,0.21830985915492956
'100100100011001001000111111001111111110100111110000101001110111001101000',,,0.2605633802816901
'010010000100001110000100111000000000010000011010010000001010000100001001',,,0.14084507042253522
'101001111011110001111001011001101000011111000001101111000001001011110110',,,0.20422535211267606
'011110000100000001000110100000000000000000100010010000100011111100010101',,,0.19014084507042253
'011001111011110110111000100111000000001111011001111010111001000010010111',,,0.2323943661971831
'011000100100000110000100100110000000000000000010010000110011000000010101',,,0.19718309859154928
'000010000011111110000100111110010111110000011110010000011110000100001011',,,0.176056338028169
'011010000100000110000100000000000000000000000010010000110011000100010101',,,0.19014084507042253
'000010001011001000111100000110010111100000011100011010001100000110001001',,,0.14788732394366197
'101101110111110111001011000001101000001111100011100101011001111000110111',,,0.2535211267605634
'111011110100110001000001011111101000011111000011100101000011001001110110',,,0.2323943661971831
'111111110000110111000011111111101000011111111011100101111011111101110110',,,0.14084507042253522
'000011000000001110000100111110010111110000011110010000111110000100001001',,,0.19014084507042253
'000000000011001000000100011110000000010000011010010000101010000101001000',,,0.19014084507042253
'010000001011001000111100011000000000010000000000011010000000000111001000',,,0.18309859154929578
'001000011100110110111000011000000000011011000001111010110001000110010111',,,0.2887323943661972
'010000000011101110000100011110010111110000000110010000011110000100001001',,,0.15492957746478872
'000000000000001110000100011110010111110000011100011000111110000100001001',,,0.176056338028169
'110111110000111111000011011001111111111111111111100101001110111001101010',,,0.20422535211267606
'010010001100001000111100100110010111100000011100011010100100000110001001',,,0.18309859154929578
'000001000011101110000100100000010111100001011110010000001110000100001001',,,0.14084507042253522
'010010001000001000111100111110010111110000011100011010000100000110001001',,,0.19014084507042253
'101111111100110111111011100001101000001111100001101111010001111010110111',,,0.2112676056338028
'100011110000111110000001111111111111111111011111100101011110000001101010',,,0.21830985915492956
'100111110011111001111011100001111111101111111101101111001100111010101011',,,0.2535211267605634
'011001010111010000000100111110000000011011011011110000011011000101010110',,,0.28169014084507044
'101011110111110001000001011001111111111111011111100101001111001001110110',,,0.24647887323943662
'010000000000001000000100100000010111100000011110010000100110000100001001',,,0.1267605633802817
'110111111011110001111011111111101000011111111001101111001000111011100110',,,0.19014084507042253
'010010000111001110000100011110000000010000011010010000011010000100001001',,,0.13380281690140844
'100101111011111001111011100111111111101111111101101111001100111010101011',,,0.24647887323943662
'000110001100001110111110000000010111100000111100011010011100110110001001',,,0.2112676056338028
'010000001011001000111100100000000000000000000000011010100000000110001001',,,0.14788732394366197
'000110101000001001111010000001010111100100100100001011100100111010101001',,,0.2605633802816901
'000010001000001000011100000110010111100000000100011000100100000110001001',,,0.16901408450704225
'000000001000001110111100011000010111110000011100011010101100000111001000',,,0.23943661971830985
'101101111111110111111011011001111111111111111101101111011101111011110110',,,0.11267605633802817
'100110101000111111111011100111111111101100100100001111010100111010101011',,,0.2676056338028169
'000010000011001000000100011000000000010000000010010000100010000101001000',,,0.1619718309859155
'011001010100110110000100000110000000001011011011110000111011000100010111',,,0.21830985915492956
'000010001111001000111100100110000000000000000000011010100000000110001001',,,0.1619718309859155
'010110000000001000000110100110000000000000100010010000000010110100001001',,,0.15492957746478872
'111111011111110111000011000001101000001011111011100101111011111100110111',,,0.22535211267605634
'010110000000001000000110011000000000010000111010010000000010110100001001',,,0.176056338028169
'011001011100110110111001111000111111111011011101101111111101000111110110',,,0.2112676056338028
'000010000100001110010100100110010111100000011110011000011110000110001001',,,0.15492957746478872
'101011101100110000111000111111110111111101011101101011100101000011110110',,,0.29577464788732394
'010010000011001000000100111000000000010000000010010000100010000100001001',,,0.14084507042253522
'111110100100000001000011111001101000010100111011100101100011111001110100',,,0.21830985915492956
'101101110000110111000011100111111111101111100111100101010111111001110110',,,0.20422535211267606
'101011110100110111000001111001111111111111011111100101011111001001110110',,,0.22535211267605634
'111110000100000001000111111000111111110000111110000101100111111101110100',,,0.2323943661971831
'010100000000001000000110111000000000010000111010010000100010110100001001',,,0.21830985915492956
'010010000100001000000100000000000000000000011010010000100010000100001001',,,0.09859154929577464
'111011110111110001000001011001101000011111000011100101000011001001110110',,,0.2323943661971831
'010010000011001110000100100110000000000000011010010000011010000100001001',,,0.11971830985915492
'001111000100000001000110100000000000000011100010010000000011111100010101',,,0.24647887323943662
'111001110011110111000001000111111111101111000111100101011111001001110110',,,0.2323943661971831
'101101110111000001000011100111101000000111100010110100010011111000010111',,,0.30985915492957744
'010010000111001000000100100000010111100000011110010000001110000100001001',,,0.11971830985915492
'101111110011110001101011100111101000001111100011100111010001111011110110',,,0.19718309859154928
'010000001100001110111100011000010111110000000100011010000100000110001001',,,0.15492957746478872
'110001110011111110000001000111111111101111011111100101011110000001101010',,,0.21830985915492956
'000010001011001000111100111110000000010000000000011010100000000011001000',,,0.23943661971830985
'111001110100110001000001011001101000011111000011100101100011001001110110',,,0.18309859154929578
'111000100100110110000000011001010111111100000111110000110111001001010100',,,0.30985915492957744
'001001011111000000111100111000000000010011011001111010101001000111110100',,,0.2676056338028169
'000000001000001110111100100000010111100000011100011010001100000110001001',,,0.14788732394366197
'100100100000001001000111111001111111110100100110000101000110111001101000',,,0.22535211267605634
'010001000000101110000100000000000000000000011000010000001010000100001001',,,0.15492957746478872
'101111011111010111111011100110101000001011100001101111111001111110110111',,,0.20422535211267606
'111111110000110111000011111001101000011111111011100101011011111001110110',,,0.16901408450704225
'111001110000110001000001111001111111111111000111100101000111001001110110',,,0.21830985915492956
'111101110111110111000011011111111111111111111111100101011111111001110110',,,0.1267605633802817
'111111110011110001000011111001111111111111100111100101000111111001110110',,,0.18309859154929578
'010110100011001111000110100000010111100000111110010000011110110000001001',,,0.21830985915492956
'011111010111110111000010100110101000001011100011100101111011111000110111',,,0.23943661971830985
'011000001100000000111100111000000000010000000000011010000001000111010100',,,0.20422535211267606
'110101110000111111000011100111111111101111111111100101111110111000101011',,,0.24647887323943662
'011110000111000001000110000110010111100000100110010000110111111100010101',,,0.24647887323943662
'011000000100000110000100111000000000010000000010010000110011000100010101',,,0.20422535211267606
'101111111111110001111011100111101000001111111001101111111001111010110111',,,0.1619718309859155
'000011000111001000000100000000000000000000011010010000001010000000001001',,,0.14084507042253522
'000001000011001110000100000000010111100000000110010000001110000100001001',,,0.11971830985915492
'001011011100110110111000000000000000001011000001111010110001000110010111',,,0.2746478873239437
'011100001111000001111110100110010111100000100100011010110101111110010101',,,0.24647887323943662
'010000000111001110000100011000000000010000011010010000101010000100001001',,,0.15492957746478872
'010010000100001000000100011000010111110000000110010000000110000101001000',,,0.14788732394366197
'011010001100000000111100011000000000010000000000011010100001000111010100',,,0.21830985915492956
'101101111100010001111011011001111111111111111101101111100101111011110100',,,0.14788732394366197
'000001001011001000111100100000010111100000000100011010100100000110001001',,,0.176056338028169
'111111111100110001111011111111101000011111111001101111110001111011110110',,,0.09859154929577464
'000010001100001110111100111000000000010000011000011010001000000110001001',,,0.18309859154929578
'010000000100001000000100100110000000000000011010010000100010000100001001',,,0.11267605633802817
'010001001011001110111100000000000000000000011000011010101000000110001001',,,0.19718309859154928
'000000001000001000111100111000000000010000011000011010100000000111001000',,,0.20422535211267606
'110110101000001001111011100111111111100100111100001111000100111011101000',,,0.2746478873239437
'111101011111110001111011111001101000011111111001101111101001111111110110',,,0.13380281690140844
'101100100111000001000011011111111111110100100110000101110111111101110100',,,0.2605633802816901
'100111111000111111111011000111111111101111111101101111111100111010101011',,,0.20422535211267606
'010110000011001110000110011110000000010000100010010000011010110100001001',,,0.2112676056338028
'000000100000001000000100011110010111110000011110010000000110000001001000',,,0.18309859154929578
'111001111111110111111001011001101000011111011001101111111001001011110110',,,0.1619718309859155
'000110000000001000000110000110010111100000111110010000000110110100001001',,,0.16901408450704225
'000011000000101110000100000110010111100001011110010000111110000100001001',,,0.16901408450704225
'011001010111010000000100011110010111111011011111110000111111000101010100',,,0.2676056338028169
'001001011100110110111001011110001000011011000001101111110001000111110110',,,0.24647887323943662
'000010000011001110000100100110010111100000000110010000111110000100001001',,,0.14084507042253522
'101101111100110001111011100001101000001111100001101111100001111010110111',,,0.176056338028169
'111100110100000001000011111001111111110100111111100101100111111001110100',,,0.2323943661971831
'111111111111110111111011111001111111111111111101101111011101111011110110',,,0.08450704225352113
'000010001100001000111100000000010111100000000100011010000100000110001001',,,0.11971830985915492
'101101111011110001111011011001111111111111111101101111001101111011110110',,,0.14788732394366197
'111101110111000001000011011001111111111111100111100101000111111001110100',,,0.22535211267605634
'101111111000110111111011100001111111101111111101101111011101111011110110',,,0.13380281690140844
'110001101000111110111001011111111111111100011101101111111100000111101010',,,0.2676056338028169
'000001001000001000111100011000010111110000011100011010000100000111001000',,,0.2112676056338028
'101001111011110001111001111001101000011111011001101111101001001011110110',,,0.176056338028169
'101101111100110111111011111001101000011111111001101111011001111011110110',,,0.14084507042253522
'111111111111110001111011100001111111101111111101101111001101111010110111',,,0.19718309859154928
'101011110111110111000001111001111111111111011111100101111111001001110110',,,0.18309859154929578
'101101110000110111000011100001101000001111111011100101011011111001110110',,,0.20422535211267606
'000001010011111110000100100110010111101011000110010000011110000100001011',,,0.18309859154929578
'101101110100110001000011000111101000001111100011100101110011111001110110',,,0.19718309859154928
'111111111111110001111010011001101000011111111001101111101001111111110110',,,0.14788732394366197
'111001110000110111000001011111101000011111000011100101110011001001110110',,,0.21830985915492956
'111101111000110111111011011001101000011111111001101111111001111011110110',,,0.11267605633802817
'101011111100110001111001100111111111101111011101101111100101001011110110',,,0.2323943661971831
'010000001011001000111100011110010111110000000100011010100100000111001000',,,0.24647887323943662
'101001111011110001111001011111111111111111011101101111111101001011110110',,,0.14788732394366197
'010010000011001110000100111110000000010000000010010000011010000101001000',,,0.20422535211267606
'011011110000110110000000100110000000001011011011110000111011000000010111',,,0.24647887323943662
'111001111011110111111001011001101000011111000001101111111001001011110110',,,0.18309859154929578
'010110000000001000000110100000010111100000100110010000000110110100001001',,,0.1619718309859155
'010001001011001110111100100110010111100001000100011010111100000110001001',,,0.2112676056338028
'010000000111001000101100000000010111100000011110010010101100000110001001',,,0.18309859154929578
'000011001011001110111100000000010111100001000100011010001100000110001001',,,0.16901408450704225
'110111110011111001000011000001111111101111111111100101001110111000101011',,,0.2605633802816901
'001010001100000000111100011000000000010000000000011010000001000111010100',,,0.2323943661971831
'111101111000110001111011000001111111101111111101101111100101111011110110',,,0.15492957746478872
'101111111111110111111011111001111111111111100101101111011101111011110110',,,0.11267605633802817
'010001010000111110000100100110010111101011011111010000111110000100001011',,,0.2112676056338028
'010011100011001000000100100110000000000001011010010000001010000000001001',,,0.1619718309859155
'111101110111110111100011011111101000011111100011100111111001111001110110',,,0.14084507042253522
'010000001100001000111100100000000000000000000000011010100000000110001001',,,0.1267605633802817
'010010000011111110000100000110000000000000011010010000111010000100001011',,,0.176056338028169
'100111111011111111111011000001111111101111111101101111011100111010101011',,,0.20422535211267606
'000000000100001000000100011000010111110000011110010000100110000100001001',,,0.14084507042253522
'010000000100001110000100000000010111100000000110010000000110000100001001',,,0.08450704225352113
'110100100000111111000011100111101000001100100010000101010010111000101011',,,0.30985915492957744
'000000000011001110001100100110010111100000011110010000011100000110001001',,,0.14084507042253522
'011110001111000001111110100110000000000000100000011010010001111110010101',,,0.2323943661971831
'000000000000001000000100111110000000010000011010010000100010000100001001',,,0.13380281690140844
'111111110100110001000011100001101000001111111011100101000011111001110110',,,0.19718309859154928
'101101011011110111111011100111101000001111100001101111011001111111110110',,,0.16901408450704225
'000000001011001110111100000110000000000000011000011010111000000110001001',,,0.1619718309859155
'101111111111110001111011100001111111101111111101101111101101111010110111',,,0.18309859154929578
'111101111000110111111011111111101000011111100001101111110001111011110110',,,0.11267605633802817
'111100110111110001000011000111111111101110100111100101110111111000110111',,,0.23943661971830985
'101011111111110001111001100001101000001111011001101111101001001011110110',,,0.21830985915492956
'011000000100000000000100011000000000010000011010010000100011000100010101',,,0.18309859154929578
'000110001111001000111110100000000000000000111000011010001000110110001001',,,0.2112676056338028
'000010001100001000111100100110010111100000011100011010000100000110001001',,,0.15492957746478872
'101101110111110001000011100111111111101111111111100101111111111001110110',,,0.14788732394366197
'000100001100001000111110000000010111100000100100011010000100110110001001',,,0.18309859154929578
'011110001100000001000110100110000000000000111010010000010011111100010101',,,0.24647887323943662
'000010000100001000000100011000010111110000000110010000000110000101001000',,,0.14788732394366197
'101110110100110001100011011111101000011111100001100111010001111001110110',,,0.21830985915492956
'101101111000110111111011111001101000011111111001101111011001111011110110',,,0.13380281690140844
'110010101000101110111001111001111111110100000100001011000100000011101010',,,0.3028169014084507
'010011001011101110111100000110010111100000011100011010111100000110001001',,,0.2112676056338028
'010110001100001000111110100000000000000000100000011010000000110110001001',,,0.1619718309859155
'100101111000111001111011000111111111101111100101101111000100111010101011',,,0.2323943661971831
'101100110111010001000011111111111111111111100111100101010111111001110100',,,0.21830985915492956
'000000001000001000111100011110010111110000000100011010000100000110001001',,,0.14788732394366197
'111111111100110001111011011001101000011111100001101111100001111011110110',,,0.09154929577464789
'111111111111010001111011111111101000011111111001101111011001111011110100',,,0.11971830985915492
'111101110111110111000011000111101000001111111011100101111011111100110111',,,0.20422535211267606
'111011011111110000111001011001111111111011011101101111101101000111110110',,,0.22535211267605634
'001001001111000000111100000110000000000011000000011010110001000110010101',,,0.23943661971830985
'111110101100110111111011111111101000011100100000101111110001111011110110',,,0.14084507042253522
'011010000100000000000100111110010111110000011110010000100111000101010100',,,0.2605633802816901
'010001010011111110000100000110000000001011000011110000011010000000001011',,,0.20422535211267606
'010011000000001110000100000000000000000000000010010000100010000100001001',,,0.1267605633802817
'000000100000001110000100111110000000010100000010010000010010000101001000',,,0.20422535211267606
'010010001100001110111100100000010111100000000100011010110100000110001001',,,0.19718309859154928
'101111111000110111111011000111101000001111111001101111111001111011110110',,,0.11971830985915492
'010001011011111110111100100000010111101011011100001010011100000110001011',,,0.2323943661971831
'000010000111001000000100000000000000000000011010010000001010000100001001',,,0.1056338028169014
'000010001000001000111100011110010111110000000100011010000100000111001000',,,0.19718309859154928
'000110101000001001111110000001010111100100111100011010000100111010001001',,,0.2323943661971831
'111111011100110001111011100001111111101111100101101111100101111110110111',,,0.18309859154929578
'010000001011001110111100100000000000000000000000011010001000000110001001',,,0.15492957746478872
'000100001100001000111110100000010111100000111100011010100100110110001001',,,0.2323943661971831
'010001010011001110000100100000010111100011000110010000101110000100001001',,,0.176056338028169
'010100000000001000000110000000010111100000111110010000100110110100001001',,,0.20422535211267606
'101001111100110001111001111111101000011111011001101111100001001011110110',,,0.19014084507042253
'000000000000001110000100100000000000000000011010010000101010000100001001',,,0.1267605633802817
'101011111000110001111001111111101000011111011001101111000001001011110110',,,0.21830985915492956
'110011110011111110000001011111101000011111011011110101111010000001001010',,,0.3028169014084507
'111111111111110111111011111001111111111111100101101111111101111011110110',,,0.07042253521126761
'111101111100110111111011011001101000011111100001101111010001111011110110',,,0.14084507042253522
'110101110000111111111011000001111111101111111101101111001100111110101011',,,0.28169014084507044
'101101111100110111111011000001111111101111111101101111011101111011110110',,,0.15492957746478872
'101111111100110111111011000111101000001111100001101111110001111110110111',,,0.20422535211267606
'111101111000110001011011111111101000011111111011101101010001111011110110',,,0.15492957746478872
'111111110100110111000011100111101000001111100011100101010011111001110110',,,0.19718309859154928
'000100001100001000111110000000010111100000111100011010000100110110001001',,,0.19718309859154928
'110001111011111110111001111111111111111111011101101111011100000011101010',,,0.2112676056338028
'010000000000001000000100011000000000010000000010010000000010000101001000',,,0.1267605633802817
'010000001011001000111100011000000000010000000000011010000000000110001001',,,0.14084507042253522
'010000000011001110000100000000000000000000011010010000101010000100001001',,,0.13380281690140844
'101111110111110001000011111111111111111111100110100101110111111001110110',,,0.1619718309859155
'101001010111110111000001011001101000011111000011110101111011001101110110',,,0.2605633802816901
'110010111011111110111001011001111111111110000101101111101100000011101010',,,0.2746478873239437
'011110000111000001000110111000000000010000100010010000100011111100010101',,,0.21830985915492956
'010010000011001110000100000110000000000000000010010000111010000100001001',,,0.15492957746478872
'101001111011110111111001000001111111101111000101101111111101001011110110',,,0.19014084507042253
'010000000000001110000100011110010111110000011110010000111110000101001000',,,0.2112676056338028
'000000000011001000000100100110010111100000000110010000000110000000001001',,,0.11267605633802817
'010001001011101110111100000110010111100001011100011010111100000110001011',,,0.20422535211267606
'011101010111000001000110100000000000000011111011110000001011111100010101',,,0.28169014084507044
'010001001000101110111100111000000000010000011000001010001000000111001000',,,0.28169014084507044
'101101111111110111111011100001101000001111100001101111011001111011110110',,,0.16901408450704225
'010000000111001000100100000110000000000000011010010010001000000100001001',,,0.11971830985915492
'101101111111110111111011000001101000001111100001101111111001111110110111',,,0.20422535211267606
'001001011111110000111000000110000000001011011001111010111001000110010111',,,0.24647887323943662
'111011110011110111000001000001111111101111000111100101011111001001110110',,,0.2535211267605634
'100001110000111110000001011111101000011111011011100101011010000001101010',,,0.23943661971830985
'000010001011101110111100100110010111100000000100011010111100000110001001',,,0.19718309859154928
'000110111000011111111010100000110111101010111101101111111100110010101011',,,0.3028169014084507
'111111111111110111010011111111111111111111111111100101111111111011110110',,,0.08450704225352113
'100001010011111110000001011001111111111111011111100101101110000101101010',,,0.2535211267605634
'001000011111000000111100111000000000010010011001111010101001000111010100',,,0.28169014084507044
'000011001000111110111100000000000000001011011000011010011000000110011011',,,0.24647887323943662
'110011001011111110111001111111101000011101000001111111011000000111001010',,,0.352112676056338
'010000001100001110111100011110010111110000000100011010010100000111001000',,,0.22535211267605634
'010000000111001000000100111110000000010000011010010000101010000101001000',,,0.20422535211267606
'000010000000001000000100111000010111110000000110010000000110000100001001',,,0.1056338028169014
'100110100011101001000111011111111111110100100110000101000110111001101000',,,0.23943661971830985
'111101110111110001000011000001111111101111100111100101100111111000110111',,,0.2323943661971831
'000000000000001000000100100110000000000000000010010000000010000000001001',,,0.07746478873239436
'010010001011101110111100100110010111100000000100011010011100000110001001',,,0.18309859154929578
'100011011011111000111001111111111111111111011101101111101100000111101010',,,0.2676056338028169
'111111110111110111000011100111111111101111100111100101111111111000110111',,,0.16901408450704225
'010110000000001110000110000111000000000100111010010000011010111100001001',,,0.22535211267605634
'010011001011001110111100000000010111100000011100011010001100000110001001',,,0.18309859154929578
'000011000111001000000100000000010111100000011110010000101110000100001001',,,0.1619718309859155
'111001010111110110000001111110101000011011000011100101111011000101110110',,,0.2323943661971831
'000000001011101110111100100110000000000000011000011010111000000110001011',,,0.18309859154929578
'010011011011111110111100000000010111100011011101111010101100000110001011',,,0.24647887323943662
'101011111111110111111001100111101000001111011001101111111001001011110110',,,0.19014084507042253
'000000001000111110000100100000000000000000011010010000001010000100001011',,,0.14788732394366197
'000010101100001000111100000110010111100000011100011010100100000010001001',,,0.19718309859154928
'011010000111000000000100111110000000010000000010010000110011000101010100',,,0.23943661971830985
'111111110000110111000011000111101000001111111011100101111011111001110110',,,0.1619718309859155
'101111111100010111111011011111101000011111111001101111111001111011110100',,,0.11267605633802817
'101001111000110111111001011001111111111111000101101111110101001011110110',,,0.18309859154929578
'010000001011101110111100000110010111100000000110011000111100000110001001',,,0.2112676056338028
'100011111000111110111001111111101000011111011001101111011000000011101010',,,0.2535211267605634
'010100001000001000111110100110010111100000100100011010000100110010001001',,,0.22535211267605634
'100010101000001000111000011001010111110100011100001011000100000011101000',,,0.23943661971830985
'010000000000001110000100000000000000000000011010010000001010000100001001',,,0.1056338028169014
'010011000111111000000100100110010111100001000110010000100110000100001011',,,0.18309859154929578
'100101110000111111000011000001111111101111111111100101001110111001101010',,,0.22535211267605634
'000010000000001110000100000110000000000000000010010000010010000000001001',,,0.11971830985915492
'010000001111001110111100000110010111100000011100011010011100000110001001',,,0.13380281690140844
'000110001011001001111110000110010111100000100100011010000100110010001001',,,0.22535211267605634
'000010001100001000111100111110000000010000000000011010000000000111001000',,,0.19014084507042253
'011000000100000000000100011000010111110000000110010000100111000101010100',,,0.2323943661971831
'000000000100001110000100011000010111110000011110010000001110000101001000',,,0.176056338028169
'111111111100110001111011000001111111101111100101101111100101111011110110',,,0.1267605633802817
'100001110011111110000001111001111111111111000111100101101110000001101010',,,0.23943661971830985
'001000000100000000000100011110000000010000000010010000000011000101010100',,,0.22535211267605634
'100000101011111000111001100111111111101100000100001111000100000011101010',,,0.2676056338028169
'010010000011001110000100011000010111110000011110010000001110000100001001',,,0.14788732394366197
'010010000011111110000100000110010111100000000110010000111110000100001011',,,0.18309859154929578
'000100000011001001000110000000000000000000111010010000001010111000001001',,,0.22535211267605634
'110001111000111110111001111111111111111111011101101111011100000111101010',,,0.23943661971830985
'011110001100000001111110000110010111100000100100011010110101111110010101',,,0.24647887323943662
'111100111111000001111011000001111111100100100101101111100101111011110100',,,0.22535211267605634
'010000000111001110101100100000010111100000000110011000101100000110001001',,,0.19718309859154928
'101111110111000001000011000111111111101111100111100101010111111001110100',,,0.2323943661971831
'111001111111110111111001111111101000011111011001101111111001001011110110',,,0.14084507042253522
'010000100011001000000100011110000000010000011010010000001010000001001000',,,0.19718309859154928
'010000001100001000111100100000000000000000000000011010000000000110001001',,,0.09859154929577464
'011111000100110001000110100110111111101001111110000101110111111100110111',,,0.29577464788732394
'000110000000001110000110000110000000000000111010010000111010110100001001',,,0.19718309859154928
'010000001011001110111100111000000000010000000000011010101000000111001000',,,0.2535211267605634
'111010111111110000111001111111111111111100000101101111110101001011110110',,,0.21830985915492956
'111111111100110001111011000001101000001111111001101111100001111010110111',,,0.176056338028169
'010100001111001110111110000110000000000000111000011010011000110110001001',,,0.19718309859154928
'111011111000110111111001011001111111111111000101101111110101001011110110',,,0.19014084507042253
'111101110111110001100011111001111111111111111101100111101101111001110110',,,0.15492957746478872
'101111110111110111000011000111101000001111100011100101111011111100110111',,,0.22535211267605634
'110111111011111111111011100001111111101111111101101111011100111010101011',,,0.22535211267605634
'000000001000001110111100100110000000000000011000011010111000000110001001',,,0.18309859154929578
'110011110011111000000001000001111111101111011111100101101110000001101010',,,0.2676056338028169
'100100100011001001000111011001111111110100111110000101001110111001101000',,,0.2535211267605634
'000000000011001000101100111000010111110000011110010010001100000101001000',,,0.22535211267605634
'101011111000110001111001111111101000011111000001101111000001001011110110',,,0.20422535211267606
'000010001100001000111100111000000000010000000000011010000000000110001001',,,0.13380281690140844
'000011001000101110111100000000000000000011011000011010001000000110001001',,,0.18309859154929578
'101011110111110001000001011111111111111111011111100101111111001001110110',,,0.19014084507042253
'101001111000110111111001111111111111111111011101101111011101001011110110',,,0.16901408450704225
'101001110011110001000001000111111111101111011111100101011111001001110110',,,0.2323943661971831
'111101110000110001000011111111101000011111111011100101010011111001110110',,,0.18309859154929578
'010100001100001110111110000110010111100000100100011010010100110110001001',,,0.2112676056338028
'101001111100110111111001011001111111111111011101101111111101001011110110',,,0.16901408450704225
'010010001100001110111100011110000000010100000000011010010000000111001000',,,0.24647887323943662
'001011011011110110111100100000000000001011000001111010111001000010010111',,,0.2676056338028169
'101101010100110111000011011001101000011011111011100101111011111101110110',,,0.19014084507042253
'111111110000110001100011000001111111101111111111100111100101111001110110',,,0.19718309859154928
'000000000000001000011100100000000000000000000000011000000010000110001001',,,0.09859154929577464
'001000000100000000000100111110000000010000000010010000000011000101010100',,,0.21830985915492956
'010001001011001110111100000000000000000000000000011010001000000110001001',,,0.16901408450704225
'011111010111110111000111100000000000001011111011110100011011111100010111',,,0.28169014084507044
'011010000100000110000100011110000000010000000010010000110011000101010100',,,0.24647887323943662
'010100001000001000111110100110010111100000100100011010100100110110001001',,,0.23943661971830985
'010010000000001000000100111110010111110000000110010000000110000101001000',,,0.176056338028169
'101111110111110111000111111111111111111111100111100101111111111101110110',,,0.15492957746478872
'111111110011110111000011000111111111101111111111100101111111111001110110',,,0.1267605633802817
'000000100000101110101000000110010111100000000110010010010100000000001011',,,0.21830985915492956
'101111110100110111000011000111111111101111111111100101111111111000110111',,,0.19014084507042253
'000010000111001000000100011110010111110000000110010000100110000100001001',,,0.1619718309859155
'101101111111000001111011111001111111111111100101101111100101111011110100',,,0.176056338028169
'000011000000001110000100011000010111110000000110010000000110000101001000',,,0.176056338028169
'100001111011111110111001111001111111111111000101101111101100000011101010',,,0.23943661971830985
'011000000111000000000100011000000000010000000010010000000011000101010100',,,0.2112676056338028
'001001001100000000111100111110000000010011000000011010100001000111010100',,,0.2605633802816901
'111111010111110001000111111110101000011011100010000101110011111101110110',,,0.19014084507042253
'010000000000001110000100011110010111110000011110010000011110000100001001',,,0.14084507042253522
'101011111100110111110001011001101000011111000011100101010001001001110110',,,0.2676056338028169
'000100001000001110111110100000000000000000111000011010001000110110001001',,,0.2112676056338028
'101110110111000001000011111001101000011111100011100101100011111001110100',,,0.22535211267605634
'001010000100100110000100100110000000000000000010010000110011000100010101',,,0.2112676056338028
'000000001100001000111100111110010111110000011100011010000100000110001001',,,0.176056338028169
'010000001100001000111100111000000000010000011000011010000000000111001000',,,0.18309859154929578
'010100000100001000000110000000010111100000100110010000000110110100001001',,,0.15492957746478872
'101111111100110001111011011001111111111111111101101111000101111011110110',,,0.15492957746478872
'111111110011110111000011000111101000001111100011100101011011111001110110',,,0.19014084507042253
'110010110011111110000001011111111111111111000111100101011110000001101010',,,0.24647887323943662
'000001001011101110111100000110010111100001000100011010111100001110001011',,,0.2535211267605634
'100100101111000001111011111001111111110100111100001111101100111111100100',,,0.23943661971830985
'000010001011001110111100011110000000010000011000011010011000000111001000',,,0.2112676056338028
'010010001100001000111100000110010111100000011100011010100100000110001001',,,0.176056338028169
'010010100011001000000100100110000000000100000010010000000010000000001001',,,0.1267605633802817
'010000001011001000111100011000000000010000011000011010001000000110001001',,,0.176056338028169
'101000010111010110000001111111101000011010000011110100011011000101010110',,,0.29577464788732394
'101100101111000001111011011001111111110100100101101111100101111011110100',,,0.2112676056338028
'101101110000110111000011011001111111111111111111100101111111111001110110',,,0.13380281690140844
'110111111100110111111011011111111111111111111101101111111101111011100110',,,0.07746478873239436
'010010000011001000000100100000000000000000000010010000000010000100001001',,,0.08450704225352113
'101101011111110001111011000111111111101111111101101111111101111110110111',,,0.176056338028169
'010010000011001000000100000000000000000000011010010000101010000100001001',,,0.14084507042253522
'010000001011001110000100100000010111100000011110010000001110000100001001',,,0.13380281690140844
'010110101011001111111110100110000000000101100000011010011000111010001001',,,0.28169014084507044
'010000000100001110000100111110010111110000000110010000110110000100001001',,,0.176056338028169
'001001010111110000000100100110000000001011011011110000111011000100010111',,,0.22535211267605634
'111001110111110111000001111111101000011111000011100101011011001001110110',,,0.2112676056338028
'100101110011111001000011011001111111111111111111100101001110111001101010',,,0.19718309859154928
'010100000100001000000110100110010111100000111110010000100110110100001001',,,0.21830985915492956
'010010001111001000111100111110010111110000000100011010100100000110001001',,,0.2112676056338028
'010000000011001000000100100000000000000000000010010000000010000100001001',,,0.07746478873239436
'111111110011110111000011100001111111101111111111100101111111111000110111',,,0.176056338028169
'111110111100110001111011011111111111111110111101101111110101111011110110',,,0.11971830985915492
'010000101000001110111000111001010111110100000100001011000100000011101000',,,0.2676056338028169
'110101111011111111111011000111111111101111100101101111111100111010101011',,,0.22535211267605634
'111101111100010001111011111001111111111111111101101111100101111011110110',,,0.1267605633802817
'110100110011111111000011011001111111111111111111100101011110111001101010',,,0.20422535211267606
'000000001011001000111100011000010111110000011100011010001100000110001001',,,0.16901408450704225
'111100001111000001111111011111111111111000100100001111110101111111110100',,,0.21830985915492956
'000011000100001000000100100000010111100001000110010000100110000100001001',,,0.13380281690140844
'000000001011001000111100100000000000000000011000011010101000000110001001',,,0.16901408450704225
'000010000011001110000100111000000000010000011010010000001010000101001000',,,0.176056338028169
'000000001000001000111100000110010111100000011100011010000100000110001001',,,0.13380281690140844
'001000001100000000111100111000000000010000011000011010000001000111010100',,,0.2323943661971831
'101101111111110111111011100111101000001111111001101111111001111110110111',,,0.16901408450704225
'000000000000001000000100011110010111110000000110010000000110000101001000',,,0.14788732394366197
'101001111100110111010001111001111111111111011111100111111111001001110110',,,0.20422535211267606
'010010000000111110000100000110010111100000000110010000110110000100001011',,,0.19014084507042253
'010001000111001000000100000110010111100000000110010000110110000100001001',,,0.1619718309859155
'101111110000110111101011100111101000001111100001101111110001111011110110',,,0.14788732394366197
'111011111111110001111001100001101000001111000001101111100001001011110110',,,0.19718309859154928
'010010001000001000111100011110010111110000000100011010000100000110001001',,,0.16901408450704225
'001010000100000000000100011000000000010000000010010000100011000100010101',,,0.19014084507042253
'010011000011101110000100100000000000000001000011010000001010000100001001',,,0.16901408450704225
'111111111011110001111011100111101000001111100001101111110001111011110110',,,0.13380281690140844
'101111110111110111000011000001111111101111100111100101011111111100110111',,,0.24647887323943662
'101101111111110111111011000111101000001111111001101111111001111010110111',,,0.1619718309859155
'000010001111001000111100100000010111100000000100011010100100000110001001',,,0.16901408450704225
'111111110111110001000011000111111111101111100111100101010111111001110110',,,0.19718309859154928
'101011111100110001111001011111101000011111011001101111000001001011110110',,,0.2323943661971831
'000010001100001000111100011000010111110000000100011010100100000110001001',,,0.176056338028169
'011110001100000001111110000000000000000000111000011010100001111010010101',,,0.22535211267605634
'000100000100001000000110100110010111100000100110010000000110110100001001',,,0.176056338028169
'000010001100001110111100100000010111100000000100011010110100000110001001',,,0.19718309859154928
'000110000000001000000110100000000000000000100010010000000010110100001001',,,0.1267605633802817
'100000101011001000111100011001111111110100011100011010001100000111001000',,,0.2605633802816901
'000001001000111110111100000110000000000000011000011010111000000110001011',,,0.2323943661971831
'101100110000110111000011111111101000011110100011100101010011111001110110',,,0.20422535211267606
'111111110111110111000011000001101000001111100011100101011011111001110110',,,0.19718309859154928
'110111111011111111011011011111111111111111111101101101011110111011101010',,,0.15492957746478872
'000011100000101000000100000000010111100100000110010000100110000000001011',,,0.1619718309859155
'000100101000001001111110100000000000000000100000011010000000110010001001',,,0.19718309859154928
'010000001100001110111100011000010111110000011100011010001100000110001001',,,0.176056338028169
'111110111111110001111011011001111111111111100101101111100101111011110100',,,0.14788732394366197
'101001110100110111000001011001101000011111011011100101111011001101110110',,,0.2323943661971831
'111111111000010001111011011111101000011111100001101111010001111011110110',,,0.15492957746478872
'111111111011110001111011000001111111101111111101101111001101111010110111',,,0.2112676056338028
'101111110111110111000011100111101000001111100011100101011011111001110110',,,0.19014084507042253
'011000000111000000000100000000000000000000000010010000100011000100010101',,,0.15492957746478872
'010000001100001000111100011110000000010000011000011010000000000111001000',,,0.19014084507042253
'000110000100001000000110011000010111110000111110010000000110110100001001',,,0.19014084507042253
'101101110000110001000011000001111111101111100111100101000111111000110111',,,0.2535211267605634
'101001010100110110000001111001101000011111011011100101111011001101110110',,,0.24647887323943662
'010110000011001000000110000110000000000000100010010000000010110100001001',,,0.1619718309859155
'111001110000110111000001011111111111111111011111100101111111001001110110',,,0.176056338028169
'010011001011001000111100100110010111100011011101011010001100000110001001',,,0.2112676056338028
'111011111100110111111001100111101000001111011001101111111001001011110110',,,0.19014084507042253
'101111111011110111111011000001101000001111111001101111111001111010110111',,,0.1619718309859155
'100110100011111111000011100111111111101100100110000101011110111100101011',,,0.2887323943661972
'011101011111110001111011000110001000001011111001101111111001111110110111',,,0.19014084507042253
'101101110000110001000011111001101000011111100011100101000011111001110110',,,0.16901408450704225
'101111110111110001000011111111101000011111111011100101011011111101110110',,,0.176056338028169
'111101111111110111111011011111111111111111100101101111111101111011110110',,,0.07042253521126761
'101011110111110001000001111111111111111111011111100101111111001001110110',,,0.18309859154929578
'111101010100110111000011000001101000001011111011100101111011111100110111',,,0.24647887323943662
'111111111011110111111011100111101000001111111001101111111001111010110111',,,0.14084507042253522
'000010001011001000111100111000000000010000000000011010100000000110001001',,,0.16901408450704225
'000000000011001110000100100000010111100000011110010000101110000100001001',,,0.13380281690140844
'000000001000001000111100011000000000010000011000011010100000000111001000',,,0.19718309859154928
'101001110111000001000001011111101000010111011011100001111011001001110100',,,0.2605633802816901
'100001010011111110000001011000111111111011011111100101001110000101101010',,,0.2323943661971831
'000010001111001000111100000000010111100000011100011010001100000110001001',,,0.15492957746478872
'000010101000101110111101011000000000010100000000001011000000000011101010',,,0.2535211267605634
'111101111000110111111011111111111111111111100101101111110101111011110110',,,0.1056338028169014
'000000000100001000000100111000010111110000000110010000000110000101001000',,,0.14788732394366197
'010010001011101110111100000000000000000000011000011010001000000110001001',,,0.16901408450704225
'011000000100000000000100111110000000010000011010010000100011000100010101',,,0.19014084507042253
'000000001011001110000100111000000000010000011010010000101010000100001001',,,0.16901408450704225
'000100000000001110000110000110010111100000111110010000011110110100001001',,,0.16901408450704225
'010110000111001110000110100110010111100000111110010000111110110100001001',,,0.19014084507042253
'101010110100110001000001111111111111111111011111100101100111001001110110',,,0.2535211267605634
'000000000011001110000100100110000000000000000010010000111010000100001001',,,0.14084507042253522
'010000000100001000000100111110000000010000000010010000100010000101001000',,,0.16901408450704225
'010010000000001110000100011000010111110000011110010000101110000100001001',,,0.176056338028169
'010100001011001001111110100000010111100000100100001011000100110110101001',,,0.28169014084507044
'111001111111110001111001111111101000011111011001101111111001001011110110',,,0.15492957746478872
'000011000100001110000100000000010111100011011110010000101110000100001001',,,0.16901408450704225
'010001011000111110111000000110010111101011011101101011111100000010001011',,,0.2605633802816901
'001001010111110000100001011110111111111011011101111111111111000101110110',,,0.2746478873239437
'101111110000110111000011111001111111111111111111100101111111111001110110',,,0.11971830985915492
'110100110011111111000011000111111111101111100111100101011110111001101010',,,0.2323943661971831
'010000001111001000111100000110000000000000000000011010100000000110001001',,,0.14788732394366197
'010110101000001111111110100000010111100100100100001011000100111010101001',,,0.28169014084507044
'101101110000110001000011111001111111111111100111100101100111111001110110',,,0.14788732394366197
'101100110111010001000011011001111111111111100111100101000111111001110110',,,0.23943661971830985
'100101111000111111111011100111101000001111111001101111011000111010101011',,,0.2535211267605634
'010000000100001000000100011000000000010000000010010000000010000100001001',,,0.07746478873239436
'111110111000010111111011111001101000011110100001101111110001111011110100',,,0.14084507042253522
'000011001011001110111100111000010111110011011101011010101100000110001001',,,0.2535211267605634
'010010000000001000000100011001010111110100011110010000000110000101001000',,,0.19014084507042253
'010100001000001110111110000110010111100000100100011010010100110110001001',,,0.21830985915492956
'000010000000001110000100100000010111100000011110010000101110000100001001',,,0.14084507042253522
'010010000111001110000100011000000000010000000010010000001010000101001000',,,0.176056338028169
'001001010111110110000100011000000000011011011011110000111011000100010111',,,0.2605633802816901
'101111111011110111111011000111101000001111111001101111011001111010110111',,,0.176056338028169
'101101011111110001111011000001111111101111111101101111101101111110110111',,,0.21830985915492956
'101111110100110111000011100001111111101111100111100101110111111001110110',,,0.176056338028169
'111111111100110111111011100001111111101111100101101111010101111011110110',,,0.14788732394366197
'101111111011110001111011100001111111101111111101101111101101111110110111',,,0.19014084507042253
'111111110011110111101011100111111111101111111101101111111101111011110110',,,0.09154929577464789
'000001001011001000111100011110010111110000011100011010101100000111001000',,,0.2605633802816901
'010010001111001000111100111000010111110000000100011010100100000110001001',,,0.19718309859154928
'000000001111001000111100100110010111100000000100011010000100000110001001',,,0.14788732394366197
'001000000100000000011100011110010111110000011110011000100101000111010100',,,0.3028169014084507
'010110001100001110010110100000000000000000100010010000000010110110001001',,,0.1619718309859155
'101111110000110111000011000001101000001111100011100101010011111001110110',,,0.2112676056338028
'001000000100000110000100011110000000010000000010010000110011000100010101',,,0.22535211267605634
'101101011100110001111011100111101000001111111001101111010001111111110110',,,0.19718309859154928
'001000000100000000000100011110010111110000011110010000100111000101010100',,,0.2746478873239437
'000100000111001110000110100110010111100000111110010000111110110100001001',,,0.19718309859154928
'111100010111000001000111111001111111111000111111100101111111111101110100',,,0.2112676056338028
'000110001111001110111110011000000000010000111000011010111000110110001001',,,0.2605633802816901
'010011001011001110111100000000000000000000011000011010001000000110001001',,,0.176056338028169
'001011000100000000000100111110000000010000011010010000100011000101010100',,,0.2605633802816901
'101110110100000111000011011001111111110100100111100101100111111001110100',,,0.24647887323943662
'101011110100110111000001011111101000011111011011110101011011001001110110',,,0.2605633802816901
'000000001000001000111100100110010111100000011100011010100100000110001001',,,0.16901408450704225
'101111110100010001000011011111111111111111100111100101110111111001110100',,,0.16901408450704225
'111111010111110001000011000111111111101111111111100101111111111100010111',,,0.176056338028169
'101111111111110111111011000111101000001111111001101111111001111010110111',,,0.15492957746478872
'001011011111000000111100111000000000010011011001111010101001000111010100',,,0.29577464788732394
'111100111111110001111011000001111111101110100101101111100101111011110110',,,0.16901408450704225
'111110111100110001011011011111101000011110111011101101110011111011110110',,,0.14788732394366197
'111101111100110001111011100111101000001111100001101111110001111011110110',,,0.13380281690140844
'000000001100001000111100111110000000010000011000011010000000000110001001',,,0.15492957746478872
'010010000011001110000100011000010111110000000110010000001110000100001001',,,0.14788732394366197
'111011011100110110111001011001101000011011011001101111111001000111110110',,,0.2323943661971831
'101110111000110111111011100111101000001110100001101111110001111010110111',,,0.19718309859154928
'101111110111110001000011000111111111101111111111100101111111111001110110',,,0.14788732394366197
'000001010011111110000100000110000000001011000011110000011010000000001011',,,0.19014084507042253
'010010000000001000000100011110000000010000000010010000000010000100001001',,,0.1056338028169014
'010000000111001110000100111000000000010000000010010000111010000101001000',,,0.2323943661971831
'010001100000001110000100000110010111100101000110010000110110000000001001',,,0.19718309859154928
'101101111000110001111011011111101000011111100001101111010001111011110110',,,0.14788732394366197
'010010001011001000111100011000000000010000011000011010101000000110001001',,,0.2112676056338028
'111111111100110111111011100111111111101111100101101111110101111011110110',,,0.11971830985915492
'000010000111001000000100100000000000000000000010010000000010000100001001',,,0.07746478873239436
'111111111111010001111011011001111111111111100101101111100101111011110110',,,0.1267605633802817
'101101111111110001111011000001101000001111111001101111001001111011110110',,,0.19014084507042253
'000010001011001110111100000000010111100000000100011010101100000110001001',,,0.176056338028169
'101111110111110001000011000111101000001111100011100101010011111001110110',,,0.21830985915492956
'000000000100001110000100111110000000010000000010010000010010000101001000',,,0.18309859154929578
'101111110111110111111011000001101000001111100001101111111001111011110110',,,0.15492957746478872
'101101111111110001111011111111101000011111100001101111010001111111110110',,,0.1619718309859155
'000000000011001000000100111000000000010000000010010000000010000101001000',,,0.13380281690140844
'000010001111001000111100111000010111110000011100011010001100000110001001',,,0.19014084507042253
'110110101000001001111011011111111111110100111100001111000100111011101000',,,0.23943661971830985
'101001111000110111111001011001111111111111011101101111011101001011110110',,,0.19014084507042253
'000010001000111110111100100110010111101000011100011010011100000110001011',,,0.20422535211267606
'010011001111001000111100011000010111110001011100011010001100000111001000',,,0.24647887323943662
'111101111111110111111011000001111111101111111101101111111101111010110111',,,0.14084507042253522
'110001100011001000000101100001111111100100000110000000000110000000101000',,,0.23943661971830985
'101111110111110111000011100111101000001111100011100101111011111000110111',,,0.20422535211267606
'000000101000101000111001011111011111110100011100001011000100000011101000',,,0.3028169014084507
'111101111000110001111011000001111111101111111101101111000101111011110110',,,0.18309859154929578
'010010001011001000111100011110010111110000000100011010100100000111001000',,,0.2535211267605634
'101111010111110001000011100110101000001011111011110100111011111100010111',,,0.2605633802816901
'000000000100001000000100100110010111100000000110010000000110000100001001',,,0.09154929577464789
'101101111011110111100011100111101000001111100001101111011001111001110110',,,0.19014084507042253
'010010001000001000111100111000000000010000011000011010000000000111001000',,,0.19718309859154928
'010100001011001000111110000110000000000000100000011010000000110110001001',,,0.19718309859154928
'000000000011001000000100011000000000010000011010010000101010000100001001',,,0.14788732394366197
'010000100011001110000100011000010111110000000110010000101110000001001000',,,0.2323943661971831
'010011000011111110000100000110010111101011011110010000011110000000001011',,,0.19718309859154928
'111001110011110111000001111111101000011111000011100101111011001001110110',,,0.19014084507042253
'010010000011001000000100000110000000000000011010010000101010000100001001',,,0.14084507042253522
'010000000111001000000100011000000000010000011010010000001010000100001001',,,0.1267605633802817
'101001110011110001000001011001111111111111011111100101101111001001110110',,,0.20422535211267606
'000010001100001110111100000110000000000000000000011010010000000110001001',,,0.15492957746478872
'111101110100110111000011100001111111101111111111100101111111111000110111',,,0.19014084507042253
'010100000000001000000110000110010111100000111110010000100110110100001001',,,0.21830985915492956
'101101110111110001000011011001111111111111100111100101000111111001110110',,,0.20422535211267606
'111111111011110001111011011001101000011111100001101111000001111011110110',,,0.14084507042253522
'010010000000001000100100100110010111100000000110010000100100000100001001',,,0.15492957746478872
'010000001000001000111100111000000000010000011000011010000000000111001000',,,0.19014084507042253
'001001010100000000000100011000000000010011011011110000100011000101010100',,,0.2746478873239437
'101100111100110001111011111111111111111100111100101111110101111011110110',,,0.15492957746478872
'111110100100000001000011011111101000010100100010010100000011111001100100',,,0.2535211267605634
'000000000011001110100100011000010111110000000110010010001110000100001001',,,0.14084507042253522
'000010001000001110111100011000010111110000000100011010000100000110001001',,,0.15492957746478872
'000110101000001000111110100000010111100000111100011010000100110010001001',,,0.2112676056338028
'000000001111001110111100111110000000010000000000011010011000000111001000',,,0.2323943661971831
'000010000111001110000100100110010111100000000110010000011110000100001001',,,0.11971830985915492
'001010010111110110000100100000000000001011000011110000111011000100010111',,,0.23943661971830985
'010100000011001001000110000110010111100000100110010000000110110100001001',,,0.20422535211267606
'111101111000110111111011011111111111111111100101101111010101111011110110',,,0.14084507042253522
'000001001011001110111100000110000000000001011000011010011000000110001001',,,0.15492957746478872
'011001011100110110111001111110101000011011011001101111011001000111110110',,,0.21830985915492956
'000000101000001110111100111000010111110100000100011010000100000011101000',,,0.21830985915492956
'101101111100110111111011111111111111111111111101101111011101111011110110',,,0.1056338028169014
'111101111011110001010011011111101000011111111011100101011011111011110110',,,0.16901408450704225
'010010000011001000000100111110010111110000011110010000001110000101001000',,,0.19718309859154928
'010100001100001000111110000000000000000000111000011010000000110110001001',,,0.176056338028169
'101011111111110111111001011111111111111111000101101111011101001011110110',,,0.19014084507042253
'000010001000001110111100111000000000010000000000011010100000000110001001',,,0.16901408450704225
'000010000111001110000100100000010111100000000110010000101110000100001001',,,0.14788732394366197
'010000000011001110000100000000000000000000000010010000101010000100001001',,,0.13380281690140844
'101001010100110110000001111001101000011011011011100101111011000101010110',,,0.28169014084507044
'101100100100000001000011111001111111110100111110000101100111111001110100',,,0.23943661971830985
'101101111111110111111011100111101000001111111001101111011001111110110111',,,0.19718309859154928
'101101111111000001111011100001111111100111100101101111100101111011110100',,,0.20422535211267606
'111001110111010000000001011111101000011111000011100101100011001001110110',,,0.23943661971830985
'000010000011001000000100000000010111100000000110010000100110000000001001',,,0.1267605633802817
'111101110100010001000011111001101000011111100011100101000011111001110110',,,0.176056338028169
'010110000011001111000110000110000000000000111010010000011010110100001001',,,0.18309859154929578
'101100110111010001000011111001101000011110100011100101000011111001110110',,,0.22535211267605634
'010001011100001110111100000110010111100011011100011010011100000110001001',,,0.176056338028169
'101111111000110111111011100001111111101111111101101111111101111010110111',,,0.14788732394366197
'101111110000110001000011011001101000011111111011100101000011111001110110',,,0.18309859154929578
'101101110100010001000011011111111111111111111111100101110111111001110110',,,0.176056338028169
'110111111000111111111011100001111111101111111101101111001100111011101010',,,0.22535211267605634
'000001000011111110000100000110000000001001011010010000011010000100001011',,,0.1619718309859155
'101101111100110111111011000001111111101111100101101111110101111010110111',,,0.19014084507042253
'010011000000001110000100100000010111100011011110010000101110000100001001',,,0.18309859154929578
'010000001000111110111100100110010111100000011100011010111100000110001011',,,0.22535211267605634
'000011000111001110000100000110000000000000000010010000111010000100001001',,,0.16901408450704225
'101100110111110001000011100001111111101111100111100101000111111001110110',,,0.24647887323943662
'111111111000010001111011011111111111111111111101101111110101111011110110',,,0.11971830985915492
'010001000011101110000100000110000000000011011010010000011010000100001001',,,0.14788732394366197
'000100001000001110111110100000000000000000111000011010101000110110001001',,,0.23943661971830985
'101111110100110111000011100001111111101111111101101111111111111000110111',,,0.20422535211267606
'010001001011101110111100000110000000000000000000011010111000000110001011',,,0.22535211267605634
'111001110111110001000001111111101000011111011011100101011011001001110110',,,0.2112676056338028
'101001111100110001111001111001111111111111000101101111100101001011110110',,,0.16901408450704225
'101110100100110001000011111111111111111100111111100101010111111001110110',,,0.20422535211267606
'101001110111110111000001011001101000011111000011100101011011001001110110',,,0.24647887323943662
'001111000100000001000110100000010111100001111110010000100111111100010101',,,0.2746478873239437
'000010001111001110111100011110000000010000000000011010011000000110001001',,,0.19014084507042253
'000010000011001000001100011110010111110000011100011010101100000111001000',,,0.2605633802816901
'011001000100000000000100000000000000000000000010010000100011000100010101',,,0.1619718309859155
'101101111111110111111011100111101000001111100001101111111001111010110111',,,0.16901408450704225
'010010000011001000000100111000000000010000000011010000100010000000001001',,,0.16901408450704225
'101100001100000001111111000111100000000100100000001010110001111110110101',,,0.3028169014084507
'101011110100110111000001011111101000011111011011100101011011001001110110',,,0.23943661971830985
'111111111111110111011011111111101000011111111001101101011011111011110110',,,0.11267605633802817
'111001010011110000101001111001111111111111011101101111101101001111110110',,,0.21830985915492956
'101001111011110111111001011001101000011111011001101111111001001011110110',,,0.16901408450704225
'110101111000011111111011011001111111111111111101101111001100111011101010',,,0.2112676056338028
'101101111100010001111011100001111111101111100101101111000101111011110110',,,0.18309859154929578
'001100010100010001000011100110010111101000111111110100110111111100010101',,,0.31690140845070425
'101101111111110001111011000001101000001111111001101111101001111010110111',,,0.20422535211267606
'000000100000001110000100011000010111110000000110010000000110000001001000',,,0.16901408450704225
'111011011000110110111001011001111111111011011101101111111101000111110110',,,0.21830985915492956
'011001010100100000000100100000010111100011011111110000100111000000010111',,,0.24647887323943662
'111101111011110111111011100001101000001111100001101111011001111010110111',,,0.20422535211267606
'010000001111001000111100111000010111110000000100011010100100000110001001',,,0.19014084507042253
'101011111111110110111001111001111111111111011101101111111101001111110110',,,0.18309859154929578
'101101111111110111111011000111111111101111100101101111011101111010110111',,,0.18309859154929578
'000000001011101110111100100110010111100000011100011010111100000110001001',,,0.176056338028169
'000100001000001000111110100110010111100000100100011010100100110110001001',,,0.22535211267605634
'111111111011110001111011111111111111111111111101101111011101111011110110',,,0.09154929577464789
'000110101011001000111110000110000000000000100000011010000000110010001001',,,0.19718309859154928
'111011110011110111000001111111111111111111011111100101111111001001110110',,,0.1619718309859155
'101111110100110111000011000111101000001111111011100101111011111100110111',,,0.22535211267605634
'111100110111110111000011111111111111111110111111100101111111111001110110',,,0.11267605633802817
'111101111011110111111011000001111111101111111101101111011101111011110110',,,0.13380281690140844
'111111111000110111111011111111111111111111100101101111110101111011110110',,,0.09859154929577464
'010000001100001000111100011110000000010000000000011010000000000110001001',,,0.13380281690140844
'000000001100001110111100000000000000000000000000011010100000000110001001',,,0.13380281690140844
'111101110011110111000011100111101000001111111011100101111011111000110111',,,0.19014084507042253
'000010000000001000100100000000010111100000000110010000000110000100001001',,,0.08450704225352113
'101001110111110000000001011111111111111111011111100101111111000101010110',,,0.23943661971830985
'000010000000001000000100111000010111110000011110010000000110000101001000',,,0.1619718309859155
'000000000000001000000100000110000000000000000010010000100010000100001001',,,0.08450704225352113
'010001010111001000000100000000010111100011011111110000101110000100011001',,,0.18309859154929578
'001110001100000001111110100110000000000000100000011010100001111110010101',,,0.21830985915492956
'101111110100110111000011100111111111101111100111100101110111111000110111',,,0.21830985915492956
'111111111011110111111011000001101000001111100001101111111001111010110111',,,0.176056338028169
'000010100000001000000100111111000000010100011010010000000010000001001000',,,0.18309859154929578
'000011010011111110000100100110000000001011000011110000011010000100001011',,,0.19014084507042253
'111101110000110111000011100001111111101111100111100101010111111000110111',,,0.24647887323943662
'111101110011110111000011011001101000011111111011100101011011111001110110',,,0.16901408450704225
'010001001011111110111100000000010111101001000100001011111100000110011011',,,0.3028169014084507
'000000100000001110000100000000010111100100011110010000101110000000001001',,,0.15492957746478872
'000000000111001110000100011110010111110000011110010000011110000101001000',,,0.1619718309859155
'011010000100000000000100111000000000010000000010010000100011000101010100',,,0.19718309859154928
'111100111111110001111011000111101000001100100001101111010001111010110111',,,0.23943661971830985
'000000000100101000000100000110010111100000011110010000100110000100001001',,,0.14084507042253522
'011001011000110110111100000110000000001011000001111010110001000110010111',,,0.2605633802816901
'010000000000001110000100000110010111100000000110010000110110000100001001',,,0.14788732394366197
'010000001100001000111100111110010111110000000100011010100100000111001000',,,0.2323943661971831
'010010000111001110000100011000000000010000011010010000101010000100001001',,,0.1619718309859155
'000000001100001000111100000110000000000000011000011010100000000110001001',,,0.14788732394366197
'101001111100110111111001000001111111101111011101101111111101001011110110',,,0.19718309859154928
'111111110011110111000011100001111111101111111111100101011111111001110110',,,0.1619718309859155
'000010001100001000111100111110010111110000000100011010100100000110001001',,,0.19718309859154928
'111111111111110111111011100001101000001111100001101111011001111010110111',,,0.19014084507042253
'111111110011110001000011011001111111111111111111100101101111111001110110',,,0.15492957746478872
'101100111111110001111011100111111111101110100101101111110101111010110111',,,0.20422535211267606
'111111110100110111000011100001101000001111111011100101011011111001110110',,,0.19014084507042253
'110011001011001000111100011001010111110001011100001011001100000111101000',,,0.29577464788732394
'010000000111001000000100111110010111110000011110010000001110000100001001',,,0.14084507042253522
'111101111100110001111011100001111111101111100101101111000101111010110111',,,0.19718309859154928
'000010000111001110000100000110010111100000011110010000111110000100001001',,,0.1267605633802817
'011010001100000000111100011110000000010000011000011010000001000111010100',,,0.24647887323943662
'111101111100110001010011100001101000001111111011100101100011111001110110',,,0.176056338028169
'101111110000110001000011111001101000011111111011100101100011111001110110',,,0.14788732394366197
'000000001100001000011100000110010111100000000100011000000100000110001001',,,0.14084507042253522
'011011010111110110000100000110000000001011000011110000111011000100010111',,,0.22535211267605634
'110011110000001000000100100111101000000111000010010000000010000000011001',,,0.176056338028169
'111111111100110001111011011001101000011111111001101111000001111011110110',,,0.13380281690140844
'000000001011001000111100000110000000000000011000011010101000000110001001',,,0.1619718309859155
'101101111100110111111011100001111111101111100101101111010101111011110110',,,0.16901408450704225
'011001010111110110000100100000000000001011011011110000111011000100010111',,,0.2112676056338028
'000100000111001000000110100110010111100000111110010000001110110100001001',,,0.19718309859154928
'101111111100110111111011000111101000001111100001101111110001111011110110',,,0.14788732394366197
'000000001111001110111100111110010111110000011100011010011100000111001000',,,0.2112676056338028
'110111111011000001111011011111111111111111111101101111101101111011100100',,,0.1619718309859155
'111100111011010111111011011001111111111111100101101111011101111011110110',,,0.15492957746478872
'111001111100110001111001011001111111111111000101101111100101001011110110',,,0.1619718309859155
'010000101011001000111100000110000000000100000000011010000000000010001001',,,0.15492957746478872
'101100011100110111111011111111111111111011100101101111110101111111110110',,,0.1619718309859155
'011000000111000000000100100000000000000000000010010000100011000100010101',,,0.14788732394366197
'000010001011101000111100000000010111100000011100011010101100000110001011',,,0.19014084507042253
'000001011000111001111100100110010111101011011101001011000100000110010011',,,0.323943661971831
'000110001000001110111110111110000000010000111000011010011000110110001001',,,0.2323943661971831
'111111111011110001111011100111111111101111100101101111110101111011110110',,,0.1267605633802817
'111111111000110001111011111001101000011111111001101111100001111011110110',,,0.1056338028169014
'010010000000001000000100000000000000000000011010010000000010000100001001',,,0.07746478873239436
'000100000100001000000110011110000000010000111010010000000010110100001001',,,0.19014084507042253
'101101110100110111000011111001111111111111100111100101110111111001110110',,,0.15492957746478872
'111111110111110111000011000001101000001111111011100101011011111000110111',,,0.22535211267605634
'010010001011001110011100011000000000010000011000011000101000000110001001',,,0.22535211267605634
'101100111000110111111011111111111111111111100101101111110101111011110110',,,0.1267605633802817
'000100000011101110000110000000010111100000100110010000011110110100001001',,,0.19718309859154928
'010100101000001111111110100110000000000100100000011010010000111010001001',,,0.2676056338028169
'010010000011001110000100011000010111110000011110010000001110000101001000',,,0.19014084507042253
'010010000000001110101100111000010111110000011100011010001100000111001000',,,0.23943661971830985
'000000001100001110010100000110000000000000011010010000011010000110001001',,,0.1267605633802817
'111101111111010001111011111001101000011111100001101111100001111011110100',,,0.11971830985915492
'010001010000101110000000000000010111100011011111110000001110000100001011',,,0.19014084507042253
'000010001100001110111100011110000000010000011000011010111000000110001001',,,0.21830985915492956
'000010001011001110111100111000000000010000011000011010001000000111001000',,,0.21830985915492956
'111101111000110001111011011111101000011111100001101111000001111011110110',,,0.14788732394366197
'111111110000110001000011100111111111101111111111100101110111111001110110',,,0.16901408450704225
'011100000111000001000110011000000000010000100010010000000011111000010101',,,0.2605633802816901
'010010001011001000111100111110010111110000000100011010100100000110001001',,,0.21830985915492956
'101111111100000111111011011001101000010111100001101111010001111011110100',,,0.18309859154929578
'111111111011110001111011111111101000011111100001101111010001111011110110',,,0.13380281690140844
'101101110111010001000011100001101000001111100011100101000011111001110110',,,0.2323943661971831
'010100001011001001011110100110010111100000111100011000101110110110001001',,,0.28169014084507044
'111110111100110111111011100111101000001110100001101111110001111110110111',,,0.20422535211267606
'101101111111110111111011000111101000001111100001101111011001111011110110',,,0.1619718309859155
'100101110011111111000011000111111111101111100111100101111110111000101011',,,0.22535211267605634
'010010001000001000010100100000000000000000011010010000000010000100001001',,,0.09859154929577464
'101111110000110111000011111001111111111111100111100101010111111001110110',,,0.16901408450704225
'000001001011111110111100100110010111101001000100001011111100000110001011',,,0.28169014084507044
'010000001011001000111100111000000000010000000000011010000000000111001000',,,0.19014084507042253
'000000000011001110000100011110010111110000000110010000011110000101001000',,,0.16901408450704225
'100101111011111111111011100001111111101111100101101111011100111010101011',,,0.2323943661971831
'011110000100000001000110111110010111110000100110010000110111111100010101',,,0.2535211267605634
'101101111000110111111011011001101000011111100001101111010001111011110110',,,0.14788732394366197
'101101110111110001000011100001101000001111100011100101000011111000110111',,,0.2605633802816901
'000110001100001000111110000110010111100000100100011010000100110110001001',,,0.19014084507042253
'101011110011110111000001100001111111101111011111100101111111001001110110',,,0.20422535211267606
'011001111111000000111100011000010111110011000101011010100101001011010100',,,0.33098591549295775
'111111110111110001000011000111101000001111111011100101111011111000010111',,,0.19014084507042253
'111111111111110001111011100001111111101111111101101111101101111011110110',,,0.1267605633802817
'000010000000001110000100011000000000010000000010010000100010000101001000',,,0.1619718309859155
'000000001000001110111100100000000000000000000000011010100000000110001001',,,0.13380281690140844
'101101010100110111000011100111101000001111111011110100111011111100010111',,,0.2605633802816901
'000100100000001001000111000110000000000100100010010000000010111000001001',,,0.2112676056338028
'010000000011001000000100011000010111110000011110010000101110000100001001',,,0.16901408450704225
'100001110011111110000001000001111111101111000111100101001110000001101010',,,0.2323943661971831
'101111011000110111111011111000111111111011111101101111011101111111110110',,,0.13380281690140844
'111001110111110000000001011001111111111111011111100101101111001101110110',,,0.22535211267605634
'010100000111001000000110011110000000010000100010010000000010110100001001',,,0.19014084507042253
'111101110100110001000011111001101000011111111011100101000011111001110110',,,0.176056338028169
'111001110100110111000001100001111111101111000111100101110111001001110110',,,0.22535211267605634
'011010001111000000111100100000000000000000000000011010100001000110010101',,,0.16901408450704225
'111100111011110111111011000001101000001100111001101111111001111110110111',,,0.2112676056338028
'110101111011111001111011100111111111101111111101101111001100111010101011',,,0.2605633802816901
'001100011100000111111110000110000000001000111001111010111001111110010101',,,0.24647887323943662
'111101111111110111111011000001111111101111111101101111011101111011110110',,,0.1267605633802817
'111111111111110001111011100001111111101111111101101111101101111010110111',,,0.16901408450704225
'010001000000111110000100100110000000000011000010010000010010000100001011',,,0.19718309859154928
'100011111000111110100001011111111111111111011111100111011110000001101010',,,0.22535211267605634
'001000000100000000000100100000000000000000000010010000100011000100010101',,,0.14788732394366197
'000010000100001110000100111000010111110000000110010000100110000100001001',,,0.15492957746478872
'101101111100110111111011100001101000001111100001101111110001111011110110',,,0.14788732394366197
'000000100000001110000100011110000000010000000010010000110010000001001000',,,0.21830985915492956
'101111111100110001111011100111101000001111100001101111010001111011110110',,,0.16901408450704225
'111111111000110111111011000001101000001111100001101111110001111011110110',,,0.14084507042253522
'101111111111110111111011011001111111111111100101101111011101111011110110',,,0.11971830985915492
'000011000111001110000100000110010111100000000110010000111110000100001001',,,0.1619718309859155
'111111110111110111000011100111101000001111111011100101111011111001110110',,,0.13380281690140844
'010000000111001110000100011000010111110000011110010000101110000100001001',,,0.1619718309859155
'101101111000110001111011000111111111101111111101101111110101111010110111',,,0.18309859154929578
'010001011000111110111100000110010111101011011100011010011100000110001011',,,0.2323943661971831
'111011111011110001111001111111101000011111011001101111111001001011110110',,,0.16901408450704225
'111111111011110001111011111001111111111111111101101111001101111011110110',,,0.13380281690140844
'001011000100100110000101111110001000010001000010010000110011000101010100',,,0.2887323943661972
'000110000100001110000110000110010111100000100110010000010110110100001001',,,0.176056338028169
'010010000111001000000100111110010111110000011110010000001110000101001000',,,0.19014084507042253
'110011111011111110111001011111111111111111000101101111111100000011101010',,,0.23943661971830985
'000000001000001110111100011110010111110000011100011010011100000110001001',,,0.16901408450704225
'010000001111001000111100000110010111100000011100011010001100000110001001',,,0.14788732394366197
'111111110111110001000011100111101000001111111011100101111011111000110111',,,0.19014084507042253
'010110000000001001000110000000011111100000111110010000000110110100001001',,,0.20422535211267606
'000001001011001110111100100000010111100000011100011010101100000110001001',,,0.19718309859154928
'001011000100000000000100011110000000010000011010010000000011000101010100',,,0.2676056338028169
'110101100011001001000111011001111111110100111110000101001110111001101000',,,0.2605633802816901
'111111111011110001111011111001101000011111100001101111000001111011110110',,,0.13380281690140844
'111100110000110001101011111001111111111111100101101111100101111001110110',,,0.14084507042253522
'111100111000110001111011011001111111111111111101101111100101111011110110',,,0.14788732394366197
'011100001100000111111110100110010111100000100100011010110101111110010101',,,0.24647887323943662
'010010101000101000111100100000010111100000000100011010000100000010001001',,,0.16901408450704225
'111011111111110111111001011111111111111111011101101111111101001011110110',,,0.13380281690140844
'101101011111010001011011000110101000001011111001101101111011111110110101',,,0.23943661971830985
'001111111100000001111110000000000000000111111001011010000001111010010101',,,0.29577464788732394
'010001001011001000111100100000000000000000000000011010000000000110001001',,,0.14084507042253522
'011001010111110110000100100000000000001011000011110000111011000100010111',,,0.22535211267605634
'000000001000001110100100100000000000000000011010010010001010000100001001',,,0.1267605633802817
'110100100000001001000111111001111111110100111110000101000110111001101000',,,0.2535211267605634
'010011011011000110111100111000001000010011000001101010101001000011100100',,,0.30985915492957744
'101100110111100001000011111001111111111111100111100101100111111001110110',,,0.23943661971830985
'111101111100110001111011111001101000011111111001101111000001111011110110',,,0.13380281690140844
'110111111011111001111011100001111111101111111101101111001100111011101010',,,0.22535211267605634
'000000001100001110111100011110000000010000011000011010111000000111001000',,,0.2535211267605634
'010110001100001110111110111000000000010000111000011010001000110110001001',,,0.23943661971830985
'101111111011110111111011111111111111111111111101101111111101111011110110',,,0.04929577464788732
'010100001000001000111110000000000000000000111000011010000000110110001001',,,0.18309859154929578
'111101110111110111000011111001101000011111100011100101011011111001110110',,,0.16901408450704225
'111101110011110001000011111001101000011111111011100101001011111001110110',,,0.19014084507042253
'101111111100110111111011000001101000001111100001101111010001111011110110',,,0.176056338028169
'010010001100001110111100011000010111110000000100011010000100000111001000',,,0.20422535211267606
'101100010111110001000011111111101000011110100011100101110011111101110110',,,0.20422535211267606
'111011110011110111000001011001101000011111000011100101111011001001110110',,,0.21830985915492956
'101111111100010001111011011111111111111111111101101111100101111011100100',,,0.14084507042253522
'101011111000110111111001111111111111111111011101101111111101001011110110',,,0.14788732394366197
'111111110100110001000011100111111111101111111111100101110111111000110111',,,0.20422535211267606
'111001110100110111000001111111101000011111011011100101111011001001110110',,,0.18309859154929578
'111110111111110111111011111111111111111111111101101111011101111011110110',,,0.09154929577464789
'011001010111000110000100000000000000000011011011110000111011000100010101',,,0.19718309859154928
'000110111000001111111110000000000000000010111001011010001000111010001001',,,0.2887323943661972
'010001010011001110000100000000000000000011011010010000001010000100001001',,,0.13380281690140844
'000100001000001000111110100110000000000000111000011010000000110010001001',,,0.20422535211267606
'000000000100001000000100111000010111110000000110010000100110000100001001',,,0.13380281690140844
'000011001011001110111100100110010111100011000100011010111100000110001001',,,0.2112676056338028
'010110001111001000110110100110000000000000100010010010000010110110001001',,,0.19014084507042253
'011010010111000000000000111110000000010010000010110000100011000101000100',,,0.29577464788732394
'010001000100001000000100000000010111100011000110010000000110000100001001',,,0.09859154929577464
'111111011111110111111011111001101000011011100001101111011001111111110110',,,0.14788732394366197
'101001111011110001111001011001101000011111011001101111101001001011110110',,,0.18309859154929578
'011110000100000001000110111110000000010000100010010000110011111100010101',,,0.2323943661971831
'101101111111010001111011111001111111111111111101101111001101111011110110',,,0.1619718309859155
'010000000111001110000100111110010111110000000110010000111110000100001001',,,0.16901408450704225
'010010000011001000000100111110000000010000011010010000101010000100001001',,,0.176056338028169
'000010001111001000111100111110010111110000000100011010110100000110001001',,,0.22535211267605634
'101111111111110001111011100111101000001111111001101111111001111011110110',,,0.11971830985915492
'101111010100110111000011100111101000001011111011100101111011111100010111',,,0.22535211267605634
'010010000100001000000100000110000000000000000010010000100010000100001001',,,0.09859154929577464
'010110000011001001000110100000010111100000100110010000000110110100001001',,,0.19014084507042253
'111111110011110111000011100111111111101111100111100101111111111000110111',,,0.176056338028169
'000010001111001110111100000110010111100000000100011010011100000110001001',,,0.15492957746478872
'010000000000001000101100111110010111110000000100011000000100000100001001',,,0.18309859154929578
'111101110011110111000011100001111111101111111111100101111111111101110110',,,0.15492957746478872
'000010001000001000111100011110000000010000011000011010100000000111001000',,,0.21830985915492956
'111001111000110001111001111001101000011111011001101111100001001011110110',,,0.16901408450704225
'111101111100000111111011111001111111111111100101101111010101111011110100',,,0.14788732394366197
'000001011000111000111000100000010111101011000100001011100100000110001011',,,0.2535211267605634
'010011000111111110000100000110010111100000011110010000111110000100001011',,,0.18309859154929578
'110010111000111110111001011111111111111111011101101111011100000011101010',,,0.24647887323943662
'101001111111110001111001111001111111111111000101101111000101001011110110',,,0.2112676056338028
'000010001100001000111100011000000000010000011000011010000000000111001000',,,0.18309859154929578
'101011111111110111111001100001101000001111000001101111011001001011110110',,,0.24647887323943662
'111110111000110001111011100111101000001111111001101111010001111011110110',,,0.18309859154929578
'101101110111110001000011111001111111111111100111100101000111111001110110',,,0.19718309859154928
'010010001111001110111100111000010111110000011100011010001100000111001000',,,0.2323943661971831
'111101111000110001111011100111111111101111111101101111110101111011110110',,,0.13380281690140844
'000000000000001110000100100110010111100000011110010000111110000100001001',,,0.13380281690140844
'111101111111110111111011100111111111101111111101101111111101111010110111',,,0.11971830985915492
'000010000111001110000100011000010111110000011110010000001110000101001000',,,0.18309859154929578
'000010001000001110111100111000010111110000000100011010000100000011001000',,,0.21830985915492956
'010000001111001000111100000000000000000000011000011010101000000110001001',,,0.16901408450704225
'010010000111001000000100000110010111100000000110010000100110000000001001',,,0.14788732394366197
'101111111100110111111011100001111111101111100101101111110101111010110111',,,0.176056338028169
'001010000111000000000100000000000000000000000010010000100011000100010101',,,0.176056338028169
'101111110100010001000011011001111111111111100111100101000111111001110110',,,0.19718309859154928
'000000001100001000010100000000010111100000011110010000000110000100001001',,,0.09859154929577464
'101011111100000000111001011001111111111111000101101111100101001011110100',,,0.24647887323943662
'111101111011110111111011011111111111111111111101101111011101111011110110',,,0.09154929577464789
'100100101100111111111011011001111111111100111100001111011100111111101010',,,0.23943661971830985
'100011111000111110111001011001101000011111011001101111001000000011101010',,,0.24647887323943662
'101100101100110001111011011111111111111100100101101111110101111011110110',,,0.14788732394366197
'010010001111001110111100000000000000000000011000011010001000000110001001',,,0.14788732394366197
'010000101000001000111100000001010111100100000100011010000100000010001001',,,0.14788732394366197
'100100110011111111000011100111101000001111100011100101011010111000101011',,,0.2887323943661972
'101111111011110111010011100001101000001111111011100101111011111010110111',,,0.19718309859154928
'000011001111001110000100111000000000010000000010010000001010000101001000',,,0.21830985915492956
'011110001100000111010110000000000000000000100010010000110011111100010101',,,0.23943661971830985
'010000000000001110000100011110000000010000011010010000111010000100001001',,,0.176056338028169
'110001111011111110111001000001111111101111000101101111101100000011101010',,,0.2605633802816901
'000010001000001000111100011000010111110000000100011010100100000011001000',,,0.22535211267605634
'111101110111110111000011100111111111101111100111100101111111111001110110',,,0.13380281690140844
'000000000111001000000100011110010111110000000110010000000110000100001001',,,0.1267605633802817
'000010000011001000000100100110010111100000011110010000001110000100001001',,,0.11267605633802817
'000010001011001000111100011000000000010000011000011010001000000111001000',,,0.2112676056338028
'000010001100001000111100100000010111100000011100011010100100000110011001',,,0.18309859154929578
'010000000111001000000100111000010111110000011110010000101110000101001000',,,0.2112676056338028
'101101010000110001000011100001101000001111100011100101100011111100110111',,,0.2323943661971831
'101101110100010111000011011001111111111111100111100101110111111001110110',,,0.176056338028169
'100101111011111111111011111001111111111111100101101111011100111111101010',,,0.19014084507042253
'010000001011001000111100100000010111100000000100011010100100000110001001',,,0.16901408450704225
'111111111011110001111011000001111111101111100101101111100101111011110110',,,0.14788732394366197
'000001001011001110100100000000000000000000000010010010001010000100001001',,,0.14084507042253522
'000010000100001000000100111000000000010000011010010000000010000101001000',,,0.14788732394366197
'011001010111000000000100011000010111110011011111110000101111000101010100',,,0.2746478873239437
'011011011111000000111100011000000000010011011001111010101001000110010101',,,0.2605633802816901
'011001011111111110111000111000010111111011000101101011111101000111110110',,,0.2605633802816901
'101111111111110111111011000111101000001111100001101111011001111010110111',,,0.19718309859154928
'101100111100110001111011100111111111101111111101101111110101111010110111',,,0.20422535211267606
'000000000000001110000100111110000000010000011010010000011010000100001001',,,0.14084507042253522
'011110011111000111111110000000000000001011111001111010111001111110000101',,,0.24647887323943662
'101111011111110111111011100111101000001011100001111111111001111110110111',,,0.2112676056338028
'010000000100001000000100000110000000000000000010010000000010000100001001',,,0.06338028169014084
'101001111100110001111001111111101000011111000001101111000001001011110110',,,0.20422535211267606
'111100111100110001111011100111111111101111100101101111110101111011110110',,,0.14788732394366197
'101111111011110001111011011001101000011111100001101111100001111011110110',,,0.11267605633802817
'010011001000001110111100000110010111100011011100011010111100000110001001',,,0.21830985915492956
'111101110100110001000011100111111111101111100111100101110111111001110110',,,0.16901408450704225
'111101111100110111111011100111101000001111100001101111010001111011110110',,,0.1619718309859155
'011101001100000111111110000110000000000001100000011010110001111110010101',,,0.2535211267605634
'111101110011110111000011100001101000001111100011100101011011111001110110',,,0.20422535211267606
'110001110011111000000001011111111111111111011111100101001110000001101010',,,0.2323943661971831
'111111110100000001000011111111101000010111100011100101010011111001110100',,,0.20422535211267606
'000011001000001110111100011110000000010000011000011010011000000110001001',,,0.20422535211267606
'101011111111110111111001111111111111111111000101101111111101001111110110',,,0.16901408450704225
'000100000011001000000110000110000000000000100010010000000010110100001001',,,0.15492957746478872
'000100001100001000111110011000000000010000111000011010100000110110001001',,,0.2323943661971831
'010100000000001110000110011110010111110000111110010000011110110100001001',,,0.2112676056338028
'000010000100001000000100000110000000000000011010010000100010000100001001',,,0.11267605633802817
'101111110111110001000011100001101000001111100011100101100011111001110110',,,0.18309859154929578
'010010000100001110000100000000000000000000011010010000001010000100001001',,,0.1056338028169014
'101011110011110001000001011111101000011111011011100101101011001001100110',,,0.21830985915492956
'101001111111110001111001000111101000001111011001101111011001001011110110',,,0.2323943661971831
'111011111100110001111001011111111111111111000101101111100101001011110110',,,0.18309859154929578
'110110100011001001000111000001111111100100100110010100000110111000101000',,,0.29577464788732394
'101101111000110111111011111001101000011111111001101111111001111011110110',,,0.1056338028169014
'101011111000110001111001011111111111111111011101101111100101001011110110',,,0.20422535211267606
'010011001011101110111100000000000000000000000000011010001000000110001011',,,0.19014084507042253
'101011010111010000000001111111101000011111011011100101011011001101010110',,,0.3028169014084507
'101110100100000001000011111111101000010100100010011101000011111001110100',,,0.22535211267605634
'111011111100110110111001011111111111111111011101101111111101000011110110',,,0.18309859154929578
'001101000100000001000110100000010111100011111111010000100111111100010101',,,0.3028169014084507
'000010000100001110000100000000010111100000000110010000000110000100001001',,,0.09154929577464789
'111110111011010001111011100001101000001110100001101111100001111011110100',,,0.16901408450704225
'010000000011001000000100111000000000010000000010010000100010000100001001',,,0.13380281690140844
'000011000100111110000100111110000000010011011010010000111010000100001011',,,0.24647887323943662
'101101111111010001111011011001101000011111100001101111100001111011110110',,,0.14084507042253522
'111101110011110111000011011111111111111111100111100101011111111001110110',,,0.14788732394366197
'010000001000001110000100000110000000000000011010010000111010000100001001',,,0.1619718309859155
'000110001011001001101110000110000000000000100000011010000000111010001001',,,0.23943661971830985
'000000000111001000000100111110000000010000011010010000101010000100001001',,,0.1619718309859155
'010000000011001000000100111110010111110000011110010000101110000101001000',,,0.21830985915492956
'010010000000001000000100111000000000010000000010010000100010000100001001',,,0.1267605633802817
'111100100100010001000011011001111111111100100111100101100111111001110100',,,0.19014084507042253
'111111111000110111111011011001101000011111100001101111010001111011110110',,,0.14084507042253522
'010011000011001000101100100110010111100000011110010000101100000110001001',,,0.22535211267605634
'111111110100110001000011100001111111101111111111100101000111111000110111',,,0.24647887323943662
'100011110011111110000001011111111111111111011110000101011110000101101010',,,0.24647887323943662
'100011111011111000111001111001111111111111011101101111101100000011101010',,,0.24647887323943662
'010000000000001110000100000000010111100000011110010000101110000100001001',,,0.14084507042253522
'000001000000111110000100000000010111101000000110010000100110000100001011',,,0.1619718309859155
'000110000111001110000110111110010111110000111110010000011110110100001001',,,0.19014084507042253
'101101011100110111111011000001101000001011100000101111110001111110110111',,,0.23943661971830985
'111101110111110111000011100111111111101111100111100101111111111000110111',,,0.176056338028169
'010000001111001000111100100110000000000000011000011010101000000110001001',,,0.176056338028169
'010010001000111110111100000110010111101000011100011010111100000110001011',,,0.22535211267605634
'010000000011001110000100111110000000010000000010010000111010000100001001',,,0.18309859154929578
'010010000011101000000100100000000000000000000010010000100010000100001001',,,0.1267605633802817
'010000001011001110111100011000010111110000011100011010001100000110001001',,,0.18309859154929578
'110101111000111111111011100001111111101111111101101111001100111011101010',,,0.2323943661971831
'000110001011001110111110000110010111100000100100011010011100110110001001',,,0.19014084507042253
'111001110000110111000001011001111111111111000111100101110111001001110110',,,0.2112676056338028
'010000000111001000000100111000000000010000000010010000000010000100001001',,,0.09859154929577464
'110001111011111000111001111001111111111111011101101111001100000111101010',,,0.2535211267605634
'101011110100110111000001111001101000011111000011100101110011001001110110',,,0.22535211267605634
'111101111111110111111011000001101000001111100001101111111001111011110110',,,0.13380281690140844
'101101111100110111111011000111111111101111111101101111111101111111110110',,,0.1267605633802817
'010110000100001000000110100000010111100000111110010000000110110100001001',,,0.16901408450704225
'000110000000001110000110100000000000000000100010010000100010110100001001',,,0.16901408450704225
'000010000011001000000100011110000000010000011010010000101010000100001001',,,0.15492957746478872
'101011111111110001111001011111111111111111011101101111111101001011110110',,,0.1619718309859155
'101011111111110111111001011111111111111111000111100101111101001011110110',,,0.18309859154929578
'001110000111000001000110100000010111100000100110010000100111111100010101',,,0.2535211267605634
'000000001011001000110100011110000000010000011000010010001010000110001001',,,0.14788732394366197
'000010001111001110111100100000000000000000000000011010001000000110001001',,,0.15492957746478872
'101011111111110000111001011111101000011111011001101111111001000011110110',,,0.21830985915492956
'100111110000111111000011100001101000001111111011100101001010111000101011',,,0.2746478873239437
'101101110100000001000011011111101000010111100011110101110011111001110100',,,0.2112676056338028
'101100110100110111000011011001111111111111100111100101110111111001110110',,,0.18309859154929578
'111111110100110111000011000001101000001111111011100101111011111000110111',,,0.2112676056338028
'111100111100110001111011011001111111111111100101101111100101111011110110',,,0.1267605633802817
'000011001011101110111100100000000000000000011000011010001000000110001011',,,0.18309859154929578
'101011011111010110111001011001101000011011011001111111111001000111110100',,,0.2676056338028169
'000011001000111110111100100000010111101011011100001010001100000110001011',,,0.22535211267605634
'010010000000001110000100000110010111100000000110010000010110000000001001',,,0.14084507042253522
'010000101000001000111100100001010111100100011100011010100100000010001001',,,0.19718309859154928
'010110000011001110000110000110010111100000100110010000011110110100001001',,,0.176056338028169
'111101110011110001000011111111111111111111111111100101011111111001110110',,,0.14084507042253522
'001011111000010110111000000110000000001111000001111010110001000010010101',,,0.28169014084507044
'010000000100001110000100111000010111110000000110010000000110000101001000',,,0.1619718309859155
'010110101000001000111110100000000000000000111000011010000000110010001001',,,0.20422535211267606
'111011110100110111000001011111101000011111000011100101110011001001110110',,,0.21830985915492956
'010100000011001000000110100110010111100000100110010000000110110100001001',,,0.19718309859154928
'000001000111101110000100000110010111100001011110010000111110000100001001',,,0.15492957746478872
'000010000000001110000100011000000000010000000010010000000010000100001001',,,0.09154929577464789
'000010001011001000111100100000000000000000011000011010001000000110001001',,,0.14788732394366197
'000000101000001110111100111110010111110100011100011010111100000011001000',,,0.2746478873239437
'111111111100110111111011000001101000001111111001101111111001111010110111',,,0.16901408450704225
'101011111111110111110001111111111111111111000101101111111111001011110110',,,0.19014084507042253
'011100000100000111000110100000000000000000100010010000010011111100010101',,,0.23943661971830985
'000010000011001110000100011110000000010000000010010000011010000100001001',,,0.14084507042253522
'000010000011001110000100000110000000000000011010010000011010000100001001',,,0.09859154929577464
'000000000000001000011100111110010111110000000100011000000110000110001001',,,0.1619718309859155
'000110100011001001000110000000010111100100100110010000000110111000001001',,,0.20422535211267606
'100010100011101000000100111111110111110100000110000000000110000001001010',,,0.23943661971830985
'101111110000110111000011000111111111101111100111100101010111111000110111',,,0.24647887323943662
'101110100111000001000011011001101000010100100010000100100011111001110100',,,0.2887323943661972
'000000000111001000101100011000000000010000011000010010001000000101001000',,,0.21830985915492956
'010001001011101110111100000110010111100000011100011010111100000110001011',,,0.20422535211267606
'110101111011111111111011000001101000001111100001101111011000111010101011',,,0.2746478873239437
'100001110000111110000000100111010111101111011111110000111110000000001011',,,0.19014084507042253
'111011111100110111111001011001111111111111011101101111111101001011110110',,,0.1619718309859155
'000010000011001000000100011000010111110000000110010000100110000101001000',,,0.18309859154929578
'100001111000111110111001011001101000011111011001101111001000000011101010',,,0.23943661971830985
'000010001100001000111100111000000000010000000000011010100000000111001000',,,0.20422535211267606
'101111110100110111000011111001111111111111100111100101010111111001110110',,,0.176056338028169
'000110100011101001000110100110011111100100100110010000000110111000001001',,,0.2605633802816901
'101001111111110001111001011001101000011111000001101111000001001011110110',,,0.2112676056338028
'000000000100001110000100100110010111100000000110010000110110000100001001',,,0.14788732394366197
'101101110111110111000011000001111111101111100111100101111111111000110111',,,0.2112676056338028
'010011001011001110111100100000000000000011011000011010001000000110001001',,,0.19014084507042253
'111001111111110110111001011111111111111111011101101111111101001011110110',,,0.14084507042253522
'000000001000001110111100111000000000010000000000011010000000000110001001',,,0.13380281690140844
'111001110011110111000001011001101000011111011011100101011011001001110110',,,0.22535211267605634
'111001110000110111000001111111101000011111000011100101110011001001110110',,,0.2112676056338028
'000010001111001110111100100110000000000000011000011010111000000010001001',,,0.19718309859154928
'111100101100110111111011011001101000011100100000001111010001111011110110',,,0.176056338028169
'000000000111001000000100011110010111110000000110010000100110000100001001',,,0.15492957746478872
'101101110100010001000011011001101000011111100011100101100011111001110110',,,0.16901408450704225
'000001011011111110111000000110000000001011011001111010111000000110001011',,,0.21830985915492956
'010010000100001110000100011000010111110000000110010000000110000100001001',,,0.11971830985915492
'100111100000110111000011011111111111111100100110000101110111111001100110',,,0.19014084507042253
'111111110111010001000011111111101000011111111011100101111011111001110110',,,0.13380281690140844
'010110000011001110000110100000010111100000100110010000011110110100001001',,,0.19718309859154928
'000010101011001000111000100000000000000100000000011010000000000010001001',,,0.15492957746478872
'001100000100000001000110000000010111100000100110010000100111111100010101',,,0.2535211267605634
'000011000011001110000100100110010111100000011110010000111110000100001001',,,0.14788732394366197
'111111110100110001000011000111111111101111100111100101110111111001110110',,,0.16901408450704225
'011000000100000000000100011110000000010000000010010000100011000100010101',,,0.18309859154929578
'110101101011001001111010100001100000000100111000101011001000111010101001',,,0.33098591549295775
'101101110111110001000011100001101000001111100011100101100011111001110110',,,0.19014084507042253
'000010000111001110000100011000010111110000000110010000101110000100001001',,,0.16901408450704225
'010010100000111110000001111110011111111100000110010100010110000001001010',,,0.33098591549295775
'100101110011111111000011000111101000001111111011100101011010111000101011',,,0.24647887323943662
'000000000100001110000100100000010111100000011110010000101110000100001001',,,0.14084507042253522
'000011001000001110111100000000010111100000011100011010001100000110001001',,,0.16901408450704225
'000000000011001110000100100000000000000000000010010000001010000000001001',,,0.11267605633802817
'010000001000001110011100000000000000000000000010010000000010000110001001',,,0.11267605633802817
'000000100011001000000100011000010111110000000110010000000110000001001000',,,0.16901408450704225
'111011111100110001111001011111101000011111000001101111100001001011110110',,,0.176056338028169
'000100101000001111111110100000000000000100100000011010000000111010001001',,,0.22535211267605634
'111110111100110001111011111111101000011110100001101111010001111011110110',,,0.14788732394366197
'100111110011111111000011000001101000001111100011110101011010111000101011',,,0.2887323943661972
'000010001100001000111100011000000000010000000000011010000000000111001000',,,0.16901408450704225
'111101111011110111111011000001101000001111111001101111111001111011110110',,,0.1267605633802817
'000100000100001110000110111110010111110000111110010000011110110100001001',,,0.2112676056338028
'010000001000001110111100111000010111110000011100011010001100000111001000',,,0.2323943661971831
'001011010111110110000100111000000000011011000011110000111011000100010111',,,0.2746478873239437
'100000101000111110111001011111101000010100000000001111000000000011101010',,,0.23943661971830985
'000100000000001000000110000000000000000000100010010000000010110100001001',,,0.1267605633802817
'111111111111110111111011100001111111101111100101101111111101111010110111',,,0.14084507042253522
'010110101000111111111011000000101000000000100000001111000000111010101011',,,0.2746478873239437
'101001111011110111100001011111111111111111011111100111011101001001110110',,,0.19718309859154928
'101101110000110111000011100111101000001111100011100101110011111000110111',,,0.22535211267605634
'010000000000001000000100111000000000010000000010010000000010000101001000',,,0.13380281690140844
'000000001100001110111100111110000000010000011000011010011000000110001001',,,0.19014084507042253
'000110000100001110000110011000000000010000111010010000101010110100001001',,,0.2323943661971831
'101111111100010001111011000001111111101111111101101111100101111010110101',,,0.2112676056338028
'101110111100110111111011011111111111111111100101101111110101111011110110',,,0.13380281690140844
'101011110111110111000001111111101000011111000011100101111011001001110110',,,0.20422535211267606
'000000001011001000111100000000010111100000000100011010000100000110001001',,,0.11971830985915492
'110100101011001001111011111111111111110100100100001111000100111011101000',,,0.2535211267605634
'010000100011001000000100111000010111110000000110000000000110000001101000',,,0.20422535211267606
'000010000011001110000100011000000000010000011010010000101010000100001001',,,0.15492957746478872
'000100000100001000000110100000010111100000111110010000100110110100001001',,,0.20422535211267606
'000010001100001000111100111110010111110000011100011010000100000110001001',,,0.18309859154929578
'111101110000110111000011000001101000001111100011100101110011111001110110',,,0.19014084507042253
'110111110000111111000011000111111111101111111111100101011110111000101011',,,0.2323943661971831
'100101110011111111000011000001101000001111111011100101011010111000101011',,,0.2605633802816901
'010010001100001000111100100110000000000000000000011010100000000110001001',,,0.14788732394366197
'000110000000001000000110100110000000000000100010010000000010110100001001',,,0.14084507042253522
'000101100000001111000110100000010111100100111111000000011110111100001001',,,0.29577464788732394
'101101110011110001000011000111101000001111111011100101111011111001110110',,,0.16901408450704225
'000000000100001000101100100110010111100000011100011000100100000100001001',,,0.19014084507042253
'000010000011101110000100000110010111100000000110010000011110000100001001',,,0.11971830985915492
'001111010111000001000110100000010111101011111111110000111111111100010101',,,0.2535211267605634
'010000000000001000000100011000010111110000000110010000100110000100001001',,,0.13380281690140844
'010010000000001000000100011110000000010000011010010000000010000101001000',,,0.1619718309859155
'101100111000000111111011111001101000011110100001101111010001111011110100',,,0.18309859154929578
'101101110000110001000011000001111111101111100111100101100111111001110110',,,0.18309859154929578
'010010001000001000111000111110000000010000011000011010000000000111001000',,,0.23943661971830985
'000010000111001110000100111110000000010000011010010000111010000100001001',,,0.16901408450704225
'010001001011101110111100100110000000000000011000011010111000000110001011',,,0.21830985915492956
'100101110011111111101011000111101000001111100001101111011000111010101011',,,0.2605633802816901
'111101011111010111111011100111101000001011111001111111111001111110010111',,,0.19718309859154928
'101011111011110111111001111001101000011111000001101111111001001011110110',,,0.18309859154929578
'000011011011111000111101011110111111111011011101101111001100000111101010',,,0.2676056338028169
'010110000100001000000110011000010111110000111110010000000110110100001001',,,0.19014084507042253
'110011110000111110000001011111101000011111011011100101011010000001101010',,,0.2605633802816901
'010100000011001000000110100000000000000000100010010000000010110100001001',,,0.1619718309859155
'000010001011101000111100011110010111110000000100011010100100000110001011',,,0.2112676056338028
'101111110011110111000011000001111111101111111111100101011111111001110110',,,0.16901408450704225
'111101110100110111000011011111101000011111100011100101110011111001110110',,,0.15492957746478872
'001000100100100000000100000000000000000100000010010000100011000000010101',,,0.19718309859154928
'000110001011001000111110100000010111100000111100011010001100110110001001',,,0.2112676056338028
'101111111111110111111011000001111111101111111101101111111101111011110110',,,0.1056338028169014
'010110001111001000111110100000010111100000111100011010001100110110001001',,,0.21830985915492956
'000110000111001000000110100110010111100000111110010000101110110100001001',,,0.21830985915492956
'000110100011001110000110000110010111100000111110010000111110110000001001',,,0.19718309859154928
'101111111011110001111011000001111111101111100101101111000101111011110110',,,0.176056338028169
'111111111100110001010011111111111111111111100111100101110111111011110110',,,0.13380281690140844
'000000001011001000110100100110010111100000000110010010000100000110001001',,,0.13380281690140844
'100110111100110111111011111001111111111110111101101111101101111011100110',,,0.14788732394366197
'101101010111110111000011000111101000001111100011100101111011111100110111',,,0.23943661971830985
'001101010111010001000110000110000000001011111011110000111011111100010101',,,0.28169014084507044
'000000001000001110111100011000000000110000011000011010001000000110001001',,,0.176056338028169
'011011011100110110111000000000000000001000000001111010110001000110010111',,,0.2676056338028169
'101111110111110001000011100111101000001111111011100101111011111001110110',,,0.1619718309859155
'010010001000111000111100100000010111100000011100011010100100000110001011',,,0.19718309859154928
'110011111011111110111001011111101000011111000001101111011000000011101010',,,0.2605633802816901
'000010001111001110111100011110010111110000011100011010011100000111001000',,,0.2112676056338028
'000100000100001000000110111110000000010000111010010000100010110100001001',,,0.22535211267605634
'010110000000001110000110100000000000000000111010010000101010110100001001',,,0.21830985915492956
'010010001100001000111100000000000000000000011000011010100000000110001001',,,0.14084507042253522
'010000101000001000111100111001010111110100011100001011000100000011101000',,,0.2676056338028169
'010100001111001110111110100000010111100000100100011010111100110110001001',,,0.2535211267605634
'001111010111000001000110000000000000000011111011110000001011111100010101',,,0.29577464788732394
'001111011100000111111110100000000000000011111001111010101001111110010101',,,0.2746478873239437
'100011111000111110111001000001111111101111011101101111001100000011101010',,,0.23943661971830985
'110111110011111111000011100001111111101111111111100101011110111001101010',,,0.2112676056338028
'101101111111110001111011011001111111111111100101101111000101111011110110',,,0.1619718309859155
'010110100000001111000010100000001000000100100010010000000010111000001001',,,0.2535211267605634
'010110000111001110000110100110010111100000111110010000011110110100001001',,,0.1619718309859155
'111011111100110110111001111111111111111111000101101111110101000011110110',,,0.2112676056338028
'010000001011001110010100011110010111110000000110010000111110000110001001',,,0.18309859154929578
'001011000100000000000100100000000000000011011010010000100011000100010101',,,0.19718309859154928
'011101011111110111111011000000111111101011111101101111111101111110110111',,,0.18309859154929578
'010000001000001000111100111110010111110000000100011010100100000111001000',,,0.23943661971830985
'101100110111000001000011011111101000011111100011100101010011111001110100',,,0.23943661971830985
'101111110000110001000011100001101000001111111011100101100011111001110110',,,0.176056338028169
'110100000011001001000111111110111111110000100110000101000110111101101000',,,0.28169014084507044
'111101110000110001000011111001101000011111100011100101000011111001110110',,,0.16901408450704225
'101111111011110001111011011001111111111111111101101111101101111011110110',,,0.11267605633802817
'010001001000111110111100000000010111101000011100001010101100000110001011',,,0.2323943661971831
'010010000011101000000100011110010111110000011110010000001110000100001001',,,0.1619718309859155
'000000001100001000111100011000000000010000011000011010100000000110001001',,,0.1619718309859155
'000000000011101110000100000110010111100000011110010000011110000100001001',,,0.09859154929577464
'101111111111110001010011111111101000011111111011100101011011111011110110',,,0.1619718309859155
'010100000111001000000110111110010111110000100110010000000110110100001001',,,0.21830985915492956
'110101011011111001111011000001111111101111111101101111001100111110101011',,,0.2746478873239437
'001011001100000000111100011110000000010001011001011010100001000111010100',,,0.29577464788732394
'011011011111110110000000000110000000001011000011110000111011000100010111',,,0.23943661971830985
'110001011011111110111001111000101000011011011001101111001000000011101010',,,0.2746478873239437
'010010000000101110000100111110000000010000000010010000110010000100001001',,,0.19718309859154928
'010110000100001110000110100000010111100000100110010000100110110100001001',,,0.19718309859154928
'101101110011110001000011100111101000001111111011100101111011111000110111',,,0.20422535211267606
'111101111100110001100011000111101000001111111011100101110001111000110111',,,0.2323943661971831
'010010000100001110000100000110010111100000011110010000111110000100001001',,,0.14084507042253522
'111101111011110111111011000111101000001111111001101111011001111010110111',,,0.18309859154929578
'101101110100110001000011011001111111111111100111100101000111111001110110',,,0.19014084507042253
'010110001100001001111110100110010111100000111100011010000100110110001001',,,0.22535211267605634
'101101111011110001111011100001101000001111111001101111101001111010110111',,,0.19014084507042253
'111101111011110111111011100001101000001111111001101111111001111010110111',,,0.1619718309859155
'011011011100110110111000111110001000011011011001101111111001000111110110',,,0.2323943661971831
'101111111111110001111011100001101000001111111001101111001001111011110110',,,0.176056338028169
'010000000011001000000100100000010111100000011110010000001110000100001001',,,0.11971830985915492
'010001001000001110111100000110000000000011000000011010010000000110001001',,,0.18309859154929578
'001001011100010110111100011110001000011011000001111110110001000111010100',,,0.30985915492957744
'000110000111001000000110100110000000000000100010010000100010110100001001',,,0.19014084507042253
'011101010111000001000110011000000000010011111011110000001011111100010101',,,0.3028169014084507
'011000001100000000111100000110000000000000000001011010100001000110010101',,,0.18309859154929578
'001011010111000000000100011000010111110011011111110000101111000001010100',,,0.30985915492957744
'101101111000110111010011000111111111101111111111101101111111111010110111',,,0.19718309859154928
'101111111111110111111011100001101000001111111001101111111001111011110110',,,0.11971830985915492
'110110101100011111111111011111111111111100100100000111010100111111101000',,,0.2887323943661972
'101101110111110111000011011001111111111111111111100111111111111001110110',,,0.14084507042253522
'010000001000001000111100100000010111100000011100011010100100000110001001',,,0.16901408450704225
'000000000100001000000100000110000000000000011010010000100010000100001001',,,0.1056338028169014
'111011111011110111110001011111111111111111000111100101111111001001110110',,,0.19718309859154928
'111011111100110111111001100111111111101111000101101111110101001011110110',,,0.20422535211267606
'011000000100000000000100011110000000010000011010010000000011000101010100',,,0.22535211267605634
'000000001000001000111100111000000000010000000000011010000000000111001000',,,0.1619718309859155
'001010000100000000000100111110000000010000000010010000100011000100010101',,,0.19718309859154928
'010010000111001000000100100110010111100000011110010000101110000100001001',,,0.14788732394366197
'000010000100001110000100011000010111110000000110010000000110000101001000',,,0.1619718309859155
'111101111000110001111011100001111111101111100101101111100101111010110111',,,0.176056338028169
'010000000000001110000100111110010111110000000110010000010110000100001001',,,0.15492957746478872
'000010001011101000111100100110010111100000011100011010101100000110001001',,,0.19718309859154928
'100101110011111001000011000001111111101111111111100101001110111000101011',,,0.2535211267605634
'010110000111001000000110100110000000000000100010010000100010110100001001',,,0.19014084507042253
'111111110100110111000011111001101000011111100011100101110011111001110110',,,0.14084507042253522
'111100111111110111111011000001101000001100111001101111111001111010110111',,,0.19014084507042253
'000110001000001110111110100110000000000000100000011010010000110110001001',,,0.19718309859154928
'000000001011001110011100111110010111110000011100011000011100000111001000',,,0.21830985915492956
'111011111100110111111001111001111111111111000101101111110101001011110110',,,0.176056338028169
'011010000100000000000100011110000000010000000010010000100011000101010100',,,0.21830985915492956
'010010001011101110111100111110000000010000011000011010111000000110001011',,,0.2323943661971831
'111111110000110001000011100111101000001111111011100101010011111001110110',,,0.20422535211267606
'111111111111110001110011011111101000011111100011100101110001111001110110',,,0.15492957746478872
'011001011111000000111100111000000000010011011001111010101001000110010101',,,0.24647887323943662
'011110000100001001000110000110010111100000111110010000010111111100011001',,,0.2323943661971831
'110010011011111110111001111111101000011110011001111111011000000111001010',,,0.3380281690140845
'010000001100001110010100100110010111100000000110010000110100000100001001',,,0.18309859154929578
'000010000111101110000100000110010111100000011110010000111110000100001011',,,0.14084507042253522
'001000000100000110000100111110010111110000000110010000110111000101010100',,,0.2676056338028169
'101101110011110001000011011001111111111111100111100101000111111001110110',,,0.19718309859154928
'000010001011001000111100011110010111110000011100011010001100000111101000',,,0.2112676056338028
'111001110011110111000001111001111111111111011111100101111111001001110110',,,0.16901408450704225
'101111111111110111111011100001111111101111100101101111011101111011110110',,,0.14084507042253522
'000001000011001000000100000000000000000000011010010000001010000100001001',,,0.11267605633802817
'111100110111000001000011111001101000010111100010100101000011111101110100',,,0.24647887323943662
'001100000100000001000110000000000000000000100010010000100011111100010101',,,0.21830985915492956
'100011111000111110111001000111111111101111011101101111011100000011101010',,,0.22535211267605634
'001001011100110110111000000110000000001011000001111010110001000110010111',,,0.2676056338028169
'111101110111110111000011000001111111101111111111100101011111111001110110',,,0.16901408450704225
'011011011000111110111100100110010111101011011101101010111100000110011011',,,0.21830985915492956
'010110000000001110000110111110000000010000100010010000010010110100001001',,,0.2112676056338028
'011001011111000000111100011000010111110011011101111010101101000111010100',,,0.2887323943661972
'010011001000001110111100000000000000000000011000011010001000000110001001',,,0.176056338028169
'111100101100110001111011011111101000011100111001101111010001111011110110',,,0.16901408450704225
'000011010011111110000100000110010111101011000110010000011110000100001011',,,0.18309859154929578
'010000001000001110100100111000000000010000000000010010000000000100001001',,,0.14084507042253522
'010010000000001000000100011110010111110000011110010000000110000001001000',,,0.19718309859154928
'000110001111001000111110011000000000010000111000011010001000110110001001',,,0.2323943661971831
'101101110000110001000011011111111111111111100111100101110111111001110110',,,0.15492957746478872
'000010000011101110000100100110000000000000000010010000011010000100001001',,,0.13380281690140844
'000010000111001000000100000000000000000000000010010000000010000100001001',,,0.07042253521126761
'010000000111001000000100100000010111100000011110010000001110000100001001',,,0.11267605633802817
'000010000000001000000100100110000000000000000010010000100010000100001001',,,0.09859154929577464
'001100100100000001000110100110000000000000111010010000010011111000010101',,,0.2746478873239437
'000100001111001000111110000000010111100000100100011010000100110110001001',,,0.19718309859154928
'101111111100110111111011000001111111101111100101101111010101111011110110',,,0.16901408450704225
'000010000011001000000100011110000000010000011010010000001010000101001000',,,0.16901408450704225
'011100011111000111111110000000000000001010100001111010011001111110010101',,,0.2676056338028169
'101101111011110111111011000001101000001111100001101111011001111011110110',,,0.16901408450704225
'000000000000001110000100100110010111100000011110010000011110000100001001',,,0.1056338028169014
'111111110111110111000011111001111111111111111111100101011111111001110110',,,0.1267605633802817
'111001110100110111111001111001111111111111000101101111010101001011110110',,,0.2112676056338028
'111101110000110001001011100001101000001111111001101101100001111011110110',,,0.16901408450704225
'101111110000110111000011011001111111111111111111100101111111111001110110',,,0.1267605633802817
'010000000011001000000100011110000000010000000010010000100010000001001000',,,0.19718309859154928
'010000000000001000001100100110000000000000011010011000000010000110001001',,,0.14084507042253522
'010010000100001000000100100000010111100000000110010000100110000100001001',,,0.11267605633802817
'001001110111110000000000000110000000000011000011110000100011000000010111',,,0.2746478873239437
'110110100000111111000011000111111111101100100110000101010110111000101011',,,0.2887323943661972
'010000001011001110111100111110010111110000011100011010011100000110001001',,,0.176056338028169
'010010000000001000000100100110000000000000011010010000000010000000001001',,,0.11267605633802817
'101011111011110001111001011111101000011111011001101111011001001011110110',,,0.20422535211267606
'100101110011111001100011111111111111111111111111100111001110111001101010',,,0.21830985915492956
'110100100011001001000110100001000000000100100010000000000010111000001001',,,0.24647887323943662
'101101110111110111000011000111111111101111111111100101111111111001110110',,,0.14084507042253522
'110100100011111001000111000111111111100100111110000101101110111000101011',,,0.31690140845070425
'101101110011110001000011000001111111101111100111100101100111111000110111',,,0.23943661971830985
'101001110011110001000001011001111111111111011111100101001111001001110110',,,0.2323943661971831
'101101110000110111000011100001101000001111100011100101110011111001110110',,,0.18309859154929578
'011001010111010110000100100110000000001011000011110000111011000100010111',,,0.2112676056338028
'101101110111110111000011100111111111101111111111100101111111111001110110',,,0.13380281690140844
'010010000100001110000100000000010111100000000110010000000110000100001001',,,0.09154929577464789
'101101111111110001111011111111111111111111100100101111110101111011110110',,,0.1267605633802817
'111101111000110111111011100111111111101111111101101111111101111011110110',,,0.09859154929577464
'011110000100000001000110000110010111100000111110010000110111111100010101',,,0.24647887323943662
'001010001100000000111100011000000000010000000000011010100001000110010101',,,0.20422535211267606
'111101110111110111000011000111111111101111111111100101011111111001110110',,,0.15492957746478872
'001001011100000000111100011110000000010011000001011010100001000111010100',,,0.28169014084507044
'111101111111110111111011111001111111111111111101101111011101111011110110',,,0.09154929577464789
'010010000100001000000100111000010111110000011110010000000110000100001001',,,0.1267605633802817
'000010000111001110000100100110010111100000000110010000111110000100001001',,,0.14788732394366197
'101001110100110111000001111001101000011111000011100101110011001001110110',,,0.21830985915492956
'000011010011001000000000100110000000000011011011110000001010000100001001',,,0.18309859154929578
'000000001000001000111100011000000000010000000000011010100000000111001000',,,0.18309859154929578
'111101111100110001000011011111101000011111100011100101110011111001110110',,,0.15492957746478872
'001000001100000110111100111110000000010000000000011010110001000111010100',,,0.2605633802816901
'010000000011001110000100111000010111110000000110010010001110000101001000',,,0.20422535211267606
'111110111100010001111011111111101000011110100001101111010001111011110110',,,0.1619718309859155
'010010000111001000000100100000010111100000011110010000101110000100001001',,,0.14788732394366197
'010010001100001000111100111000000000010000011000011010000000000111001000',,,0.19014084507042253
'000010000100001110000100111110010111110000000110010000010110000101001000',,,0.19718309859154928
'000011011011111110111100100110010111100011011100011010111100000110001011',,,0.2323943661971831
'111001111100110111111001111001101000011111000001101111010001001011110110',,,0.20422535211267606
'010000000111001110000100011110000000010000000010010000111010000100001001',,,0.16901408450704225
'010000001011001110111100111110010111110000011100011010111100000110001001',,,0.20422535211267606
'010011111011001000111100100110000000000111011001011010001000000010001001',,,0.2323943661971831
'101101111100110111111011000001101000001111111001101111111001111010110111',,,0.19014084507042253
'111111111111110001111011100111101000001111111001101111011001111010110111',,,0.176056338028169
'000001000111001110000100000110010111100001011110010000011110000100001001',,,0.11267605633802817
'111111110100110001000011011001111111111111100111100101000111111001110110',,,0.16901408450704225
'111110111000000001111011100111101000000100111000101111010001111011110100',,,0.22535211267605634
'001000000111000000000100011110000000010000000010010000110011000101010100',,,0.2535211267605634
'101011111100110111111001011111111111111111011101101111011101001011110110',,,0.19014084507042253
'111111111100110111111011000111111111101111100101101111110101111010110111',,,0.16901408450704225
'101001111000110111111001011001111111111111000101101111010101001011110110',,,0.2112676056338028
'010011001011001000111100000000000000000000011000011010001000000110001001',,,0.176056338028169
'100101110011111111000011000111111111101111111111100101011110111000101011',,,0.2112676056338028
'111111110011110001000011011111101000011111100011100101010011111001110110',,,0.18309859154929578
'010010001100001110111100100110010111100000000100011010010100000110001001',,,0.16901408450704225
'101101111011110001111011111111101000011111100001101111110001111011110110',,,0.11267605633802817
'101111111011110001111011000111101000001111111001101111011001111011110110',,,0.14788732394366197
'111111111100110111111011111001111111111111100101101111110101111011110110',,,0.09154929577464789
'010110001100001110111110100000000000000000100000011010000000110110001001',,,0.176056338028169
'101111110011110001000011000001111111101111111111100101101111111001110110',,,0.18309859154929578
'011100001100000001111110100000011111100000100100001010100101111110010101',,,0.2605633802816901
'000000000000101110000100100000010111100000011110010000101110000100001001',,,0.14788732394366197
'000011001000101110111100100110010111100001011100011010111100000110001011',,,0.21830985915492956
'000110000000001000000110100000000000000000111010010000000010110100001001',,,0.14084507042253522
'000100000100001110000110011000010111110000100110010000000110110100001001',,,0.19718309859154928
'010000000011001110000100111000000000010000000010010000101010000100001001',,,0.16901408450704225
'010010000100001110000100011110000000010000011010010000011010000100001001',,,0.14788732394366197
'101111111111010001111010100001000000001111100001101011000001111010110101',,,0.2746478873239437
'000000000011001000000100111110010111110000000110010000100110000100001001',,,0.15492957746478872
'010010001000001110111100111000000000010000000000011010000000000111001000',,,0.19718309859154928
'000010000100001110000100100000000000000000011010010000001010000100001001',,,0.11267605633802817
'101001111100110111111001100111101000001111011001101111111001001011110110',,,0.19718309859154928
'010100000011001000000110100110010111100000111110010000001110110000001001',,,0.21830985915492956
'001010000111000000000100011000000000010000000010010000100011000100010101',,,0.20422535211267606
'000011010011001000000100000000000000000011011010010000001010000100001001',,,0.1267605633802817
'101110100100000001000111000001111111100100100110000100100111111100010101',,,0.2887323943661972
'101100110111000001000011011111101000011100100011100101010011111001110100',,,0.24647887323943662
'010010000100001000111100000000010111100000011100011010100100000110001001',,,0.1619718309859155
'101011110111110111000001011001111111111111000111100101011111001001110110',,,0.2323943661971831
'010010001011001000111100011110010111110000011100011010101100000110001001',,,0.21830985915492956
'111101111100110111111011000111101000001111111001101111011001111011110110',,,0.14788732394366197
'000110001000001000111110000000010111100000111100011010000100110110001001',,,0.18309859154929578
'101111110100110111000011011111111111111111100111100101010111111001110110',,,0.18309859154929578
'101101110111110111000011111111101000011111111011100101011011111001110110',,,0.15492957746478872
'010010001100001110111100000110010111100000000100011010010100000110001001',,,0.1619718309859155
'101011111100110111111001011111111111111111000101101111110101001011110110',,,0.19718309859154928
'000100000111001000000110111000010111110000100110010000100110110100001001',,,0.2323943661971831
'000011001000111110111100000110010111100001011100011010111100000110001011',,,0.2323943661971831
'111011111100110111111001111001101000011111011001101111011001001011110110',,,0.20422535211267606
'101111110111110111000011000001111111101111100111100101111111111100110111',,,0.21830985915492956
'111100111100110111111011011111101000011111100001101111110001111011110110',,,0.13380281690140844
'101011111000110111111001011111101000011111000001101111010001001011110110',,,0.22535211267605634
'101110110100000111000010100001100000000110100011110000110011111000110101',,,0.29577464788732394
'000000001100001000111100011110010111110000011100011010100100000110001001',,,0.19718309859154928
'010000000100001110000100011000010111110000000110010000100110000100001001',,,0.14084507042253522
'010001001011001000111100000000000000000011011000011010001000000110001001',,,0.176056338028169
'000010000000001000000100100110000000000000011010010000100010000100001001',,,0.11267605633802817
'000010000100001110000100000000010111100000000110010000110110000100011001',,,0.1619718309859155
'010000000000101110000100011000010111110000000110010000000110000100001001',,,0.13380281690140844
'010000000011001000000100011000010111110000000110010000000110000101001000',,,0.1619718309859155
'001011010111110110000100011110000000011011000011110000111011000100010111',,,0.2676056338028169
'101001111011110000111001000001111111101111000101101111100101000011110110',,,0.2323943661971831
'111011110111110001000001011111101000011111011011100101011011001001110110',,,0.22535211267605634
'000010001100001000111100100000000000000000011000011010000000000110001001',,,0.11971830985915492
'111101111111110111111011000111111111101111100101101111111101111011110110',,,0.09859154929577464
'010000001000001110111100100000000000000000011000011010001000000010001001',,,0.16901408450704225
'101111110111110111000011100001111111101111100111100101011111111000110111',,,0.22535211267605634
'101101111100110111111011000001101000001111100001101111110001111011110110',,,0.15492957746478872
'010000000000001000000100100000000000000000000010010000100010000100001001',,,0.09154929577464789
'101111110100110111000011011111111111111111111111100101011111111001110110',,,0.14788732394366197
'000010001111001000111100111110000000010000011000011010101000000110001001',,,0.2112676056338028
'000010100000001000000100111110010111110000011110010000000110000101001000',,,0.19718309859154928
'000110000011001000001110100000010111100000111100011010001110110110001001',,,0.21830985915492956
'111101111100110111111011011001101000011111111001101111011001111011110110',,,0.13380281690140844
'010000001111001000111100100110010111100000011100011010101100000110001001',,,0.18309859154929578
'000100101011001001111110000110000000000000100000011010000000111010001001',,,0.23943661971830985
'101101110000110001000011111111101000011111111011100101010011111001110110',,,0.18309859154929578
'010100001000001000111110000110000000000000111000011010000000110110001001',,,0.19718309859154928
'101101111000110111111011011111111111111111111101101111011101111011110110',,,0.1056338028169014
'010010000000001000000100011000010111110000000110010000100110000100001001',,,0.14084507042253522
'101001111100110001111001111111101000011111000001101111100001001011110110',,,0.176056338028169
'000110101000001001111110100110010111100100100100001010000100111010101001',,,0.28169014084507044
'000000000000001000000100111000000000010000000010010000100010000101001000',,,0.14788732394366197
'111111111100110001101011011001111111111111100111101101000101111011110110',,,0.15492957746478872
'010010001000001000111100111000010111110000011100011010100100000111001000',,,0.24647887323943662
'101101110100110001000011100111111111101111100111100101110111111001110110',,,0.18309859154929578
'010010001011101000111100000000010111100000011100011010001100000110001011',,,0.176056338028169
'101011111011110111111001111111101000011111011001101111111001001111110110',,,0.16901408450704225
'001001000100100110000100000110000000000001000010010000110011000100010111',,,0.2323943661971831
'101111111011110111111011100001111111101111111101101111111101111011110110',,,0.09154929577464789
'101101110011110111000011111001101000011111111011100101111011111001110110',,,0.13380281690140844
'101101110011110001000011111001101000011111100011100101100011111001110110',,,0.15492957746478872
'101011111111110001111001000001111111101111000101101111100101001011110110',,,0.22535211267605634
'101101111100110111111011100111111111101111111101101111011101111011110110',,,0.13380281690140844
'000011011000001110111100100000010111100011011101111010101100000110001001',,,0.21830985915492956
'000010001011001000111100011110000000010000000000011010000000000110001001',,,0.14788732394366197
'111111111111110111111011000001101000001111100001101111011001111011110110',,,0.15492957746478872
'010100000100001000000110000110000000000000111010010000100010110100001001',,,0.19014084507042253
'010000001100001000111100000000000000000000011000011010100000000110001001',,,0.13380281690140844
'000000000011001000000100011000000000010000000010010000000010000101001000',,,0.1267605633802817
'100110101000001111111011111001111111110100100100001111000100111011101000',,,0.21830985915492956
'010100000100001000000110000000010111100000111110010000100110110100001001',,,0.19718309859154928
'010001001000101110111100000110000000000001011000011010011000000110001011',,,0.19718309859154928
'010010000111001110000100000000000000000000011010010000001010000100001001',,,0.1056338028169014
'110110101011000001111011111001101000010100100000001111000001111011100100',,,0.176056338028169
'111101110011110001000011100111111111101111100111100101110111111001110110',,,0.176056338028169
'000000000011001000000100100000000000000000011010010000001010000100001001',,,0.09859154929577464
'111001111100110111111001111001111111111111011101101111011101001011110110',,,0.176056338028169
'010000001011111110111100100110000000000000000000011010011000000110001011',,,0.21830985915492956
'101101111111110111111011111001111111111111100101101111011101111011110110',,,0.11971830985915492
'000010001100001000111100011110010111110000011100011010100100000111001000',,,0.24647887323943662
'111101111111110001111011111001101000011111111001101111101001111111110110',,,0.1267605633802817
'101101111100110111111011100001111111101111100101101111110101111010110111',,,0.18309859154929578
'010010000111001110000100111000010111110000011110010000001110000100001001',,,0.14788732394366197
'001001010100000000000100111000010111110011011111010000100111000101010100',,,0.29577464788732394
'111111111011110001111011000001101000001111111001101111101001111011110110',,,0.14788732394366197
'101101111100110111111011100111111111101111100101101111110101111010110111',,,0.18309859154929578
'010010100000001000000100111110010111110100000110010000100110000001001000',,,0.2323943661971831
'111011111111110111111001100111101000001111011001101111111001001011110110',,,0.176056338028169
'000000001011001000111100011000000000010000011000011010101000000111001000',,,0.2323943661971831
'010011001100001000111100000000010111100000011100011010100100000110001001',,,0.18309859154929578
'010010000111001110111100000000000000000000000000011010101000000110001001',,,0.176056338028169
'101101110011110111001011000001101000001111100011101101111011111010110111',,,0.21830985915492956
'100010000000001110000100011111010111110100000110010000010110000101001000',,,0.20422535211267606
'101100111111110111111011011111101000011100100001101111011001111011110110',,,0.1619718309859155
'000010000011001000000100100000000000000000000010010000100010000100001001',,,0.09859154929577464
'000010000111001000000100100000010111100000011110010000001110000100001001',,,0.11971830985915492
'111111110100110001000011000111101000001111111011100101010011111001110110',,,0.20422535211267606
'111101111111110001111011100111111111101111100101101111010101111011110110',,,0.15492957746478872
'000010001111001110111100111110010111110000011100011010011100000111001000',,,0.21830985915492956
'111111111100010001111011011001101000011111100001101111000001111011110110',,,0.13380281690140844
'100110101011001001111010000111010111100100100100001011000100111010101001',,,0.2605633802816901
'010001001111001110111100000000010111100000011100011010101100000110001001',,,0.19718309859154928
'101001100111100000000001111111101000010000000011110100010011001001010110',,,0.36619718309859156
'000010001100001000111100011110010111110000011100011010000100000111001000',,,0.21830985915492956
'100101111011111111111011000001101000001111111001101111011000111010101011',,,0.24647887323943662
'111001110100110111000001100001111111101111000111100101010111001001110110',,,0.2535211267605634
'111001111000110001111001000111101000001111000001101111000001001011110110',,,0.2323943661971831
'111100001011000001111111111111101000010000100000001111000001111111100100',,,0.22535211267605634
'000000000000001000001100100000010111100000011110010000100110000000001001',,,0.16901408450704225
'010000001000001000110100011110000000010000000010010010100000000110001001',,,0.1619718309859155
'000110000000001001000110000110000000000000100010010000000010111100001001',,,0.16901408450704225
'101111110011110111000011111001111111111111111111100101011111111001110110',,,0.13380281690140844
'000010001111001000111100011000010111110000000100011010000100000110001001',,,0.1619718309859155
'100011111000111110011001011111111111111111011111101101011100000011101010',,,0.22535211267605634
'111111010100110111000110100000101000001011111011110100011011111100010111',,,0.30985915492957744
'101110001100110111111010011001111111111100100101101111110101111111110110',,,0.16901408450704225
'001101010111110001000111000110101000001011111011110100111011111100110111',,,0.28169014084507044
'000110100000001000000110100000010111100000100110010000000110110000001001',,,0.16901408450704225
'001000001100000110111100111000000000010000000000011010110001000110010101',,,0.2323943661971831
'111101111011110111111011000001101000001111111001101111011001111011110110',,,0.15492957746478872
'101001110100110001000001011001101000011111000011100101100011001001110110',,,0.19718309859154928
'000000000100001000000100111000000000010000011010010000100010000100001001',,,0.1267605633802817
'110110101000111111111011111111111111111100100100001111010100111011101010',,,0.22535211267605634
'000000000000001110000100111000000000010000000010010000100010000100001001',,,0.11971830985915492
'010000000011001000000100111110000000010000000010010000000010000100001001',,,0.11971830985915492
'101111010111110111000011100111101000001111100011100101111011111100110111',,,0.22535211267605634
'100100101011001001111011000111111111100100100100001111000100111011101000',,,0.2605633802816901
'000110100000001000000110011000000000010000100010010000000010110000001001',,,0.16901408450704225
'111111110111110001000011100111111111101111111111100101111111111001110110',,,0.1267605633802817
'111101111011110111111011000001101000001111100001101111111001111011110110',,,0.14084507042253522
'001011011111010110111000000110000000001011000001111010111001000110010111',,,0.2535211267605634
'111000000100100000000001011111111111110000011110010101100111000101110110',,,0.33098591549295775
'110101111011011001111011011001111111111111111101101111001100111011101000',,,0.2112676056338028
'011000000111000000000100011000000000010000000010010000100011000100010101',,,0.18309859154929578
'011000000100000110000100011000000000010000000010010000110011000101010100',,,0.23943661971830985
'011111011111110111111011111110111111111011100101101111011101111111110110',,,0.1267605633802817
'111011111000110111111001111001111111111111011101101111011101001011110110',,,0.19014084507042253
'111111111100110001111011100111111111101111111101101111110101111011110110',,,0.11971830985915492
'011110001100000001111110100000000000000000100000011010000001111110010101',,,0.20422535211267606
'111001110000110001000001011111111111111111011111100101000111001001110110',,,0.2535211267605634
'101101111111110111111011000001111111101111111101101111111101111010110111',,,0.15492957746478872
'100011110011111110000001000111111111101111011111100101011110000001101010',,,0.2112676056338028
'101101110111110111000011000111111111101111100111100101011111111000110111',,,0.22535211267605634
'101011110100110111000001011111111111111111011111100101111111001001110110',,,0.19014084507042253
'000000000111001110000100100000000000000000000010010000101010000100001001',,,0.13380281690140844
'000110000100001110001110000000000000000000100000011000000010110100001001',,,0.176056338028169
'111101110011010001111011011001101000011111111001101111101001111011110100',,,0.15492957746478872
'000110000000001110000110000110000000000000111010010000011010110100001001',,,0.16901408450704225
'010010001000001000111100011000000000010000000000011010100000000111001000',,,0.20422535211267606
'000000000011101110000100000110000000000000011010010000011010000100001011',,,0.1056338028169014
'011011111011110110111000100110000000001011000001101010111001000010010111',,,0.23943661971830985
'101101111011110111111011100001111111101111100101101111111101111011110110',,,0.11267605633802817
'111100100100000001000011011001101000010100111010010100100011111001110100',,,0.2605633802816901
'010100001011001110111110111110000000010000111000011010011000110110001001',,,0.23943661971830985
'111101111000110001111011011111101000011111111001101111010001111011110110',,,0.14788732394366197
'010000000111001110000100011110000000010000011010010000011010000100001001',,,0.1267605633802817
'101011011100110110111001111000101000011011011001101111111001000111110110',,,0.23943661971830985
'011000001100000000111100111110000000010000000000011010100001000110010101',,,0.19014084507042253
'101101111111110111010011111001101000011111111011100101011011111011110110',,,0.16901408450704225
'010100001011001001111110100110010111100000111100001011001100110110101001',,,0.3028169014084507
'110011011011101000111101011001110111110011011101101011001100000111101000',,,0.31690140845070425
'011110001100000111011110000110010111100000100100011010110111111110010101',,,0.2676056338028169
'010000000100001110000100111110000000010000011010010000011010000100001001',,,0.14788732394366197
'110010101000001110111001011001000000010100000000011010000000000011001000',,,0.2535211267605634
'100101010011111001000011100001111111101011111111100101001110110100101011',,,0.28169014084507044
'111101110000110111000011000001111111101111100111100101010111111001110110',,,0.2112676056338028
'111001011100110000111001011111101000011011000001101111000001000111110110',,,0.2323943661971831
'100110100000000001000111011111101000010100111010010101000010111001100100',,,0.2112676056338028
'101101111111110111111011011001101000011111100001101111111001111011110110',,,0.11971830985915492
'100000100000001000000100011111011111110100000110010000000110000001101000',,,0.19014084507042253
'101111111100000001111011111001101000010111111001101111100001111011110100',,,0.1619718309859155
'101011010100110110000001111000101000011011000011100101110011000101110110',,,0.2746478873239437
'101111110111110111000011100111111111101111111111100101111111111000110111',,,0.16901408450704225
'001001011111110110111000111110001000011011000001101111111001000111010110',,,0.2605633802816901
'011011010111110110000100100110000000001011011011110000111011000100010111',,,0.20422535211267606
'010011000000101110000100100110010111100001011110010000011110000100001011',,,0.1619718309859155
'000010001000001110101100111000010111110000000100010010000100000001001000',,,0.23943661971830985
'100111101011001001111010000001111111100101111100001011001100110110101001',,,0.31690140845070425
'101100111111000001111011011001101000010111100001101111000001111011110100',,,0.2112676056338028
'000010001111001110111100111110000000010000000000011010011000000110001001',,,0.19718309859154928
'000010000000101110000100100000000000000000011010010000001010000100001001',,,0.11971830985915492
'111011011100010000111001111111101000011011000001111110000001000111010110',,,0.2746478873239437
'001100000100000001000110000000010111100000111110010000100111111100010101',,,0.2676056338028169
'100011110011111110000001100111111111101111011111100101011110000001101010',,,0.21830985915492956
'101001111100110111111001111111101000011111011001101111011001001011110110',,,0.19718309859154928
'010110101000001001111110000110010111100100100100011010100100111010001001',,,0.2605633802816901
'111111111100110111111011100111101000001111111001101111111001111010110111',,,0.14788732394366197
'110001100011001110000100011111000000010101000010010000011010000001001000',,,0.2535211267605634
'101101010100110111000011111001111111111111111111100101111111111101110110',,,0.15492957746478872
'011100000100000111000110000110000000000000100010010000110011111100010101',,,0.2323943661971831
'001110000100000001000110100110010111100000111110010000110111111100010101',,,0.2535211267605634
'000100001100001110111110100000000000000000100000011010000000110110001001',,,0.18309859154929578
'000000000111001000000100000110000000000000000010010000100010000100001001',,,0.1056338028169014
'001100001111000001111110011110000000010000100000011010110001111110010101',,,0.2605633802816901
'101111111011110001111011100001111111101111100101101111100101111011110110',,,0.14084507042253522
'001110001100000001111110000000000000000000111000011010100001111110010101',,,0.22535211267605634
'011000101100000000111100111000010111110100011100011010100101001011010100',,,0.2746478873239437
'010000000011101110000100100000010111100000011110010000001110000100001001',,,0.13380281690140844
'101101111100110111111011011001101000011111100001101111010001111011110110',,,0.15492957746478872
'111101111011110001111011100111111111101111111101101111111101111011110110',,,0.09859154929577464
'000010001000001000111100111110000000010000011000011010100000000111001000',,,0.22535211267605634
'000000101000001110110100011000000000010100000010000010000000000001001000',,,0.2112676056338028
'010110001100001000111110100000000000000000111000011010000000110110001001',,,0.176056338028169
'100111001011111111111011100001111111101101100100101111011100111110101011',,,0.28169014084507044
'101011111100110111111001011111101000011111000001101111010001001011110110',,,0.2323943661971831
'010110000011001000000110000110010111100000100110010000100110110100001001',,,0.2112676056338028
'000000001011001000111100000110000000000000011000011010101000000010001001',,,0.176056338028169
'101101111011110111111011111001101000011111100001101111011001111011110110',,,0.13380281690140844
'101111110111110001000011000001101000001111111011100101101011111001110110',,,0.19718309859154928
'001011011111110110111001011000101000011011000001101111111001000111110110',,,0.24647887323943662
'110011010011111110000001011001111111111111011111100101001110000101101010',,,0.2605633802816901
'100100101000001001111011100001111111100100111100001111000100111011101000',,,0.2535211267605634
'111110111011000001111011111111101000010111100001101111010001111011110100',,,0.19014084507042253
'010010001000001110111100111000000000010000011000011010001000000110001001',,,0.19014084507042253
'000000001011001000111100011000010111110000000100011010100100000110001001',,,0.176056338028169
'111111111100110001010011111001101000011111111011100101100011111011110110',,,0.14084507042253522
'000010001100001110111100000110010111100000011100011010111100000110001001',,,0.18309859154929578
'000110000000001001000110011110010111110000111110010000000110110100001001',,,0.2112676056338028
'111001111100110001111001111111111111111111000101101111100101001011110110',,,0.16901408450704225
'111110111100010001111011011001101000011100111001101111100001111011110100',,,0.14788732394366197
'000110101100001111111110000111010111100100100100011010010100111010001001',,,0.2535211267605634
'111101110011110111001011100111101000001111100011101101111001111010110111',,,0.19014084507042253
'101100100100110001000011100111101000001100111011100101110011111001110110',,,0.21830985915492956
'010110000011001000000110100000000000000000111010010000001010110000001001',,,0.20422535211267606
'111011111111110001111001011001101000011111011001101111001001001011110110',,,0.2112676056338028
'110100100011111001000011111111111111111100100110000101010110111001101010',,,0.24647887323943662
'010000001011111110111100100110000000000000011000011010111000000110001011',,,0.21830985915492956
'110100110011111001000011011111111111111111111111100101001110111001101010',,,0.2323943661971831
'101101110000110111000011011001111111111111111111100101011111111001110110',,,0.1619718309859155
'010010000100001000000100100110000000000000000010010000000010000100001001',,,0.07746478873239436
'111101111100010001111011011001101000011111111001101111000001111011110110',,,0.15492957746478872
'111111111111110111111011111111101000011111111001101111111001111111110110',,,0.07746478873239436
'000000001100001110111100100000010111100000000100011010000100000110001001',,,0.13380281690140844
'101111110100110001000011000001111111101111111111100101100111111000110111',,,0.23943661971830985
'101111110000110001000011100111101000001111100011100101110011111000110111',,,0.21830985915492956
'100001110011111000000001111001101000011111011011100101001010000001101010',,,0.24647887323943662
'100101111011111111111011100001111111101111111101101111011100111011101010',,,0.19014084507042253
'101101110111110111000011111111111111111111111111100101111111111001110110',,,0.1056338028169014
'111100101111000001111011011001111111110100100100101111100101111011110100',,,0.19718309859154928
'111110110100110111000011011111101000011111111011110101111011111101110110',,,0.18309859154929578
'010010000000001000000100111110010111110000011110010000100110000101001000',,,0.21830985915492956
'111101111100110111000010000001111111101111111111100101111111111000110111',,,0.21830985915492956
'101001110000110111000001111001111111111111000111100101110111001001110110',,,0.20422535211267606
'010000001111001000111100000110010111100000011100011010101100000110001001',,,0.176056338028169
'101101011111110001111011000111111111101011100101101111110101111110110111',,,0.21830985915492956
'101101111011110001100011111111111111111111111111100111011101111001110110',,,0.14788732394366197
'010100000011001000000110100110000000000000111010010000001010110100001001',,,0.19718309859154928
'111101111111110001111011000001101000001111111001101111101001111010110111',,,0.19014084507042253
'010000001000001110111100000000000000000000000000011010100000000110001001',,,0.14084507042253522
'000001001011001000111100000110000000000000011000011010001000000110001001',,,0.15492957746478872
'010011001011111110111100100000010111101011000100011010101100000110001011',,,0.2605633802816901
'010110101011001110111110100110000000001100100000001010011000111110001001',,,0.2887323943661972
'000000101000001000111100111110010111110000000100011010100100000011001000',,,0.24647887323943662
'101001110000110111000001011111111111111111000111100101110111001001110110',,,0.2112676056338028
'000100100000001001000110100110010111100000111110010000000110110000001001',,,0.21830985915492956
'111111111111110111111011000111101000001111111001101111011001111011110110',,,0.1267605633802817
'010010000011001110000100111000000000010000011010010000001010000100001001',,,0.14788732394366197
'111011010111110110100001111001101000011111000011100111011001001101010110',,,0.29577464788732394
'010010001100001000111100100110000000000000011000011010100000000110001001',,,0.1619718309859155
'000000001111001110111100011110010111110000000100011010111100000110001001',,,0.20422535211267606
'101100101111110001111011111111111111111100100100001111110101111011110110',,,0.1619718309859155
'011000000111000000000100111000000000010000000010010000000011000101010100',,,0.20422535211267606
'111111111100110001010011000001101000001111100011100101100011111011110110',,,0.1619718309859155
'010110001000001110111110100000010111100000100100011010000100110110001001',,,0.20422535211267606
'000000000011001000000100011110000000010000000010010000000010000101001000',,,0.14084507042253522
'100011111000111110111001111111101000011111011001101111011000000111101010',,,0.2676056338028169
'000100001100001110111110000110010111100000100100011010010100110110001001',,,0.2112676056338028
'110011111011111110001001000001111111101111000101101101001100000001101010',,,0.28169014084507044
'111101111100110111111011100001111111101111100101101111010101111011110110',,,0.15492957746478872
'000100001000001000111110011110000000010000111000011010000000110110001001',,,0.2112676056338028
'110110100011111111000011000111111111101100100110000101111110111000101011',,,0.28169014084507044
'011011111100000000111100000000000000000011000000011010100001000010010101',,,0.2112676056338028
'101111111011110111111011100001101000001111111001101111011001111011110110',,,0.14084507042253522
'100100110011111111000011000001101000001110100011100101011010111000101011',,,0.29577464788732394
'101111111100110111110011011001101000011111111011100111111001111011110110',,,0.1619718309859155
'101111111000110001111011011001101000011111100001101111100001111011110110',,,0.09859154929577464
'011100001111000001111110011110000000010000100000011010110001111110010101',,,0.24647887323943662
'101110110100110001000011111111101000011111100011100101010011111001110110',,,0.20422535211267606
'101100111100000001111011011001111111110110111101101111100101111011110100',,,0.20422535211267606
'000000001100001110111100100000000000000000011000011010101000000110001001',,,0.176056338028169
'000111000000001110000110100110000000000000111010010000111010110100001001',,,0.22535211267605634
'111011110000110001000001111001111111111111011111100101100111001001110110',,,0.2112676056338028
'000000001100001000111100111110010111110000011100011010100100000110001001',,,0.20422535211267606
'000011011000111110111000000000010111101011011101101011101100000110001011',,,0.2676056338028169
'000000001111001000111100011110000000010000011000011010101000000111001000',,,0.23943661971830985
'101101111111110001111011100111101000001111111001101111011001111010110111',,,0.19718309859154928
'110111111011001001111011011001111111111111111101101111001100111011101000',,,0.22535211267605634
'101011111011110111111001100111111111101111011101101111111101001011110110',,,0.1619718309859155
'101111011111110001111011000001111111101011111101101111101101111010110111',,,0.21830985915492956
'000000000011101110001100100110010111100000011110010000111100000110001011',,,0.18309859154929578
'100000100011001110000100011001010111110100011110000000001110000001001000',,,0.21830985915492956
'000000101000001110111100011001010111110100000100001010000100000011001000',,,0.23943661971830985
'010110000000001000000110100000000000000000100010010000000010110100001001',,,0.14084507042253522
'000010001011111110111100100110010111101000000100011010111100000110001011',,,0.21830985915492956
'110100001011111111111111000001101000001100100000001111011000110110001011',,,0.34507042253521125
'000110001111001000111110000110010111100000100100011010010100110110001001',,,0.20422535211267606
'101101110000110111010011011111111111111111100101100111110111111001110110',,,0.18309859154929578
'101111110111110111000011111001111111111111111111100101111111111101110110',,,0.1267605633802817
'001001110111110001000001111110111111111011000111100101110111000001110110',,,0.2676056338028169
'111111111100110111110011000001101000001111100011100101110011111010110111',,,0.2323943661971831
'110101110000010111000011011001101000011111111011100101001010111001100010',,,0.2323943661971831
'111111100100000001000011111001101000010101111010000101000011111001110100',,,0.20422535211267606
'101001111000110001111001111111101000011111011001101111100001001011110110',,,0.18309859154929578
'101100110100110111000011111001101000011111100011100101010011111001110110',,,0.2112676056338028
'010001001011001110111100000000000000000001000000011010101000000110001001',,,0.19718309859154928
'010000000111101110000100011000010111110000011110010000101110000100001011',,,0.176056338028169
'111101110011110001000011011111111111111111111111100101111111111001110110',,,0.11971830985915492
'101001110111110111000001100111111111101111000111100101111111001001110110',,,0.20422535211267606
'111011111111110001111001011111101000011111011001101111011001001011110110',,,0.19718309859154928
'000000000000101110000100100110010111100000000110010000010110000100001001',,,0.1267605633802817
'111101110100110001111011011111101000011111100001101111110001111011110110',,,0.1267605633802817
'101111110100110001000011100111101000001111100011100101110011111000110111',,,0.22535211267605634
'010000000100001110000100011110011111110100011110010000011110000101001000',,,0.21830985915492956
'010010000011001000000100100110010111100000011110010000001110000100001001',,,0.1267605633802817
'101111110100110001000011111001111111111111100111100101000111111001110110',,,0.176056338028169
'111001110011110001000001011111111111111111011111100101111111001001110110',,,0.176056338028169
'110100101000001111111010100001100000000100100000001011000000111010101001',,,0.2676056338028169
'111111110111110111000011111111111111111111111111100101011111111001110110',,,0.11267605633802817
'010000001111001110111100000110000000000000011000011010011000000110001001',,,0.14084507042253522
'111101000100110111000111000110101000001011100010010100110011111100010111',,,0.2887323943661972
'000000000111001000000100000110000000000000000010010000000010000100001001',,,0.07746478873239436
'111101110111110111000011011111111111111111111111100101111111111001110110',,,0.09859154929577464
'011000001100000110111100000110000000000000000000011010110001000110010101',,,0.19718309859154928
'111101110100110001000011100111111111101111111111100101110111111001110110',,,0.16901408450704225
'010000001011101110111100000000010111100000000100011010101100000110001011',,,0.19718309859154928
'101101111111110111111011000001111111101111100101101111111101111011110110',,,0.1267605633802817
'101100111000110111111011111111111111111110100101101111110101111011110110',,,0.1267605633802817
'000011010011111110000000100110010111101011000111110000111110000100001011',,,0.19718309859154928
'000000001000001000111100000110000000000000011000011010000000000110001001',,,0.11267605633802817
'010000000100001110000100111000010111110000000110010000110110000100001001',,,0.176056338028169
'000110000011001000000110111110000000010000111010010000101010110100001001',,,0.2323943661971831
'101100110100110111000011100111111111101111100111100101110111111001110110',,,0.20422535211267606
'001001000111000000000100000110000000000001000010010000110011000100010101',,,0.21830985915492956
'010110000000001000000110111000010111110000111110010000000110110100001001',,,0.20422535211267606
'111111110111110001000011111001111111111111111111100101001111111001110110',,,0.16901408450704225
'100111110011111111000011011111111111111111111111100101011110111001101010',,,0.14788732394366197
'000000000111001000000100111000000000010000011010010000101010000100001001',,,0.1619718309859155
'111110101100110001111011011111101000011100100000101111010001111111110110',,,0.19014084507042253
'011001010000000000000100111110001000010011011010010000100011000001010100',,,0.2605633802816901
'111011111100010001111001111001101000011111011001101111100001001011110100',,,0.18309859154929578
'111101110000110001000011011111101000011111111011100101110011111001110110',,,0.1619718309859155
'110001111011111000111001111111111111111111011101101111101100000011101010',,,0.2535211267605634
'101110111100110001010011100111111111101100100110100101010111111011110110',,,0.24647887323943662
'001001001100000000111100011000010111110000011100011010100101000111010100',,,0.29577464788732394
'100101011011111111111011100111111111101011111101101111111100110110101011',,,0.23943661971830985
'000010001100001110111100011110010111110000011100011010011100000111001000',,,0.22535211267605634
'110011111011111000111001111111101000011111011001101111001000000011101010',,,0.2676056338028169
'110101110000011111000011011111111111111111111111100101011110111001101010',,,0.19718309859154928
'101111110000110111000011000111101000001111100011100101010011111000110111',,,0.2535211267605634
'000001001100111110111000000000010111100001000100011010110100000110011011',,,0.2676056338028169
'000010001111001000111100100000010111100000111100011010001100000110001001',,,0.176056338028169
'111001111011110001111001100111101000001111011001101111011001001011110110',,,0.21830985915492956
'111111111111110001111011100111111111101111100101101111110101111010110111',,,0.1619718309859155
'101011011011110110111001111001111111111011011101101111111101000111110110',,,0.19718309859154928
'000010100000001110000100011110000000010000000010010000010010000001001000',,,0.19718309859154928
'111101110111110111101011011001111111111111111111100111011101111011110110',,,0.13380281690140844
'101101111111110111011011000111101000001111111011101101011001111011110110',,,0.1619718309859155
'000011000011111110000100100110010111101001000110010000111110000100001011',,,0.19718309859154928
'010100001011001110111110000000000000000000100000011010111000110110001001',,,0.2605633802816901
'111001110100110111000001011001101000011111000011100101110011001001110110',,,0.2112676056338028
'010010001000001000111100100110000000000000000000011010100000000110001001',,,0.15492957746478872
'111001011100110110111001111001111111111111000101101111110101000111010110',,,0.2323943661971831
'010100000100001000000110000110010111100000111110010000000110110100001001',,,0.18309859154929578
'111011111000110111111001011001101000011111000001101111010001001011110110',,,0.22535211267605634
'010110000011001111000110100000010111100000100110010000011110111000001001',,,0.24647887323943662
'011010001100000000111100011110000000010000011000011010100001000111010100',,,0.24647887323943662
'111011110100110111000001011111111111111111000111100101110111001101110110',,,0.22535211267605634
'111011111100110111111001111111101000011111011001101111011001001011110110',,,0.19014084507042253
'111011111111110001111001011111111111111111000101101111110101001011110110',,,0.18309859154929578
'110011111011111110111001111001101000011111000001101111001000000011101010',,,0.2676056338028169
'001110000100000001000110000110000000000000111010010000010011111100010101',,,0.2535211267605634
'000100000000001000000110100000010111100000100110010000000110110100001001',,,0.15492957746478872
'101111111011110111111011011001101000011111111001101111111001111011100110',,,0.1056338028169014
'101111111111110111100011111001101000011111100011100101011001111001110110',,,0.18309859154929578
'011100000100000001000110000110000000000000111010010000110011111100010101',,,0.2323943661971831
'000010001000001000111100100110010111100000000100011010100100000110001001',,,0.1619718309859155
'011110001100000111111111111110111111110000100100001111110101111111110100',,,0.20422535211267606
'000110000111001110000110100110000000000000111010010000011010110100001001',,,0.16901408450704225
'110011111011111110111001000001111111101111011101101111001100000011101010',,,0.2535211267605634
'001111110100110111000011100000101000001011100011100101110011111000110111',,,0.24647887323943662
'111101110000110111000011000001101000001111100011100101110011111000110111',,,0.2323943661971831
'000110000011001000000110000000010111100000111110010000001110110100001001',,,0.176056338028169
'011101001111000001111110000000000000000011100000011010000001111010010101',,,0.2746478873239437
'000000000100001000000100111110000000010000000010010000100010000100001001',,,0.1267605633802817
'111110000100000001000111111110101000010000100010010100010011111101110100',,,0.2605633802816901
'000000001011001000111100111110010111110000011100011010001100000110001001',,,0.176056338028169
'111111111011110111111011100111111111101111111101101111011101111010110111',,,0.14788732394366197
'000000001000001110111100111110010111110000011100011010011100000011001000',,,0.2323943661971831
'011011010111000000000100100000000000000011011011110000101011000000010101',,,0.22535211267605634
'010100000100001110000110011110010111110000100110010000110110110100001001',,,0.23943661971830985
'101111111011110111000011000111111111101111100111100101111111111001110110',,,0.14084507042253522
'010000100000001000000100111000010111110100000110010000100110000001001000',,,0.2112676056338028
'010110001111001000111110000110010111100000111100011010001100110110001001',,,0.2112676056338028
'111111110111110111000011100001101000001111100011110100111011111000010111',,,0.24647887323943662
'000000000011001110000100111000010111110000000110010000001110000100001001',,,0.13380281690140844
'101101010111110111000011100001111111101011100111100101111111111100110111',,,0.2323943661971831
'111101110100110111000011000001101000001111100011100101010011111001110110',,,0.2112676056338028
'101111111011110111110011111001101000011111111001100111111011111011110110',,,0.14084507042253522
'111101110100110001101011011111101000011111100001101111010001111011110110',,,0.15492957746478872
'111101110000010111000011011001101000011111100011100101110011111001110110',,,0.176056338028169
'101111111100110111111011011001101000011111111001101111001001111011100110',,,0.15492957746478872
'000010000000001000000100011110010111110000011110010000100110000100001001',,,0.15492957746478872
'010010000111001000000100111110010111110000011110010000101110000100001001',,,0.176056338028169
'010110001000001001111110100000010111100000100100011010100100111110001001',,,0.23943661971830985
'010010000111001110000100111110010111110000000110010000111110000100001001',,,0.176056338028169
'101011110100110111000001011111101000011111000011100101010011001001110110',,,0.2605633802816901
'110110100000001001000111111001111111110100100110000101000110111001101000',,,0.2323943661971831
'111111110100110001000011100001101000001111100011100101100011111001110110',,,0.15492957746478872
'000010001100001110011100100000000000000000000000011000100010000110001001',,,0.15492957746478872
'101111110111000001000011111111111111111111100110100101110111111001110100',,,0.19718309859154928
'101101011111110111111011011001111111111111111101101111111101111111110110',,,0.1056338028169014
'101101111111110111111011000001101000001111111001101111011001111010110111',,,0.20422535211267606
'010001110011001000000100011110000000010111011011110000001010000001001000',,,0.2535211267605634
'000000000100111110000100011000000000010000011010010000001010000100001011',,,0.1619718309859155
'101111111111110001111011111001101000011111100001101111100001111011110110',,,0.11267605633802817
'101101110000110001000011000001101000001111111011100101000011111001110110',,,0.21830985915492956
'101101111111010001111011011111101000011111111001101111011001111011110110',,,0.14788732394366197
'000010001100001110111100011000010111110000000100011010000100000110001001',,,0.1619718309859155
'100111110011111111000011100001101000001111111011100101011010111000101011',,,0.2605633802816901
'111101111011110111111011100001101000001111100001101111111001111011110110',,,0.13380281690140844
'111011110011110001000001100001111111101111000111100101100111001001110110',,,0.23943661971830985
'111001111100110111111001100001101000001111011001101111111001001011110110',,,0.19718309859154928
'111100101111000001111011111111101000011100111001101111011001111111110100',,,0.176056338028169
'101101110000110001000011000111111111101111111111100101110111111001110110',,,0.18309859154929578
'101011110100110111100001111001111111111111011101100111111111001001110110',,,0.2112676056338028
'010011000011111110000100000110000000000011011010010000111010000100001011',,,0.20422535211267606
'101101110000110001000011100111111111101111100111100101110111111001110110',,,0.176056338028169
'100110111011111111111011100001111111101100111101101111111100111010101011',,,0.23943661971830985
'110011110000111110000001111111111111111111011111100101011110000001101010',,,0.2323943661971831
'000010000111001110000100000000010111100000000110010000001110000100001001',,,0.11267605633802817
'101111110111110111000011011001101000011111100011100101111011111101110110',,,0.16901408450704225
'000001011011001110111100000000010111100011000101011010101100000110001001',,,0.2112676056338028
'001010001100001000111100111110000000010000000000011010100000000110011001',,,0.19014084507042253
'101111110111110111000011100001111111101111111111100101111111111001110110',,,0.14084507042253522
'111100110100110111000011011001111111111110100111100101110111111001110110',,,0.16901408450704225
'101001111000110111111001000001101000001111011001101111111001001011110110',,,0.2112676056338028
'111101111011110111111011100001101000001111111001101111111001111011110110',,,0.11971830985915492
'110101100000111111000011000111101000001111100010000101010010111000101011',,,0.2887323943661972
'010010001111001110110100000000010111100000000110010010001110000110001001',,,0.14084507042253522
'110011011011111110111001011111111111111100011101101111111100000111101010',,,0.2676056338028169
'001111000100000001000110000000000000000000100010010000100011111100010101',,,0.2323943661971831
'011010000100000000000100100000000000000000011010010000100011000100010101',,,0.15492957746478872
'010010001011001110111100100110000000000000011000011010111000000110001001',,,0.19014084507042253
'010110001100001000111110000110010111100000111100011010000100110110001001',,,0.20422535211267606
'111011111111100110111000011001000000010111000001111010111001001011010100',,,0.323943661971831
'111001110000110001000001111001101000011111011011100101100011001001110110',,,0.19718309859154928
'100100110011111111000011100111111111101110100111100101011110111000101011',,,0.2535211267605634
'110100101000001001111010000111010111100100111100001011100100111010101001',,,0.29577464788732394
'110111110011111111000011000111101000001111111011100101011010111000101011',,,0.2535211267605634
'100011110011111000000001111001101000011111011011100101001010000001101010',,,0.2535211267605634
'001110000100000001000110100110000000000000111010010000010011111100010101',,,0.24647887323943662
'001010000100000000000100011110010111110000000110010000100111000101010100',,,0.2676056338028169
'111001111000110001111001011111101000011111011001101111000001001011110110',,,0.21830985915492956
'011010100111000000000100011110000000010100000010010000110011001001010100',,,0.2676056338028169
'000010001111001000111100100110010111100000011100011010101100000110001001',,,0.19014084507042253
'111101110100110111000011000111101000001111111001101111111011111000110111',,,0.2112676056338028
'001100000100000001000110111000000000010000100010010000100011111100010101',,,0.22535211267605634
'001011011011111110111100100000010111101011000101111010111100000010011011',,,0.23943661971830985
'010110000011001000000110000000010111100000100110010000100110110100001001',,,0.19718309859154928
'111011111000110111111001000111101000001111000001101111010001001011110110',,,0.2535211267605634
'100000101011101000111101111001110111110100011100001010001100000011101010',,,0.29577464788732394
'010000000000001000111100100000000000000000000000011010000000000110001001',,,0.1056338028169014
'000000001111001110111100111110000000010000000000011010011000000110001001',,,0.19014084507042253
'101110111100010001111011111111111111111100111101101111110101111011110110',,,0.14788732394366197
'000010000111101000000100000110010111100000011110010000001110000100001011',,,0.1267605633802817
'111011111100110111111001111001101000011111000001101111110001001011110110',,,0.18309859154929578
'101111110000110001000011111001111111111111100111100101100111111001110110',,,0.14084507042253522
'101100110011110001000011011001101000011111100011100101100011111001110110',,,0.18309859154929578
'101001111111110110111001011111101000011111000001101111111001000111110110',,,0.22535211267605634
'010100001011111111111111100000001000001000100000001111011000110110101011',,,0.3380281690140845
'101101111000110111000011011111101000011111100011100101110011111001110110',,,0.1619718309859155
'001100001100000001111111111110011111110000100100001111100101111111110100',,,0.22535211267605634
'010000000000001000000100011110010111110000000110010000000110000100001001',,,0.11971830985915492
'000000001000001000111100100000000000000000011000011010000000000110001001',,,0.1056338028169014
'111101111100010001111011111001111111111111100101101111100101111011110110',,,0.11267605633802817
'101111110011110001000011000001111111101111100111100101000111111000110111',,,0.2605633802816901
'111011110111110001000001011001111111111111011111100101001111001001110110',,,0.2323943661971831
'000001001000101110111100000110010111100011011100011010011100000110001001',,,0.18309859154929578
'100101110011111111000011000111111111101111111111100101011110111001101010',,,0.18309859154929578
'001100000100000001000110000110000000000000100010010000110011111100010101',,,0.24647887323943662
'110001111011111110111001111001101000011111000001101111001000000011101010',,,0.2605633802816901
'000110000011001000000110100110010111100000100110010000000110110100001001',,,0.176056338028169
'111001111100110001111001111001111111111111011101101111100101001011110110',,,0.16901408450704225
'111100110100110001000011100001111111101111100111100101100111111001110110',,,0.19014084507042253
'010100000100001000000110000000010111100000100110010000100110110100001001',,,0.18309859154929578
'010010001111001000110100000110000000000000000000010010100010000100001001',,,0.14084507042253522
'101011111000110001111001000001111111101111000101101111000101001011110110',,,0.2323943661971831
'111101110111110001000010100111001000001111100011100101010011111000110111',,,0.28169014084507044
'100001110011111110000001111111101000011111011011100101011010000001101010',,,0.2323943661971831
'111001110000110111000001011111101000011111011011100101011011001001110110',,,0.22535211267605634
'101011111100110001111001011111101000011111011001101111100001001011110110',,,0.20422535211267606
'000010001011001000011100111000010111110000000110010000000100000110001001',,,0.16901408450704225
'111001111100110001111001111111101000011111011001101111100001001011110110',,,0.176056338028169
'000000001011001000111100000110000000000000011000011010001000000110001001',,,0.13380281690140844
'000110001000001110111110100110000000000000111000011010111000110110001001',,,0.2323943661971831
'111001111100110111111001100111111111101111011101101111011101001011110110',,,0.19014084507042253
'101111111100110111111011000001111111101111111101101111011101111010110111',,,0.19014084507042253
'110110100000001001000111011111111111110100100110000101000110111001101000',,,0.23943661971830985
'000100000011001000000110011110000000010000100010010000000010110100001001',,,0.18309859154929578
'001000001100000000111100000000000000000000011000011010100001000010010101',,,0.19718309859154928
'010000000111001110000100100110000000000000000010010000111010000100001001',,,0.14788732394366197
'001001000100000000000100100110000000000000000010010000100011000100010101',,,0.18309859154929578
'111101110111010001000011011111101000011111100011100101010011111001110100',,,0.19718309859154928
'011100011111000111111110000000000000001000100001111010111001111110010101',,,0.24647887323943662
'101101110011110111000011111001111111111111100111100101111111111001110110',,,0.1267605633802817
'111111111111110111111011000111101000001111100001101111111001111011110110',,,0.11267605633802817
'000100000100001000000110000000000000000000111010010000000010110100001001',,,0.14788732394366197
'111111110111110111000011000111111111101111100111100101011111111000110111',,,0.20422535211267606
'111001111011110111111001011111111111111111011101101111111101001011110110',,,0.13380281690140844
'000000000111001110100100111000000000010000000000010010001000000101001000',,,0.19718309859154928
'100000101000001110111001111111101000010100000000001111000000000011101010',,,0.28169014084507044
'000000001011001110111100011000010111110000000100011010001100000110001001',,,0.16901408450704225
'000000000000001110101100100110000000000000000000011010110000000110001001',,,0.176056338028169
'010011001011011110111100100000010111100001011100011010101100000110001011',,,0.23943661971830985
'111001111111110111111001011001111111111111011101101111111101001011110110',,,0.14084507042253522
'010000000000001000000100111000010111110000000110010000100110000101001000',,,0.18309859154929578
'010001010011111110000100100110000000001011011011010000011010000100001011',,,0.19014084507042253
'000000000011001000000100011000000000010000000010010000000010000001001000',,,0.14084507042253522
'010000000011001110000100011110010111110000011100010010011110000100001001',,,0.14084507042253522
'101011110100110111000001011001101000011111011011100101011011001101110110',,,0.2676056338028169
'011001011111111110111000100110010111101011000101101011111101000110010011',,,0.2676056338028169
'111111111111110001111011100111101000001111111001101111111001111110110111',,,0.1619718309859155
'011110000111000001000110000110000000000000100010010000010011111100010101',,,0.23943661971830985
'111111110011110001000011100001111111101111111111100101001111111000110111',,,0.24647887323943662
'000000001000001000111100000110010111100000000100011010100100000110001001',,,0.14788732394366197
'010010001100001000111100111000010111110000011100011010000100000111001000',,,0.2112676056338028
'000100000000001000000110000110010111100000100110010000100110110100001001',,,0.19014084507042253
'111001010111110110000101011000101000011011011011110100111011000101010110',,,0.2676056338028169
'111101110100110111000011100001101000001111100011100101110011111001110110',,,0.176056338028169
'001010000100000000000100111000000000010000011010010000000011000101010100',,,0.22535211267605634
'110001111011111000111001111001111111111111011101101111101100000011101010',,,0.2535211267605634
'110111111011111001110011100001101000001111111001101111001010111010101011',,,0.29577464788732394
'100111111011111111111011000001101000001111100001101111011000111110101011',,,0.2676056338028169
'000000000000001110000100111110010111110000011110010000111110000100001001',,,0.1619718309859155
'011111001100000001111110000110000000001011111001011010010001111010010101',,,0.29577464788732394
'000000001100001000111100111110010111110000011100011010000100000111001000',,,0.21830985915492956
'111101010111110001000011000111101000001111111011100101111011111100110111',,,0.22535211267605634
'000000000000001000111100111000000000010000011000011010000000000110001001',,,0.13380281690140844
'101011111111110001111001011111111111111111011101101111011101001011110110',,,0.19014084507042253
'010010000011001110000100011110000000010000000010010000011010000101001000',,,0.19718309859154928
'101101110111110001000011111111111111111111111111100101011111111001110110',,,0.14788732394366197
'101101110000110111000011100001111111101111111111100101111111111001110110',,,0.15492957746478872
'010011001011001110111100100000000000000000011000011010101000000110001001',,,0.2112676056338028
'000110000000001111000110100110011111100000100110010000010110111100001001',,,0.2323943661971831
'010100001011001001111110000000010111100000100100011010000100110110001001',,,0.21830985915492956
'111111111000110001111011000111111111101111100101101111010101111011110110',,,0.1619718309859155
'000011000100111110000100111110010111110000011110010000111110000100001011',,,0.2323943661971831
'010100000000001110000110100000000000000000111010010010101010110100001001',,,0.23943661971830985
'111101111111110111111011111111101000011111100001101111011001111011110110',,,0.11267605633802817
'011011010111010110000101011110100000011011011011110100111011000101010100',,,0.2676056338028169
'010010001000001000111100011110000000010000000000011010000000000111001000',,,0.19014084507042253
'010011000011101110000100100000010111100001011110010000111110000100011001',,,0.176056338028169
'110001111000111110111001111001101000011111011001101111001000000011101010',,,0.2605633802816901
'000000000011001110000100011000000000010000011010010000101010000101001000',,,0.19014084507042253
'011011111100100001111000111110000000011111000001101011100001001011110100',,,0.2535211267605634
'001011001100000000111100011000000000010000000000011010100001000111010100',,,0.2535211267605634
'111100100100110111101011111001101000011100100001101111010001111011110110',,,0.176056338028169
'010100000000001111000110000000010111100000100110010000000110111100001001',,,0.2112676056338028
'100011111000111110010001011111111111111111011101100111011110000001101010',,,0.22535211267605634
'110101110000111111000011000111101000001111111011100101011010111000101011',,,0.2746478873239437
'010011100011001110000100000000010111100001011110010000101110000000001001',,,0.19014084507042253
'010010001100001000111100111000000000010000000000011010100000000111001000',,,0.20422535211267606
'101110101011000001111011011111101000010100100000001111000001111011110100',,,0.19718309859154928
'011010001111000000111100000110000000000000000000011010110001000110010101',,,0.20422535211267606
'010010000000001110000000111000010111110001000110010000000110000101001000',,,0.2323943661971831
'111101110000110111000011011001111111111111100111100101110111111001110110',,,0.15492957746478872
'101001110011110111000001011001111111111111011111100101111111001001110110',,,0.176056338028169
'010001000011001000000100100110010111100001011110010000101110000100001001',,,0.16901408450704225
'010011000000001110000100000000000000000011011010010000001010000100001001',,,0.14084507042253522
'000100001011001000111110000110010111100000111100011010101100110110001001',,,0.23943661971830985
'010000001011101110111100100110010111100000000100011010011100000110001001',,,0.176056338028169
'010100000111001110000110100000000000000000100010010000011010110100001001',,,0.20422535211267606
'001000001100000110111100011000000000010000000000011010110001000111010100',,,0.2676056338028169
'111101110111110001000011000111111111101111100111100101110111111001110110',,,0.176056338028169
'011101011100110111111011011000111111111011111101101111111101111111110110',,,0.1267605633802817
'011110000100000001000110000110000000000000111010010000110011111100010101',,,0.22535211267605634
'101111111000110001111011111111111111111111100101101111110101111011110110',,,0.09859154929577464
'001001010100110110000101011000101000011011011011110100111011000101010110',,,0.28169014084507044
'101010001100000110111101011001101000010000000000011110110001000111010100',,,0.29577464788732394
'101100100100000001000011111001101000010100111010000101100011111001110100',,,0.21830985915492956
'000110000111001110000110100000000000000000100010010000011010110100001001',,,0.19718309859154928
'111110110100110111000011011111101000011111100011100101010011111001110110',,,0.19718309859154928
'000110100000001001000110000110010111100100100110000001000110111000101001',,,0.24647887323943662
'000010001011001000111100011110010111110000000100011010000100000110001001',,,0.16901408450704225
'010010001111001110111100111000000000010000000000011010001000000110001001',,,0.18309859154929578
'111111011111110001111011111111111111111111100101101111110101111111110110',,,0.11267605633802817
'010110001011001001111110100000000000000000100000011010000000110110001001',,,0.19718309859154928
'000010001011101110111100000110010111100000011100011010011100000110001001',,,0.14788732394366197
'010110000100001000000110100110010111100000111110010000100110110100001001',,,0.2112676056338028
'100100101000001001111011100111111111100100100100001111000100111011101000',,,0.2535211267605634
'001001011111110110000000100000000000001011000011110000111011000100010111',,,0.2535211267605634
'111110110100110001000011011001111111111111111111100101100111111001110110',,,0.176056338028169
'011011010111110110000100011000000000011011000011110000111011000100010111',,,0.2676056338028169
'001010010100000000000100011110010111110011000110010000100111000101010100',,,0.2887323943661972
'100011111000111110111001011111111111111111011101101111111100000011101010',,,0.22535211267605634
'101111111011110111111011100001111111101111100101101111111101111011110110',,,0.1056338028169014
'111111110000110111000011000111111111101111111111100101011111111001110110',,,0.16901408450704225
'000010000011001110100100011000010111110000011100010010001100000100001001',,,0.15492957746478872
'111101011100110111111011011001101000011111111001101111011001111111110110',,,0.15492957746478872
'011110001100000001111110000000010111100000111100011010100101111110010101',,,0.24647887323943662
'001011000100000000000100000110000000000000011010010000100011000100010101',,,0.2112676056338028
'010110000011111111000111111110110111111000100110000101011110111101101010',,,0.2535211267605634
'010000000000001000000100111110000000010000000010010000000010000001001000',,,0.1619718309859155
'101011111111110111111001011111101000011111011001101111011001001011110110',,,0.19718309859154928
'000001001000001110111100100000000000000000000000011010000000000110001001',,,0.1267605633802817
'010100000100001000000110011110000000010000111010010000000010110100001001',,,0.19014084507042253
'010010000000001000000100011000010111110000000110010000100110000101001000',,,0.18309859154929578
'110111111000111111111011000001111111101111111101101111101100111010101011',,,0.24647887323943662
'010000000000001110000100111000010111110000000110010000100110000101001000',,,0.19718309859154928
'010000100011001000000100100000010111100100000110010000100110000000001001',,,0.15492957746478872
'111100000111000001101111111111101000010000100000010111010001111111110100',,,0.2323943661971831
'110111111011111111111011111111111111111111100101101111011100111011101010',,,0.16901408450704225
'010010001111001110111100000110000000000000011000011010111000000110001001',,,0.176056338028169
'101101111111110111111011100001111111101111100101101111111101111110110111',,,0.176056338028169
'010010001000001000111100011000010111110000011100011010100100000111001000',,,0.23943661971830985
'101111110100110111000011100001101000001111100011100101110011111000110111',,,0.22535211267605634
'111011110100110001000001011111111111111111000111100101100111001001110110',,,0.2112676056338028
'010000000111001000000100111000000000010000000010010000000010000101001000',,,0.14084507042253522
'000000001011001000111100000000010111100000011100011010101100000110001001',,,0.16901408450704225
'000000001111001000111100000000010111100000000100011010000100000110001001',,,0.1267605633802817
'000101001011001001111110000110010111100001111100001011001100110110101001',,,0.2887323943661972
'101001111100110111111001000111101000001111011001101111111001001011110110',,,0.20422535211267606
'111101110111110111011011011001101000011111100011101101111011111011110110',,,0.14084507042253522
'111101111011110001111011000001101000001111100001101111100001111011110110',,,0.14788732394366197
'000010000100001110000100000000000000000000000010010000000010000100001001',,,0.07042253521126761
'111110101100000001111111011001111111110100100100001111100101111111110100',,,0.19718309859154928
'110110101000001001111011100001111111100100100100001111000100111011101000',,,0.24647887323943662
'010000001100001110111100011000010111110000000100011010000100000111001000',,,0.19718309859154928
'000010001100001000111100000110000000000000011000011010100000000110001001',,,0.15492957746478872
'010010001111001000111100100000000000000000000000011010100000000110001001',,,0.14788732394366197
'000000001100001110111100100110010111100000000100011010010100000110001001',,,0.1619718309859155
'111101110100110001000011100001101000001111100011100101000011111000110111',,,0.2323943661971831
'001010000100000000000100111000000000010000000010010000000011000101010100',,,0.2112676056338028
'010011001011111000111100100110010111100011000100011010100100000110001011',,,0.23943661971830985
'000010001111001000111100011110010111110000000100011010100100000110001001',,,0.20422535211267606
'011011000100000000000100111000010111110000000110010000100111000101010100',,,0.2535211267605634
'011101111111000001111010100000000000000111100001111011000001111010110101',,,0.2676056338028169
'101111110000110001000011111111111111111111111111100101110111111001110110',,,0.14084507042253522
'000010000000101110000100100000010111100000011110010000001110000100001001',,,0.1267605633802817
'010010001011101110111100100110010111100000011100011010011100000110001011',,,0.16901408450704225
'011011011111110110111001011110001000011011000001101111111001000111110110',,,0.21830985915492956
'001100000100000001000110011110000000010000100010010000100011111100010101',,,0.24647887323943662
'110001111011111110111001011001111111111111000101101111101100000011101010',,,0.24647887323943662
'010000000000001110000100111000000000010000000010010000100010000100001001',,,0.13380281690140844
'000100000000001111000110100000000000000000100010010000000010111000001001',,,0.19718309859154928
'010000000000001000000100100000000000000000011010010000100010000100001001',,,0.1056338028169014
'101101011100110111111011100111101000001111111011100101111001111110110111',,,0.2112676056338028
'000000001111001000111100111110010111110000000100011010100100000110001001',,,0.20422535211267606
'000010001000001110111100000110000000000000000000011010010000000010001001',,,0.1619718309859155
'110110100000001111000111100001101000000100100010010000000010111000001001',,,0.2605633802816901
'111111111100110111111011111111101000011111111001101111011001111111110110',,,0.11971830985915492
'101111111000110111111011011001101000011111100001101111010001111011110110',,,0.14084507042253522
'000000000100001110000100111000000000010000000010010000100010000101001000',,,0.16901408450704225
'111101110100110111101011111001101000011111100001101111110001111011110110',,,0.11971830985915492
'000011010011001110000100000000000000000011000010010000101010000100001001',,,0.15492957746478872
'111011111011110001111001011001111111111111000101101111100101001011110110',,,0.19014084507042253
'010001000000111110000100100110000000001011011010010000111010000100001011',,,0.21830985915492956
'100001111000111110011001011001111111111111011111101101001100000011101010',,,0.2323943661971831
'101001111011110000111001111111111111111111000101101111110101001011110110',,,0.19014084507042253
'101111111100110001111011100001101000001111111001101111100001111011110110',,,0.14084507042253522
'111011110011110111000001111001101000011111000011110101111011001001110110',,,0.2323943661971831
'101101111111110111111011000001111111101111111101101111011101111010110111',,,0.18309859154929578
'011100000100000001000110100000000000000000100010010000000011111100010101',,,0.2112676056338028
'101101110100000001000011111001101000010111111011110101100011111001110100',,,0.20422535211267606
'101101110111110001000011100111101000001111111011100101111011111100010111',,,0.21830985915492956
'101101110100110111000011111111101000011111111011100101111011111001110110',,,0.14084507042253522
'001011010100110110000100000110000000001011011011110000111011000100010111',,,0.23943661971830985
'110101110011111111000011000111111111101111111111100101011110111001101010',,,0.19718309859154928
'111111111011110111111011011111111111111111111101101111011101111011110110',,,0.08450704225352113
'010000000100001110000100011000010111110000011110010000001110000100001001',,,0.13380281690140844
'101111110100110001000011111001111111111111100101101101000111111001110110',,,0.18309859154929578
'101100111011110001111011111111111111111111100101101111110101111011110110',,,0.1267605633802817
'110000101000001000111000111001010111110100011100001011000100000011101000',,,0.2535211267605634
'111101111111110001111011100111111111101111100101101111110101111010110111',,,0.16901408450704225
'010010000000001110000100000110010111100000011110010000111110000100001001',,,0.14788732394366197
'000010000000001110000100011000010111110000000110010000100110000101001000',,,0.18309859154929578
'101011110111110111000001111001101000011111000011100101111011001001110110',,,0.21830985915492956
'010000001011001110111100111000010111110000000100011010001100000110001001',,,0.19014084507042253
'101110101100000001111111111001101000010100111000001111000001111011110100',,,0.19718309859154928
'101101111100110001111011011001111111111111111101101111000101111011110110',,,0.1619718309859155
'101101111011110001111011000111111111101111111101101111111101111010110111',,,0.14788732394366197
'000100101011001001111110000110000000000100100000011010000000111010001001',,,0.2323943661971831
'001110100111000001000110000110000000000100100010010000010011111000010101',,,0.2676056338028169
'111101110100110111001011011111111111111111111111101101011111111011110110',,,0.13380281690140844
'111101110111110111000011000001111111101111111111100101011111111000110111',,,0.2112676056338028
'000000001011001110111100100000010111100000011100011010001100000110001001',,,0.14788732394366197
'101101111100110111111011000001101000001111100001101111110001111110110111',,,0.2112676056338028
'000010001000001000111100011110010111110000000100011010000100000011001000',,,0.2112676056338028
'110100100000001111000111011001111111110100100110000101000110111001101000',,,0.24647887323943662
'011001000111000000000100011000000000010001000010010000100011000101010100',,,0.2323943661971831
'010000001011001110111100011000010111110000000100011010101100000110001001',,,0.2112676056338028
'000011001011101110111100000000000000000000000000011010101000000110001011',,,0.20422535211267606
'111111110111110001111011100111111111101111111101101111111101111010110111',,,0.14084507042253522
'000110000111001000000110100000010111100000100110010000000110110100001001',,,0.16901408450704225
'000010001000001000111100111110010111110000000100011010100100000110001001',,,0.19014084507042253
'101101110000110111000011000001111111101111100111100101110111111001110110',,,0.18309859154929578
'000000001000001110111100011110000000010000011000011010011000000111001000',,,0.21830985915492956
'010010101000001000111100100000000000000000011000011010000000000010001001',,,0.14788732394366197
'000011001011101110111100000110010111100000000100011010111100000110001011',,,0.2112676056338028
'000010001011001000111100011000010111110000000100011010100100000110001001',,,0.18309859154929578
'001110000100000001000110111000000000010000100010010000000011111100010101',,,0.2323943661971831
'111101110100110111101011011111111111111111111111101111111101111001110110',,,0.09859154929577464
'101111110111110111000011100111101000001111100011100101011011111000110111',,,0.2323943661971831
'101101111100110111111011000111101000001111100001101111110001111011110110',,,0.15492957746478872
'010010001111001110111100100110010111100000011100011010111100000110001001',,,0.176056338028169
'011010000111000000000100011000000000010000000010010000100011000101010100',,,0.21830985915492956
'000011011011111110111100100110010111101011000100011010011100000110001011',,,0.2323943661971831
'101101110000110111000011011111111111111111100111100101110111111001110110',,,0.15492957746478872
'111111010111110111000011111110101000011011111011100101011011111101110110',,,0.1619718309859155
'101101110111110001000011000111111111101111111111100101011111111001110110',,,0.18309859154929578
'000100000011001110000110111110000000010000111010010000011010110100001001',,,0.19718309859154928
'101110111011110111111011011111111111111100111101101111111101111011110110',,,0.08450704225352113
'101111111111110111111011100001111111101111100101101111011101111110110111',,,0.19718309859154928
'111110101100000001111011100001111111100100100100001111100101111011110100',,,0.19014084507042253
'101110110111000001000011111001101000011110100011100101100011111001110100',,,0.22535211267605634
'101101111011110001111011011001111111111111100101101111100101111011110110',,,0.1267605633802817
'111111110011110111000011011111101000011111111011100101111011111001110110',,,0.11971830985915492
'010110001000001110111110000000010111100000100100011010000100110010001001',,,0.2112676056338028
'101101110011110001000011011001111111111111111111100101101111111001100110',,,0.1619718309859155
'010000000000001110000100000000000000000000000010010000100010000100001001',,,0.09859154929577464
'000010001011001110101100000110010111100000000100011010111100000100001001',,,0.19014084507042253
'000010000011001000000100011110010111110000000110010000100110000101001000',,,0.19718309859154928
'000110001011001000111110100110010111100000100100011010100100110110001001',,,0.2323943661971831
'101110111000110111111011011111101000011111100001101111010001111011110110',,,0.1619718309859155
'100101110011111001000011000001111111101111111111100101001110110100101011',,,0.2746478873239437
'111101111111110111111011100111101000001111100001101111111001111110110111',,,0.16901408450704225
'101111111100010001111011011111111111111111100101101111110101111011110100',,,0.1267605633802817
'100001110011111110000001011001111111111111011111100101101110000001101010',,,0.2323943661971831
'001100001100010111111111011110111111111000100100001111110101111111110110',,,0.22535211267605634
'010000001111001110111100011000010111110000000100011010001100000111001000',,,0.21830985915492956
'000000001011001000111100100000000000000000000000011010100000000110001001',,,0.13380281690140844
'011000001100000000111100011000000000010000011000011010000001000111010100',,,0.22535211267605634
'010100000100001110000110011000010111110000100110010000100110110100001001',,,0.22535211267605634
'000010001000001110111100111110000000010000011000011010111000000110001001',,,0.21830985915492956
'110101111000011111111011111001111111111111111101101111001100111011101000',,,0.21830985915492956
'000001001011111000111100000110010111100001000100011010100100000110001011',,,0.20422535211267606
'101101111111110111111011100001111111101111100101101111111101111010110111',,,0.1619718309859155
'000110000100001000000110000000010111100000111110010000000110110100001001',,,0.1619718309859155
'111101110100010001000011111001101000011111111011100101100011111001110100',,,0.1619718309859155
'010001001000001110111100100110000000000000011000011010011000000110001001',,,0.19014084507042253
'111111110100110111000011000001111111101111111111100101111111111000110111',,,0.19014084507042253
'001001010111110110000100100000000000001011011011110000111011000100010111',,,0.22535211267605634
'010100101000001110111110100000000000000000100000011010000000110010001001',,,0.2112676056338028
'111111111111110111111011111111101000011111111001101111011001111011110110',,,0.09154929577464789
'000000001100001000111100100110000000000000011000011010000000000110001001',,,0.1267605633802817
'001100001100000001111110100000000000000000111000011010000001111110010101',,,0.23943661971830985
'100101111011111111111011000111111111101111100101101111011100111011101010',,,0.18309859154929578
'000000000100001000000100011110000000010000011010010000100010000100001001',,,0.13380281690140844
'101100110100000111000011011001101000011100100011100101010011111001110100',,,0.24647887323943662
'111011110011110001000001111001101000011111011011100101101011001001110110',,,0.2112676056338028
'010000001100001000111100100000000000000000011000011010000000000110001000',,,0.14788732394366197
'010000000000001000000100011110000000010000011010010000100010000101001000',,,0.18309859154929578
'110100101000001111111010000001000000000100100000011010000000111010001001',,,0.24647887323943662
'110100100000001001101111111111111111110100111110001101000100111001101000',,,0.28169014084507044
'011110001100000001111110000110000000000000100000011010010001111110010101',,,0.23943661971830985
'111101111111110111111011000111111111101111100101101111011101111011110110',,,0.1267605633802817
'101011110100110001000001011111101000011111011011100101100011001001110110',,,0.2323943661971831
'101111010111110111000011011111101000011111111011100101011011111101110110',,,0.176056338028169
'000000000111001000000100000000000000000000011010010000101010000100001001',,,0.1267605633802817
'000110001000001110111110100000010111100000100100011010100100110110001001',,,0.21830985915492956
'010000000000001110000100011110000000010000011010010000011010000101001000',,,0.19014084507042253
'110101111011111111111011111111111111111111100101101111011100111011101010',,,0.176056338028169
'111001111100110111111001100001111111101111011101101111111101001011110110',,,0.176056338028169
'111101010111110111000011000110101000001011100011100101111011111100110111',,,0.2323943661971831
'111111110100110111000011100111111111101111100111100101110111111000110111',,,0.20422535211267606
'110010101000111110111001111111111111111100000100001111110100000011101010',,,0.3028169014084507
'111100001100110111111011111001101000011100100001101111110001111111110110',,,0.15492957746478872
'000010001111001000111100100000000000000000011000011010001000000110001001',,,0.15492957746478872
'101101110111110001000011100111111111101111100111100101010111111000110111',,,0.2535211267605634
'010000011000111110111100000110010111101010011101111010111100000110001011',,,0.21830985915492956
'111111111100110001111011100111111111101111100101101111010101111011110110',,,0.14788732394366197
'000000101011001000111100000000010111100000000100011010000100000010001001',,,0.14084507042253522
'100111111011111111111011100111101000001111100001101111011000111010101011',,,0.24647887323943662
'010000000000001110000100000110000000000000000010010000010010000100001001',,,0.11267605633802817
'111101111111110001111011100001101000001111111001101111101001111011110110',,,0.14084507042253522
'101111111011110001111011000001101000001111100001101111000001111011110110',,,0.16901408450704225
'000010001111001000111100111000000000010000011000011010001000000110001001',,,0.18309859154929578
'000000001011001000111100011000010111110000000100011010000100000110001001',,,0.14788732394366197
'000000101000001000111000111111010111110100000100001011000100000011101000',,,0.2535211267605634
'010000001000001000011100000000010111100000011100011010000100000110001001',,,0.14788732394366197
'000000000111001110000100100000010111100000011110010000001110000100001001',,,0.11267605633802817
'010110001111001000111110100110010111100000100100011010000100110110001001',,,0.2112676056338028
'101011011100110110111000111111101000011011011001101111011001000111110110',,,0.2605633802816901
'111001110100110001000001011001111111111111011111100101100111001001110110',,,0.20422535211267606
'101100111100000001111011011001111111110100100101101111100101111011110100',,,0.19718309859154928
'000010000011001110000100000110010111100000000110010000111110000100001001',,,0.13380281690140844
'011101011111110111111010100110000000001011111001111011111001111110010111',,,0.2323943661971831
'101111110100110111000011111001101000011111111011100101011011111101110110',,,0.19014084507042253
'010110100000001111000111000000010111100100100110010000100110111000001001',,,0.2535211267605634
'100111110000111111000011000001111111101111111111100101001110111000101011',,,0.24647887323943662
'101101110000110001000011100001101000001111100011100101000011111001110110',,,0.19718309859154928
'111111010111110001000011000111101000001111111011100101111011111100110111',,,0.21830985915492956
'000110101000001001111110000111000000000100100000011010000000111010001001',,,0.2112676056338028
'010000001111001000111100111000010111110000000100011010000100000110001001',,,0.1619718309859155
'011001010111110110000100000110000000001011011011110000111011000100010111',,,0.20422535211267606
'111100100000110111000011011111101000011100100010000101010011111001110110',,,0.22535211267605634
'111111110100110111000011100001111111101111111111100101111111111000110111',,,0.18309859154929578
'001100001100000001111110100110000000000000111000011010010001111110010101',,,0.2535211267605634
'101111110011110111000011000111101000001111111011100101011011111001110110',,,0.176056338028169
'010001000000111110000100000000010111100011011110010000101110000100001011',,,0.19014084507042253
'101111111011110001111011100111101000001111100001101111110001111011110110',,,0.13380281690140844
'111011011100110110111001111001101000011111011001111111111001000111110110',,,0.2535211267605634
'110011111000111110111001011111111111111111011101101111011100000011101010',,,0.22535211267605634
'001010000100000110111100000000000000000000000000011010110001000110010101',,,0.21830985915492956
'010000001000001000111100100110010111100000011100011010000100000111001000',,,0.2112676056338028
'101101111011110111111011100001101000001111100001101111011001111011110110',,,0.1619718309859155
'111100000100000001000111111000101000010000100010010100100011111101110100',,,0.22535211267605634
'000000000100001000000100100110000000000000011010010000100010000100001001',,,0.11267605633802817
'101101111111110001111011111001111111111111111101101111101101111111110110',,,0.13380281690140844
'000000000000001110000100011110010111110000011110010000011110000100001001',,,0.1267605633802817
'000001001011111110111100000110010111100001011100001011011100000110001011',,,0.2605633802816901
'010000000011001000101100011110010111110000000100011010000100000101001000',,,0.21830985915492956
'111101111100110111111011000111111111101111100100101111010101111011110110',,,0.176056338028169
'000010001000001000111100111110000000010000011000011010000000000111001000',,,0.19718309859154928
'010100000011001110000110000000010111100000100110010000011110110000001001',,,0.2112676056338028
'001010001100000000111100011110000000010000011000011010100001000110010101',,,0.2323943661971831
'000001000000001000000100111110000000010000000010010000000010000101001000',,,0.15492957746478872
'101101110111110001000011111001111111111111111111100101101111111101110110',,,0.176056338028169
'101100110100010111101011000001111111101111100101101111110101111001110110',,,0.19718309859154928
'101111111000110111111011100111111111101111100101101111010101111011110110',,,0.15492957746478872
'101100110100000111000011011001101000010111100011100101010011111001110100',,,0.2535211267605634
'101100110100000001000011011111101000010110100010100101110011111001110100',,,0.23943661971830985
'111111111000110001111011011111111111111111111101101111010101111011110110',,,0.13380281690140844
'001010000100000110000100011110000000010000000010010000010011000101010100',,,0.2605633802816901
'101110111000000001111011100001111111100111111101101111100101111011110100',,,0.2112676056338028
'000010001011001110010100000000010111100000000110010000001110000110001001',,,0.11971830985915492
'001001010100110110000100100110000000001011011011110000111011000000010111',,,0.23943661971830985
'101001110111110111000001111001101000011111011011100101011011001001110110',,,0.22535211267605634
'111101111011110111111011011001111111111111111101101111011101111011110110',,,0.1056338028169014
'010000001000001000011100000000010111100000000100011000100110000110001001',,,0.15492957746478872
'010000001100001110111100000110000000000000000000011010110000000110001001',,,0.176056338028169
'111111111111110111010011111001101000011111100011100101111011111001110110',,,0.13380281690140844
'101101110111110111000011111111111111111111100101100101111111111011110110',,,0.14788732394366197
'110011111000111110011001100001111111101111011101101101101100000011101010',,,0.2887323943661972
'000000001111001000111100000000000000000000000000011010100000000110001001',,,0.13380281690140844
'110100101000111111111011111111111111111100100100001111010100111011101010',,,0.2323943661971831
'111001110000110111000001011001111111111111011111100101111111001001110110',,,0.19014084507042253
'100100101000111111111011000111111111101100100100001111110100111010101011',,,0.2676056338028169
'010010000000001110000100100110000000000000011010010000111010000100001001',,,0.1619718309859155
'101101110111110111000011100111101000001111111011100101011011111001110110',,,0.18309859154929578
'010100001011001000111110100000000000000000111000011010101000110110001001',,,0.2535211267605634
'011110001100000001111110100110000000000000100000011010010001111110010101',,,0.2323943661971831
'010000001100001110111100011000010111110000011100001010001100000111001000',,,0.23943661971830985
'001000000111000000000100100110000000000000000010010000110011000100010101',,,0.19014084507042253
'011110001100000001111110100110010111100000100100011010110101111110010101',,,0.23943661971830985
'110101110000111111111011000111111111101111111101101111111100111110101011',,,0.2535211267605634
'101111110111110001000011000001111111101111111111100101001111111001110110',,,0.21830985915492956
'000000101011001000111100100110010111100000000100011010100100000010001001',,,0.19014084507042253
'010000000011001000000100100110010111100000000110010000000110000100001001',,,0.11267605633802817
'101101111111110001111011111001111111111111111101101111001101111011110110',,,0.14788732394366197
'000010000000001110000100011110000000010000000010010000110010000101001000',,,0.20422535211267606
'000110000000001001000110100000010111100000111110010000000110111000001001',,,0.2112676056338028
'000000000100101110000100100000010111100000000110010000100110000100001001',,,0.13380281690140844
'000000101000001000111100000000010111100100011100011010000100000010001001',,,0.14788732394366197
'101111110111110001000011111001101000011111111011100101001011111101110110',,,0.20422535211267606
'001011000100000110000100011000000000010001000010010000110011000101010100',,,0.28169014084507044
'000000000011001110000100011000010111110000000110010000001110000101001000',,,0.16901408450704225
'110000100000111110000001111111111111111100000110000101110110000001101010',,,0.29577464788732394
'111111110000110111000011100111111111101111111111100101111111111001110110',,,0.13380281690140844
'111110110100010111000011011111101000011111100011100101110011111001110100',,,0.18309859154929578
'111111011111010111111011100001101000001011100001111111111001111110010111',,,0.21830985915492956
'110010100000101110000100111001010111110100000110010000000110000001001000',,,0.21830985915492956
'001010100100110110000101111110011111110000000110010100110111000001010110',,,0.3380281690140845
'110011111011110110111001011111101000011111000001101111111001001011100110',,,0.20422535211267606
'010000000000001000000100111110010111110000011110010000000110000100001001',,,0.14084507042253522
'111101111111110111111011100001111111101111100101101111011101111011110110',,,0.13380281690140844
'101101111100110111111011111111101000011111111001101111111001111011100110',,,0.1267605633802817
'111101000100000001000111000111101000000100111010010100110011111100010101',,,0.2676056338028169
'111100110100110001000011011001101000011110111011100101000011111001110110',,,0.20422535211267606
'101000110111110000000001111111111111111110000111100101110111000101110110',,,0.28169014084507044
'101011110111110111000001111001111111111111000111100101111111001101110110',,,0.2112676056338028
'000000001000001110111100011110010111110000011100011010011100000111001000',,,0.2112676056338028
'000010001111001000111100111110010111110000000100011010010100000111011000',,,0.23943661971830985
'000100000000001000000110100110000000000000100010010000100010110100001001',,,0.176056338028169
'111111110000110001000011000001101000001111111011100101000011111001110110',,,0.2112676056338028
'101101111011110111111011000001111111101111111101101111011101111011110110',,,0.13380281690140844
'000000000111001000000100100110010111100000000110010000000110000100001001',,,0.1056338028169014
'000000000100001000000100011000010111110000011110010000000110000101001000',,,0.15492957746478872
'101001111100110001111001011111101000011111011001101111100001001011110110',,,0.19718309859154928
'000100001111001000111110000110010111100000111100011010001100110110001001',,,0.21830985915492956
'100110111011111001111011111111111111111111111101101111001100111011101010',,,0.20422535211267606
'111101111100110001111011100001111111101111100101101111100101111010110111',,,0.16901408450704225
'001011010100110110000100100110000000001011011011110000111011000100010111',,,0.2323943661971831
'000010000000101110000100100110010111100000000110010000010110000100001001',,,0.13380281690140844
'101111111100110001010011111111111111111111111111100101010111111001110110',,,0.176056338028169
'000110000000001000000110100000010111100000100110010000100110110100001001',,,0.176056338028169
'111101010111110111000011000001111111101111111111100101111111111100110111',,,0.20422535211267606
'111001111011110110111001011111101000011111011001101111111001000011100110',,,0.20422535211267606
'111111110100110111000011100111111111101111111111100101011111111000110111',,,0.19718309859154928
'101001111111110111111001111111101000011111011001101111011001001111110110',,,0.19718309859154928
'111101110100110111101011000001101000001111111001101111111001111010110111',,,0.19014084507042253
'000010001000101000111100000110010111100000011100011010100100000110001011',,,0.18309859154929578
'111111111100110111111011000111111111101111111101101111011101111010110111',,,0.1619718309859155
'111101011100110001111011011111101000011111100001101111110001111111110110',,,0.13380281690140844
'000010001000001110111100011110000000010000000000011010110000000110001001',,,0.20422535211267606
'010110000000001001000110100110010111100000111110010000000110110100001001',,,0.20422535211267606
'101001011111110001111001011111101000011011000001101111000001000111110110',,,0.2605633802816901
'010010101000001000111100100000010111100100011100011010000100000010001001',,,0.176056338028169
'111011111111110110111001011001101000011111011001101111111001000111110110',,,0.21830985915492956
'101001111011110001111001011111101000011111011001101111101001001111100110',,,0.19718309859154928
'000010101000001110010100111110000000010000000010010000010010000001001000',,,0.21830985915492956
'111101111000110001111011000111101000001111111001101111010001111011110110',,,0.176056338028169
'000100000100001000000110011000000000010000111010010000000010110100001001',,,0.176056338028169
'101001111111110111111001100001101000001111000001101111111001001011110110',,,0.2112676056338028
'000010001100001000111100111000000000010000011000011010100000000110001001',,,0.176056338028169
'010110001000001110111110100000010111100000111100011110001100110110001011',,,0.2605633802816901
'010010000000101110000100111000011111110000000110010000000110000101001000',,,0.2112676056338028
'000000000111001110000100111110000000010000000010010000011010000101001000',,,0.19014084507042253
'000010000111001000000100011110010111110000011110010000011110000101001000',,,0.18309859154929578
'111001111011110001111001000111101000001111011001101111111001001011110110',,,0.19718309859154928
'111001110100110001010001100001111111101111011111100101100111001011110110',,,0.23943661971830985
'010010000011001110000100000000000000000000000010010000001010000100001001',,,0.11267605633802817
'110101100100111111000011111111101000011100111010000101011010111101001010',,,0.29577464788732394
'010011000100001110000100000110010111100001011110010000011110000100001001',,,0.13380281690140844
'100100100000111111000011100111111111101100100110000101110110111100101011',,,0.3028169014084507
'000000000000001000000100011110000000010000000010010000000010000101001000',,,0.1267605633802817
'000100001000001000111110000000010111100000111100011010000100110110001001',,,0.19014084507042253
'101111110100010001000011011001101000011111100011100101000011111001110100',,,0.19014084507042253
'000001100011001110000100011001000000010111011010010000001010000001001000',,,0.21830985915492956
'111110110111000111000011111111101000010100111011110100011011111001110100',,,0.24647887323943662
'010100000100001000000110100110010111100000111110010000000110110100001001',,,0.19014084507042253
'101110101100110111111011011001101000011100100001101111110001111011110110',,,0.14788732394366197
'101110111100110111111011011001101000011100100001101111010001111011110110',,,0.176056338028169
'101100110100000001000011011001101000010100100011110101000011111001110100',,,0.23943661971830985
'000000000000001110000100111000010111110000011110010000001110000100001001',,,0.13380281690140844
'000000001011001110111100000000010111100000011100011010001100000110001001',,,0.14084507042253522
'000000000000001000000100000000010111100000011110010000000110000100001001',,,0.07746478873239436
'010110100000001001000110100110010111100000111110010000000110111000001001',,,0.24647887323943662
'010010000111001110000100111110010111110000011110010000011110000100001001',,,0.13380281690140844
'101111111100110001111011100111111111101111111101101111110101111010110111',,,0.176056338028169
'000000101011001000111100011110010111110000011100011010001100000010001001',,,0.19014084507042253
'010010000000001110000100000110000000000000000010010000110010000100001001',,,0.14788732394366197
'111101111111110111010011011111101000011111100011100101011011111001110110',,,0.1619718309859155
'111001110100110110000001011001101000011111000011100101110011001001110110',,,0.22535211267605634
'111101110011110001000011000111111111101111100111100101010111111001110110',,,0.2112676056338028
'010010000111001000000100100000010111100000000110010000100110000100001001',,,0.1267605633802817
'001100001111000001111110100000000000000000100000011010000001111110010101',,,0.23943661971830985
'110100111011111111111011011001111111111110100101101111011100111011101010',,,0.20422535211267606
'000011011011101000111100000110000000000011011001011010001000000110001011',,,0.19718309859154928
'010010000011101110000100000000010111100000000110010000001110000100001011',,,0.13380281690140844
'101111110000110001000011100001111111101111111111100101000111111001110110',,,0.2112676056338028
'000010000011001110000100111110010111110000000110010000111110000100001001',,,0.16901408450704225
'000100001000001000111110100000010111100000100100011010000100110110001001',,,0.18309859154929578
'110110010011011111000011000001111111101100100111100101011110110100101001',,,0.31690140845070425
'101100110100110111000011011111101000011110111011100101111011111001110110',,,0.16901408450704225
'111101111011110001111011100001101000001111111001101111001001111011110110',,,0.176056338028169
'101100110100110001000011111001111111111110100111100101100111111001110110',,,0.176056338028169
'111011111000110001111001100111101000001111011001101111100001001011110110',,,0.21830985915492956
'010011010000001110000100000000000000000011011010010000001010000100001001',,,0.14084507042253522
'000010001100001000111100100000010111100000011100011010000100000110001001',,,0.14084507042253522
'010001000111001110000100000110010111100000011110010000111110000100001001',,,0.14084507042253522
'010100000000001110000110100000010111100000111110010000111110110100001001',,,0.2323943661971831
'111111111111110111111011100001111111101111100101101111011101111010110111',,,0.16901408450704225
'000100001011001000111110100000000000000000100000011010000000110110001001',,,0.176056338028169
'111100111100000001111011011001111111110100100101101111100101111011110100',,,0.18309859154929578
'010010100000101000000100111001010111110100011110010000000110000001001010',,,0.21830985915492956
'010011011111001000111100000000010111100011011100011010001100000110000001',,,0.2112676056338028
'101111110000110111000011000111111111101111100111100101010111111001110110',,,0.20422535211267606
'001000001111000000111100111000010111110000000100011010100101001111010100',,,0.2746478873239437
'010110000100001000000110100110000000000000111010010000100010110100001001',,,0.19014084507042253
'111110001100000001111111011111101000011100100000001111110001111111110100',,,0.19718309859154928
'001101011111110111111011100110101000001011111001101111111001111110110111',,,0.18309859154929578
'000010000011001110000100011110010111110000000110010000111110000100001001',,,0.1619718309859155
'000010101000001110111000100001010111100100000100011010000100000011001000',,,0.2323943661971831
'000000100011001110000100011000010111110100000110010000101110000001001000',,,0.22535211267605634
'111101011111110001111011000001101000001011111001101111101001111110110111',,,0.21830985915492956
'111001111000110001111001100001101000001111011001101111100001001011110110',,,0.19718309859154928
'100111111011111111000011100001101000001111111011100101011010111000101011',,,0.2605633802816901
'101101111111110111111011011001111111111111100101101111111101111111110110',,,0.11267605633802817
'101001111011110111111001100111101000001111011001101111011001001011110110',,,0.20422535211267606
'111011111111110001111001111001111111111111011101101111101101001011110110',,,0.16901408450704225
'111111110100110001000011100111101000001111100011100101110011111001110110',,,0.16901408450704225
'111011111011110111111001111111111111111111000101101111111101001011110110',,,0.14788732394366197
'011000001111000000111100011110000000010000000000011010010001000111010100',,,0.2535211267605634
'111101111111110001111011000111111111101111111101101111011101111010110111',,,0.16901408450704225
'000100001100001110111110000000000000000000111000011010001000110110001001',,,0.2112676056338028
'111101111000110001111011111111111111111111111101101111110101111011110110',,,0.1056338028169014
'010011010011001000000100100110010111100011011111110000101110000100001001',,,0.19014084507042253
'101001110111010111000001111001101000011111000011100101111011001001110110',,,0.22535211267605634
'001000001100001000111100000000010111100000011100011010100100000110011001',,,0.18309859154929578
'011011011111010110111000000110000000001011011001111010111001000110010111',,,0.22535211267605634
'011010000100000000000100111110000000010000000010010000000011000101010100',,,0.2112676056338028
'101101111000110001111011100001111111101111111101101111100101111011110110',,,0.14788732394366197
'011100001100000001111110000000000000000000100000011010100001111010010101',,,0.21830985915492956
'010100000111001110000110100110010111100000111110010000011110110100001001',,,0.16901408450704225
'101111110011110111000011100111101000001111100011100101111011111000110111',,,0.19718309859154928
'100000001011111110111001011111111111111000011100101111011100000111101010',,,0.24647887323943662
'111101110011110001000011011111101000011111100011100101010011111001110110',,,0.19014084507042253
'010010000100001000000100000110000000000000011010010000100010000100001001',,,0.11267605633802817
'101011111011110111111001011111101000011111000001101111111001001111110110',,,0.19014084507042253
'110110101000001111111010000001110111100100100100001011000100111010101001',,,0.2605633802816901
'000000000000001110111100100000010111100000000100011010000100000110001001',,,0.1267605633802817
'010100000011001110000110000000010111100000100110010000101110110100001001',,,0.22535211267605634
'010110100000001001000110100000000000000000100010010000000010111000001001',,,0.19718309859154928
'010100000000001000000110000110000000000000111010010000000010110000001001',,,0.18309859154929578
'000110001100001000000110100110000000000000100010010000000010110100001001',,,0.1619718309859155
'010010001100001000111100100110010111100000000100011010100100000110011001',,,0.18309859154929578
'011100000100000000000110011110000000010000111010010000110011111100010101',,,0.2605633802816901
'000010001000001110100100011000000000010000000010010000000000000101001000',,,0.16901408450704225
'111111110100110111000011100111101000001111100011100101110011111000110111',,,0.2112676056338028
'101110101100110001111011111111101000011100100000001111010001111011110110',,,0.176056338028169
'111010111100110111111001100111111111101111000101101111110101001011110110',,,0.22535211267605634
'010000000111001110000100100110010111100000011110010000011110000100001001',,,0.09859154929577464
'111011111111110111111001111001111111111111000101101111111101001011110110',,,0.15492957746478872
'101001111100110001000001111001111111111111011111100101100111001001110110',,,0.2112676056338028
'000010101000001000111100011110010111110100011100001010100100000011001000',,,0.2887323943661972
'101011110011110001000001011001111111111111011111100101101111001001110110',,,0.2112676056338028
'000000000011001000000100011000010111110000000110010000100110000101001000',,,0.176056338028169
'111101111011110001111011100111101000001111111001101111111001111010110111',,,0.1619718309859155
'101111111000110111111011011111111111111111111101101111111101111011110110',,,0.07042253521126761
'001011011011111110111100100110010111101011000101111010111101000110011011',,,0.21830985915492956
'000010000000101110000100000000010111100000000110010000010110000100001011',,,0.1267605633802817
'101110111100110111111011011111111111111100111101101111111101111111110110',,,0.11971830985915492
'111011111111110111111001111111111111111111000101101111011101001011110110',,,0.16901408450704225
'000000001000001110011100011000000000010000000010010000100010000111001000',,,0.19718309859154928
'111011110011110001000001111001111111111111011111100101101111001001110110',,,0.20422535211267606
'000010000000001110000100011000000000010000011010010000001010000101001000',,,0.16901408450704225
'011011000100000000000100011110000000010011000010010000100011001101010100',,,0.2535211267605634
'111001011111110110111001111110111111111011000101101111111101000111110110',,,0.18309859154929578
'000001001011001000111100100110010111100000011100011010001100000110001001',,,0.16901408450704225
'011001011111110110111000111000010111111011011101101011111101000111110110',,,0.2323943661971831
'111111111011110001111011100111101000001111100001101111010001111011110110',,,0.1619718309859155
'101111110011110111000011100001111111101111111111100101111111111000110111',,,0.176056338028169
'010000001011001000000100000000010111100000000110010010000110000100001001',,,0.11971830985915492
'110001010011111000000001111111111111111011011111000101101110000101101010',,,0.2887323943661972
'101110110111110111000011100111111111101100100111100101111111111000110111',,,0.2112676056338028
'010000000100001000000100011110010111110000000110010000000110000100001001',,,0.11267605633802817
'001100001111000001111110000110010111100000100100011010110101111110010101',,,0.2676056338028169
'010000000100001110000100011000000000010000000010010000100010000100001001',,,0.11971830985915492
'010000001000001000111100111000000000010000011000011010000000000110001001',,,0.14788732394366197
'111110111100110111111011011001101000011111100001101111010001111011110110',,,0.15492957746478872
'000000000000001110000100011000010111110000011111010000001110000101001000',,,0.18309859154929578
'101101011111110001111011111000101000011011111001101111101001111111110110',,,0.15492957746478872
'111001110111110001000001111111111111111111000111100101110111001001110110',,,0.19718309859154928
'000000000111001000000100111110000000010000011010010000001010000100001001',,,0.13380281690140844
'000100001000001000111110100000000000000000111000011010000000110010001001',,,0.19014084507042253
'000000000011001000000100011110000000010000011010010000001010000101001000',,,0.1619718309859155
'111101110100110001000011000111111111101111100111100101010111111000110111',,,0.24647887323943662
'011011011111110110111000100110000000001011011001111010111001000110010111',,,0.21830985915492956
'010000100011001000000100100001010111100100000110010000100110000000001001',,,0.15492957746478872
'010000000011001110000100011000000000010000000010010000001010000100001001',,,0.13380281690140844
'000000000000001110011100011000000000010000000000011010000000000110001001',,,0.14084507042253522
'000010000011111110000100000000000000000000011010010000001010000100001011',,,0.13380281690140844
'011001011111110110111000000000000000001011011001111010111001000110010111',,,0.2323943661971831
'111111011100110001111011111111111111111011100101101111110101111111110110',,,0.11971830985915492
'111111110011110001000011100111101000001111111011100101111011111001110110',,,0.15492957746478872
'101011111111110000111001000001101000001111000001101111100001000011110110',,,0.23943661971830985
'101101111100110001111011011001111111111111111101101111100101111011110110',,,0.13380281690140844
'000001000011001110000100000000010111100011000110010000001110000100001001',,,0.1267605633802817
'000010000111001110000100011000000000010000011010010000001010000100001001',,,0.13380281690140844
'010110100000001001000110100110010111100000100110010000000110110000001001',,,0.2112676056338028
'111100111111110001111011011111101000011111100001101111010001111011110110',,,0.1619718309859155
'000110000111001000000100011000000000010000111010010000101010000100001001',,,0.16901408450704225
'100001111011111110111001100111101000001111000001101111011000000011101010',,,0.2605633802816901
'101110110111010001000011100001111111101110100111100101000111111001110100',,,0.2535211267605634
'000010000011001110000100111110010111110000011110010000011110000100001001',,,0.1267605633802817
'111111110011110001000011011111111111111111111111100101111111111001110110',,,0.11267605633802817
'101111011100110111111011111111101000011011111001101111011001111111110110',,,0.14788732394366197
'101101111011010001111011011001101000011111100001101111100001111011110100',,,0.13380281690140844
'111111110100110111111011111111111111111111100101101111110101111011110110',,,0.1056338028169014
'101001110111110111000001011001111111111111011111100101111111001101110110',,,0.19718309859154928
'111111110100110111000011000111111111101111100111100101110111111000110111',,,0.2112676056338028
'000000000111001110101100100110010111100000011110011010011100000110001001',,,0.15492957746478872
'111011110000110111000001111001111111111111000111100101110111001001110110',,,0.2112676056338028
'010000000000001000011100011000010111110000011110010000100100000111001000',,,0.23943661971830985
'100011110011111110000001111111111111111111000111100101111110000001101010',,,0.2323943661971831
'000010001011001110111100111000000000010000000000011010001000000111001000',,,0.21830985915492956
'010000001000001000111100100110010111100000000100011010000100000110001001',,,0.14084507042253522
'100011111011111110111001111001111111111111000101101111101100000011101010',,,0.24647887323943662
'111111111100110111011011111111111111111111111101101101111111111011110110',,,0.07746478873239436
'111101110111110001000011000111101000001111100011100101110011111001110110',,,0.18309859154929578
'101110111100110001111011011001111111111111111101101111100101111011110110',,,0.14788732394366197
'011100000100000001000110011110010111110000100110010000110111111100010101',,,0.2676056338028169
'111001110100110111000001011111111111111111000111100101010111001001110110',,,0.2323943661971831
'111010111111110001111001111111111111111111000101101111110101001011110110',,,0.19718309859154928
'000010000100001000000100000000000000000000011010010000100010000000001001',,,0.11267605633802817
'001011001100000000111100100000000000000000011000011010100001000110010101',,,0.20422535211267606
'000100001100001000111110100110000000000000100000011010000000110110001001',,,0.18309859154929578
'000000001000001110111100111000000000010000000000011010100000000110001001',,,0.1619718309859155
'101101110111110001101011011001101000011111111001101111101001111011110110',,,0.14788732394366197
'000010000011001000000100011000010111110000000110010000000110000101001000',,,0.15492957746478872
'110010010000111110101001011111111111111000011111101111011100000111101010',,,0.29577464788732394
'110111110011111111000011100111111111101111111111100101111110111100101011',,,0.23943661971830985
'000100001011001000111110000110000000000000111000011010101000110110001001',,,0.2323943661971831
'001100000100000111000110100110000000000000100010010000110011111100010101',,,0.23943661971830985
'101111110100000111000011111001101000011111100011100101010011111001110100',,,0.20422535211267606
'010000000011001000000100111110010111110000000110010000100110000101001000',,,0.2112676056338028
'000000000011001110000100111110111111110000000110010000011110000101001000',,,0.2112676056338028
'011110001100000001111110100000000000000000100000011010100001111110010101',,,0.19014084507042253
'111101010100110001000011000111101000001011100011100101110011111100110111',,,0.2535211267605634
'101111111111000001111011000001111111101111100101101111100101111011110100',,,0.20422535211267606
'011010001100000000110100111110010111110000011100010010100101000111010100',,,0.28169014084507044
'110110101000111111111011100111111111101100100100001111010100111011101010',,,0.2535211267605634
'111011111100110110111001111001101000011111011001101111011001001011110110',,,0.21830985915492956
'100101110011111111000011000001111111101111111111100101011110111000101011',,,0.22535211267605634
'110101110000111111000011000111111111101111111111100101011110111001101010',,,0.2112676056338028
'101011110100110111000001011111101000011111011011100101111011001001110110',,,0.2112676056338028
'110101101011001001111011111111111111110101100100001111000100111011101000',,,0.24647887323943662
'010000001111001110111100000110000000000000011000011010111000000110001001',,,0.16901408450704225
'000100001100001000111110100110010111100000111100011010100100110110001001',,,0.24647887323943662
'111011110111110001000001011111111111111111011111100101111111001101110110',,,0.19014084507042253
'010000101000001110111000011111000000010100000000011010010000000011001000',,,0.2676056338028169
'111101110111110111000011000001111111101111100111100101111111111001110110',,,0.15492957746478872
'110011111011111000111001000111101000001111011001101111001000000011101010',,,0.2746478873239437
'000000001111001000111100111000010111110000011100011010101100000110001001',,,0.2112676056338028
'000010001011001110111100011000010111110000011100011010101100000110001001',,,0.20422535211267606
'000110001000001110111110000000010111100000111100011010011100110110001001',,,0.20422535211267606
'000100000111001000000110100110000000000000111010010000001010110100001001',,,0.19014084507042253
'101101111111110001010011011001111111111111111111100111101111111001110110',,,0.18309859154929578
'010010001000001000011100111110000000010000000000011010000010000110001001',,,0.1619718309859155
'110010111000101110111001011001111111110100011101101111001100000011101010',,,0.3028169014084507
'000010001011001000111100100110000000000000000000011010100000000110001001',,,0.15492957746478872
'011000000100000000000100011000000000010000000010010000100011000100010101',,,0.16901408450704225
'000001010011111110000100000110000000001011000011010000011010000100001011',,,0.18309859154929578
'010010101000001000111000000111010111100100011100011010000100000010101001',,,0.2323943661971831
'000000000000001000000100000000000000000000011010010000000010000100001001',,,0.056338028169014086
'000110110011111111000011100111111111101111111111100101111110111000001011',,,0.23943661971830985
'011001001111000000111100011000000000010000000000011010100001000111010100',,,0.24647887323943662
'011000001111000000111100011110000000010000000000011010110001000110010101',,,0.22535211267605634
'001100100111000001000110100111000000000100100010010000110011111000010101',,,0.2535211267605634
'000000000011001110000100000000000000000000011010010000001010000100001001',,,0.09154929577464789
'010000000011001110000100111000000000010000000010010000001010000101001000',,,0.18309859154929578
'111111110100110111111011000111111111101111111101101111111101111011110110',,,0.1056338028169014
'111111111100000001111011011001111111110111111101101111100101111011110100',,,0.1619718309859155
'010011011011111110111000000110010111101011000101101011111100000110001011',,,0.2676056338028169
'000010001100001000111100011110010111110000000100011010000100000111001000',,,0.20422535211267606
'101111011100110111111011111001100000011111111001101111111001111111110110',,,0.14788732394366197
'000000000111001000000100011110010111110000011110010000001110000101001000',,,0.176056338028169
'110011100000001110000100011001010111110100000110000000000110000001101000',,,0.2323943661971831
'101101110100110111000011000001101000001111100011100101010011111001110110',,,0.22535211267605634
'010010001000001000011100011110010111110000000100011000000110000111001000',,,0.21830985915492956
'000110000111001000000110100000000000000000100010010000100010110100001001',,,0.176056338028169
'111101111111110001011011000111101000001111111001101111111011111010110111',,,0.18309859154929578
'111101111000010111111011111111111111111111100101101111110101111011110100',,,0.11971830985915492
'010000001100001110111100100000010111100000011100011010101100000110001001',,,0.18309859154929578
'110101110000111111000011000111111111101111111111100101111110111000101011',,,0.23943661971830985
'111000111000110111111001011001101000011111000001101111110001001111110110',,,0.22535211267605634
'011011011111110110111001111110011111111011011101101111111101000111110110',,,0.19014084507042253
'000110000000001000000110011000000000010000111010010000000010110100001001',,,0.1619718309859155
'000000001100001000111100011000010111110000011100011010000100000111001000',,,0.19718309859154928
'010000000011001000000100011000010111110000011110010000101110000001001000',,,0.22535211267605634
'111101111100110001111011100001101000001111111001101111000001111010110111',,,0.20422535211267606
'110111111011111111111011011111111111111111100100101111011100111011101010',,,0.176056338028169
'000001001011101110111100100000010111100000011100011010101100000110001011',,,0.2112676056338028
'101101110011110111111011111001101000011111100001101111011001111011110110',,,0.14788732394366197
'010010000011001110000100100000000000000000011010010000101010000100001001',,,0.14788732394366197
'101100111111110111111011011111111111111100111101101111111101111011110110',,,0.09859154929577464
'010100101000001001111010100111010111100100111100001011000100111010101001',,,0.3028169014084507
'010100000000001110000110000000000000000000111010010000001010110100001001',,,0.19014084507042253
'111111111000110001111011100111101000001111111001101111010001111011110110',,,0.1619718309859155
'000000001100001000111100011110000000010000011000011010100000000110001001',,,0.176056338028169
'001100001100000001111110100110000000000000100000011010010001111110010101',,,0.2535211267605634
'100100100000001001101011011001111111110100100100000111000100111001101000',,,0.23943661971830985
'101111110111110001000011111001101000011111100011100101000011111001110110',,,0.18309859154929578
'010001010011001000000100000110010111100011011111110000001110000100001001',,,0.14788732394366197
'010100000000001000000110011110010111110000100110010000000110110100001001',,,0.20422535211267606
'011011001100000110111100100000000000000000000000011010110001000110010101',,,0.21830985915492956
'111101011111110001111011100111111111101011111101101111011101111110110111',,,0.19014084507042253
'111011110111110111000001111001101000011111011011100101111011001001110110',,,0.19014084507042253
'000010000111001000000100011000000000010000011010010000001010000100001001',,,0.13380281690140844
'000010000111001110000100100110010111100000011110010000111110000100001001',,,0.13380281690140844
'101110100100000001000011011001101000010100100010100101000011111001110100',,,0.23943661971830985
'111011110000110001000001011111101000011111011011100101000011001001110110',,,0.2535211267605634
'111011110111110111000001111001101000011111011011100101011011001001110110',,,0.21830985915492956
'111011111011110001111001011111111111111111000101101111110101001011110110',,,0.19014084507042253
'110000101000001000111000100111010111100100000100011010000100000010001001',,,0.16901408450704225
'010010001111001110111100011110010111110000000100011010011100000110001001',,,0.18309859154929578
'001010001100100110111100011000000000010000000000011010110001000111010110',,,0.2887323943661972
'011111010111000001000110000000010111100011111111110000111111111100010101',,,0.24647887323943662
'111101111000110111111011011001101000011111100001101111110001111011110110',,,0.11971830985915492
'101100101111010001111011011001111111111100100101101111100101111011110100',,,0.176056338028169
'101101110100110001000011000111111111101111111111100101110111111000110111',,,0.2323943661971831
'110001010000111110000001111110111111111011011111100101011110000001101010',,,0.23943661971830985
'001100000100000001000110100110000000000000111010010000010011111000010101',,,0.2676056338028169
'010000001011001000111100011000010111110000000100011010100100000111001000',,,0.2323943661971831
'101101111111110111111011000001101000001111111001101111111001111011110110',,,0.13380281690140844
'101101110100110001011011111111111111111111111101101101010101111011110110',,,0.16901408450704225
'001011011100110110111001111000101000011011011001101111111001000111110110',,,0.23943661971830985
'111101110100010001111011011001111111111111111101101111100101111011110100',,,0.14788732394366197
'111110100111110001000011111111101000011100100011100101010011111001110110',,,0.19718309859154928
'100001111011111000111001000001111111101111011101101111001100000011101010',,,0.2323943661971831
'000010101000001000111100111000000000010100000000011010100000000011001000',,,0.22535211267605634
'000110000000001110000110000000010111100000111110010000111110110100001001',,,0.20422535211267606
'110111100000111111000011100001111111101111100110000101000110111000101011',,,0.2676056338028169
'010010101000001110111100111110000000010000000000011010010000000011001000',,,0.2605633802816901
'010000001111001000111100011000010111110000011100011010001100000110001001',,,0.176056338028169
'101011111111110111111001011001101000011111011001101111111001001011110110',,,0.18309859154929578
'100011110011111000000001011111111111111111011111100101101110000001101010',,,0.23943661971830985
'010000001111001000111100000000010111100000000100011010000100000110001001',,,0.1267605633802817
'010110001000001000111110100000010111100000111100011010000100110110001001',,,0.20422535211267606
'010000000000001110000100011110000000010000000010010000010010000001001000',,,0.19718309859154928
'000010001011001000111100100000000000000000011000011010101000000110001001',,,0.176056338028169
'110100100011001001000110100001000000000100100010010000000010111000001001',,,0.22535211267605634
'011011011111000000111100100000000000000011000000011010100001000110010101',,,0.19718309859154928
'010000000000001000000100111110000000010000011010010000000010000101001000',,,0.1619718309859155
'010101000000001110000110100000010111100000111110010000011110110100001001',,,0.22535211267605634
'110101111011111111111011000001111111101111100101101111011100111010101011',,,0.23943661971830985
'011000101100000000111100011000000000010010011001011010100001001011010100',,,0.2887323943661972
'101011011111110110111001011110101000011011011001101111111001000111110110',,,0.21830985915492956
'000000000011001110000100111000000000010000011010010000001010000100001001',,,0.1267605633802817
'000110000100001000000110100110010111100000111110010000000110110100001001',,,0.18309859154929578
'111011111100110111111001000001111111101111000101101111110101001011110110',,,0.2112676056338028
'111111110011110001000011111111101000011111100011100101010011111001110110',,,0.176056338028169
'001100000100000001000110011000000000010000111010010000100011111100010101',,,0.24647887323943662
'000000101000001110111100111110000000010000000000011010010000000011001000',,,0.23943661971830985
'111011111011110111111001011111101000011111000001101111111001001011110110',,,0.176056338028169
'111111010111110001000011011001101000011111111011100101101011111101110110',,,0.176056338028169
'000000001000101110111100000000010111100000000100011010110100000110011011',,,0.20422535211267606
'101101110111110001000011000111111111101111100111100101010111111001110110',,,0.21830985915492956
'111011111100110001111001111111101000011111011001101111000001001011110110',,,0.2112676056338028
'100011111000111110111001100001101000001111011001101111001000000011101010',,,0.2676056338028169
'010001001011001000111100000110000000000001011000011010001000000110001001',,,0.16901408450704225
'111111111100110111111011100111101000001111100001101111010001111011110110',,,0.15492957746478872
'001011011000110110111000000110000000001011011001111010111001000110010111',,,0.24647887323943662
'111101110111110111000011000111111111101111100111100101011111111000110111',,,0.2112676056338028
'001111010111000001000110111000000000010011111011110000101011111100010101',,,0.2887323943661972
'111100100100010001000011111111101000011100100010000101010011111001110110',,,0.22535211267605634
'010000000100001110000100111110010111110000000110010000010110000101001000',,,0.19014084507042253
'000100001000001110111110100000010111100000100100011010000100110110001001',,,0.19718309859154928
'111111110100000001000011011111101000011111111010100101110011111001110100',,,0.19718309859154928
'010000001011001000010100100000010111100000000110011000100110000100001001',,,0.1619718309859155
'101101111100110001111011000001111111101111100101101111100101111010110111',,,0.19014084507042253
'101111111000110111111011000001111111101111100101101111010101111011110110',,,0.1619718309859155
'111100111111110111111011011111111111111111100101101111111101111011110110',,,0.09154929577464789
'101101111111110001111011011001101000011111100001101111100001111011110110',,,0.1267605633802817
'010010001100001000111100100000000000000000000000011010000000000110001001',,,0.1056338028169014
'000100000000001110000110100000000000000000111010010000101010110100001001',,,0.2112676056338028
'010000000111001000101100000000010111100000011100011010101100000110001001',,,0.176056338028169
'001100100100000001101110100000000000000100111000011010000001111010010101',,,0.2535211267605634
'101100111111000001111011111001101000011100100001101111000001111011110100',,,0.2112676056338028
'010100000000001110000110100110010111100000100110010000110110110000001001',,,0.23943661971830985
'010000000100001000000100011110000000010000000010010000000010000101001000',,,0.13380281690140844
'010011110011101110000100100000010111100111011111110000001110000000001001',,,0.20422535211267606
'011100000100000001000110011000010111110000100110010000100111111100010101',,,0.2535211267605634
'010010000011001110000100111110000000010000000010010000011010000100001001',,,0.1619718309859155
'111111110100010001000011111111101000011111100011100101010011111001110110',,,0.18309859154929578
'101101111111110001111011011001101000011111111001101111001001111011110110',,,0.1619718309859155
'010010000011001000000100011110010111110000011110010000001110000101001000',,,0.19014084507042253
'010110000011001000000110111000010111110000100110010000100110110100001001',,,0.2323943661971831
'011000001100000000111100000110000000000000000000011010100001000110010101',,,0.16901408450704225
'001100000100001001000110011110010111110000100110010000010110110100010001',,,0.2676056338028169
'101101111011110111111011100111111111101111111101101111111101111011110110',,,0.08450704225352113
'010010000100001110000100111110010111110000000110010000110110000100001001',,,0.18309859154929578
'101011110111110111000001011001101000011111000011100101011011001001110110',,,0.2535211267605634
'011010000111110000000100000110000000001000000010010000100011000000010111',,,0.22535211267605634
'101111110100110001000011100111111111101011111111100101110111111000110111',,,0.23943661971830985
'000000000000001000000100011000000000010000011010010000100010000101001000',,,0.15492957746478872
'101111111000110001111011100001101000001111111001101111000001111011110110',,,0.1619718309859155
'000010000011001000011100000110010111100000011110011000001110000110001001',,,0.15492957746478872
'100101110011111111100011011111111111111111111111100111011110111001101010',,,0.16901408450704225
'101101111011110001111011100001111111101111100101101111000101111010110111',,,0.21830985915492956
'000010001000001110111100111000000000010000011000011010101000000110001001',,,0.20422535211267606
'010000000111001110000100100000000000000000011010010000001010000100001001',,,0.1056338028169014
'000000001100001000111100100000010111100000011100011010100100000110001001',,,0.1619718309859155
'111101110111110001100011111111111111111111100111100111010101111001110110',,,0.176056338028169
'010000000111001000000100111000000000010000011010010000001010000100001001',,,0.13380281690140844
'111100110100110001000011011111101000011100100010100101010011111001110110',,,0.22535211267605634
'101111110011110111000011000111111111101111100111100101111111111000110111',,,0.18309859154929578
'010001011011111110111100100110010111101011011100001010111100000110001011',,,0.2323943661971831
'010000001011001000101100011000000000010000000010011000100000000111001000',,,0.23943661971830985
'010011001111101000111100100110010111100001011100001010101100000110001001',,,0.24647887323943662
'111111111011110111111011011001101000011111111001101111011001111011100110',,,0.13380281690140844
'000100000000001110000110000110010111100000111110010000111110110100001001',,,0.19718309859154928
'011000101100000000111000111111000000010100000001111010100001001011010100',,,0.2746478873239437
'000010001011001000111100111000000000010000000000011010100000000111001000',,,0.2112676056338028
'111001110111110111000001000001111111101111000111100101111111001001110110',,,0.2112676056338028
'111100110100110111000011111111111111111100100111100101110111111001110110',,,0.16901408450704225
'000000001000001110110100111110010111110000000100011010010100000101001000',,,0.22535211267605634
'110100001000110111111111111000111111111000111100101111101101111111100110',,,0.22535211267605634
'101111111011110111111011111111111111111111100101101111111101111011110110',,,0.06338028169014084
'101111110100010001000011100001101000001111111011100101100011111000110111',,,0.23943661971830985
'101101111011110111111011011001101000011111100001101111011001111011110110',,,0.14084507042253522
'110100000011001111000110100111000000000100111010010000111010111100001001',,,0.2535211267605634
'110101111011111111111011100111111111101111100101101111011100111010101011',,,0.2323943661971831
'000000000111001000000100100110010111100000000110010000100110000100001001',,,0.13380281690140844
'111111111111110001111011100001111111101111100101101111000101111011110110',,,0.1619718309859155
'010110000011001110000110100110010111100000111110010000011110110100001001',,,0.16901408450704225
'111111111100110111111010000111111111101111111101101111111101111110110111',,,0.16901408450704225
'111111111011110001111011111111101000011111111001101111001001111011110110',,,0.14084507042253522
'101011111000110111111001011001101000011111000001101111110001001011110110',,,0.19718309859154928
'010011000011001000000100100110010111100001011110010000001110000100001001',,,0.14788732394366197
'010000000000001110000100111000010111110000000110010000100110000100001001',,,0.15492957746478872
'101111111011110111111011111001111111111111111101101111011101111011110110',,,0.09154929577464789
'000010001011001000111101111110010111110000000100011010000100000111101000',,,0.2323943661971831
'000000001011001000111100111110010111110000011100011010101100000111001000',,,0.24647887323943662
'010010001000001000111100100000010111100000000100011010100100000110001001',,,0.1619718309859155
'111101111000110001111011111001101000011111111001101111100001111011110110',,,0.11267605633802817
'111111110111110001000011100111101000001111111011100101111011111001110110',,,0.14788732394366197
'101110111100110001111011111001101000011111100001101111000001111011110110',,,0.14788732394366197
'010001011000001110111000000000000000000011011000111010001000000110001001',,,0.2112676056338028
'010000000111001000000100100110010111100000000110010000000110000100001001',,,0.1056338028169014
'101111110100110111101011011001101000011111100011100111010001111001110110',,,0.18309859154929578
'011101011111110001111011100000101000001011111001101111101001111110110111',,,0.2112676056338028
'111001111100110000010001011111101000011111000011101101100011001111110110',,,0.2323943661971831
'010100000011001000000110000000010111100000111110010000101110110100001001',,,0.22535211267605634
'111111111111110111111011100111101000001111111001101111111001111011110110',,,0.09154929577464789
'000000000011001110000100100110010111100000000110010000011110000100001001',,,0.1056338028169014
'100111110011111111000011000001111111101111111111100101011110111000101011',,,0.21830985915492956
'000001001000101110111100000110010111100000011100011010111100000110001001',,,0.20422535211267606
'010000100011001110000100011110010111110000011110010000011110000001001000',,,0.19014084507042253
'101111011000110111111011100111111111101111111101101111111101111110110111',,,0.15492957746478872
'000110001111001000111110000000010111100000111100011010001100110110001001',,,0.2112676056338028
'000100001100001110111110000110010111100000100100011010110100110110001001',,,0.23943661971830985
'010000001011001000111100011110000000010000000000011010100000000111001000',,,0.22535211267605634
'000011000011001110000100011000000000010011000010010000001010000101001000',,,0.19718309859154928
'101101111100110001111011000001101000001111100001101111100001111011110110',,,0.14084507042253522
'010000001000001110111100000110000000000000000000011010110000000110001001',,,0.18309859154929578
'011001011100110110111000000110000000001011011001111010111001000110010111',,,0.2323943661971831
'000000001111001110111100000110010111100000000100011010111100000110001001',,,0.176056338028169
'001000001111000000111100100110000000000000000000011010110001000110010101',,,0.20422535211267606
'101111111111110111111011111001111111111111111101101111111101111111110110',,,0.08450704225352113
'101101110011110001000011100001101000001111100011100101100011111000110111',,,0.22535211267605634
'000001010011111110101100100110000000001011000001110010011000000110001011',,,0.2323943661971831
'111111110100010111000011011111101000011111100011100101110011111001110100',,,0.1619718309859155
'111011111111110111111001011111101000011111000001101111111001001011110110',,,0.16901408450704225
'101110101000000001111111111001101000010100100000001111000001111011110100',,,0.176056338028169
'101110111100110001111011011111111111111110100101101111010101111011110110',,,0.1619718309859155
'111110111100110001111011111111101000011100111001101111110001111011110110',,,0.1267605633802817
'101111011100110001111011000111101000001011100001101111010001111110110111',,,0.24647887323943662
'100001110011111110000001100111111111101111011111100101011110000001101010',,,0.2112676056338028
'011010000111000000101100100000000000000000000000011010100001000110010101',,,0.16901408450704225
'011110011111110001111011111110101000011010100000101111010001111111110110',,,0.19014084507042253
'101001110100110111000001011001111111111111011111100101111111001001110110',,,0.19718309859154928
'001011011111110000111001111110111111111011011101101111111101000111110110',,,0.21830985915492956
'101101110111000001000011011001101000011111100011100101000011111001110100',,,0.2323943661971831
'111111111011110001111011111111101000011111111001101111011001111011110110',,,0.11267605633802817
'101011110111110001000001100001111111101111011111100101101111001001110110',,,0.23943661971830985
'010100000111001000000110111110010111110000111110010000101110110100001001',,,0.2535211267605634
'000001100000111000000000100000010111100011000111010000100110000000001011',,,0.19718309859154928
'000010001111001000111100111000010111110000000100011010000100000110001001',,,0.16901408450704225
'111001111111110000111001111111101000011111011001101111111001001011110110',,,0.16901408450704225
'000000000011001000000100111110000000010000000010010000000010000000001001',,,0.11971830985915492
'101100110111110001000011011111111111111111111111100101011111111001110110',,,0.176056338028169
'011001011100110000111001011110101000011011011001101111100001000111110110',,,0.2323943661971831
'010010001011111000111100000110010111101000000100001010100100000110001011',,,0.2112676056338028
'010010001011001000111100111110000000010000011000011010101000000110001001',,,0.21830985915492956
'010100000000001000000110100110010111100000111110010000100110110100001001',,,0.22535211267605634
'010000001000001000111100111110000000010000011000011010100000000110001001',,,0.19014084507042253
'111101011111110001111011011111111111111011100101101111110101111111110110',,,0.13380281690140844
'101110111011000001111011011111101000011100111001101111011001111011110100',,,0.16901408450704225
'000000000100001000000100000110010111100000011110010000000110000100001001',,,0.09859154929577464
'101111111000110001111011000111101000001111100001101111110001111011110110',,,0.14084507042253522
'000100000100001000000110100110010111100000100110010000100110110100001001',,,0.20422535211267606
'000000001011001000111100011000000000010000000000011010000000000110001001',,,0.1267605633802817
'101001111011110001111001111001101000011111000001101111100001001011110110',,,0.16901408450704225
'101101110000110001000011111111101000011111100011100101110011111001110110',,,0.15492957746478872
'101010001100110110111001011000111111111000000100001111110101000111110110',,,0.29577464788732394
'111101111011110001111011000111101000001111111001101111011001111011110110',,,0.15492957746478872
'010110001100001110111110100110010111100000111100011010111100110110001001',,,0.2323943661971831
'000010000100001110000100111110000000010000011010010000111010000101001000',,,0.22535211267605634
'010010000100001000000100011000000000010000000010010000100010000100001001',,,0.11267605633802817
'000001000111001000000100000110000000000000011010010000001010000100001001',,,0.11971830985915492
'001110000111110001000110000000010111101000100110010000100111111100110111',,,0.31690140845070425
'000100101000001001111110000000010111100000111100001011000100111010101001',,,0.2746478873239437
'010010001000001110111100111000010111110000000100011010100100000110001001',,,0.20422535211267606
'000000001000001000111100111110010111110000011100011010100100000111001000',,,0.23943661971830985
'001001101111000000111100011110000000010101000000011010110001001011010100',,,0.30985915492957744
'111111110111110001000011100001111111101111100111100101100111111000110111',,,0.21830985915492956
'000110000000001000101110100110010111100000100100011010000100110100001001',,,0.19014084507042253
'000100000011001000000110000000000000000000100010010000100010110100001001',,,0.16901408450704225
'111101111100110111111011100111111111101111100101101111110101111111110110',,,0.14084507042253522
'000010001000001000111100100110000000000000011000011010100000000110001001',,,0.15492957746478872
'010011000000001000000100100110010111100001011110010000100110000100001001',,,0.16901408450704225
'001001000100000000000100111110000000010000011010010000000011000101010100',,,0.2535211267605634
'010010000111001110000100000000010111100000011110010000101110000100001001',,,0.14084507042253522
'000100001011001110111110100110000000000000100000011010011000110110001001',,,0.2112676056338028
'010010000000001000000100011000000000010000011010010000000010000100001001',,,0.1056338028169014
'101111011111110111111011011001101000011011111001101111111001111111110110',,,0.1267605633802817
'110000100000101110000001111111100000010100000010000001010010000001101000',,,0.29577464788732394
'000000001111001110111100100000010111100000011100011010101100000110001001',,,0.18309859154929578
'001010000111000000000100011110000000010000000010010000010011000101010100',,,0.2605633802816901
'111111111000110001111011000111101000001111111001101111110001111011110110',,,0.14084507042253522
'111111111111110111111011011001111111111111111101101111011101111011110110',,,0.09154929577464789
'000110000100001110000110111110000000010000100010010000010010110100001001',,,0.20422535211267606
'101111110000110001000011011001111111111111100111100101100111111001110110',,,0.14788732394366197
'110000100000101110000100011001110111110100000110010000000110000001001010',,,0.20422535211267606
'111111110000110001000011111001101000011111100011100101100011111001110110',,,0.13380281690140844
'101111110100000111000011011001101000011111111011100101011011111001110100',,,0.20422535211267606
'010010001011001110111100100110010111100000000100011010011100000110001001',,,0.16901408450704225
'000001000011001110000100011000010111110000011110010000101110000101001000',,,0.21830985915492956
'011001010111110110111100000110000000001011000001111010111001000110010111',,,0.2323943661971831
'100011110000111110000001100111111111101111011111100101111110000001101010',,,0.24647887323943662
'010010000111001110000100011110000000010000011010010000111010000100001001',,,0.1619718309859155
'001100001100000111111110000000000000000000100000011010010001111110010101',,,0.2605633802816901
'000000000011001000000100000110010111100000000110010000100110000100001001',,,0.11971830985915492
'000100001100001000111110000000010111100000100100011010100100110110001001',,,0.2112676056338028
'110110101000001111111011000001011111100100100100001011100100111010101001',,,0.31690140845070425
'010001001011001000111100111000000000010001011000011010001000000111001000',,,0.24647887323943662
'010010001000001110011100011000010111110000000110011000000100000111001000',,,0.22535211267605634
'100001110011111110000001000001111111101111011111100101001110000001101010',,,0.2323943661971831
'100110100000001111000110100001100000000100100010010000000010111000001001',,,0.20422535211267606
'100010101000101110111001111111000000010100000000011010000000000011001000',,,0.2746478873239437
'010000001111001000111100111110010111110000011100011010101100000110001001',,,0.2112676056338028
'011110000100000001000110100110010011100000100110010000110111111100010101',,,0.24647887323943662
'101101111011010001111011011111111111111111100101101111110101111011110110',,,0.1267605633802817
'101101111011110001111011000111101000001111111001101111111001111011110110',,,0.1267605633802817
'101101110011110001000011100001111111101111111111100101001111111001110110',,,0.2112676056338028
'100001111011111000111001111001101000011111011001101111001000000011101010',,,0.24647887323943662
'110110100000001001000111111111111111110100100110000101000110111001101000',,,0.24647887323943662
'101101110000110111000011011111101000011111100011100101110011111001110110',,,0.1619718309859155
'000000001011001000111100011000000000010000000000011010000000000111001000',,,0.16901408450704225
'011011010100110110000100011110000000011011011011110000111011000100010111',,,0.2535211267605634
'101111110111110001000011111111101000011111100011100101010011111001110110',,,0.18309859154929578
'101111110111010001000011011001111111111111100111100101100111111001110110',,,0.18309859154929578
'111111110111110001000011011001111111111111111111100101101111111001110110',,,0.14788732394366197
'000010000011001110000100011110010111110000011110010000011110000100001001',,,0.11971830985915492
'001001011011111000111100000110010111101011011101111010111101000110011011',,,0.21830985915492956
'000010001100001000111100011110010111110000000100011010100100000110001001',,,0.19014084507042253
'000010001000001000111100111000000000010000011000011010100000000110001001',,,0.16901408450704225
'010010001100001000010100011000010111110000000110010000000110000101001000',,,0.1619718309859155
'000010000000001000000100011110000000010000011010010000000010000100001001',,,0.1056338028169014
'101111111011110111111011011111101000011111100001101111011001111011110110',,,0.11971830985915492
'111110111100110111111011011001101000011110111001101111111001111011110110',,,0.11971830985915492
'111101111011110111111011000001111111101111100101101111011101111011110110',,,0.14788732394366197
'111111110111110001000011111001101000011111100011100101000011111001110110',,,0.16901408450704225
'101101111100010001111011111001111111111111111101101111100101111011110110',,,0.14084507042253522
'010010000100001000000100000110000000000000000010010000000010000100001001',,,0.07042253521126761
'000110101011001001111110000000000000000000100000001010000000111010101001',,,0.24647887323943662
'111011110111110001000001011001101000011111000011100101100011001001110110',,,0.20422535211267606
'111100101000000001111011111001101000010100100000001111000001111011100100',,,0.16901408450704225
'001110001100000001111110000110010111100000100100011010110101111110010101',,,0.2605633802816901
'110011110011111110000001011111101000011111000011100101011010000001101010',,,0.2605633802816901
'100110100011101001000111111111111111110100100110000101000110111001101000',,,0.24647887323943662
'101011111111110001111001111111111111111111011101101111111101001011110110',,,0.15492957746478872
'011100100100000001000110100111000000000100100010010000110011111000010101',,,0.23943661971830985
'000011001011001000111100000110000000000000011000011010001000000110001001',,,0.1619718309859155
'111011111100110001111001111111101000011111000001101111100001001011110110',,,0.16901408450704225
'011000001111000000111100011110010111110000000100011010110101000111010100',,,0.2746478873239437
'001011011111000000111100111000000000010011011001111010101001000110010101',,,0.2676056338028169
'111101110100110111001011011111111111111111100101101111110101111001110110',,,0.13380281690140844
'111111110111110111000011011111101000011111100011100101011011111101110110',,,0.16901408450704225
'010010001100001000111100011110000000010000011000011010000000000110001001',,,0.15492957746478872
'100101100111000001000111111111101000010100111010010100001010111001101100',,,0.33098591549295775
'010010000011001000000100000000010111100000011110010000101110000100001001',,,0.14788732394366197
'000100001011001000111110011110000000010000111000011010001000110110001001',,,0.2323943661971831
'010000001000001000111100100110010111100000011100011010000100000110001001',,,0.15492957746478872
'101101111111110001111011000001101000001111111001101111101001111011110110',,,0.1619718309859155
'111101011100110111111011000001111111101011111101101111111101111110110111',,,0.18309859154929578
'010010001100001110111100111110000000010000000000011010110000000110001001',,,0.21830985915492956
'000001000000101110000100000000010111100011000110010000100110000000001001',,,0.1619718309859155
'100101010011111110000011100001101000001011111010110100011010110100001011',,,0.2887323943661972
'000000001000001000111100000110010111100000000100011010000100000110001001',,,0.11971830985915492
'011110001100000111111110000110010111100000100100011010110101111110010101',,,0.24647887323943662
'101111111000110001111011100111111111101111111101101111110101111010110111',,,0.16901408450704225
'111001111011110111111001011001101000011111011001101111011001001011110110',,,0.19718309859154928
'000010001111001110111100111110010111110000000100011010011100000110001001',,,0.19014084507042253
'100111110011111111000011000111101000001111111011100101011010111000101011',,,0.23943661971830985
'101101111011110111111011111111101000011111100001101111111001111011110110',,,0.09154929577464789
'010000000000001110000100011000010111110000000110010000000110000100001001',,,0.11971830985915492
'101111111100110001111011100001111111101111111101101111100101111010110111',,,0.19014084507042253
'000010000111001110000100011110010111110000011110010000011110000101001000',,,0.16901408450704225
'000010000100001000000100111000010111110000000110010000100110000100001001',,,0.14084507042253522
'010000000011001110000100100110010111100000000110010000011110000100001001',,,0.11971830985915492
'000000001000001000111100111000000000010000011000011010000000000111001000',,,0.176056338028169
'111110101111000001111011011111101000011100100001101111010001111011110100',,,0.18309859154929578
'101011111100110111111001000111101000001111000001101111110001001011110110',,,0.2323943661971831
'010100001111001000111110111110000000010000100000011010000000110110001001',,,0.22535211267605634
'000011000000001110000100100000010111100000011110010000101110000100001001',,,0.1619718309859155
'010011000011101110000100000110010111100000011110010000011110000100001011',,,0.14084507042253522
'111101111011110001111011111111111111111111111101101111111101111011110110',,,0.07042253521126761
'101111110011110001000011011001101000011111111011100101001011111001110110',,,0.19014084507042253
'010010001111001110111100100110010111100000000100011010111100000110001001',,,0.19014084507042253
'011001010111000000111100111000000000010011011001111010101001000110010101',,,0.24647887323943662
'101111111011110111111011011111101000011111111001101111011001111011111110',,,0.13380281690140844
'000001011011111000111100100110010111101011011101111010111100000110001011',,,0.21830985915492956
'101111110000110111111011111111101000011111100001101111010001111011110110',,,0.14788732394366197
'100100001000001001111111111000111111110000111100001111000100111111101000',,,0.2535211267605634
'111101111100110111111011100001101000001111100001101111010001111010110111',,,0.20422535211267606
'000100000111001110000110011110000000010000111010010000111010110100001001',,,0.22535211267605634
'101100000111000001000111111001111111110000100110000101000111111101110100',,,0.2676056338028169
'010000000000001000000100111110000000010000000010010000100010000101001000',,,0.176056338028169
'010000000000001000111100100110000000000000011000011010000000000110001001',,,0.13380281690140844
'111110100100010111000111111001111111111100100110000101110111111001110100',,,0.2112676056338028
'111111110000110111000011000111111111101111100111100101010111111001110110',,,0.20422535211267606
'111001110111110110000001011001101000011111011011110100111011001001010110',,,0.2605633802816901
'011011011100111110111000000110010111101011000101101011110101000110010111',,,0.2887323943661972
'111110001100000001111111011001111111110100111100001111100101111111110100',,,0.20422535211267606
'000011001011101000111100100000010111100011000100011010100100000110001011',,,0.20422535211267606
'111100110100110001000011111111101000011111100011100101110011111001110110',,,0.16901408450704225
'011010101111000000111100111000000000010000000000011010100001000011010100',,,0.24647887323943662
'101101111011110111111011111111101000011111100001101111011001111011110110',,,0.11971830985915492
'010000001100001000111100111000000000010000000000011010100000000110001001',,,0.15492957746478872
'111110111000010111111011011001101000011100111001101111001001111011110100',,,0.19014084507042253
'000001000000001110000100000110000000000000011010010000111010000100001001',,,0.15492957746478872
'101001111111110001111001011111111111111111011101101111111101001011110110',,,0.15492957746478872
'101111011011110111111011111111101000011111111001101111011001111111110110',,,0.11971830985915492
'000000001000001000111100100000000000000000011000011010100000000110001001',,,0.13380281690140844
'000100000111001000000110000000010111100000111110010000101110110100001001',,,0.21830985915492956
'101111111111110111111011000111111111101111100101101111011101111010110111',,,0.176056338028169
'010100000011001000101110100000000000000000100000010010000000110100001001',,,0.19718309859154928
'111011111011110111111001011001101000011111000001101111101001001011110110',,,0.19014084507042253
'111100110100110111000011111001111111111111100111100101110111111001110110',,,0.1619718309859155
'010100000111001110101110000110010111100000100110010010111100110100001001',,,0.23943661971830985
'011011010111111110000100100110010111101011011111110000111111000100011011',,,0.16901408450704225
'010000000000001000000100011110000000010000011010010000000010000101001000',,,0.15492957746478872
'111110110111000001000011111001101000010100100011110101100011111001110100',,,0.2112676056338028
'000010000011001000000100111110000000010000011010010000001010000101001000',,,0.176056338028169
'110000100000001000000100011111110111110100000110010000000110000001001000',,,0.19014084507042253
'101101110100110111000011111111111111111111100111100101110111111001110110',,,0.15492957746478872
'010000000011101000000100000110000000000000011010010000101010000100001001',,,0.14788732394366197
'010000001011001110111100100110000000000000011000011010111000000110001001',,,0.18309859154929578
'100110000000001111000111011001111111110100100110000101000110111101101000',,,0.2323943661971831
'101101110000110111100011011111101000011111100001100111010001111001110110',,,0.19718309859154928
'010011000100111110000100000000000000000011011010010000011010000100001011',,,0.2112676056338028
'111111111100110001000011100001101000001111100011100101100011111001110110',,,0.15492957746478872
'101111111100110001111011111111101000011111111001101111010001111011110110',,,0.14084507042253522
'111111011111110111111111000111111111101111100101101111111101111110110111',,,0.18309859154929578
'111111110011110111000011011111111111111111100111100101111111111001110110',,,0.11267605633802817
'010010000011001000000100011110010111110000011110010000001110000100001001',,,0.14788732394366197
'110011111011111000111001000111111111101111011101101111001100000011101010',,,0.2535211267605634
'000011000000001110000100000000000000000011011010010000101010000100001001',,,0.15492957746478872
'111011110111110111000001111001111111111111011111100101011111001001110110',,,0.19718309859154928
'010010000100001110000100000000000000000000000010010000100010000100001001',,,0.09859154929577464
'101110110111110001000011111111111111111100100111100101110111111001110110',,,0.176056338028169
'010110001100001000111110000000000000000000100000011010100000110110001001',,,0.18309859154929578
'000110000111001000000110100000000000000000100010010000000010110100001001',,,0.14788732394366197
'110010101000111110111001011111111111111100000100001111010100000111101010',,,0.29577464788732394
'000010101011001000111000111000010111110100000100001011000100000011101000',,,0.2605633802816901
'110101110011111001000011000001101000001111111011100101001010111000101011',,,0.2887323943661972
'111101110100110111000011100111101000001111111011100101011011111001110110',,,0.18309859154929578
'000010001011001000110100000110010111100000000100011010100100000110001001',,,0.16901408450704225
'000100000011001000000110100000000000000000100010010000100010110100001001',,,0.176056338028169
'001111011100110001111011000110011111101011100100111110110101111110010111',,,0.28169014084507044
'010100001000001000111110100000010111100000100100011010000100110110001001',,,0.19718309859154928
'010010001011001000111100011000000000010000000000011010100000000111001000',,,0.21830985915492956
'100011100000001110000100111001010111110101011110010000001110000001001000',,,0.2323943661971831
'010000001000101110111100000110000000000000011000011010011000000110001001',,,0.176056338028169
'100000001000111110111001011111111111111000000100001111010100000111101010',,,0.2746478873239437
'010000000111101110000100000000000000000000011010010000001010000100001001',,,0.11267605633802817
'101101110100110111000011000001111111101111100111100101110111111000110111',,,0.2323943661971831
'010010000000001000000100011110010111110000011110010000100110000100001001',,,0.16901408450704225
'010010000000001000000100011110000000010000000010010000100010000100001001',,,0.13380281690140844
'010000001100001110111100000000010111100000011100011010101100000110001001',,,0.176056338028169
'111011010111110110000001011001101000011011011011110100011011000001010110',,,0.3028169014084507
'101111110011110001000011011111111111111111111111100101011111111001110110',,,0.14084507042253522
'100011110011111110000001000001111111101111000111100101101110000101101010',,,0.2676056338028169
'111111111011110111111011100001101000001111111001101111111001111010110111',,,0.15492957746478872
'110101111000000001111011011111101000011111111001101111000001111011100100',,,0.18309859154929578
'111111110000110111000011111111111111111111111111100101111111111001110110',,,0.1056338028169014
'111101110111110111000011100001111111101111100111100101111111111000110111',,,0.19014084507042253
'011010000100000000000100000110000000000000011010010000100011000100010101',,,0.176056338028169
'111011011111110000111001011111101000011111011001101111111001000111110110',,,0.22535211267605634
'001100000111000001000110100000000000000000100010010000000011111100010101',,,0.23943661971830985
'000011011011111110111000100110000000001011011001111010011000000010001011',,,0.2323943661971831
'111011111100110001111001011001111111111111011101101111100101001011110110',,,0.18309859154929578
'000110001000001000111110000000010111100000111100011010000100110010001001',,,0.19718309859154928
'101101111111110111111011011111111111111111100101101111111101111111110110',,,0.09859154929577464
'101001111100110001111001000001111111101111000101101111100101001011110110',,,0.20422535211267606
'000000001011001000111100011000010111110000000100011010000100000011001000',,,0.20422535211267606
'010001110011101110000000000000010111100100011111110000001110000000001001',,,0.2112676056338028
'110011111011111110111001011001111111111111011101101111001100000011101010',,,0.23943661971830985
'010100001000001110111110100110000000000000100000011010010000110010001001',,,0.2323943661971831
'111001111111110111111001011001101000011111000001101111111001001011110110',,,0.176056338028169
'000010001111001110111100011110000000010000000000011010111000000110001001',,,0.21830985915492956
'110011111011111000111001111111111111111111011111101101001100000001101010',,,0.2746478873239437
'000110100000001001000110000001000000000100100010010000000010111000001001',,,0.16901408450704225
'010011010011111110000100000110010111101011011111010000011110000100001011',,,0.18309859154929578
'000000000011001000000100011110000000010000000010010000100010000100001001',,,0.1267605633802817
'000010001000001110111100011110010111110000011100011010011100000110001001',,,0.176056338028169
'111101111100110111011011100111111111101111100111101101110101111010110111',,,0.18309859154929578
'111111110011110111000011111111101000011111111011100101111011111001110110',,,0.11267605633802817
'000010001011001110111100100110010111100000011100011010111100000110001001',,,0.16901408450704225
'101000111100110001111001011001101000011111011001101111100001001011110110',,,0.20422535211267606
'111001111111110001111001011111101000011111000001101111100001001011110110',,,0.18309859154929578
'111111110000110111000011100111111111101111100111100101110111111001110110',,,0.16901408450704225
'000110000100001000000110111000000000010000100010010000100010110100001001',,,0.19014084507042253
'000000001011001000010100111110010111110000000110010010000110000100001001',,,0.15492957746478872
'110001110011111110000000100111010111101111000111110000111110000000001011',,,0.20422535211267606
'100111011000111111111011000001111111101111111101101111001100110110101011',,,0.2605633802816901
'111101111100110001111011100001111111101111100101101111000101111011110110',,,0.15492957746478872
'001010000100000000000100111110010111110000011110010000100111000101010100',,,0.2746478873239437
'101111110111110111001011000111111111101111100101101101011111111010110111',,,0.2112676056338028
'010010001000001110111100111110010111110000000100011010010100000011001000',,,0.2605633802816901
'101110111100110111111011011001101000011111100001101111110001111011110110',,,0.14084507042253522
'111110110000110111000011000111111111101111100111100101010111111001110110',,,0.22535211267605634
'010000000011001000000100011110010111110000011110010000001110000101001000',,,0.18309859154929578
'000010000100001000000100011000000000010000011010010000000010000101001000',,,0.14084507042253522
'010010000000001110000100111000000000010000000010010000000010000100001001',,,0.11267605633802817
'010010001111001110111100100000010111100000011100011010011100000110011001',,,0.14788732394366197
'001001010100110110000100111000000000011011011011110000111011000100010111',,,0.2676056338028169
'010000000000001000000100011000010111110000000110010000100110000101001000',,,0.176056338028169
'010100100000001111000110100000010111100100100110010000000110111000001001',,,0.2323943661971831
'111111110111010111000011011111101000011111111011100101011011111001110100',,,0.15492957746478872
'111100100100000001000011011001101000010100100010010100000011111001100100',,,0.24647887323943662
'111110110100110001000011000001111111101100111111100101100111111000110111',,,0.2535211267605634
'101110111100110001111011011111111111111110100101101111010101111111110110',,,0.176056338028169
'011011011111110001111000111110000000011011000001101011100001001111110110',,,0.24647887323943662
'001100000111000001000110100000010111100000100110010000100111111100010101',,,0.2605633802816901
'111111110000110111111011100111111111101111100101101111110101111011110110',,,0.14084507042253522
'010011011000111110111100000110000000001011011001111010011000000110001011',,,0.23943661971830985
'010110000011101110000110100110010111100000111110010000011110110100001001',,,0.18309859154929578
'000000001011001110111100000000010111100000000100011010001100000110001001',,,0.14084507042253522
'111111110011110111000011100111111111101111100111100101011111111001110110',,,0.1619718309859155
'010000000111001110000100100000010111100000000110010000001110000000001001',,,0.1267605633802817
'111001111000110111111001100111111111101111011101101111011101001011110110',,,0.19718309859154928
'000010000000001000000100111000010111110000011110010000100110000001001000',,,0.20422535211267606
'010000000011001000000100011000010111110000011110010000001110000101001000',,,0.18309859154929578
'000000000000001110000100111110010111110000000110010000010110000101001000',,,0.18309859154929578
'111101011111110111111011100111101000001111100001101111011001111110110111',,,0.20422535211267606
'000010000000001000000100111000010111110000000110010000000110000101001000',,,0.14788732394366197
'110011101000001110111001011001111111110100000100001111000100000011101000',,,0.2676056338028169
'000011000000111110000100100110010111101000011111010000011110000100001011',,,0.18309859154929578
'011110001100000111111110000000000000000000100000011010010001111110010101',,,0.23943661971830985
'111111111100110001111011000001111111101111100101101111000101111010110111',,,0.19718309859154928
'000011010011111110000100100110000000001011011011010000011010000100001011',,,0.18309859154929578
'101001110000110001000001111001111111111111011111100101100111001001110110',,,0.20422535211267606
'011010000100110110000100000000000000000000000010010000110011000100010111',,,0.22535211267605634
'010001000111001000000100000000010111100001011110010000101110000100001001',,,0.15492957746478872
'110111110000111111000011100111111111101111111111100101111110111000101011',,,0.23943661971830985
'010000001000101110111100000110010111100000011100011010111100000110001011',,,0.19718309859154928
'000000001000111110111100000110010111100000011100011010011100000110001011',,,0.19014084507042253
'111111111111110111111011100001101000001111100001101111111001111010110111',,,0.1619718309859155
'000000000000001000000100100000010111100000000110010000100110000100001001',,,0.09859154929577464
'011110001100000111111110111110000000010000100000011010010001111110010101',,,0.24647887323943662
'111101111111110111111011100111101000001111100001101111011001111010110111',,,0.18309859154929578
'010000001000001000000100011000000000010000011010010000000010000100001001',,,0.11267605633802817
'100111111011111111111011100111111111101111100101101111011100111010101011',,,0.2112676056338028
'000000001111001000111100111110010111110000011100011010101100000110001001',,,0.2112676056338028
'000110000011001110000110100000000000000000111010010000111010110100001001',,,0.20422535211267606
'000110001111001001111110000000000000000000111000011010001000110110001001',,,0.21830985915492956
'000010001011001000111100100110010111100000011100011010001100000110001001',,,0.15492957746478872
'010011000000101110000100111000010111110011011111010000101110000100001001',,,0.23943661971830985
'010010001000001000111100011110000000010000000000011010100000000110001001',,,0.176056338028169
'000010000111001110000100111000010111110000000110010000101110000101001000',,,0.21830985915492956
'010001000000001110000100000000010111100001011110010000101110000100001001',,,0.1619718309859155
'100101110011111111000011100111111111101111100111100101111110111000101011',,,0.2323943661971831
'101111110100110111100011011111111111111111111111100101111101111001110110',,,0.1267605633802817
'101101111000110111111011100111111111101111111101101111111101111010110111',,,0.14084507042253522
'000010001011001000111100011110010111110000000100011010000100000011001000',,,0.22535211267605634
'110010100011001000000100111111010111110100011110010000001110000001001000',,,0.22535211267605634
'111101011111110111111011100111101000001111100001101111111001111110110111',,,0.176056338028169
'110111111011111111111011000111101000001111100001101111011000111110101011',,,0.2676056338028169
'101110100100000001000011011001111111110100100110100101100111111001110100',,,0.2323943661971831
'010001000111101000000100100110000000000000011011010000001010000100001011',,,0.15492957746478872
'011110001100110001111011000110101000001000100000101111110001111110110111',,,0.24647887323943662
'001010011111000110111100111000000000011011000001111010111001000011010100',,,0.3028169014084507
'000010000100001110000100011110010111110000011110010000011110000100001001',,,0.14084507042253522
'100101110011001001000111011111111111110100111111000101001110111001101000',,,0.2746478873239437
'101111111000110111111011100111111111101111100101101111110101111011110110',,,0.1267605633802817
'111100001100000001111111011001101000010100100000001111000001111111110100',,,0.19014084507042253
'101111111100110001111011000000101000001011111001101111100001111010110111',,,0.2112676056338028
'101110110111000001000011111001111111110100100111100101100111111001110100',,,0.23943661971830985
'101111110111110001000011000111111111101111111111100101111111111100110111',,,0.20422535211267606
'000001001011001110111100100000010111100001000100011010101100000010001001',,,0.2112676056338028
'110110100011110111000011000111101000001100100011100101111011111000100111',,,0.24647887323943662
'101101110111110001010011111111111111111111111111101101111111111011110110',,,0.14084507042253522
'010000000011001110000100000110010111100000011110010000011110000100001001',,,0.09859154929577464
'101100110100010001000011111111101000011111111011110101010011111001110100',,,0.24647887323943662
'101001111011110000111001111111111111111111011101101111111101001011110110',,,0.15492957746478872
'101101111100110111010011000001111111101111100101100101110111111001110110',,,0.20422535211267606
'111111111011110111111011111001111111111111111101101111111101111011110110',,,0.06338028169014084
'011100000111000001000110000110010111100000100110010000110111111100010101',,,0.2535211267605634
'100011000011111000000101011110111111110011011110000101001110000101101010',,,0.2605633802816901
'111001110011110111000001111111111111111111011111100101011111001001110110',,,0.18309859154929578
'101011111000110001111001111001101000011111000001101111000001001011110110',,,0.19014084507042253
'001011011111000000111100011000000000010011011001111010001001000111010100',,,0.3028169014084507
'001010000100000000000100111000010111110000011110010000100111000101010100',,,0.2605633802816901
'101001111011110001111001111001111111111111000101101111100101001011110110',,,0.176056338028169
'111111111111110111111011100111101000001111100001101111111001111010110111',,,0.14788732394366197
'111111111111110001111011111001111111111111111101101111001101111011110110',,,0.1267605633802817
'000011011011111110111101011000111111111011011101101111011100000111111010',,,0.2535211267605634
'011101010111110001000110000000010111101011111111110000101111111100110101',,,0.3380281690140845
'111101110100110001101011011111101000011111111001101111110001111011110110',,,0.1267605633802817
'001010011111110110111000011000000000011010000001101111111001000111010110',,,0.31690140845070425
'100011110011111110000001111001101000011111000011100101001010000001101010',,,0.2535211267605634
'101001110111110001000001011001111111111111011111100101001111001001110110',,,0.23943661971830985
'010000001000001000111100011110010111110000000100011010000100000011101000',,,0.2112676056338028
'111101111100110111111011100001111111101111111101101111111101111011110110',,,0.1056338028169014
'000100001011101110111110100000000000000000100000011010011000110110001001',,,0.23943661971830985
'001100000100000001000110100110000000000000100010010000010011111100010101',,,0.2535211267605634
'101111110011110001000011100001111111101111111111100101001111111001110110',,,0.20422535211267606
'010010000100001000000100111110010111110000011110010000000110000100001001',,,0.14084507042253522
'001000011100000001111000011110010111110011011101101011100101001011010100',,,0.34507042253521125
'100111111011111001111011100001111111101111111101101111001100111010101011',,,0.23943661971830985
'000010101011001000111100100000000000000000000000011010000000000010001001',,,0.13380281690140844
'111111110100110001001011000111101000001111100011101101110001111010110111',,,0.20422535211267606
'110101001000001110111110100000110111101011111101011010011100110110001001',,,0.2887323943661972
'000100000100001000000110100000010111100000100110010000100110110100001001',,,0.19014084507042253
'101101011111110111111011011001111111111111100101101111111101111111110110',,,0.11971830985915492
'101101110111110111000011100001101000001111100011100101111011111001110110',,,0.18309859154929578
'101011111100110111111001011001111111111111011111100101011101001011110110',,,0.22535211267605634
'111101110011110111000011011001111111111111111111100101111111111001100110',,,0.13380281690140844
'111111110000110001000011100111101000001111100011100101110011111000110111',,,0.21830985915492956
'010110000011001110000110000000010111100000111110010000011110110100001001',,,0.176056338028169
'001111010111000001000110011000000000010011111011110000101011111100010101',,,0.29577464788732394
'100011110011111000000001111111101000011111011011100101001010000001101010',,,0.2535211267605634
'000000101000001000111100011110000000010100011000011010000000000011001000',,,0.2112676056338028
'101100110100000001000011111001101000010100111010100101000011111001110100',,,0.2535211267605634
'111100101100010001111011011111101000011100111001101111110001111011110110',,,0.15492957746478872
'110111011000111111111011000001101000001011111001101111001000110110101011',,,0.2887323943661972
'010010000011001000000100111110000000010000011010010000001010000101001000',,,0.19014084507042253
'010101011011110001111111011110101000011011111001101111001000111111100111',,,0.2676056338028169
'110111011000001111111111100001111111100111111101111111001100111110101001',,,0.31690140845070425
'010011101000001000111000000000010111100101000100001011000100000011101000',,,0.2746478873239437
'010010001000001000111100100110010111100000011100011010000100000110001001',,,0.1619718309859155
'011100000100000001000110000000000000000000111010010000000011111100010101',,,0.2323943661971831
'101111111111110001111011111111111111111111100101101111010101111011110110',,,0.13380281690140844
'101111011100110111111011100001100000001011111001101111111001111110010111',,,0.21830985915492956
'111011111011110111111001011001101000011111011001101111111001001011110110',,,0.176056338028169
'100101101000111111111011100111111111101100111100001111011100111100101011',,,0.2887323943661972
'101111110011110001000011011111101000011111100011100101110011111001110110',,,0.15492957746478872
'111100110111010001000011111001111111111100111111100101101111111001100110',,,0.20422535211267606
'010000000111001110000100111110010111110000011110010000111110000100001001',,,0.15492957746478872
'011100000100000001000110011110010111110000111110010000110111111100010101',,,0.2676056338028169
'001110001111000001111110011000000000010000100000011010100001111110010101',,,0.23943661971830985
'101111111111110111000011000001111111101111100101101111011111111000110111',,,0.23943661971830985
'010010001000001000111000011000010111110000000100001010000100000111101000',,,0.23943661971830985
'000010000000001000101100000000000000000000011000011010000000000110001001',,,0.1056338028169014
'000000001100001110111100011000010111110000000100011010000100000111001000',,,0.19718309859154928
'010000001111001110111100100110010111100000011100011010011100000110001001',,,0.14084507042253522
'111101011111110001111011000111110111101011100101111111110101111110110111',,,0.24647887323943662
'000100000100001001000110000000010111100000100110010000000110110100001001',,,0.16901408450704225
'010000000111001000000100011000010111110000011110010000101110000101001000',,,0.20422535211267606
'000010000000001000000100111110000000010000011010010000000010000101001000',,,0.15492957746478872
'010000000100001110000100000000010111100000000110010000100110000100001001',,,0.11267605633802817
'111101110011110001000011000001111111101111111111100101101111111001110110',,,0.19014084507042253
'010100000100001111000110000110000000000000100010010000010010110100001001',,,0.19014084507042253
'101110111100110001111011011111101000011111111001101111010001111011110110',,,0.16901408450704225
'000100000011001000000110100110000000000000100010010000000010110100001001',,,0.1619718309859155
'111111110100110001000011111001111111111111100111100101000111111001110110',,,0.1619718309859155
'001100001100000001111110111110000000010000111000011010110001111110010101',,,0.2535211267605634
'010010000011001110000100111110010111110000000110010000011110000101001000',,,0.19718309859154928
'101111110000110001000011000001101000001111100011100101000011111001110110',,,0.19718309859154928
'000010000011001110000100011110010111110000011110010000111110000101001000',,,0.19014084507042253
'100110101011001001111011111001111111110100100100001111000100111011101000',,,0.21830985915492956
'101101110011110111000011100001111111101111111111100101111111111001110110',,,0.14084507042253522
'000010001000001110111100100000010111100000000100011010000100000010001001',,,0.14788732394366197
'111101110000110001000011000001111111101111111111100101000111111001110110',,,0.22535211267605634
'010000001011001110111100100110000000000000000000011010011000000110001001',,,0.16901408450704225
'100111111000111111111011011001111111111111111101101111001100111011101010',,,0.176056338028169
'001111010100110001000111100000011111101011100111000101100111111000110111',,,0.2676056338028169
'101101110111110111000011100111111111101111111111100101011111111001110110',,,0.1619718309859155
'100001111011111110111001111111101000011111011001101111011000000011101010',,,0.2323943661971831
'010001000100001000000100100000010111100001000110010000000110000100001001',,,0.09859154929577464
'100001110011111000000001011111111111111111011111100101001110000001101010',,,0.21830985915492956
'000010001011001000111100011110010111110000011100011010101100000110001001',,,0.20422535211267606
'000110000100001110000110000110000000000000111010010000011010110100001001',,,0.176056338028169
'010110100011001000000110100000000000000000111010010000001010110000001001',,,0.2112676056338028
'101111110111110111000011000001111111101111111111100101011111111001110110',,,0.176056338028169
'000000000000001110000100111000000000010000011010010000001010000100001001',,,0.1267605633802817
'011110000100000001000110000000010111100000100110010000100111111100010101',,,0.2323943661971831
'111111111100110001111011000111111111101111100101101111010101111010110111',,,0.19718309859154928
'110100100111001001000111111001111111110100111110000101001110111101101000',,,0.28169014084507044
'010000100011101000000100000110010111100100000110010000000110000000001001',,,0.14788732394366197
'000010000100001000000100100110000000000000000010010000000010000100011001',,,0.09154929577464789
'101011111000110111111001111111111111111111000101101111110101001011110110',,,0.18309859154929578
'110011111000111110111001100001111111101111011101101111001100000011101010',,,0.2605633802816901
'101101111011110001111011111001101000011111111001101111001001111011110110',,,0.14788732394366197
'010010100111001110000100111111000000010100011010010000111010000001001000',,,0.23943661971830985
'000010000100001000000100000000000000000000011010010000100010000100001001',,,0.09859154929577464
'111101110000110111000011100111111111101111111111100101111111111001110110',,,0.14084507042253522
'101111011111110001111011011111101000011011111001101111111001111111110110',,,0.1267605633802817
'010100000011001000000110000000000000000000100010010000000010110100001001',,,0.15492957746478872
'111101110100110001000011000001111111101111111111100101000111111001110110',,,0.21830985915492956
'101001111111110110111001000111100000001111000001111010111001001010010111',,,0.2605633802816901
'111110000100000001000111011001101000010100100010010100000011111101110100',,,0.2323943661971831
'100111110000111111100011100001111111101111111101100111001100111000101011',,,0.2746478873239437
'010010000100001000000100011000010111110000000110010000100110000100001001',,,0.13380281690140844
'110000101000001110111000011111000000011100000000001010010000000011101000',,,0.2676056338028169
'111110001100000001111111011001101000010100111000001111100001111111110100',,,0.18309859154929578
'010010001111001110111100100000000000000000011000011010101000000110001001',,,0.18309859154929578
'011011010111000000000100011000000000010011011011110000101011000100010101',,,0.24647887323943662
'000000001111001110000100111000000000010000000010010000001010000100001001',,,0.14788732394366197
'010100001111001000111110000110010111100000100100011010000100110110001001',,,0.2112676056338028
'101001110111010000000001111111000000011111000011110000010011001001010100',,,0.34507042253521125
'101111110111110001101011011001101000011111111001101111101001111001110110',,,0.14084507042253522
'111111111100110001111011100111101000001111111001101111010001111010110111',,,0.19718309859154928
'101101111100110001111011100001111111101111100101101111000101111010110111',,,0.2112676056338028
'000011010011111110000100000110010111101011000111110000011110000100001011',,,0.1619718309859155
'010011000000111110101100100110010111100001011100010010111100000100001011',,,0.2605633802816901
'010000001000001000111100011110000000010000011000011010000000000111001000',,,0.19718309859154928
'000000000100001110000100011110010111110000011110010000011110000100001001',,,0.13380281690140844
'100011111011111110111001111001101000011111011001101111001000000011101010',,,0.2535211267605634
'111110101100000001111111011111111111110100111100001111110101111011110100',,,0.19718309859154928
'100100111011111111111011100001111111101100111101101111111100111010101011',,,0.24647887323943662
'000100001011001000111110000000000000000000111000011010101000110110001001',,,0.2323943661971831
'000001010111001000000100100110010111100011011110010000101110000100001001',,,0.16901408450704225
'010001000100001110000100000110010111100000011110010000011110000100001001',,,0.1267605633802817
'101100110100000001000011011001111111110100111111100101100111111001110100',,,0.2535211267605634
'000110000000001000000110100000000000000000111010010000100010110100001001',,,0.16901408450704225
'100110101000001001111011111001111111110100100100001111000100111011101000',,,0.20422535211267606
'100110101000001111111010100001010111100100100100001011000100111010101001',,,0.2535211267605634
'101001111111110000111000111111101000011111011001101111111001001111110110',,,0.21830985915492956
'101011111100110001111001011001101000011111000001101111100001001011110110',,,0.176056338028169
'010000001011101110111100100000010111100000000100011010101100000110001011',,,0.20422535211267606
'010000101000001000111100011110000000010100000000011010000000000011001000',,,0.2112676056338028
'101111111011000001111011111001101000011111100001101111000001111011110100',,,0.16901408450704225
'010100000011001110000110011000010111110000111110010000111110110100001001',,,0.23943661971830985
'000001011000011110111000000000010111101000011101101011111100000110001001',,,0.28169014084507044
'111111111000110001111011011111101000011111111001101111010001111011110110',,,0.14084507042253522
'111001111111110001111001111001101000011111000001101111000001001011110110',,,0.19014084507042253
'000110000100001000000110111110010111110000111110010000000110110100001001',,,0.2112676056338028
'101111111100110111111011100111101000001111100001101111010001111011110110',,,0.16901408450704225
'000100001011001000111110000000010111100000111100011010101100110110001001',,,0.23943661971830985
'101111111111110111111011111111111111111111111101101111111101111011110110',,,0.056338028169014086
'010110001000001000010110100000010111100000100110010000000110110100001001',,,0.176056338028169
'111100110100110001000011100111101000001111111011100101010011111001110110',,,0.22535211267605634
'000110000011001110111110100000000000000000111000011010011000110110001001',,,0.20422535211267606
'010011000100001110000100100110000000000000011010010000011010000100001001',,,0.14788732394366197
'100000111011111110111001011001111111111110000101101111001100000011101010',,,0.23943661971830985
'110010100000001000000000011111010111110100011110000000000110000001101000',,,0.23943661971830985
'000010101000001000111000111000010111110100000100001011100100000011101000',,,0.2746478873239437
'111001111100110001111001011111101000011111000001101111100001001011110110',,,0.16901408450704225
'000000001100001000111100000110010111100000000100011010000100000110001001',,,0.1267605633802817
'001110001111001001111110100000010111100000100100001010000101111110110101',,,0.30985915492957744
'101110111100110001111011011001101000011100100001101111000001111011110110',,,0.1619718309859155
'111100111100000001111010100001001000000111100000101011000001111010110101',,,0.2605633802816901
'111111111000110001111011111111101000011111100001101111100001111011110110',,,0.1056338028169014
'101111110000010001101011011001101000011111100001101111000001111011110100',,,0.15492957746478872
'111000100100000000000001111001101000010100011010010100000011001001010100',,,0.2746478873239437
'100100100000001111000110000001000000000100100010010000000010111000001001',,,0.20422535211267606
'000010000000001000000100011000010111110000011110010000100110000101001000',,,0.18309859154929578
'001001010100110110000001011110101000011011000011110101110011001001010110',,,0.30985915492957744
'100101111011111111111011100001111111101111111101101111011100111010101011',,,0.21830985915492956
'111111110100110001000011100001101000001111111011100101000011111000110111',,,0.23943661971830985
'111111110011110111000011111111111111111111111111100101011111111001110110',,,0.11971830985915492
'101101110000110111000011111111101000011111111011100101111011111001110110',,,0.13380281690140844
'101101111100110001111011000111101000001111100001101111010001111010110111',,,0.22535211267605634
'000010001100001110111100011110000000010000000000011010110000000110001001',,,0.2112676056338028
'110010110011111110000001111111111111111110000111100101111110000001101010',,,0.2676056338028169
'101111111111110111010011011111101000011111111011100101011011111011110110',,,0.15492957746478872
'000010000100001000000100111000000000010000000010010000000010000101001000',,,0.13380281690140844
'101111111000110111111011000111101000001111111001101111011001111011110110',,,0.14788732394366197
'111111011100110111111011000001111111101111100101101111110101111110110111',,,0.19014084507042253
'000010001000001000111100100000010111100000000100011010100100000110001001',,,0.14788732394366197
'110110000000001111000111111001111111110100100110000101000110111101101000',,,0.2535211267605634
'110001110000111110000001011111111111111111011111100101111110000001101010',,,0.2323943661971831
'111101110011110111000011000001111111101111100111100101011111111000110111',,,0.2323943661971831
'010000000011001000000100111110010111110000000110010000000110000001001000',,,0.19718309859154928
'010010001011001000111100100110010111100000000100011010100100000110001001',,,0.19014084507042253
'111011111100110111111001011111101000011111000001101111010001001111110110',,,0.2323943661971831
'011101000100110001000111000110111111101001111111000101110111111100010111',,,0.2676056338028169
'010010001011111110111100100110000000000000011000011010011000000110001011',,,0.2112676056338028
'000101001011001001111110100000000000000001111000011010001000110110101001',,,0.2535211267605634
'010100000011001110000110111110010111110000111110010000011110110100001001',,,0.20422535211267606
'111100110100000001000011011111101000010111111010110100010011111001110100',,,0.2887323943661972
'010001101011001000111000111000010111110100000100001011000100000011101000',,,0.2746478873239437
'010110001100001110111110000110010111100000111100011010111100110110001001',,,0.22535211267605634
'000000001100001110111100000000010111100000011100011010101100000110001001',,,0.176056338028169
'101001110100110111111001011111101000011111000001101111110001001011110110',,,0.2112676056338028
'111111110111110001111011111001101000011111111001101111101001111011110110',,,0.11971830985915492
'101111000100110001000111000110101000001001111010000100010011111100010111',,,0.323943661971831
'001000000100110000001101011000111111111000011111000101100101000111110110',,,0.30985915492957744
'110111111011111111111011011111111111111111100101101111011100111111101010',,,0.176056338028169
'011011011111110110111100100110000000001011011001111010111001000110010111',,,0.21830985915492956
'111100101100000001111111111111111111111100100100001111110101111111110100',,,0.2112676056338028
'001110000100000001000110000000010111100000111110010000100111111100010101',,,0.2605633802816901
'000000001111001110111100100110000000000000000000011010011000000110001001',,,0.1619718309859155
'111111111100000001010011011001111111111111100101100111100111111001110100',,,0.20422535211267606
'010100000111001110000110000000010111100000111110010000011110110100001001',,,0.176056338028169
'101110111111110111111011100111101000001111111001101111111001111011110110',,,0.1267605633802817
'111101110011110001000011100111111111101111111111100101111111111001110110',,,0.14084507042253522
'000011000011101000000100000000010111100011011110010000101110000000001001',,,0.19014084507042253
'010010001000001000111100111001010111110100011100011010000100000111001000',,,0.23943661971830985
'111101111011110111110011011001111111111111100101101111011111111011110110',,,0.16901408450704225
'111101111111110111111011000001101000001111100001101111011001111011110110',,,0.1619718309859155
'010000000100101110000100000110000000000000011010010000111010000100001011',,,0.15492957746478872
'111111010111110001000011011000111111111011111111100101101111111101110110',,,0.176056338028169
'111110100111000001000011111111101000010100100010110101010011111001110100',,,0.22535211267605634
'101101111111010001111011111111111111111111100101101111110101111011110100',,,0.1267605633802817
'101111110100010001000011011111101000011111111011100101010011111001110110',,,0.20422535211267606
'010010000111001000000100000110000000000000011010010000001010000100001001',,,0.1056338028169014
'000010001011001110111100100000000000000000011000011010101000000110001001',,,0.176056338028169
'010100000000001000111110000110000000000000111000011010000000110110001001',,,0.19718309859154928
'111111111100110001111011000001111111101111111101101111100101111010110111',,,0.18309859154929578
'101011111011110001111001000111101000001111000001101111000001001011110110',,,0.2535211267605634
'011100001111000001111110000000000000000000100000001010100001111110010101',,,0.23943661971830985
'000000001111001000111100011000010111110000011100011010001100000111001000',,,0.21830985915492956
'101101111011110111111011000111101000001111100001101111011001111011110110',,,0.15492957746478872
'000101000011001000000110000110010111100001111110010000001110110100001001',,,0.20422535211267606
'101101110011110001000011111111111111111111100111100101110111111001110110',,,0.14788732394366197
'010000001100001110111100000000000000000000000000011010100000000110001001',,,0.13380281690140844
'000010001011101110111100100000010111100000011101011010101100000110001011',,,0.2112676056338028
'101111010111110111000011100001111111101111100111100101011111111101110110',,,0.20422535211267606
'010100000111001110000110111110010111110000100110010000111110110100001001',,,0.23943661971830985
'111111110100010001000011011001101000011111111011100101000011111001110110',,,0.19014084507042253
'010110001000001001111110000110010111100000100100011010100100110010101001',,,0.2746478873239437
'010001000111001110000100100000010111100000000110010000101110000100001001',,,0.1619718309859155
'100011110000111110000001011111111111111111011111100101111110000001101010',,,0.22535211267605634
'000010001100001110111100100000000000000000000000011010100000000110001001',,,0.14788732394366197
'111111110011110001000011000111101000001111111011100101111011111001110110',,,0.1619718309859155
'111101110111110001000011000001101000001111111011100101101011111100110111',,,0.24647887323943662
'101001111100110001111001011001101000011111011001101111000001001011110110',,,0.2112676056338028
'010001001011111110111100000110000000001001000000011010011000000110001011',,,0.2323943661971831
'010000000000001000111100100000000000000000011000011010000000000110001001',,,0.11971830985915492
'000000000000001110000100111110010111110000000110010000110110000101001000',,,0.2112676056338028
'101111111111110111111011100001111111101111111101101111111101111010110111',,,0.14084507042253522
'010110000100001110000110000000000000000000111010010000001010110100001001',,,0.176056338028169
'111011111100110001111001111111111111111111000101101111100101001011110110',,,0.176056338028169
'000000001000101110111100000000010111100000000100011010100100000110001011',,,0.1619718309859155
'000010000000001000000100011110000000010000000010010000100010000101001000',,,0.1619718309859155
'000000101000001110111100111110000000010000011000011010011000000011001000',,,0.24647887323943662
'111101110011110111000011100001101000001111111011100101111011111000110111',,,0.20422535211267606
'101101110100110111000011100001111111101111100111100101110111111000110111',,,0.22535211267605634
'011101011100000001111110100000000000000011111000011010000001111110010101',,,0.2535211267605634
'100100100000001001000111100001111111100100100110000000000110111000001001',,,0.2676056338028169
'100010100111111110000101011001111111111100011110010100101110000001001010',,,0.29577464788732394
'111110111100110001111011111111101000011100100001101111010001111011110110',,,0.15492957746478872
'000000001000001110111100111110010111110000011100011010011100000110001001',,,0.176056338028169
'101011110111110000000001111111101000011111011011110100111011001001010110',,,0.2746478873239437
'000100000111001110000110000110010111100000111110010000011110110100001001',,,0.1619718309859155
'011000010100010110000100011000111111111011011111110100111111000101010110',,,0.2746478873239437
'010010000000001110100100111110000000010000011000010010011000000100001001',,,0.18309859154929578
'101001111100110001111001011111101000011111000001101111000001001011110110',,,0.2112676056338028
'100100110011111111000011011111111111111111111111100101011110111001101010',,,0.176056338028169
'010010001100001110111100000000000000000000000000011010100000000110001001',,,0.14084507042253522
'010000000111001110000100000110000000000000011010010000011010000100001001',,,0.09859154929577464
'000010000100001000000100000110000000000000000010010000100010000100001001',,,0.09859154929577464
'101101111100000001111011111001111111111111111101101111100101111011110100',,,0.176056338028169
'000101000011001001000110100000010111100011111110010000101110111100001001',,,0.2676056338028169
'101101110111110001000011100111101000001111100011100101110011111000110111',,,0.2323943661971831
'111100111111110001111011011001111111111110100101101111100101111011110110',,,0.14084507042253522
'100111011011111111011011000111111111101011111101101101011110110110101011',,,0.21830985915492956
'100011111011111110111001011111101000011111011001101111011000000011101010',,,0.2323943661971831
'111100110100110001000011011111101000011100111010100101110011111001110110',,,0.19718309859154928
'010110001000001000111110000000010111100000111100011010000100110110001001',,,0.19718309859154928
'111101111000000001111011011001111111111111100101101111000101111011110100',,,0.176056338028169
'010110101011001111111110000000000000000100100000011010011000111010001001',,,0.2746478873239437
'000100001000001111111110100110000000000000111000011010011000111010001001',,,0.2605633802816901
'111110111011110111111011111111101000011110100001101111011001111011110110',,,0.13380281690140844
'101101110100110111000011111111101000011111100010100101010011111001110110',,,0.20422535211267606
'100001111011111000111001000111111111101111011101101111001100000011101010',,,0.2323943661971831
'010000001111001000111100111110010111110000000100011010000100000111001000',,,0.21830985915492956
'010010001011001000111100100000000000000000011000011010101000000110001001',,,0.19014084507042253
'000110000100001000000110000000000000000000111010010000000010110100001001',,,0.14084507042253522
'111100101100000001111111111001111111110100100100001111100101111011110100',,,0.18309859154929578
'101011110000110001000001111001101000011111000011100101000011001001110110',,,0.21830985915492956
'101111111011110001111011111111111111111111100101101111010101111011110110',,,0.1267605633802817
'111001010100110110000001111000101000011011011011110100111011000101010110',,,0.2746478873239437
'100100100100000111000011011001101000010100100010010100000010111001100100',,,0.2676056338028169
'010000000011001110101100000110010111100000011100011010011100000110001001',,,0.14084507042253522
'101111111111000001111011011111101000011111111001101111111001111011110100',,,0.13380281690140844
'110001011011111000111001111111111111111111011101101111101100000111101010',,,0.2746478873239437
'111111110111110001001011000001101000001111111011100101001001111011110110',,,0.20422535211267606
'000000000000001000000100100000010111100000000110010000000110000100001001',,,0.07042253521126761
'001001001111000000111100000000000000000001000000011010100001000110010101',,,0.20422535211267606
'010010001000001000111100111000010111110000000100011010000100000110001001',,,0.1619718309859155
'001110001100000001111110111000000000010000100000011010100001111110010101',,,0.21830985915492956
'111010010111110000000101111111111111111111011111110100111111000101010110',,,0.2605633802816901
'000010001100001110111100100000010111100000000100011010000100000110001001',,,0.14084507042253522
'010000001111001110111100111110010111110000011100011010111100000111001000',,,0.23943661971830985
'000000000000001000101100000110010111100000011100011010100100000100001001',,,0.1619718309859155
'000000100100001000000100111000000000010100011010010000000010000001001000',,,0.16901408450704225
'010010000111001000000100111000010111110000011110010000101110000100001001',,,0.176056338028169
'101101111111110001111011000001111111101111100101101111000101111011110110',,,0.19014084507042253
'001100000100000001000110100110010111100000100110010000110111111100010101',,,0.2605633802816901
'100111110011111001000011100001111111101111111111100101101110111000101011',,,0.2535211267605634
'100101110011111001000011100111101000001111111011100101011010111000101011',,,0.2676056338028169
'000010001000101110111100000110010111100000000100011010110100000110001001',,,0.19718309859154928
'011011010100110110000101111110011111111011011111100101111111000101110110',,,0.2323943661971831
'100111100000101111000110100001010111100101111110000001111110111000101001',,,0.29577464788732394
'111011110111110111000001111111111111111111000111100101011111001001110110',,,0.19718309859154928
'010010110000001000000100000000000000000011000011110000000010000000001001',,,0.14084507042253522
'101111111111110001111011000111111111101111100101101111110101111010110111',,,0.18309859154929578
'111101110011110111000011011111101000011111111011100101111011111001110110',,,0.1267605633802817
'101101111011110001111011111001111111111111111101101111101101111011110110',,,0.11267605633802817
'001001001100000000111100000110000000000000011000011010100001000110010101',,,0.21830985915492956
'000000001111001000111100111000000000010000011000011010101000000110001001',,,0.20422535211267606
'000010001100001110111100011110010111110000000100011010010100000111001000',,,0.2323943661971831
'111101111011110111111011100001111111101111111101101111011101111011110110',,,0.1267605633802817
'000000001100001000111100111110010111110000000100011010000100000110001001',,,0.1619718309859155
'110110100011001001000111111001111111110100111110000101001110111101101000',,,0.28169014084507044
'010100001011001000111110000000000000000000111000011010001000110110001001',,,0.21830985915492956
'010000000011001000000100011110010111110000000110010000000110000000001001',,,0.14788732394366197
'111111111100110111111011000001101000001111100001101111110001111011110110',,,0.13380281690140844
'111101111011110001111011011111101000011111111001101111111001111011110110',,,0.09859154929577464
'111101111011110001111011011111101000011111100001101111110001111111110110',,,0.13380281690140844
'111101110100110111000011100111101000001111100011100101110011111000110111',,,0.21830985915492956
'000010001011001000111100000000010111100000000100011010100100000010001001',,,0.16901408450704225
'010000000000001110000100100110000000000000011010010000111010000100001001',,,0.15492957746478872
'101100111111010001111011011111111111111110100100101111110101111011110110',,,0.16901408450704225
'010010000011001110000100111000010111110000011110010000001110000100001001',,,0.15492957746478872
'101101111000110111111011011111111111111111100101101111010101111011110110',,,0.14084507042253522
'111101111100110001010011100001111111101111100101101111100111111011110110',,,0.176056338028169
'101101111111110001111011000111101000001111100001101111110001111010110111',,,0.19718309859154928
'010010001000101000111100000000010111100000011100011010000100000110001001',,,0.15492957746478872
'101111111000110001111011011001111111111111100101101111000101111011110110',,,0.13380281690140844
'000010001011001110111100011000010111110000000100011010001100000111001000',,,0.21830985915492956
'001011000111110000000101111110101000010011000010010100000011000101010110',,,0.28169014084507044
'111111111100110111111011011111111111111111100101101111110101111111110110',,,0.11267605633802817
'101101110100010001000011011001101000011111111011100101100011111001110100',,,0.18309859154929578
'101111110100110111010011000111111111101111100111101101110111111010110111',,,0.24647887323943662
'001110000100000001000110100110000000000000111010010000100011111100111101',,,0.2676056338028169
'010100000000101001000110100110010111100000100110000001000110110000101011',,,0.2676056338028169
'010001000011101110000100100110010111100001011110010000011110000100001001',,,0.14084507042253522
'010000000100001000000100011110000000010000000010010000000010000100001001',,,0.09154929577464789
'111111111011010001111011100001111111101111100101101111100101111011110110',,,0.15492957746478872
'010000000100001110000100111110000000010000011010010000111010000100001001',,,0.176056338028169
'010000100000001110000100011000000000010100000010010000000010000001001000',,,0.16901408450704225
'100011110011111110000001011001111111111111011111100101101110000001101010',,,0.23943661971830985
'100110111011111111111010000111011111101100111101101011111100111010011001',,,0.23943661971830985
'101001110111110001000001111111111111111111011111100101111111001001110110',,,0.176056338028169
'110011111011111110111001100111101000001111000001101111011000000011101010',,,0.28169014084507044
'010011011011101000111000000110010111100011011101111010101100000110001001',,,0.2535211267605634
'000001001011111110111100000110010111100001000100011010111100000110001011',,,0.22535211267605634
'000000000011001110000100011000000000010000011010010000101010000100001001',,,0.14788732394366197
'111100100100000001000111111001111111110100111110000101100111111101110100',,,0.23943661971830985
'011110000100000001000110100110010111100000100110010000110111111100010101',,,0.23943661971830985
'000100001011001110111110000000000000000000111000011010011000110110001001',,,0.20422535211267606
'101110111111110111111011011111111111111111100101101111011101111011110110',,,0.1267605633802817
'001100001100000001111110000110000000000000100000011010110001111110010101',,,0.24647887323943662
'111100100100000001000011011001101000010100100010100101000011111001110100',,,0.2323943661971831
'001000001100000000111100011000000000010000000000011010000001000111010100',,,0.22535211267605634
'111100011100110001111011000111101000001000111001101111110001111110110111',,,0.23943661971830985
'100111011011111001111011100001111111101011111100101111001100110110101011',,,0.2746478873239437
'000010000000001110000100011110000000010000000010010000110010000100001001',,,0.1619718309859155
'001110000100000111000110000000000000000000100010010000010011111100010101',,,0.2535211267605634
'100000100000001000000100111111000000010100000010010000000010000001001000',,,0.176056338028169
'111110000100000001000111111001101000010100100010000100100011111101110100',,,0.2323943661971831
'001010001100000000111100011000010111110000000100011010100101000111010100',,,0.2676056338028169
'000100000111001110000110011110010111110000111110010000111110110100001001',,,0.21830985915492956
'101101111011110001111011000111101000001111100001101111110001111010110111',,,0.19014084507042253
'101111010011110111000011100111111111101111100111100101111111111100110111',,,0.19718309859154928
'100100100000111111000011100111111111101100100110000101010110111001101010',,,0.2605633802816901
'010110100000001110000110000000000000000000111010010000001010110000001001',,,0.20422535211267606
'101101110000110111000011011111101000011111111011100101011011111001110110',,,0.16901408450704225
'110101110011111001000011000001111111101111111111100101001110111001101010',,,0.23943661971830985
'101001110111110111000001111001101000011111000011100101011011001001110110',,,0.23943661971830985
'110101110011011001000011111001111111111111111111100101001110111001101000',,,0.2323943661971831
'000000000111001110000100011110000000010000000010010000111010000100001001',,,0.16901408450704225
'101001111111110001111001111001101000011111011001101111001001001011110110',,,0.2112676056338028
'111111110111110001000011100111111111101111111111100101011111111001110110',,,0.15492957746478872
'000100000100001000000110100000010111100000100110010000000110110100001001',,,0.1619718309859155
'000000000000001110000100111000010111110000011110010000101110000101101000',,,0.19718309859154928
'110111110011111111000011100001111111101111100111100101111110111000101011',,,0.2535211267605634
'011100000100000001000110011000000000010000111010010000100011111100010101',,,0.2323943661971831
'111111111111110111111011100111111111101111111101101111011101111010110111',,,0.14084507042253522
'100100100000001001000110000111010111100100100110010000000111111000101101',,,0.29577464788732394
'010011000011101110000100000000000000000000000010010000001010000100001011',,,0.14788732394366197
'101101111011110111111011011111101000011111111001101111011001111011100110',,,0.1267605633802817
'101100100111000001000111111001101000010100100010010100000011111101110100',,,0.2676056338028169
'111111110000110111000011100111101000001111100011100101110011111000110111',,,0.21830985915492956
'101001111111110110111001111001101000011111011001101111111001001011110110',,,0.18309859154929578
'100010101000111110111001111111111111111100000100001111010100000011101010',,,0.2746478873239437
'111101110111110111000011000001101000001111100011100101011011111000110111',,,0.24647887323943662
'010110001111001110111110011110000000010000111000011010011000110110001001',,,0.21830985915492956
'110110101000001001111011111001111111110100100100001111000100111011101000',,,0.21830985915492956
'010110001000001110010110100000010111100000100100011010000110110100001001',,,0.2112676056338028
'010010001000001110111100100000000000000000000000011010100000000110001001',,,0.15492957746478872
'110001111011111110111001111111111111111111011101101111011100000011111010',,,0.19718309859154928
'000100000011001110000110000110000000000000111010010000111010110100001001',,,0.19014084507042253
'010110001000001000111110000110010111100000111100011010000100110110001001',,,0.2112676056338028
'110100100011011111000111011111111111111100111110000101011110111001101000',,,0.24647887323943662
'100101111011111111111011000001111111101111100101101111111100111010101011',,,0.22535211267605634
'000000000111001000000100100000000000000000011010010000001010000100001001',,,0.1056338028169014
'111011011100110110111001111001101000011111000001101111110001000111110110',,,0.23943661971830985
'010100000100001000000110100110000000000000111010010000000010110100001001',,,0.16901408450704225
'101111110100010001000011011001111111111111100111100101100111111001110110',,,0.16901408450704225
'101101110111110001000011111111101000011111111011110100111011111001110110',,,0.24647887323943662
'000010001100001110111100111000010111110000000100011010100100000110001001',,,0.19718309859154928
'101101110111110001000011000111101000001111111011100101011011111000110111',,,0.24647887323943662
'010110001100001110111110111110000000010000111000011010011000110110001001',,,0.23943661971830985
'010000000111001000000100000000010111100000000110010000000110000100001001',,,0.08450704225352113
'000010001111001000111100111110000000010000011000011010001000000110001001',,,0.18309859154929578
'101101111011110001111011000001101000001111111001101111101001111011110110',,,0.15492957746478872
'101101111000110111111011000001101000001111100001101111010001111011110110',,,0.176056338028169
'101001110111110000000001011001111111111111011111100101101111001001110110',,,0.22535211267605634
'000110000111101110000110000000000000000000111010010000111010110100001001',,,0.21830985915492956
'000010000000001000000100011000000000010000000010010000100010000100001001',,,0.1056338028169014
'010110100000001111000110000000010111100100100110010000000110111000001001',,,0.21830985915492956
'111110100100000001000011011001111111110100100110100101100111111001110100',,,0.21830985915492956
'011001111111110110111000100000000000001011000001111010111001000010010111',,,0.24647887323943662
'101111110100110111000011100111101000001111100011100101110011111001110110',,,0.18309859154929578
'111011010111110111000001011111101000011111000011100101011011001101110110',,,0.24647887323943662
'110110101000001001111010100001001000000100111000001011000000111010101001',,,0.28169014084507044
'111101111100110111111011000111111111101111100101101111110101111111110110',,,0.14788732394366197
'111101110011110001000011011001111111111111100111100101100111111001110110',,,0.16901408450704225
'000110001000001001111110000110010111100000100100011010000100110110001001',,,0.19718309859154928
'100100100000001001000111111111111111110100100110000101000110111001101000',,,0.23943661971830985
'101001111000110001111001100111111111101111011101101111100101001011110110',,,0.21830985915492956
'111110110100000001000011111001101000010110100011110100000011111001100100',,,0.2605633802816901
'101101000100110001000011100110100000001011111010010100010011111100010111',,,0.3591549295774648
'100110101000111111111011100111101000001100100000001111010000111010101011',,,0.2746478873239437
'010010001000001000111100111110010111110000011100011010100100000110001001',,,0.21830985915492956
'110101010011111111000011000001111111101111111111100101011110111100101011',,,0.2605633802816901
'010100001000001110111110100110010111100000111100011010111100110110001001',,,0.24647887323943662
'100110001011001001111111011001111111110100100100001111000100111111101000',,,0.2323943661971831
'111101111100110111111011011001111111111111100101101111110101111011110110',,,0.1056338028169014
'101101111111010001111011111111111111111111111101101111111101111011110100',,,0.09154929577464789
'000010000111001110000100111000000000010000000010010000001010000100001001',,,0.14084507042253522
'000001001011001110111100011000010111110000000100001010101100000111001000',,,0.28169014084507044
'101101011111110111111011000110101000001011111001101111111001111110110111',,,0.19014084507042253
'111001111111110000111001111111101000011111011001111110111001001011010110',,,0.23943661971830985
'111001011111110110111001111111101000011011000001101111111001000111110110',,,0.20422535211267606
'100011111011111110111001111111111111111111000101101111111100000011101010',,,0.2323943661971831
'001101000100000111000110100110000000000001100010010000110011111100010101',,,0.2605633802816901
'101001110111110111011001111111101000011111011001101101111001001011110110',,,0.18309859154929578
'101111110111110001000011100001111111101111111111100101101111111001110110',,,0.18309859154929578
'000000000100001000000100000110010111100000000110010000100110000100001001',,,0.11267605633802817
'010010001011001110111100111110010111110000011100011010111100000110001001',,,0.2112676056338028
'111100111000110001111011011111101000011100111001101111010001111011110110',,,0.176056338028169
'111101110011110001000011000001101000001111111011100101001011111001110110',,,0.22535211267605634
'000110001011001110111110100110000000000000100000011010111000110110001001',,,0.2323943661971831
'010010001111001000111100111110000000010000000000011010100000000111001000',,,0.2323943661971831
'101100110100110001000011100111101000001100111011100101010011111000110111',,,0.2887323943661972
'101101110011110111000011100001111111101111111111100101011111111001110110',,,0.16901408450704225
'000100000111001110000110000000000000000000111010010000011010110100001001',,,0.18309859154929578
'101001011011110001111001111001101000011111011001101111101001001111110110',,,0.19718309859154928
'010001000100001110000100100110000000000000011010010000011010000100001001',,,0.14084507042253522
'010010001111001110111100011110000000010000000000011010111000000110001001',,,0.21830985915492956
'010010000100001110000100011000000000010000000010010000000010000100001001',,,0.09859154929577464
'101111010111110111000011011111101000011111111011110101111011111101110110',,,0.16901408450704225
'000010001000001000111100111000000000010000011000011010000000000110001001',,,0.14084507042253522
'111111111011110111111011011001111111111111111101101111011101111011110110',,,0.09859154929577464
'110111110011111111000011100001111111101111111111110101011110111000001011',,,0.23943661971830985
'000011000011001110001100100000010111100001000100011000101100000110001001',,,0.21830985915492956
'101000000100000000000100111111010111110100000110010000100111001101010100',,,0.2676056338028169
'000010000000001000000100011110010111110000000110010000000110000101001000',,,0.15492957746478872
'101111111111110001000011000001111111101111100111100101000111111001110110',,,0.22535211267605634
'001001000100000110011100000110000000000000000000011000110011000110010101',,,0.2535211267605634
'010000001100001110111100111000000000010000000000011010100000000110001001',,,0.16901408450704225
'000000001000001000110100000110000000000000011010010000100000000100001001',,,0.13380281690140844
'000010000011001110000100011000000000010000000010010000001010000101001000',,,0.16901408450704225
'000010001000001110111100000000010111100000000100011010100100000110000001',,,0.18309859154929578
'001111110011110001000010100110000000001111100011110001110011111100110111',,,0.2887323943661972
'011110001100100001111110100000000000000000111000011010100001111110010101',,,0.21830985915492956
'111101011111110001111011000111111111101011111101101111111101111110110111',,,0.16901408450704225
'101101111100110111010011100001101000001111111011110101111011111000110111',,,0.24647887323943662
'111101110100010111000011111001101000011111100011100101010011111001110110',,,0.19014084507042253
'111001011111110110111001111001101000011011011001101111111001000111110110',,,0.20422535211267606
'000000001011001110000100000110010111100000000110010000111110000100001001',,,0.14084507042253522
'100100110000101111000011011001111111110100111111100101001110111001101010',,,0.2605633802816901
'101101110100110001000011000001111111101111100111100101000111111001110110',,,0.21830985915492956
'111101110111110001000011000001101000001111100011100101100011111001110110',,,0.18309859154929578
'110000101000111110111001100111111111101100000100001111010100000111101010',,,0.30985915492957744
'000000001100001000111100111110010111110000011100011010100100000111001000',,,0.24647887323943662
'001011110100000000000000111000000000010111000011110000100011001001010100',,,0.29577464788732394
'000000000000001000000100011110000000010000011010010000100010000100001001',,,0.1267605633802817
'101111111011110001111011100001111111101111111101101111101101111011110110',,,0.13380281690140844
'101101110011110111000011000111101000001111100011100101011011111000110111',,,0.23943661971830985
'000011011011011000111000011000010111111011011101101011001100000111101000',,,0.2746478873239437
'000010001011001000111100011000010111110000011100011010101100000110001001',,,0.20422535211267606
'111101110000110111000011100001101000001111111011100101111011111000110111',,,0.21830985915492956
'000010000000001000000100000110010111100000011110010000100110000100001001',,,0.1267605633802817
'101111110100110001000011011111111111111111100111100101010111111001110110',,,0.18309859154929578
'101101010111110111000011011111111111111111111111100101111111111101110110',,,0.13380281690140844
'111011010111110110000001111111111111111111000111100101111111000101110110',,,0.22535211267605634
'000000010011111110000100000110010111101011000111110000111110000100001011',,,0.1619718309859155
'001010000100000110000100011110010111110000000110010000110111000101010100',,,0.28169014084507044
'010000000000001110000100011110000000010000011010010000011010000100001001',,,0.14788732394366197
'000010001011001110111100011110000000010000000000011010111000000111001000',,,0.2535211267605634
'001001010100000000000100011110000000010011000010010000100011000101010100',,,0.2535211267605634
'100101011000111111111011111001111111111111111100101111001100111111101010',,,0.22535211267605634
'101011110100110110000001111001101000011111011011100101111011001001110110',,,0.2323943661971831
'111001111111110001111001111111101000011111011001101111011001001011110110',,,0.18309859154929578
'011110110100000001000011000110000000001110111011110000010011111000010101',,,0.3028169014084507
'000000000000001000000100111000010111110000011110010000100110000100001001',,,0.14084507042253522
'010110001000001001111110100110010111100000100100011010100100110110001001',,,0.24647887323943662
'101101111111110001111011100111111111101111100101101111010101111011110110',,,0.16901408450704225
'000011110011111110000000100110000000001011011011110000011010000000001011',,,0.19718309859154928
'100110100000111111000111011001111111111100111110000101011110111001101010',,,0.23943661971830985
'111111111100110001111011011111101000011111111001101111010001111011110110',,,0.13380281690140844
'101101111000110001111011011111111111111111100101101111110101111011110110',,,0.11267605633802817
'000000001100001000111100111000000000010000011000011010000000000111001000',,,0.18309859154929578
'000110000011001000000110000110010111100000100110010000100110110100001001',,,0.19718309859154928
'100110111011111111111011111111111111111110100101101111011100111011101010',,,0.176056338028169
'010100000011001000000110100000010111100000100110010000100110110100001001',,,0.2112676056338028
'010001001011111110111100000110000000001001000001011010111000000110001011',,,0.24647887323943662
'101011111111110001111001011001111111111111000101101111000101001011110110',,,0.22535211267605634
'001010001111000000111100111000000000010000000000011010100001000111010100',,,0.23943661971830985
'111101110111110111000011000001101000001111111011100101111011111000110111',,,0.20422535211267606
'101111110111110111000011011111101000011111100011100101011011111001110110',,,0.16901408450704225
'101101111111010001111011011001111111111111100101101111100101111011110110',,,0.14788732394366197
'001000001100000000111100000110000000000000011000011010100001000110010101',,,0.19718309859154928
'010000000111001110000100000000010111100000011110010000111110000100011001',,,0.13380281690140844
'000010001000001110111100111000010111110000000100011010000100000110001001',,,0.1619718309859155
'110110101000000001111011111001101000010100100000001111000000111011100100',,,0.18309859154929578
'111100101111000001111010100111000000000100100000111010100001111010010101',,,0.2746478873239437
'000010000000001000000100011000000000010000000010010000000010000101001000',,,0.11971830985915492
'010010100000001110000100000110010111100100000110010000010110000000001001',,,0.15492957746478872
'000010000011111110000100000110000000000000000010010000011010000100001011',,,0.1619718309859155
'101111110111110001000011100111101000001111111011100101011011111100110111',,,0.24647887323943662
'100111111011111111111011100001101000001111111001101111011000111010101011',,,0.24647887323943662
'010001101011001000111100111110010111110011011100011010001100000011001000',,,0.28169014084507044
'111011011111000000111100111001000000010111011001111010101001001111010100',,,0.30985915492957744
'001001001100000000111100000000000000000000011000011010100001000110010101',,,0.20422535211267606
'101111111011110001111011000001101000001111100001101111100001111011110110',,,0.14084507042253522
'000000100000001110000100100000000000000100011010010000001010000000001001',,,0.1267605633802817
'000010001011001000000100100000010111100000011110010000001110000100001001',,,0.1267605633802817
'110010100000101000000100111001010111110100011110010000000110000001001000',,,0.21830985915492956
'000011001000101110111100100110000000000011011000011010111000000110001011',,,0.2323943661971831
'101111110111110111000011111111101000011111111011100101011011111101110110',,,0.1619718309859155
'101101010100110001000011000001111111101111100111100101100111111101110110',,,0.2112676056338028
'100110111011111111111011100111111111101111100101101111111100110010101011',,,0.2535211267605634
'101101110100000111000011100001101000001111111011100101011011111001110100',,,0.2323943661971831
'010001001000101110111100100000010111100001011100011010101100000110001001',,,0.22535211267605634
'110101000000111111000011111001111111111001111111000101011110111101111010',,,0.2605633802816901
'010000001011001000111100111000000000010000011000011010001000000110001001',,,0.18309859154929578
'010110100000001001000110100110010111100000100110010000100110111000101001',,,0.2676056338028169
'101111111000110111111011000111111111101111100101101111010101111011110110',,,0.1619718309859155
'101001110111110001000001011001101000011111000011100101100011001001110110',,,0.2112676056338028
'110000100000101110000100000001000000000100000010010000100010000000001011',,,0.15492957746478872
'010010001111001110111100000000010111100000000100011010001100000110001001',,,0.15492957746478872
'011010000100000000000100111000000000010000011010010000100011000101010100',,,0.2112676056338028
'101101110111110001000111011111101000011111111011100101011011111001110110',,,0.20422535211267606
'010100001100001000111110000000000000000000100000011010100000110110001001',,,0.19014084507042253
'101101111000110001111011100111111111101111111101101111010101111011110110',,,0.1619718309859155
'000000000011101110000100011000000000010000011010010000001010000100001011',,,0.13380281690140844
'000000000100001000000100111110000000010000011010010000000010000100001001',,,0.11267605633802817
'000110000000001001000110000110010111100000100110010000100110111000001001',,,0.21830985915492956
'011111011100110001111011000110111111101011100101101111110101111110110111',,,0.2112676056338028
'000100001000001001111110000000010111100000111100001011000100110110101001',,,0.2605633802816901
'000000001111001000111100000110000000000000011000011010001000000110001001',,,0.14084507042253522
'010000001000101110111100100110010111100000011100011010111100000110001011',,,0.20422535211267606
'101111111011110111111011100111111111101111111101101111111101111010110111',,,0.11971830985915492
'010010001100001000111100111110010111110000011100011010100100000111001000',,,0.2535211267605634
'000000000000001110000100100110000000000000011010010000111010000100001001',,,0.14084507042253522
'000100001100001110111110100110010111100000100100011010010100110110001001',,,0.21830985915492956
'111101110011110001000011100111101000001111100011100101110011111001110110',,,0.18309859154929578
'001000000100000110000100100110000000000000000010010000110011000100010101',,,0.19014084507042253
'111111111111110111111011100001111111101111111101101111011101111011110110',,,0.11267605633802817
'101011110011110001000001011001101000011111000011100101100011001001110110',,,0.2112676056338028
'010000001000001110111100111000010111110000000100011010100100000111001000',,,0.23943661971830985
'000010000011101110000100100110000000000000011010010000011010000100001011',,,0.11971830985915492
'111111111111110001111011000111101000001111111001101111111001111110110111',,,0.16901408450704225
'000011001111001000111100100000010111100001011100011010101100000110001001',,,0.2112676056338028
'111101111000110111111011100001101000001111111001101111011001111011110110',,,0.1619718309859155
'110001111000111110111001100111111111101111011101101111111100000011101010',,,0.2535211267605634
'000000000011001110000100011000000000010000011010010000001010000100001001',,,0.11971830985915492
'010000001011001000111100000000010111100000000100011010100100000110001001',,,0.1619718309859155
'010100000000001000000110111110010111110000111110010000000110110100001001',,,0.22535211267605634
'010010000100001110000100111000000000010000000010010000100010000100001001',,,0.13380281690140844
'000100100111001000000110100110010111100000100110010000000110110000001001',,,0.2112676056338028
'001001011111110110111000011000001000011011011001101111111001000111110110',,,0.24647887323943662
'111100000100000001000111111001101000010100111010010100100011111101110100',,,0.2323943661971831
'000010001000001110111100000000010111100000000100011010000100000110001000',,,0.1619718309859155
'000001100011001000111100000000010111100000011100011010001100000010001001',,,0.18309859154929578
'000100000000001000000110000000010111100000111110010000100110110100101001',,,0.2112676056338028
'011011000100000000000100011110000000010011000010010000000011000101010100',,,0.24647887323943662
'111101110100110001000011111001111111111111111111100101000111111001110110',,,0.18309859154929578
'010010000000001000000100111000010111110000000110010000100110000101001000',,,0.19014084507042253
'010000000000001000000100100110010111100000000110010000100110000100001001',,,0.1267605633802817
'101101111100110001111011100111101000001111100001101111110001111010110111',,,0.19014084507042253
'101101111011110001111011000001101000001111100001101111000001111010110111',,,0.21830985915492956
'111111111111110111111011000001111111101111100101101111111101111010110111',,,0.14788732394366197
'000001010011001110000100000000010111100011000111010000101110000100001001',,,0.16901408450704225
'010010000111001110000100000000000000000000000010010000101010000100001001',,,0.13380281690140844
'110011111011111110111001011001101000011111000001101111001000000011101010',,,0.2605633802816901
'000100100011101001000010100111011111100100111111100001101110111100101001',,,0.352112676056338
'001111010111110001000111011110101000011011111011100101111011111101110110',,,0.16901408450704225
'101111010111110111000011000001101000001011111011110101111011111100110111',,,0.2605633802816901
'111101110100010001000011111111101000011111100011100101110011111001110110',,,0.1619718309859155
'000010000000101110000100100110000000000000011010010000111010000100001011',,,0.1619718309859155
'010000001111001110111100111000000000010000011000011010101000000111001000',,,0.24647887323943662
'110011110000111110000001111001111111111111011111100101101110000101101010',,,0.2746478873239437
'111101111100110001111011100111101000001111111001101111110001111010110111',,,0.176056338028169
'100110101000001111111011000001111111100100100100001111000100111011101000',,,0.23943661971830985
'000011001000001110111100100000000000000001011000011010001000000110001001',,,0.16901408450704225
'010010001100001000111100011000010111110000011100011010100100000110001001',,,0.19014084507042253
'000000100111001000000100011000010111110000000110010000000110000001011000',,,0.20422535211267606
'110000100000001110000001111111111111111100000110000101010110000001101000',,,0.3028169014084507
'101001111111110110111001111001101000011111011001101111011001001011110110',,,0.2112676056338028
'001010000100000000000100011110000000010010000010010000100011000001010100',,,0.2676056338028169
'010011010000111110000100100110000000001011011011010000111010000100001011',,,0.22535211267605634
'110010100000101110000100011001011111110100011110010000001110000001001000',,,0.2535211267605634
'110101111000111111111011100001111111101111111101101111101100111010101011',,,0.2605633802816901
'000010001000001000111100100000000000000000011000011010000000000010001001',,,0.1267605633802817
'101101111000110001111011111111111111111111100101101111110101111011110110',,,0.1056338028169014
'011110011111000001111010000000000000000010100001111010000001111010010101',,,0.29577464788732394
'111101010100110111000011000111101000001111111011100101111011111100110111',,,0.22535211267605634
'010010001000001000111100011110000000010000011000011010100000000110001001',,,0.19014084507042253
'010000000111001110000100011000000000010000000010010000001010000100001001',,,0.1267605633802817
'010110000011001001000110000110010111100000100110010000000110110100001001',,,0.19718309859154928
'111001110100110001000001011001101000011111011011100101100011001001110110',,,0.19718309859154928
'000010000011001000000100111110010111110000011110010000101110000101001000',,,0.2112676056338028
'111111110100110001000011100111101000001111100011100101110011111000110111',,,0.2112676056338028
'011010101100000000111100111001010111110100000100011010100101001111010100',,,0.2676056338028169
'111101110000110001000011111001111111111111111111100101100111111001110110',,,0.1619718309859155
'010000001011001110010100000000010111100000000100011010001110000110001001',,,0.14788732394366197
'111111111100110111111011011001111111111111111101101101111101111011110110',,,0.09154929577464789
'111111111100110001011011111111111111111111100101101101010111111011110110',,,0.14084507042253522
'101101110011110001000011111111101000011111100011100101010011111001110110',,,0.18309859154929578
'101101110100110111000011011001101000011111100011100101010011111001110110',,,0.19718309859154928
'110100100000001111000111111001111111110100100110000101000110111001101000',,,0.2535211267605634
'001000001100000110111100100000000000000000000000011010110001000110010101',,,0.20422535211267606
'000100100000001111000110100110000000000100111010010000011010111000001001',,,0.2323943661971831
'111001110100110001000001111001111111111111000111100101100111001001110110',,,0.18309859154929578
'000000001011001110111100111000000000010000000000011010001000000111001000',,,0.2112676056338028
'011001110011110110000000100001000000001111011011110000111011000000010111',,,0.24647887323943662
'100100101000111111111011000111111111101100100100001111010100111010101011',,,0.2676056338028169
'010010001011001000000100011000010111110000000110010000000110000101001000',,,0.18309859154929578
'010000001000001110111100111110000000010000011000011010011000000111001000',,,0.23943661971830985
'010001010011111110000100000000000000001011011010010000011010000100001011',,,0.19718309859154928
'100100101011001001111011100111111111100100100100001111000100111010101001',,,0.29577464788732394
'100111110011111111000011000111111111101111111111100101011110111001101010',,,0.176056338028169
'101110111111000001111011011001101000011111111001101111101001111011110100',,,0.19718309859154928
'101101110000110001000011111111111111111111100111100101110111111001110110',,,0.14788732394366197
'000110000100001000000110100000000000000000100010010000000010110100001001',,,0.13380281690140844
'010010100011001000000100111110000000010000011010010000001010000001001000',,,0.2112676056338028
'010000001000101000111100011000000000010000011000011010000000000111001000',,,0.19718309859154928
'110100101000111111111011000111111111101100100100001111010100111010101011',,,0.28169014084507044
'101111111011110001111011111001111111111111100101101111100101111011110110',,,0.11267605633802817
'111110101100000001111011111001111111110100111100001111100101111011110100',,,0.176056338028169
'011110001100000001111110000000010111100000100100011010100101111110010101',,,0.2323943661971831
'110011100000111110000001011111111111111100000110000101010110000001111010',,,0.2887323943661972
'111101110100110001000011111001111111111111100111100101100111111001110110',,,0.14084507042253522
'000000001100001110111100000110010111100000011100011010111100000110001001',,,0.176056338028169
'111011010100110111100001011111101000011111011001101111111001001101110110',,,0.21830985915492956
'111111110111110111000011111111101000011111100011100101011011111001110110',,,0.14788732394366197
'101011010100110110101001111000101000011011011001111111011001000101110110',,,0.2887323943661972
'101111111011110001111011100111111111101111100101101111110101111011110110',,,0.1267605633802817
'101011110011110001000001111111101000011111011011100101011011001001110110',,,0.22535211267605634
'010000000100001000000100000000010111100000011110010000100110000100001001',,,0.11267605633802817
'100110101000001001111110000111110111100100111100001010000100111010001001',,,0.2676056338028169
'100011110000111110000001011111111111111111000110000101010110000001111010',,,0.2676056338028169
'100001110011111110000001011111111111111111011111100101111110000001101010',,,0.20422535211267606
'000000000011111000000100000110010111100000011110010000101110000100001011',,,0.14788732394366197
'010000101000001000111100111000010111110100000100011010000100000011001000',,,0.22535211267605634
'001000001111000000111100111000000000010000000000011010100001000110010101',,,0.20422535211267606
'000000101000001000111100011000000000010000000000011010000000000011001000',,,0.176056338028169
'110110100011111111000011000001101000001100100011100101011010111000101011',,,0.30985915492957744
'101110110100110001000011111111101000011100111011110101010011111001110110',,,0.2323943661971831
'101111110111110111000011011001111111111111111111100101011111111001110110',,,0.14788732394366197
'111101110100110111000011100111111111101111111111100101011111111001110110',,,0.1619718309859155
'000100101011001110111110000110000000000000100000011010011000110010001001',,,0.22535211267605634
'001100100100000001000110100000000000000000100010010000100011111000010101',,,0.2323943661971831
'000010000100001000000100011110010111110000000110010000100110000101001000',,,0.19014084507042253
'010110001000001000111110000000000000000000100000011010000000110110001001',,,0.1619718309859155
'100011111011111110111001000111111111101111011101101111111100000011101010',,,0.22535211267605634
'111110101000110111111011111111101000011100100001101111010001111011110110',,,0.1619718309859155
'111110100100010111000011011001111111111100100110000101110111111001110110',,,0.20422535211267606
'010010001000001000110100011110000000010000011010010000000010000100001001',,,0.14788732394366197
'101011111111110111100001111001111111111111000101100111111111001001110110',,,0.2112676056338028
'101101111011110111111011000001111111101111111101101111011101111010110111',,,0.176056338028169
'101001111000110001111001111001111111111111000101101111100101001011110110',,,0.1619718309859155
'111101111000110111111011111001111111111111111101101111011101111011110110',,,0.11267605633802817
'011001011111110000111001011110000000011011011001111111111001000111110110',,,0.2535211267605634
'000010001000001000111100100000010111100000011100011010100100000110001001',,,0.1619718309859155
'011011000100000000000100100000000000000000000010010000100011000100010101',,,0.1619718309859155
'000110001011001001111110100000000000000000100000001010000000110010001001',,,0.21830985915492956
'111011110011110001000001111001111111111111000111100101100111001001110110',,,0.2112676056338028
'111011111011110001111001011001101000011111011001101111101001001011110110',,,0.19014084507042253
'101101011100110111111011111001111111111111111101101111011101111111110110',,,0.14084507042253522
'000000000100001000011100000110010111100000011110011000000100000110001001',,,0.15492957746478872
'111101111111110001010011011001111111111111111101100101101111111011110110',,,0.16901408450704225
'100111111011111111111011000111111111101111100101101111011100111011101010',,,0.176056338028169
'111111110100110111000011000001101000001111100011100101110011111100110111',,,0.2323943661971831
'010010001000111110111100000110010111100000000100011010010100000110001011',,,0.21830985915492956
'010000001000001110010100111000000000010000000010010000000010000110001001',,,0.11971830985915492
'100111110000110111000011111001111111111111111111100101101110111001101000',,,0.19718309859154928
'010110100011001001000110100110000000000000100010010000000010111000001001',,,0.22535211267605634
'010100000111001000000110100000000000000000111010010000001010110100001001',,,0.19014084507042253
'011011001000111000111100100110010111101001000101001010000100000110011011',,,0.22535211267605634
'111111111111110111011011111111101000011111111001101111111001111011110110',,,0.07746478873239436
'000010001100001000111100111000010111110000011100011010100100000110001001',,,0.19718309859154928
'101111111011110001111011111001101000011111111001101111101001111011110110',,,0.11267605633802817
'111101111111110001111011100111111111101111100101101111110101111011110110',,,0.1267605633802817
'101111010111110111000111000000101000001011111011110100111011111100010111',,,0.2676056338028169
'010010001100001000111100011110000000010000000000011010000000000111001000',,,0.18309859154929578
'010100001011111111111111000000111111101000100100001111011100110110101011',,,0.323943661971831
'110011111000111110111001111001111111111111011101101111001100000111101010',,,0.2605633802816901
'000010001011001000111100100110010111100000000100011010100100000110001001',,,0.176056338028169
'000010001100001110110100100110000000000000000000010010110000000110001001',,,0.18309859154929578
'101111111111110111111011100001111111101111111101101111011101111011110110',,,0.1267605633802817
'111011110111110111000001100001111111101111011111100101111111001001110110',,,0.19718309859154928
'110110110011111111001011011111111111111111111110100101011110111001101010',,,0.2112676056338028
'011000010111000110000100011000010111110010011111110000101111000001000100',,,0.28169014084507044
'010110001000001110111110100000000000000000100000001010000000110110001001',,,0.20422535211267606
'110111110011111111000011000001101000001111111011100101011010111000001011',,,0.2605633802816901
'111101111011110111111011011111101000011111100001101111111001111011110110',,,0.09859154929577464
'101111111100110001110011011001111111111111111111100101100111111011110110',,,0.18309859154929578
'001000001100000000111100011110000000010000000000011010100001000111010100',,,0.23943661971830985
'101111111100110111111011000001101000001111100001101111010001111010110111',,,0.21830985915492956
'000010001000001000111100111000010111110000011100011010000100000011001000',,,0.21830985915492956
'111011110100110111000001011001101000011111000011100101010011001001110110',,,0.24647887323943662
'101101111000110111111011000111111111101111100101101111110101111011110110',,,0.14084507042253522
'101111110000110001000011000001101000001111100011100101100011111001110110',,,0.16901408450704225
'101011110100110001000001111001101000011111011011100101000011001001110110',,,0.23943661971830985
'010110000011001000000110011110010111110000100110010000000110110100001001',,,0.2112676056338028
'111100101100000001111111111001101000010100100000001111000001111011110100',,,0.176056338028169
'000000001111001110111100100000000000000000011000011010101000000110001001',,,0.176056338028169
'101100100100000111000011011001101000010100100010010100110011111001110100',,,0.2887323943661972
'001100000100000001000110000110000000000000111010010000100011111100000101',,,0.2323943661971831
'101011111111110111111001111001111111111111011101101111011101001011110110',,,0.18309859154929578
'010010001100001110111100011110000000010000000000011010110000000110001001',,,0.2112676056338028
'010001001000111110111100100000010111100000011100011010001100000110001011',,,0.21830985915492956
'010010000111001110000100011000010111110000000110010000001110000100001001',,,0.14084507042253522
'000000000011001000111100111000000000010000000000011010000000000111001000',,,0.176056338028169
'001100100100000001000110100110000000000100111010010000010011111000010101',,,0.2676056338028169
'011110101100000001111110100110000000000000100000011010110001111010010101',,,0.23943661971830985
'111111111100110001111011011001101000011111100001101111000001111011110110',,,0.11971830985915492
'000001000000001110000100000000000000000001000010010000100010000100001001',,,0.1056338028169014
'111101110100110001101011100111101000001111100011100101110001111000110111',,,0.2112676056338028
'101111111011110001111011100001101000001111100001101111100001111011110110',,,0.13380281690140844
'110111110011111111000011111001111111111111100111100101011110111001101010',,,0.19718309859154928
'010000000100001110000100100000010111100000000110010000100110000100001001',,,0.11971830985915492
'000010100000001110000100011001000000010100011010010000001010000001001000',,,0.19718309859154928
'010010001000001110111100111110010111110000000100011010110100000110001001',,,0.2323943661971831
'010010000111001000000100111000000000010000011010010000001010000101001000',,,0.18309859154929578
'010000001111001000111100011000010111110000000100011010000100000110001001',,,0.15492957746478872
'111101111111110001111011000111111111101111100101101111110101111011110110',,,0.13380281690140844
'111111110100010001000011011001101000011111111011100101100011111001110100',,,0.1619718309859155
'010010100000101110000100100110010111101100011111110000011110000000001001',,,0.176056338028169
'111101110111110001000011100111101000001111100011100101010011111000110111',,,0.24647887323943662
'000000001011001000000100100110010111100000011110010000101110000100001001',,,0.14788732394366197
'111011111100110001111001111111111111111111011101101111100101001011110110',,,0.19014084507042253
'000100001011001000111110000110000000000000111000011010001000110110001001',,,0.20422535211267606
'100110101111001001111011011001111111110100111100101111001100111011101000',,,0.24647887323943662
'101101110111110111000011000001101000001111111011100101011011111001110110',,,0.20422535211267606
'000010001100001000111100000110000000000000000000011010100000000110001001',,,0.14084507042253522
'101111110011110111000011100001101000001111111011100101011011111001110110',,,0.18309859154929578
'010010000111001000000100011110000000010000000010010000000010000100001001',,,0.11267605633802817
'010110000000001110000110000000010111100000100110010000100110110100001001',,,0.19718309859154928
'001011011111110000111000100110000000000011000001111010100001000110010111',,,0.2676056338028169
'000010001100001000111100011110000000010000011000011010000000000110001001',,,0.15492957746478872
'111101110111110111000011111001101000011111111011100101111011111101110110',,,0.14084507042253522
'001100010111000111000110111110000000010011111011110000111011111100010101',,,0.24647887323943662
'110001101000111110111001011001111111110101000100001111100100000011101010',,,0.2535211267605634
'101101111011110111111011111111111111111111100101101111111101111011110110',,,0.07042253521126761
'000100100000001001000110100111010111100100111110010000000110111000001001',,,0.2323943661971831
'101111110100110001000011100001101000001111111011100101000011111001110110',,,0.2112676056338028
'000000001011001000111100011110000000010000011000011010101000000110001001',,,0.19014084507042253
'011001011111110110000000000110000000001011011011110000111011000100010111',,,0.21830985915492956
'010110101000101001111010100111010111100100100100001011000100111010101011',,,0.28169014084507044
'101111011100110111111011100001101000001111111001101111011001111110110111',,,0.22535211267605634
'000110000000001000000110100000000000000000100010010000100010110100001001',,,0.15492957746478872
'111111111100110111111011011111111111011111100101101111110101111011110110',,,0.11267605633802817
'000010001111001000111100011110000000010000011000011010001000000110001001',,,0.176056338028169
'111101111011110001111011000111111111101111100101101111110101111011110110',,,0.14084507042253522
'111001110000110111000001100111111111101111011111100101111111001001110110',,,0.19718309859154928
'101101011111110111111011000000101000001011100001101111111001111110110111',,,0.21830985915492956
'010100000111001000000110100000010111100000100110010000000110110100001001',,,0.176056338028169
'101111110011110001000011100111111111101111111111100101111111111001110110',,,0.13380281690140844
'010110000000001110000110100110010111100000111110010000111110110100001001',,,0.2112676056338028
'010100001100001000111110000110000000000000111000011010000000110110001001',,,0.19014084507042253
'111001110000110111000001111001101000011111011011100101111011001001110110',,,0.20422535211267606
'101011111000110001111001011001111111111111000101101111000101001011110110',,,0.20422535211267606
'010010001011001110111100111110000000010000000000011010111000000111001000',,,0.2746478873239437
'101111111000110111111011111111111111111111100100101111110101111011110110',,,0.11267605633802817
'000100000111001000000110011110010111110000100110010000000110110100001001',,,0.2112676056338028
'101101111100110001111011011001101000011111111001101111000001111011110110',,,0.15492957746478872
'110100101000111001111011100111101000000100111000001111000000111010101011',,,0.28169014084507044
'101101111111110001111011000111111111101111111101101111111101111110110111',,,0.16901408450704225
'111111110111110001101011111001111111111111100111100101100101111001110110',,,0.14084507042253522
'111101011100110111111011011111111111111111100101101111110101111111110110',,,0.1267605633802817
'000100000000001110000110111000000000010000111010010000001010110100001001',,,0.2112676056338028
'100110010011000111000011111001101000010111111011110101011010111101101000',,,0.2605633802816901
'011010000100000110000100011000010111110000000110010000110111000101010100',,,0.2676056338028169
'000100111011011111111010000111000000001100111001101110011000111110001011',,,0.28169014084507044
'000000000011001000000100011000010111110000011110010000101110000101001000',,,0.19718309859154928
'111101111000010111111011111001101000011111100001101111010001111011110100',,,0.15492957746478872
'001101011111110111111010100000100000001011111001101111111001111110010111',,,0.2323943661971831
'010010001000001000111100011000010111110000000100011010100100000111001000',,,0.22535211267605634
'010110001011111111111111000110111111101000100100001111011100110110101011',,,0.3028169014084507
'001001011111110110111000000000000000001011011001111010111001000010010111',,,0.2605633802816901
'101101111000110001111011000111111111101111100101101111110101111011110110',,,0.14084507042253522
'000110000011001110000110100110000000000000111010010000011010110100001001',,,0.1619718309859155
'001000100100000110000100011000000000010000000010010000110011001001010100',,,0.28169014084507044
'111110110111000001000011111001111111111100100111100101100111111001110100',,,0.22535211267605634
'010010000011001110000100111000000000010000011010010000101010000101001000',,,0.21830985915492956
'001010111000011110111000100111000000001100000001111010010001000010011101',,,0.2605633802816901
'101100100100110111000011111001111111111100100111100101110111111001110110',,,0.18309859154929578
'101100110111010001000011111111101000011100100011100101010011111001110110',,,0.2323943661971831
'011011011111000000100100111000000000010011011001110010101001000100010101',,,0.2605633802816901
'100111110011111001000011100111111111101111111111100101001110111000101011',,,0.2535211267605634
'011010001100000000111100111000000000010000011000011010100001000110010101',,,0.19718309859154928
'110011111000111110111001111001101000011111011001101111001000000011101010',,,0.2676056338028169
'100000000011111110000001111111111111111000000111100101011110000101101010',,,0.2535211267605634
'000000001011001110111100000110010111100000011100011010011100000110001001',,,0.1267605633802817
'000110100000101111000111100001000000000100111010010000001010111000001001',,,0.2605633802816901
'010000000111001000000100100110000000000000011010010000101010000100001001',,,0.13380281690140844
'010011011011101110111100000110010111100111000100011010011100000110001001',,,0.22535211267605634
'010010001000001000010100100110000000000000000000011000000010000110001001',,,0.11971830985915492
'110111010000111111000011100001111111101111111111100101001110111100101011',,,0.2887323943661972
'010111100011001111000111100000011111100011100110010000111110110000001001',,,0.3028169014084507
'001001011111000000111100000110000000000011000001111010110001000110010101',,,0.24647887323943662
'011001011011000000111000100000000000000011011001111010101001000110010101',,,0.23943661971830985
'010000001111001000111100111110000000010000000000011010000000000110001001',,,0.15492957746478872
'101101110100110001000011000111111111101111100111100101110111111100110111',,,0.24647887323943662
'101101110011110111111011011111101000011111100001101111111001111001110110',,,0.1267605633802817
'000011010011111110000100000110000000001011011011010000111010000100001011',,,0.19014084507042253
'111001111011110001111001111111101000011111011001101111111001001011110110',,,0.1619718309859155
'000100000011001111000110100001010111100100111110010001011110110100001001',,,0.2676056338028169
'010100000011001001000110100000000000000000111010010000001010111100001001',,,0.2323943661971831
'000000001011001000111100100110000000000000000000011010000000000010001001',,,0.13380281690140844
'010010001000001000111100111110000000010000000000011010100000000110001001',,,0.18309859154929578
'101110111011110111111011100111101000001111100001101111111001111010110111',,,0.176056338028169
'001000001100001110111100111000010111110000000100011010110101000110011001',,,0.23943661971830985
'111101111011110001111011011111111111111111100101101111110101111011110110',,,0.11267605633802817
'000000001011001110111100111110000000010000011000011010011000000111001000',,,0.2112676056338028
'010011000000001000000100011000010111110001011110010000000110000001101000',,,0.19718309859154928
'101110110100110111000011111111111111111111100111100101010111111001110110',,,0.19718309859154928
'000011000000111110000100000110010111100011011110010000011110000100001011',,,0.18309859154929578
'011110110100000001000010000000000000000011100011110000000011111000010101',,,0.2887323943661972
'000000000111001110000100111000010111110000000110010000001110000101001000',,,0.18309859154929578
'000000000111001110000100000110000000000000000010010000111010000100001001',,,0.14084507042253522
'000000001100001000111100000000010111100000011100011010000100000110001001',,,0.1267605633802817
'101101010100110111000011000111111111101111111111100101111111111100110111',,,0.21830985915492956
'000111001011001001111110000000010111100001111100001011001100110110101001',,,0.28169014084507044
'101111110111110111000011000001101000001111100011100101011011111001110110',,,0.2112676056338028
'101011011111110110111001011111111111111111011101101111111101000111110110',,,0.20422535211267606
'010000000011001110000100111000000000010000000010010000101010000101001000',,,0.2112676056338028
'001010000100000110000100100110000000000000000010010000110011000100010101',,,0.19718309859154928
'111101110011110001000011011111101000011111111011100101111011111001110110',,,0.14084507042253522
'010010000011001110000100011110010111110000011110010000011110000100001001',,,0.13380281690140844
'101011110111110111000001011001111111111111000111100101111101001101110110',,,0.22535211267605634
'111111111011110111111011100001111111101111100101101111111101111011110110',,,0.1056338028169014
'001001011100000000111100000000000000000011011001111010100001000110010101',,,0.2323943661971831
'100101100000111111000011000001111111101101100111000101000110111000101011',,,0.2605633802816901
'010011011011111110111100111000000000011011011001001011001000000111101010',,,0.29577464788732394
'000010101000011110111000111110000000011000000000001010000000000011101000',,,0.23943661971830985
'011110000111000001000110111110000000010000100010010000010011111100010101',,,0.24647887323943662
'100110111011001001111011011111111111110100111101101111001100111011101000',,,0.23943661971830985
'001111010111100001000110100000010111101011111111110000111111111100010101',,,0.2676056338028169
'101001111100110001111001100111111111101111000101101111100101001011110110',,,0.2112676056338028
'011001001100000000111100111110000000010000000000011010100001000111010100',,,0.23943661971830985
'011100010100110111000010000110000000001010100011110100110011111000010111',,,0.33098591549295775
'111101111111110001011011011001101000011111100011101101000011111011110110',,,0.1619718309859155
'011000111100000110111100000001000000001100000001111010110001000010010101',,,0.24647887323943662
'101101010100110111000111000000100000001011111011110100011011111100010111',,,0.3380281690140845
'111011010100110001000001011001111111111111011111100101100111001001110110',,,0.2323943661971831
'010110001100001001111110100000010111100000111100001011000100110110101001',,,0.2676056338028169
'010010000000001110000100111000010111110000000110010000100110000101001000',,,0.20422535211267606
'000010001011001110111100111110000000010000011000011010011000000111001000',,,0.21830985915492956
'111100100100010111000011011001111111111100100110000101110111111001110110',,,0.2112676056338028
'101101111000110001111011011001101000011111100001101111000001111011110110',,,0.13380281690140844
'101111010111110001100111100110101000001011111011110100111001111100010111',,,0.2676056338028169
'010000001111001110111100011110000000010000000000011010111000000110001001',,,0.2112676056338028
'000110100011001001000111100111010111100100100110010000000110111000001000',,,0.28169014084507044
'000011000011001110000100100000010111100000011110010000101110000100001001',,,0.1619718309859155
'111111110000110111000011011111101000011111111011100101011011111011110110',,,0.176056338028169
'000110001111001000111110100000010111100000111100011010001100110110001001',,,0.21830985915492956
'111101111000110111111011111111111111111111100101101111010101111011110110',,,0.13380281690140844
'111101110111110111000011100001111111101111100111100101011111111001110110',,,0.176056338028169
'000011011000111110111100111110001000011011011001111010011000000110001011',,,0.2676056338028169
'101001010111110110000101111000111111111011011111100101111111000101010110',,,0.24647887323943662
'010110001100001000111110000110010111100000100100011010000100110110001001',,,0.19014084507042253
'000011011011111000111100100110010111101011011101001010001100000110001011',,,0.22535211267605634
'111101111011110111111011100111101000001111111001101111111001111010110111',,,0.14788732394366197
'110100000011111111000011100111111111101100100110100100011110111100101011',,,0.3380281690140845
'001111011100110111111011100110011111101011111101101111111101111110010111',,,0.1619718309859155
'111101111000110111111011011111101000011111111001101111111001111011110110',,,0.09859154929577464
'010000001111001000111100100110010111100000011100011010011100000110001001',,,0.15492957746478872
'010100000100001000000110100000000000000000111010010000000010110100001001',,,0.15492957746478872
'010000000011001110000100011110010111110000000110010000011110000101001000',,,0.18309859154929578
'111001111011110111111001111111111111111111000101101111111101001111110110',,,0.15492957746478872
'000110000111001110000110011000000000010000111010010000011010110100001001',,,0.20422535211267606
'010010000011001110101100011000000000010000011000011010001000000111001000',,,0.22535211267605634
'010110000100001000000110100000010111100000100110010000100110110100001001',,,0.18309859154929578
'111111110111110001000011100111111111101111100111100101110111111001110110',,,0.1619718309859155
'110010101000001000111000111001010111110100011100001011000100000011101000',,,0.2605633802816901
'010010001011001110111100011000010111110000000100011010101100000110001001',,,0.21830985915492956
'011110000100000111000110000110000000000000100010010000010011111100010101',,,0.23943661971830985
'100011111011111000111001100111101000001111011001101111001000000011101010',,,0.2676056338028169
'111011111011110110111001111111101000011111000001101111111001000011101110',,,0.2605633802816901
'101100111100000001111011011001111111110110100101101111100101111011110100',,,0.19014084507042253
'111111110100110111000011100001111111101111111111100101011111111000110111',,,0.2112676056338028
'001100000100000001000110000000000000000000111010010000000011111100010101',,,0.24647887323943662
'111111111111110111111011111111111111111111111101101111011101111001110110',,,0.08450704225352113
'101110100100000001000010100001101000000100111010100000100011111000010101',,,0.30985915492957744
'000010001011001110111100011000000000010000011000011010001000000110001001',,,0.16901408450704225
'011001010100000000000100100110000000000011000011110000100011000100010101',,,0.19718309859154928
'000011001011001000111100011000010111110000011100011010001100000111001000',,,0.23943661971830985
'101101110111110111000011100111101000001111100011110100111011111000010111',,,0.2535211267605634
'111111111011110111111011100111111111101111111101101111111101111010110111',,,0.11971830985915492
'101111110111110111000011100001101000001111111011100101011011111001110110',,,0.19014084507042253
'111111111100110111111011100001101000001111100001101111110001111010110111',,,0.16901408450704225
'000010101011101000111100000111001000000100000000011010000000000010001001',,,0.18309859154929578
'111101110100110001000011000111111111101111111111100101110111111001110110',,,0.176056338028169
'101100111100110001111011000001101000001100100001101111100001111011110110',,,0.16901408450704225
'101101110100000001000011111001101000010111100011100101000011111001110100',,,0.2112676056338028
'111111111000110001111011111111101000011111100001101111010001111011110110',,,0.13380281690140844
'011111010111010001000110000000010111100011111111110000101111111100010101',,,0.29577464788732394
'010010001100001110000100000110010111100000000110010000110110000100001001',,,0.1619718309859155
'010010101011001000111100011000000000010000011000011010001000000011001000',,,0.24647887323943662
'010000000100001000000100100000010111100000000110010000000110000100001001',,,0.07746478873239436
'101111110111110111000011000111101000001111111011100101011011111001110110',,,0.18309859154929578
'100001110011111000000001111111111111111111011111100101101110000001101010',,,0.23943661971830985
'101101111100110111111011000001101000001111111001101111011001111011110110',,,0.176056338028169
'001101010100010111000110100110000000001011111011110100111011111100010101',,,0.29577464788732394
'111111111100110111111011000111101000001111111001101111111001111011110110',,,0.11267605633802817
'010010001011001000111100111000000000010000011000011010001000000111001000',,,0.2323943661971831
'010011001011001110111100111000010111110000011100011010001100000110001001',,,0.21830985915492956
'100110101000001111111011011001111111110100100100001111000100111011101000',,,0.2112676056338028
'101111110100010111000011011001101000011111100011100101010011111001110100',,,0.20422535211267606
'111101110100110001101011100111101000001111100001101111110001111000110111',,,0.19014084507042253
'010000000000101110000100000000000000000000000010010000000010000100001011',,,0.08450704225352113
'000000101000001000111100100000010111100100000100011010100100000010001001',,,0.16901408450704225
'000001001011101000111100000110010111100001011100011010101100000110001001',,,0.20422535211267606
'001011010111110110000101011110100000011011000011110100111011000101010110',,,0.29577464788732394
'101101111011110001111011100001101000001111111001101111001001111010110111',,,0.21830985915492956
'101101011111110111111011011111101000011011100001101111111001111111110110',,,0.13380281690140844
'111011110100110111000001011001101000011111000011100101110011001001110110',,,0.21830985915492956
'111111111111010001111011111001101000011111100001101111000001111011110100',,,0.14084507042253522
'010000000111001110000100011110010111110000011110010000011110000101001000',,,0.1619718309859155
'101111110000110001000011000001111111101111100111100101100111111001110110',,,0.176056338028169
'111111111000110001111011011001111111111111111101101111100101111011110110',,,0.11971830985915492
'010010001111001000111100011000010111110000000100011010000100000111001000',,,0.20422535211267606
'010010000100001000000100111110000000010000011010010000100010000100001001',,,0.14788732394366197
'010000000100001110000100000000010111100000011110010000101110000100001001',,,0.13380281690140844
'010000000100001110000100011110000000010000011010010000011010000100001001',,,0.14084507042253522
'001101010111110111000111000110111111101011100111100101111111111100110111',,,0.23943661971830985
'101011110111110110000001111111101000011111011011100101011011000001110110',,,0.23943661971830985
'000000000000001000000100000000000000000000000010010000100010000100001001',,,0.07042253521126761
'011011001100010110111100100000000000001001000001011010110001000110010101',,,0.2535211267605634
'100101010000111111000011100001111111101111111101101101001110111110101011',,,0.3028169014084507
'000010000000001000000100011000010111110000000110010000100110000101001000',,,0.16901408450704225
'010010000011001000000100011000010111110000011110010000001110000101001000',,,0.19014084507042253
'010001011011111110111100011110010111111011011101101010111100000110001011',,,0.2323943661971831
'101001110100110110000001111111101000011111011011110100011011000001010110',,,0.2887323943661972
'010101000011001000000110000000010111100000111110010000101110110100001001',,,0.24647887323943662
'000000001111001110111100111000000000010000000000011010101000000110001001',,,0.20422535211267606
'110011111011111110111001111111101000011111000001101111011000000011101010',,,0.2676056338028169
'010000111011101000111000111110010111110110011101101011001100000011101010',,,0.3028169014084507
'001100001100000001111110000000000000000000111000011010000001111110010101',,,0.24647887323943662
'011110001100001001111110100000010111100000100100011010000101111110011001',,,0.22535211267605634
'100110111011111111111011011111111111111111100101101111011100111011101010',,,0.16901408450704225
'010010001000001110111100100110000000001010011001011010011000000010001001',,,0.22535211267605634
'010100100000001000000110100000010111100000100110010000000110110000001001',,,0.19014084507042253
'000010001111001000111100011110000000010000000000011010000000000111001000',,,0.19718309859154928
'111011011111110110111001111111101000011111000001101111111001000111110110',,,0.21830985915492956
'101001111011110001111001000001111111101111000101101111100101001011110110',,,0.2112676056338028
'000011001011001110111100100110010111100000000100011010011100000110001001',,,0.176056338028169
'010000001011001000111100111110010111110000000100011010100100000110001001',,,0.2112676056338028
'111111110100110001000011100111111111101111111111100101010111111000110111',,,0.2323943661971831
'101111110100110111000111011111111111111111111111100101111111111001110110',,,0.14788732394366197
'110001011011111000111001111111111111111011011101101111001100000111101010',,,0.2535211267605634
'010000001111001000111100100000000000000000011000011010101000000110001001',,,0.176056338028169
'111011111100110111111001111111111111111111000101101111110101001011110110',,,0.176056338028169
'010000000011001110000100000000010111100000011111010000001110000100001001',,,0.1267605633802817
'000110000000001001000110011110000000010000111010010000000010110000001001',,,0.20422535211267606
'000010000000001000111100111000000000010000000000011010000000000111001000',,,0.16901408450704225
'111111111100110001011011100111101000001111100001101101110001111010110111',,,0.18309859154929578
'001011001100000000011100111110000000010001011000011010000011000111010100',,,0.29577464788732394
'000011011011111110111100100110000000001011000001111010011000000110001011',,,0.2323943661971831
'110110101011111001111011100111111111101100111101101111101100111010101011',,,0.28169014084507044
'110001110011111110000001011111101000011111000011100101011010000101101010',,,0.2676056338028169
'000010000000001110000100100000000000000000000010010000100010000100001001',,,0.09859154929577464
'100011111000111110111001111001101000011111011001101111001000000011101010',,,0.2535211267605634
'010010000000001110000100111000000000010000011010010000101010000100001001',,,0.176056338028169
'110111111011111111111011100001101000001111111001101111011000111010101011',,,0.2605633802816901
'000110100011001001000110100001010111100100100110010000100110111000001001',,,0.22535211267605634
'000000001000001000111100011110000000010000000000001010000000000111001000',,,0.19014084507042253
'101111111000010111111011011001111111111111100101101111010101111011110100',,,0.14788732394366197
'011111010111110111000111000110111111101011100111100101111111111100110111',,,0.21830985915492956
'111101111011110111111011011001111111111111100101101111111101111011110110',,,0.09154929577464789
'000000000000001000000100000000000000000000000010010000000010000000001001',,,0.056338028169014086
'000110000100001111000110000110010111100000111110010000011110110100001001',,,0.18309859154929578
'101011111100110001111001111001101000011111000001101111000001001011110110',,,0.19718309859154928
'111101110000110111000011011111101000011111100011100101110011111001110110',,,0.1619718309859155
'010001110011111110000000100110010111101011000111110000011110000000001011',,,0.19718309859154928
'101101111111110001111011100001111111101111100101101111100101111011110110',,,0.15492957746478872
'010010100011001000000100111001010111110100000110010000000110000001001000',,,0.20422535211267606
'111011110100111111000001011111111111111111011111100101011111001001111110',,,0.24647887323943662
'000010000000001110000100111000010111110000011110010000101110000101001000',,,0.2112676056338028
'100010101000001000111001111001111111110100000100001111000100000011101000',,,0.2535211267605634
'011010001100010000111100011000000000011000000001001011100001000111110100',,,0.2535211267605634
'010010000100001110000100011000010111110000011110010000001110000101001000',,,0.18309859154929578
'101101110111110111000011111001111111111111100111100101011111111001110110',,,0.1619718309859155
'111011111000110111111001111111111111111111000101101111110101001011110110',,,0.18309859154929578
'100011111011111000111001011001111111111111011101101111001100000011101010',,,0.22535211267605634
'010001000011001110100100000000000000000000011010010010001010000100001001',,,0.14084507042253522
'101111111011110001111011011111101000011111111001101111111001111011110110',,,0.09154929577464789
'111011111111110001111001111111111111111111000101101111110101001111110110',,,0.19014084507042253
'101110110100110111000011000111111111101110111111100101111111111000110111',,,0.2112676056338028
'101101111011110001111011000001111111101111111101101111101101111011110110',,,0.14788732394366197
'000001000000001110000100111110010111110001000110010000010110000101001000',,,0.20422535211267606
'101101110000110111000011100001101000001111111011100101111011111000110111',,,0.21830985915492956
'110011110000111110000001011001111111111111011111100101001110000001101010',,,0.23943661971830985
'010011010111001000000100100000000000000011011011110000001010000000011001',,,0.176056338028169
'010111000100001000000110000000010111100001111110010000000110110100011001',,,0.2112676056338028
'010010001100001110111100000110000000000000000000011010010000000110001001',,,0.15492957746478872
'111011111111110111111001100111101000001111011001101111011001001011110110',,,0.20422535211267606
'111101110111110111000011000111101000001111100011100101011011111001110110',,,0.19014084507042253
'101110111100110001111011000001111111101100100101101111100101111011110110',,,0.16901408450704225
'111111110111110001000011100001101000001111111011100101001011111001110110',,,0.20422535211267606
'101011110000110111000001111001101000011111000011100101110011001001110110',,,0.21830985915492956
'111100100100110111000011111111101000011100100010000101110011111001110110',,,0.18309859154929578
'110110101011111111111011100111111111101100111101101111011100111010101011',,,0.23943661971830985
'000010000011001000000100111000000000010000000010010000100010000100001001',,,0.1267605633802817
'100110100011011111000011011111111111111100100110000101011110111001101000',,,0.22535211267605634
'000010000011101000000100000110010111100000011110010000101110000100001001',,,0.14788732394366197
'011101011111010001111110100000011111101111111101101011101101111110110101',,,0.28169014084507044
'111100111111110111111011111001111111111111111101101111011101111011110110',,,0.11267605633802817
'001010001100000110111100011000010111110000000100011010110101000011010100',,,0.30985915492957744
'011001010000110110000100000000000000001011011011110000111011000100010111',,,0.23943661971830985
'111011110100110001000001011111111111111111011111100101000111001001110110',,,0.2535211267605634
'101101011100110111111011111111111111111011111101101111011101111111110110',,,0.13380281690140844
'011001011111010000111100000110000000001011011001111010111001000110010101',,,0.2323943661971831
'111101110111010111000011011111111111111111100111100101011111111001110110',,,0.15492957746478872
'101101011100110111111011000001101000001111111001101111011001111110110111',,,0.23943661971830985
'111011111100110110111001011111101000011111000001101111110001001111110110',,,0.21830985915492956
'000000001000001000111100111000010111110000000100011010000100000110001001',,,0.14084507042253522
'111011011100110110111001011111101000011111011001101111111001001111110110',,,0.20422535211267606
'101011110100110001100001111001111111111111011101100111100111001001110110',,,0.2323943661971831
'111110000100000111000111011111101000011100100010000100010011111101110100',,,0.28169014084507044
'111101110100000001000011111001101000011111100011100101000011111001110100',,,0.19718309859154928
'101100001111010001111011011111111111111000100100001111110101111111110100',,,0.2112676056338028
'111101111000110111111011000001111111101111111101101111111101111010110111',,,0.1619718309859155
'111001111100100001111000111001010111110111000101101011100101001011110100',,,0.23943661971830985
'011000001100000110111100011110010111110000000100011010110101000111010100',,,0.2746478873239437
'101001111100110111111001011111101000011111011001101111011001001111110110',,,0.21830985915492956
'000010000100001000000100011000010111110000000110010000000110000100001001',,,0.1056338028169014
'010001000011001110000100000110000000000001011010010000011010000100001001',,,0.1267605633802817
'000010001111001110111100100110000000000000000000011010011000000110001001',,,0.16901408450704225
'111001110111110111000001111001101000011111011011100101111011001001110110',,,0.18309859154929578
'010000000011001000000100111110010111110000000110010000100110000100001001',,,0.16901408450704225
'111111111000110001111011011001101000011111111001101111000001111011110110',,,0.14084507042253522
'010000001000001110111100011000010111110000011100011010101100000111001000',,,0.2535211267605634
'000010001011101110000100000110010111100000000110010000111110000100001011',,,0.1619718309859155
'000110001011001110111110000110000000000000100000011010111000110110001001',,,0.22535211267605634
'010010100011001000000100000000000000000000011010010000001010000000001001',,,0.13380281690140844
'000001001011111110111100100000010111100001000100011010101100000110001011',,,0.21830985915492956
'111110111100010001111011011001101000011110111001101111100001111011110110',,,0.14084507042253522
'010100001000001110111110100110000000000000100000011010010000110110001001',,,0.21830985915492956
'111101111011110001111011000001111111101111100101101111100101111010110111',,,0.19718309859154928
'010100000111001110000110100110010111100000100110010000111110110100001001',,,0.2112676056338028
'010110001111001110111110100110000000000000100000011010011000110110001001',,,0.2112676056338028
'100101110000111111000011000111101000001111111011100101011010111000101011',,,0.2605633802816901
'000000001100001110111100011110010111110000000100011010010100000110001001',,,0.18309859154929578
'010001011000111110111100100110000000001011011001011010011000000110001011',,,0.24647887323943662
'100101111011111111111011000001111111101111111101101111011100111010101011',,,0.2112676056338028
'000000001000001000111100111110010111110000011100011010000100000011001000',,,0.22535211267605634
'101101111111110111111011100111101000001111111001101111111001111010110111',,,0.15492957746478872
'010100000100001110000110000000000000000000100010010000000010110100001001',,,0.14788732394366197
'001100001100000001111110111000000000010000111000011010000001111110010101',,,0.2535211267605634
'101001111100110111111001011001101000011111011001111111111001001011110110',,,0.2112676056338028
'010100001100001001111111011110110111110000100100001111000100111111101000',,,0.24647887323943662
'101110110100110001000011011111111111111110111111100101110111111001110110',,,0.176056338028169
'000000001111001000111100000000010111100000011100011010001100000110001001',,,0.14788732394366197
'010010000111001110000100111000000000010000000010010000101010000100001001',,,0.16901408450704225
'010000000100001000101100100110000000000000000010010010100000000100001001',,,0.14788732394366197
'111101110000110111000011000001101000001111100011100101010011111000110111',,,0.2605633802816901
'001011010100110110000100100000000000001011000011110000110011000100010111',,,0.2535211267605634
'011110010111110001000110100110101000001010111011110100111011111100010111',,,0.24647887323943662
'111111110000110111000011000001101000001111111011100101011011111000110111',,,0.24647887323943662
'101111111100010001111011100111100000001111111001101111110001111110110111',,,0.2323943661971831
'111111110011110111000011100111101000001111111011100101011011111001110110',,,0.16901408450704225
'010000001100001000111100000000000000000000011000011010000000000110001001',,,0.1056338028169014
'111001011111110110111001011111111111111111000101101111111101001111110110',,,0.176056338028169
'101011111111100001111001111001101000010111000001111111100001001011010110',,,0.24647887323943662
'001111001100000001111110100110000000000000100000011010010001111110010101',,,0.2676056338028169
'100111111000111111111011000111111111101111111101101111011100111011101010',,,0.176056338028169
'011011001100000000111100111110000000010000000000011010000001000111010100',,,0.24647887323943662
'101111111011110111111011000001101000001111100001101111011001111011110110',,,0.1619718309859155
'101111110111110111000011100111111111101111111111100101011111111001110110',,,0.15492957746478872
'011011110111000000000000011000010111110111011111100001101111001001010100',,,0.323943661971831
'000001000011001110000100100110000000000000011010010000111010000100001001',,,0.14788732394366197
'000010001111001110111100111110010111110000000100011010011100000111001000',,,0.2323943661971831
'101011010100110110000001011001101000011111011011100101011011000101110110',,,0.29577464788732394
'101101111011110111111011000111101000001111111001101111111001111010110111',,,0.15492957746478872
'101111110111110111000011000001101000001111111011100101111011111000110111',,,0.2112676056338028
'101101111111110001111011000111111111101111100101101111110101111011110110',,,0.14788732394366197
'000000001011101110111100000110000000000000000000011010011000000110001001',,,0.1619718309859155
'111011110100110111000001111111101000011111000011100101110011001001110110',,,0.2112676056338028
'101011110011110111000001111111101000011111011011100101011011001001110110',,,0.2112676056338028
'101101111000110111111011100001111111101111100101101111110101111010110111',,,0.176056338028169
'000010001000001110011100011110010111110000000100011000010100000110001001',,,0.19718309859154928
'111111110111110111000011100111111111101111111111100101111111111001110110',,,0.11267605633802817
'111111010111010111000111100111101000001011111011110100111011111100010111',,,0.2323943661971831
'010110001100001000111110100110000000000000111000011010000000110110001001',,,0.19014084507042253
'010100001011001110111110011110000000010000111000011010011000110110001001',,,0.2323943661971831
'010100001011001000111110011110000000010000111000011010001000110110001001',,,0.24647887323943662
'000000000011001110000100100000000000000000011010010000101010000100001001',,,0.1267605633802817
'011011000100000110000100000110000000000000000010010000110011000100010101',,,0.2112676056338028
'000010000100001110000100100000010111100000000110010000000110000100001001',,,0.09859154929577464
'010010001000001110111100111000010111110000000100011010000100000110001001',,,0.176056338028169
'000000000111001110000100111000010111110000011110010000101110000100001001',,,0.16901408450704225
'101101111111110111111011111111111111111111100101101111011101111011110110',,,0.1056338028169014
'010000000011001110000100111110010111110000011110010000011110000101001000',,,0.176056338028169
'101111011111110111111011111001101000011011111001101111011001111111110110',,,0.14788732394366197
'000100001011001000111110000000000000000000111000011010001000110110001001',,,0.20422535211267606
'000001010111111110000100100110010111101011000111110000111110000100001011',,,0.18309859154929578
'000110001011001000111110000110000000000000100000011010000000110110001001',,,0.176056338028169
'010110000011001000000110000110010111100000111110010000101110110100001001',,,0.21830985915492956
'111111111000110111111011000001101000001111100001101111010001111011110110',,,0.16901408450704225
'010000001011001110111100011000000000010000000000011010001000000111001000',,,0.21830985915492956
'010010001011001000111100111110010111110000000100011010100100000111001000',,,0.2605633802816901
'111111110111110111000011100001111111101111100111100101111111111100110111',,,0.19718309859154928
'000110001000001000111110000000010111100000100100011010000100110110001001',,,0.16901408450704225
'000011011000111110111100000000010111101011011101011010101100000110001011',,,0.23943661971830985
'101101110100110111000011000001111111101111111111100101111111111001110110',,,0.16901408450704225
'101001110011110111000001011001101000011111000011100101111011001001110110',,,0.2112676056338028
'000110101011001001111010100001010111100100100100001011000100111010101001',,,0.2676056338028169
'110111111000111111010011000001101000001111111011101101001010111010101011',,,0.2887323943661972
'111111110000110001000011000001101000001111100011100101100011111000110111',,,0.2112676056338028
'010001010011111000000100000110010111100011011110010000101110000100001011',,,0.19014084507042253
'000100000111001000000110000000000000000000111010010000001010110100001001',,,0.18309859154929578
'101110100111010001000011111111111111111100100110000101110111111001110110',,,0.2112676056338028
'010010000100001000000100111110010111110000000110010000000110000100001001',,,0.1267605633802817
'111100110100110111000011100001101000001111100011100101010011111000110111',,,0.2676056338028169
'000000000111001000000100011110010111110000000110010000000110000101001000',,,0.16901408450704225
'111001111000110111111001111111101000011111011001101111111001001011110110',,,0.1619718309859155
'010110000100001001000110100110010111100000111110010000100110110100001001',,,0.22535211267605634
'101001111111110001111001111001111111111111011101101111001101001011110110',,,0.20422535211267606
'111101110100110001000111100001100000001111111010000100100011111100010111',,,0.28169014084507044
'110100100000001001000011111001111111110100100110000101000110111001101000',,,0.23943661971830985
'010010001000001110111100111000010111110000011100011010101100000110001001',,,0.22535211267605634
'100110101000111111111011000001111111100100111100001111001100110010101011',,,0.2746478873239437
'010000100011001110101100011000010111110000000110011000001100000001001000',,,0.2605633802816901
'100111110011111001111011100111111111101111111101101111101100111010101011',,,0.2535211267605634
'101101111000010001111011100001101000001111100001101111000001111011110100',,,0.16901408450704225
'010100000011001000111110100110000000000000100000011010000000110110001001',,,0.20422535211267606
'000000001011001000111100011110010111110000000100011010100100000111001000',,,0.2323943661971831
'010011000100001110000100100110010111100000011110010000011110000100001001',,,0.14084507042253522
'000110001011001110111110100000000000000000100000011010011000110110001001',,,0.21830985915492956
'101001110100110001000001111111101000011111000011100101100011001001110110',,,0.20422535211267606
'100011111011111000111001011111111111111111011101101111001100000011101010',,,0.22535211267605634
'101011110111110111000001011111111111111111000111100101111111001001110110',,,0.19014084507042253
'111011111011110111111001111001101000011111000001101111011001001011110110',,,0.2112676056338028
'111101110011110111000011111001111111111111111111100101111111111001110110',,,0.11267605633802817
'100001110000111110000001111111111111111111011111110100011110000001001010',,,0.23943661971830985
'010110001000001110111110100110000000000000111000011010011000110110001001',,,0.21830985915492956
'111111110011110001000011111111101000011111100011100101110011111001110110',,,0.14788732394366197
'010100000000001110000110100110000000000000111010010000011010110100001001',,,0.19718309859154928
'110011110011111110000001011111111111111111011111100101111110000001101010',,,0.22535211267605634
'101100110111000001000011111001111111111111100111100101100111111001110100',,,0.23943661971830985
'100111111011111111111011111111111111111111100101101111011100111011101010',,,0.15492957746478872
'111111111111110111111011100111111111101111100101101111111101111011110110',,,0.08450704225352113
'111011111100110110111001111001101000011111011001101111011001000011110110',,,0.22535211267605634
'000000001000001000010100100000000000000000011000011010000010000110001001',,,0.09859154929577464
'101001111000110001111001011111101000011111011001101111000001001011110110',,,0.21830985915492956
'010110001011001110111110100110000000000000100000011010011000110110001001',,,0.21830985915492956
'000000100011001000000100111111010111110100011110010000001110000001001000',,,0.20422535211267606
'000001001000101110111100000000010111100011011100011010101100000110001011',,,0.2112676056338028
'010011000011001000000100000000010111100000011110010000001110000100001001',,,0.14084507042253522
'000110000000001111000110000000000000000000100010010000000010111100001001',,,0.16901408450704225
'100001110011111110000001111111101000011111000011110100011010000001001010',,,0.2746478873239437
'111101110100110001000011100001101000001111100011100101100011111000110111',,,0.20422535211267606
'110000110011111110000001011001111111111111000111100101001110000001101010',,,0.2535211267605634
'001011011111100000111100000110000000000011000001011010100011000110010101',,,0.28169014084507044
'010000000011101110000100011000010111110000011110010000101110000100001001',,,0.18309859154929578
'101111110000110001000011000111101000001111111011100101010011111001110110',,,0.2112676056338028
'101111111111110111111011100111111111101111111101101111011101111011110110',,,0.11267605633802817
'001000001100001000111100000110010111100000011100011010100100000110011001',,,0.19718309859154928
'010110000011001001000110000000010111100000111110010000001110111000001001',,,0.23943661971830985
'101101111000110001111011111111101000011111100001101111110001111011110110',,,0.11267605633802817
'111111011111110001111011111001101000011011100001101111100001111111110110',,,0.1267605633802817
'001001010111110000000100100110000000001011000010010000110011000100010111',,,0.2535211267605634
'111100110111010001000011111111101000011100100011100101110011111001110110',,,0.19014084507042253
'010111000111001111101110000000010111100000111100011011011100110110101001',,,0.2676056338028169
'111101010100110111000111000000101000001011111011110100111011111100010111',,,0.2746478873239437
'111011010111010000000001111000111111111011011111110100101111000101110110',,,0.28169014084507044
'110100100000111111000011000111101000001100100010000101010010111000101011',,,0.3028169014084507
'010010000100001000000100011110010111110000011110010000000110000101001000',,,0.176056338028169
'110100110011111111000011111001111111111100111111100101011110111001101010',,,0.21830985915492956
'001011011100010110111100011110000000011011000001111110110001000111010100',,,0.3380281690140845
'101011110100110001000001111111111111111111011111100101100111001001110110',,,0.2323943661971831
'001111000100000111000110100110000000000001100010010000110011111100010101',,,0.2535211267605634
'101011111100110111111001000001101000001111011001101111111001001011110110',,,0.22535211267605634
'111111110111110111000011100001111111101111111111100101111111111100110111',,,0.18309859154929578
'101110111100000001111011111111111111110100100101101111110101111011110100',,,0.18309859154929578
'000010001100001000111100111110010111110000011100011010100100000111001000',,,0.2535211267605634
'111101110000110111000011100111111111101111111111100101011111111000110111',,,0.2112676056338028
'010000000100001000010100100110010111100000000110011000000110000100001001',,,0.1267605633802817
'001000000100000000111100011000000000010000000010010000100001000111010100',,,0.2323943661971831
'000010000000101110000100100000010111100000011110010000101110000100001011',,,0.15492957746478872
'111101010100110111000011000001101000001111111011110101011011111100110111',,,0.2887323943661972
'101101010111110111000011111110101000011011100011100101111011111101110110',,,0.16901408450704225
'111101111111110001010011100001101000001111111011100101101011111001110110',,,0.18309859154929578
'111111111011110001111011011111111111111111111101101111011101111011110110',,,0.09859154929577464
'101111111100110001111011000001101000001111100001101111100001111010110111',,,0.176056338028169
'010000001011001000111100011000010111110000011100011010001100000110001001',,,0.18309859154929578
'001011011100000001111100111000000000011011000001101011000001001111110100',,,0.28169014084507044
'010001000011001000000100111000000000010000011010010000001010000101001000',,,0.20422535211267606
'010110000011001110000110100110000000000000100010010000111010110100001001',,,0.21830985915492956
'010100001000001110111110000000000000000000111000011010001000110110001001',,,0.21830985915492956
'101111110100110001000011000001101000001111100011100101100011111001110110',,,0.176056338028169
'000110000100001000000110000000010111100000111110010000100110110100001001',,,0.19014084507042253
'000000001100001110111100111110010111110000011100011010111100000110001001',,,0.2112676056338028
'111001110000110001000001111001101000011111000011100101100011001001110110',,,0.18309859154929578
'010000000011101110000100000110010111100000011110010000111110000100001001',,,0.14084507042253522
'000110000000001001000110000110000000000000111010010000000010110000001001',,,0.176056338028169
'001110000111000001000110111110000000010000100010010000110011111100010101',,,0.24647887323943662
'111111111100110111000011111001111111111111100111100101010111111001110110',,,0.1619718309859155
'010000001011101000111100100110000000000000011000011010001000000110001011',,,0.16901408450704225
'101111111100110111111011100111101000001111111001101111111001111110110111',,,0.176056338028169
'111111110100110111000011100001101000001111100011100101110011111001110110',,,0.16901408450704225
'010110001111001000111110100110010111100000111100011010001100110110001001',,,0.21830985915492956
'101101111011110111111011100111101000001111100001101111111001111010110111',,,0.1619718309859155
'100110111011111111111011011001111111111111100101101111011100111011101010',,,0.18309859154929578
'001110001100000001111110000110000000000000100000011010010001111110010101',,,0.2535211267605634
'101110110111110001000011111001111111111100111111100101101111111001110110',,,0.18309859154929578
'101110111100110111111011011111111111111111111101101111111101111011110110',,,0.09859154929577464
'111001111000110111111001011111101000011111011001101111011001001011110110',,,0.19718309859154928
'111001111000110001111001111111101000011111011001101111100001001011110110',,,0.18309859154929578
'010011000011101110000100011000000000010011011010010000101010000100001001',,,0.2112676056338028
'000110000100001000000110100110010111100000111110010000110110110100001001',,,0.2112676056338028
'010010101000001110111100011110000000010100000000011010010000000011001000',,,0.2605633802816901
'111001110111110111000001011001101000011111000011100101111011001001110110',,,0.20422535211267606
'011010001100000000111100111000000000010000000000011010000001000111010100',,,0.2112676056338028
'011001010100110110000100100000000000000011000010010000110011000100010111',,,0.23943661971830985
'101110111111110001111011011111101000011111111001101111001001111011100110',,,0.176056338028169
'100000101000101110111000011001111111110100000100001011000100000011101010',,,0.2535211267605634
'101101111011110111111011100111101000001111111001101111111001111011110110',,,0.1056338028169014
'101101110000110111000011000111101000001111111011100101011011111001110110',,,0.19718309859154928
'010010001011001000111100111000010111110000011100011010001100000110001001',,,0.19718309859154928
'000001000100001000000100111000010111110000011110010000100110000101001000',,,0.2112676056338028
'110000000100001110000101111111101000010000011010010100011010000101001010',,,0.2676056338028169
'100111111011111001111011100001111111101111111101101111001100111011101010',,,0.2112676056338028
'100101110011111111001011100111101000001111111001101101011000111000101011',,,0.2676056338028169
'111110110100110001000011111111101000011110111011100101110011111001110110',,,0.1619718309859155
'111110110100110001000011100111111111101111100111100101110111111000110111',,,0.22535211267605634
'111011111011110001111001000001101000001111011001101111101001001011110110',,,0.21830985915492956
'010011001011001000111100111110010111110000000100001011000100000011101000',,,0.28169014084507044
'101111110111010001000011011111101000011111100011100101010011111001110110',,,0.20422535211267606
'000110001000001000111110100110000000000000111000011010000000110110001001',,,0.18309859154929578
'010000001000101110111100000110000000000000000000011010110000000110001011',,,0.19718309859154928
'101100111100010001111011011111101000011111100001101111010001111011110100',,,0.19014084507042253
'111101110100010001000011000001111111101111100111100101000111111001110100',,,0.21830985915492956
'110110100011101001000111111001111111110100111110000101001110111101101000',,,0.28169014084507044
'100100100000001001000111011111111111110100111100001101000110111001101000',,,0.2535211267605634
'000100100000001001000110000110010111100100100110010000100110111000001001',,,0.22535211267605634
'010000000011001110000100011110000000010000011010010000011010000100001001',,,0.13380281690140844
'110111100011001001000111111111111111110111111110000101001110111001101000',,,0.2535211267605634
'110111110011111111000011000001101000001111111011100101011010111000101011',,,0.2676056338028169
'010011001011001000111100000110010111100001000100001010000100000110001001',,,0.19718309859154928
'000010000011101110000100100110010111100000000110010000011110000100001011',,,0.1267605633802817
'111011111000110111111001111111111111111111000101101111010101001011110110',,,0.2112676056338028
'000100001011001000111110111000000000010000111000011010001000110110001001',,,0.23943661971830985
'000000001011001000111100111000010111110000000100001011000100000111101000',,,0.23943661971830985
'010010000111001110000100011000010111110000000110010000101110000100001001',,,0.16901408450704225
'111111111000110001010011100111111111101111111111100101110111111001110110',,,0.16901408450704225
'010110100000101001000110100001000000000100111010000000000010111000001001',,,0.23943661971830985
'000000001000001000111100111000000000010000000000011010100000000110001001',,,0.14788732394366197
'000000001100001000111100000110010111100000011100011010000100000110001001',,,0.14084507042253522
'111101111111110001111011000111101000001111111001101111111001111011110110',,,0.11971830985915492
'000010000100001000000100011110000000010000000010010000100010000100001001',,,0.1267605633802817
'010110001111001000111110000000010111100000100100011010000100110110001001',,,0.19014084507042253
'111101111111110111111011000111101000001111100001101111011001111010110111',,,0.19014084507042253
'111110111100110111111011000001111111101110100100101111110101111011110110',,,0.1619718309859155
'101010000111110000000001011001101000011000000010000101100011000101110110',,,0.2887323943661972
'011110000100000111000110100110000000000000100010010000110011111100010101',,,0.21830985915492956
'000010101000001000111000111111010111110100000100001010000100000111001000',,,0.2676056338028169
'010000000111001110000100111110000000010000011010010000011010000101001000',,,0.176056338028169
'000011001000101110111100100000000000000011011000011010001000000110001001',,,0.19014084507042253
'111111111011110001111011011111101000011111100001101111010001111011110110',,,0.14084507042253522
'010000001100001110111100011000000000010000000000011010100000000110001001',,,0.1619718309859155
'111101010111110111000011100111101000001111111011110100111011111100010111',,,0.2323943661971831
'010010001000101000111000100000000000000000000000011010000000000110001011',,,0.15492957746478872
'011010000100000000000100011000000000010000000010010000100011000101010100',,,0.20422535211267606
'000000000000001000000100011110000000010000000010010000100010000100001001',,,0.11267605633802817
'111101110000110111000011100111101000001111111011100101011011111000010111',,,0.22535211267605634
'010000001111001000111100011110000000010000000000011010100000000111001000',,,0.21830985915492956
'111111110100110111000011000001111111101111111111100101011111111001110110',,,0.176056338028169
'000011001000001110111100000000010111100000000100011010000100000110001001',,,0.14788732394366197
'010011111011111110111000100110010111101111011101101011111100000010001011',,,0.2605633802816901
'100011111011111110111000111001111111111111011101101111101100000111101010',,,0.2676056338028169
'010000001000001110010100111110010111110000000100010000010110000101001000',,,0.22535211267605634
'010110000111001110111110111000000000010000111000011010011000110110001001',,,0.23943661971830985
'111111111100110111111011011001101000011111100001101111110001111011110110',,,0.1056338028169014
'101011111111110001111001011001110111111111000101101111100101001011110110',,,0.21830985915492956
'111100111100010001111011011001111111111100111101101111100101111011110110',,,0.1619718309859155
'111101111100110111111011100001101000001111111001101111111001111010110111',,,0.16901408450704225
'010100000111001110000110111110000000010000100010010000011010110100001001',,,0.21830985915492956
'000001001011101110111100100110000000000000000000011010111000000110001011',,,0.21830985915492956
'010010000000001000000100100110000000000000000010010000000010000000001001',,,0.09859154929577464
'101101110100110111000011000111101000001111111011100101111011111001110110',,,0.176056338028169
'010010000000001000000100100110010111100000000110010000000110000000001001',,,0.11971830985915492
'000000001111001000111100100110000000000000000000011010100000000110001001',,,0.15492957746478872
'101111011111110001111011000111101000001011111001111110111001111110010111',,,0.23943661971830985
'010010000100001000000100100000000000000000000010010000100010000100001001',,,0.09154929577464789
'010000101000001110111100000110000000000100000000011010010000000010001001',,,0.18309859154929578
'010110000111001000000110000110010111100000100110010000000110110100001001',,,0.176056338028169
'111111110100110111000011000111101000001111111011100101111011111001110110',,,0.15492957746478872
'000110001000001000111110111000000000010000100000011010000000110110001001',,,0.18309859154929578
'111111111100110111111011100001101000001111111001101111111001111011110110',,,0.11971830985915492
'010000001011001110111100011000000000010000000000011010101000000110001001',,,0.20422535211267606
'101101111111110111111011000001111111101111111101101111011101111011110110',,,0.14084507042253522
'000000000011001000000100011110000000010000000010010000000010000100001001',,,0.09859154929577464
'010001001000001110111100100000000000000000000000011010100000000110001001',,,0.16901408450704225
'000110000111001000000110000000000000000000111010010000001010110100001001',,,0.176056338028169
'010100001000001000111110011000000000010000111000011010000000110110001001',,,0.2112676056338028
'100100100111000001000011011001101000010100100010000101000010111001100100',,,0.21830985915492956
'010010001000001000111100100110000000000000011000011010100000000110001001',,,0.16901408450704225
'101111110000110001000011111111111111111111100111100101110111111001110110',,,0.14084507042253522
'011001000100110110000100100110000000000000000010010000110011000100010111',,,0.2323943661971831
'001010000100000110000100000000000000000000000010010000110011000100010101',,,0.20422535211267606
'000010000111001000000100111000010111110000011110010000001110000100001001',,,0.14788732394366197
'001000000100000000000100111000000000010000011010010000100011000100010101',,,0.19014084507042253
'100101110011111111000011100001111111101111100111100101111110111000101011',,,0.24647887323943662
'011010000100000000000100011110000000010000011010010000000011000101010100',,,0.2323943661971831
'100001110000111110111001100001111111101111011101101111001100000011101010',,,0.2535211267605634
'011001110111000000000100011000000000010011011011110000101011000001010100',,,0.2887323943661972
'000001011111111000111000100110010111101011011101101011111100000110011011',,,0.24647887323943662
'000110001000001000110110100110000000000000111000011010000010110100001001',,,0.19014084507042253
'000110001111001000111110100110010111100000111100011010001100110110001001',,,0.21830985915492956
'111101111000110001111011111001111111111111111101101111100101111011110110',,,0.11971830985915492
'111101110000110111000011100001101000001111100011100101110011111001110110',,,0.18309859154929578
'101101110100110111101011000111111111101111111111101111111101111001110110',,,0.14084507042253522
'000010101000001110111100011110010100111100000000001011010100000011101000',,,0.28169014084507044
'111101110111110001000011000111101000001111100011100101010011111000110111',,,0.2535211267605634
'110011111011111110011001111111101000011111011001101111011010000011101010',,,0.2605633802816901
'000000001000001000111100111110010111110000011100011010000100000110001001',,,0.16901408450704225
'100101110011111111000011000001101000001111100011100101011010110000101011',,,0.28169014084507044
'010010000100001000000100111000000000010000000010010000000010000100001001',,,0.09154929577464789
'000100000100001000000110100110000000000000100010010000100010110100001001',,,0.18309859154929578
'100110110011001111000111011111101000011111100010100101011010111001101000',,,0.2676056338028169
'010110000011001110100110000110000000000000100010010010011010110100001001',,,0.19718309859154928
'111100110100000001000011011111101000010111100011100101010011111001110100',,,0.23943661971830985
'001100000100000111000110100000010111100000100110010000110111111100010101',,,0.2605633802816901
'101101111000110001111011100111111111101111111101101111110101111010110111',,,0.176056338028169
'010010000011001110000100100110000000000000000010010000111010000100001001',,,0.1619718309859155
'010010001011101110111100000110000000000000000000011000111000000110001001',,,0.22535211267605634
'100101110011111111000011100111101000001111100011100101011010111000101011',,,0.2676056338028169
'101111011111110111111011000001101000001011100001101111111001111110110111',,,0.2112676056338028
'111111110111110001000011011001111111111111100111100101000111111001110110',,,0.18309859154929578
'010000001000001000111100011000010111110000000100011010000100000111001000',,,0.19014084507042253
'000010000000001110000100011000010111110000011110010000001110000101001000',,,0.176056338028169
'010000100011001000000100111001001000010100000010010000100010000001001000',,,0.22535211267605634
'101101111000110001111011000001101000001111111001101111100001111011110110',,,0.14788732394366197
'111111111000110111110011000111101000001111100001100111110011111000110111',,,0.23943661971830985
'000000000111001000000100111110010111110000000110010000000110000100001001',,,0.13380281690140844
'000110001011001001111110100000010111100000100100011010000100110010101001',,,0.23943661971830985
'101101110011110111000011000001101000001111111011100101011011111001110110',,,0.19718309859154928
'011100000100000111000110011110000000010000100010010000110011111100010101',,,0.24647887323943662
'011000101111000000111100111000000000010000000000011010100001000011010100',,,0.23943661971830985
'111101110100110001000011000111101000001111100011100101110011111000110111',,,0.22535211267605634
'101111111100110001111011100111101000001111100001101111110001111011110110',,,0.14084507042253522
'000010000000001000000100111000000000010000000010010000100010000101001000',,,0.15492957746478872
'100001110011111110000001011111101000011111011011100101011010000001101010',,,0.22535211267605634
'110111110011111111000011100001101000001111111011100101011010111000101011',,,0.2746478873239437
'001110000100000001000110000000010111100000111110000000100111111100110101',,,0.3028169014084507
'101110110100110111000011011111101000011110111011100101111011111001110110',,,0.1619718309859155
'010110100000001001000110000000010111100100111110010000000110111000001001',,,0.21830985915492956
'111100101111000001111011011001101000010100100000101111100001111011110100',,,0.19014084507042253
'111111111000110001111011111001111111111111111101101111100101111011110110',,,0.11267605633802817
'101111111011110001111011011001111111111111100101101111000101111011110110',,,0.14788732394366197
'001110000100000111000110011110000000010000100010010000110011111100010101',,,0.2535211267605634
'101001110100110001000001011111111111111111000111100101100111001001110110',,,0.21830985915492956
'010110000111001110000110111000000000010000111010010000011010110100001001',,,0.2112676056338028
'100100100011001001000111000111111111100100100110010000000110111000001001',,,0.2676056338028169
'111111110011010001000011011001111111111111100111100101100111111001110110',,,0.176056338028169
'111011111111110111111001100001111111101111000101101111011101001011110110',,,0.2112676056338028
'110011110011111110000001111001111111111111011111100101001110000001101010',,,0.24647887323943662
'010110001100001000111110000000000000000000100000011010000000110110001001',,,0.15492957746478872
'000110001000001000111110000110010111100000111100011010100100110110001001',,,0.22535211267605634
'000110001100001110111110100000000000000000111000011010101000110110001001',,,0.23943661971830985
'010110000011001110000110011110000000010000111010010000011010110100001001',,,0.19718309859154928
'001000001100000110111100011110000000010000000000011010100001000011010100',,,0.2676056338028169
'010010000100001110000100111000010111110000011110010000101110000101001000',,,0.21830985915492956
'000000000011001110000100011000010111110000011110010000001110000101001000',,,0.16901408450704225
'010001000000001110000100111000010111110000011110010000001110000101001000',,,0.2112676056338028
'111110100100000001000011111001111111111100111111100101000111111001110100',,,0.23943661971830985
'000000001011001110111100011110000000010000011000011010111000000111001000',,,0.2323943661971831
'111100110000110111000011100111111111101110100111100101110111111001110110',,,0.19718309859154928
'111111010111110111000111100001111111101011100111100101111111111100110111',,,0.22535211267605634
'111101011100110111111011000000101000001011111001101111111001111110110111',,,0.20422535211267606
'101011011100110110111001111111101000011111000001101111110001000111110110',,,0.2535211267605634
'000110000011001000000110100000000000000000100010010000000010110100001001',,,0.14084507042253522
'110000101000101000111001111001111111110100000100001111000100000011101010',,,0.2605633802816901
'101110110100000001000011111001111111111110100111100101100111111001110100',,,0.21830985915492956
'111101111011110001111011100111111111101111111101101111011101111011110110',,,0.1267605633802817
'010110001011001110111110000000010111100000100100011010111100110110001001',,,0.24647887323943662
'101100100100000001000111111111101000010100100010010100010011111001110100',,,0.28169014084507044
'111101111011110111111011100111101000001111100001101111011001111010110111',,,0.19014084507042253
'000000001000001000111100011110010111110000011100011010000100000110001001',,,0.1619718309859155
'110001111000111110111001011001111111111111011101101111011100000011111010',,,0.2323943661971831
'101101111100110001110011011001101000011111100011100111100001111001110110',,,0.1619718309859155
'010000000100001110000100011000010111110000011110010000101110000101001000',,,0.20422535211267606
'000000000000001110000100100000010111100000011110010000101110000100001001',,,0.13380281690140844
'101101110000110111000011011001111111111111100111100101010111111001110110',,,0.18309859154929578
'101111110111110111000011111111101000011111100011100101111011111101110110',,,0.14788732394366197
'101111111100110001111011000001111111101111111101101111000101111011110110',,,0.18309859154929578
'101001111011110001111001100001111111101111011101101111101101001011110110',,,0.19718309859154928
'000000000011001110000100011000000000010000011010010000001010000101001000',,,0.1619718309859155
'111110111111110001111011100111111111101100100101101111110101111011110110',,,0.14788732394366197
'000000001000001110111100111000000000010000000000011010100000000111001000',,,0.20422535211267606
'010010001011001000111100111000000000010000011000011010001000000110001001',,,0.19014084507042253
'010000001011001000111100111000000000010000011000011010101000000111001000',,,0.2535211267605634
'111111110000110001000011100001101000001111100001101111100011111000110111',,,0.2112676056338028
'000110000111001000000110100000010111100000111110010000001110110100001001',,,0.19014084507042253
'000000000011001000000100111000010111110000011110010000101110000101001000',,,0.20422535211267606
'011001010100000000000100111110000000010011011010010000000011001101010100',,,0.2676056338028169
'001111011111110001111011100000111111101011111101101111101101111110110111',,,0.22535211267605634
'111111111011110111011011100001111111101111111111101101011111111011110110',,,0.14084507042253522
'110011011011001000111100111111011111110111011101001011001100000111101000',,,0.3380281690140845
'111001110100110001000001111111101000011111011011100101100011001001110110',,,0.20422535211267606
'010100000100001111000110100110000000000000100010010000010010111100001001',,,0.21830985915492956
'101110111111110111111011011001111111111111111101101111011101111011110110',,,0.1267605633802817
'100000111011111000111001011111101000011111011001101111001000000111101010',,,0.2746478873239437
'000010001011001000111100011000010111110000000100011010100100000111001000',,,0.22535211267605634
'011000000100000000000100111110000000010000000010010000100011000100010101',,,0.176056338028169
'010011001011001000111100100000000000000001011000011010001000000110001001',,,0.18309859154929578
'011011111100111110111000000000000000001011000001111010010001000010010111',,,0.2676056338028169
'010011000100001110000100111000010111110000011111010000101110000100001001',,,0.2112676056338028
'000000101011001000000100100000010111100000000110010000000110000000001001',,,0.11971830985915492
'111011111111110110111001111001101000011111000001101111111001001111110110',,,0.20422535211267606
'111001111111110111111001111111101000011111000001101111011001001011110110',,,0.18309859154929578
'000000000111001110000100000110010111100000011110010000011110000100001001',,,0.09154929577464789
'101110111100000001111011011001101000010100111000101111100001111011110100',,,0.19718309859154928
'010100000000001110000110011000000000010000111010010000001010110100001001',,,0.21830985915492956
'101001111011110111111001000111111111101111011101101111111101001011110110',,,0.1619718309859155
'111011111111110001111001100001101000001111011001101111101001001011110110',,,0.20422535211267606
'111111110100110111000011100111101000001111111011100101011011111000110111',,,0.21830985915492956
'100010011011111110111001111001111111111111000101101111011100000111101010',,,0.2746478873239437
'010100001011001000111110100000010111100000111100011010001100110110001001',,,0.2323943661971831
'101111111111110001111011100111101000001111111001101111011001111011110110',,,0.14788732394366197
'010100000000001000101110000000000000000000111010010010000000110110001001',,,0.19014084507042253
'010000000111001110000100011000000000010000000010010000101010000101001000',,,0.19718309859154928
'101111010111110111000111000111101000001011100011110100011011111100010111',,,0.29577464788732394
'010011001011001110111100000110010111100001000100011010011100000110001001',,,0.18309859154929578
'000000100000001000000100011111010111110100000110010000000110000001001000',,,0.176056338028169
'001001011111000000111100000000000000000011011001111010101001000110010101',,,0.23943661971830985
'101100101100000001111011011001111111110100100100101111100101111011110100',,,0.19718309859154928
'000011001011111000111101000110000000001011000000011010010000000110011011',,,0.24647887323943662
'111110111111000001111011111001101000010110100001101111100001111011110100',,,0.16901408450704225
'010110000000001110000110011000010111110000111110010000011110110100001001',,,0.21830985915492956
'010000001011001000111100011110000000010000000000011010100000000110001001',,,0.18309859154929578
'100101110000111111000011000001101000001111111011100101001010111000101011',,,0.2746478873239437
'000110000011001000111110000000010111100000100100011010100100110110001001',,,0.2112676056338028
'101100110100000001000011111001101000010100100010110101100011111001110100',,,0.21830985915492956
'000100100011001001000110100110010111100100100110010000100110111000001001',,,0.24647887323943662
'111011110111110111100001111001111111111111000111100101111101001001110110',,,0.19014084507042253
'001110001111000001111110100000010111100000100100011010100101111110010101',,,0.2535211267605634
'000110000011001000000110111000000000010000111010010000001010110100001001',,,0.20422535211267606
'101111111100110001111011100001111111101111111101101111000101111011110110',,,0.176056338028169
'101101111011110111111011000001101000001111100001101111111001111010110111',,,0.18309859154929578
'111111111011110001111011000111111111101111111101101111111101111011110110',,,0.09859154929577464
'100110001000111111111111100001011111101101111101001011001100111110101001',,,0.3732394366197183
'010110000011001111000110100110000000000000111010010000011010111100001001',,,0.2112676056338028
'100100111011110111111011100001101000001110111001101111111001111010100111',,,0.2112676056338028
'101101111100110111111011000111101000001111100001101111010001111010110111',,,0.22535211267605634
'000010000011001110110100011110000000010000000010010000011010000100001001',,,0.16901408450704225
'111101110100110111000011000111101000001111100011100101110011111001110110',,,0.18309859154929578
'010011000000111110000100100110010111100011011110010000111110000100001011',,,0.21830985915492956
'001000001100100000111100100110010111100000000100011010100101000110010111',,,0.22535211267605634
'010001000011111110000100000110010111101000000111010000111110000100001011',,,0.19718309859154928
'111101110011110111100011100001101000001111100011100111111001111000110111',,,0.22535211267605634
'100101111011111111000011100111101000001111100011100101011010111000101011',,,0.2676056338028169
'000100001000001000111110100000000000000000100000011010100000110110001001',,,0.19014084507042253
'010011001000101000111100000000010111100000011100011010100100000110001011',,,0.20422535211267606
'001100000111000001100110000000010111100000100110010000100111111100010101',,,0.28169014084507044
'000100000011001001000110100000010111100000111110010000001110111000001001',,,0.23943661971830985
'000011001011001110101100011110010111110011011100011010111100000110001001',,,0.2323943661971831
'010000000100001000000100111000000000010000011010010000100010000101001000',,,0.16901408450704225
'111001011100110110111001111001101000011011011001101111111001000111110110',,,0.21830985915492956
'111100110100000001100011111001101000010100111010100101000001111001110100',,,0.24647887323943662
'011100001100000001111110000110000000000000100000011010010001111110010101',,,0.24647887323943662
'100110100000111111000011011111111111111100100110000101010110111001101010',,,0.21830985915492956
'101101111111110001111011111001111111111111111101101111001101111111110110',,,0.1619718309859155
'111111111000110111111011100111111111101111100101101111010101111011110110',,,0.15492957746478872
'111111110100000001000011011001101000011111111011100101000011111001110100',,,0.2112676056338028
'101101111100110001111011000001101000001111111001101111000001111010110111',,,0.22535211267605634
'000000000000001000000100011000000000010000011010010000100010000100001001',,,0.11267605633802817
'111011111011110111111001111111111111111111011101101111111101001011110110',,,0.13380281690140844
'101011010100110111000001111001111111111111011111100101111111001101110110',,,0.21830985915492956
'011000100100000000000100000000000000000000000010010000100011000000010101',,,0.1619718309859155
'111100111100110001111011000111101000001111111001101111010001111011110110',,,0.19014084507042253
'010011010011101110000100000000010111100011011111110000001110000100001001',,,0.16901408450704225
'100001011011111000111001111001111111111011011101101111001100000111101010',,,0.23943661971830985
'110000110011111110000001111001111111111110000111100101101110000001101010',,,0.2746478873239437
'101111111100110111010011100001101000001111100011100101110011111000110111',,,0.22535211267605634
'000000001011001000111100011110010111110000000100011010000100000111101000',,,0.19718309859154928
'010000000111001110101100111000010111110000000110010010001100000100001001',,,0.19014084507042253
'010000000011101110000100100110000000000000000010010000011010000100001011',,,0.14084507042253522
'011011010111110110000100111110000000011011011011110000111011000100010111',,,0.2323943661971831
'111011111111110111111001000001111111101111011101101111111101001011110110',,,0.176056338028169
'011000000111001000000100111110010111110000000110010000110111000100011001',,,0.19718309859154928
'100110100011101001000111011111111111110100100110000101000110111001101010',,,0.23943661971830985
'100111111000110111111011011111111111111111100101101111110101111011100110',,,0.1056338028169014
'101110110100110001000011111001111111111111111111100101100111111001110110',,,0.18309859154929578
'101001111111110001111001000001111111101111011101101111101101001011110110',,,0.2112676056338028
'110110100000001001000110000111110111100100100110000000000110111000101001',,,0.2605633802816901
'101101110111110001000011000001101000001111111011100101101011111001110110',,,0.20422535211267606
'111110100111000001000011111001111111110100100110000101000111111001110100',,,0.2323943661971831
'110100111100000001111011011111101000011110111001101111100001111011100100',,,0.18309859154929578
'000001000011111110000100100000010111100011011110010000001110000100001011',,,0.16901408450704225
'000010001111001000111100111000000000010000000000011010000000000111001000',,,0.19014084507042253
'100101110011111001000011100001111111101111111111100101001110111001101010',,,0.2323943661971831
'000100000111001110000110100000010111100000111110010000011110110100001001',,,0.18309859154929578
'000010001011101110111100000110010111100000000100011010111100000110001001',,,0.19014084507042253
'000010000011001110000100100000010111100000000110010000101110000100001001',,,0.14084507042253522
'010010000111111110000100100110000000000000000010010000011010000100001011',,,0.176056338028169
'000010001011001000111100100110000000000000000000011010000000000010001001',,,0.14084507042253522
'111101111111110001111011000001111111101111111101101111001101111011110110',,,0.16901408450704225
'000010001011101110111100100110000000000000011000011010111000000110001011',,,0.19014084507042253
'101100111000110111111011100111111111101111111101101111111101111010110111',,,0.1619718309859155
'110111111000111111111011011111111111111111111101101111011100111111101010',,,0.176056338028169
'111110110100110111000011111111101000011110100011100101110011111001110110',,,0.1619718309859155
'111110100100110001000011011111111111111100111111100101110111111001110110',,,0.16901408450704225
'101111110000110111100011000111101000001111111001100111011011111001100110',,,0.21830985915492956
'111111111100110111111011100001101000001111100001101111110001111011110110',,,0.1267605633802817
'011100000100000001000110000110000000000000100010010000110011111100010101',,,0.2323943661971831
'101001111011110111111001100001101000001111000001101111111001001011110110',,,0.20422535211267606
'000010001100001110111100000000000000000000000000011010100000000110001001',,,0.14084507042253522
'011010001100000000111100011000000000010000011000011010100001000110010101',,,0.20422535211267606
'010000001100001000111100111110000000010000011000011010000000000111001000',,,0.19718309859154928
'101100111100000111111010100111001000000111100000111010110001111010010101',,,0.2746478873239437
'111101111100110111000011111001111111111111100111100101010111111001110110',,,0.16901408450704225
'111101111011110111111011100001111111101111111101101111111101111011110110',,,0.09859154929577464
'011000000111000000111100011000000000010000000000011010100001000111010100',,,0.22535211267605634
'101111110111010001000011011111101000011111111011100101111011111001110100',,,0.15492957746478872
'110101110011111111000011100001111111101111111111101101011110111001101010',,,0.22535211267605634
'001001011100110110111000100110000000001011000001111010110001000110010111',,,0.2605633802816901
'111011111100110111111001111001101000011111000001101111010001001011110110',,,0.2112676056338028
'111101111000110111111011000001101000001111100001101111010001111011110110',,,0.176056338028169
'111110110100110001000011011001101000011111111011100101000011111001110110',,,0.19718309859154928
'101110110100010001000011011001111111111100111111100101100111111001110110',,,0.2112676056338028
'111101111011110111111011111001111111111111100101101111011101111011100110',,,0.14084507042253522
'010010001100001000111100011110010111110000000100011010000100000110001001',,,0.1619718309859155
'011001011111000000111100111000010111110011011101111010101101000111010100',,,0.28169014084507044
'101100111111010001111011000001111111101111100101101111100101111011110110',,,0.19718309859154928
'100110101000001001110011111001111111110100100100001111000100111011101000',,,0.2323943661971831
'000100000000001110000110011000000000010000111010010000001010110100001001',,,0.20422535211267606
'010010001011101110111100100110000000000000011000011010111000000110001001',,,0.20422535211267606
'101100000100010001000011111111111111111100111110000101110111111101110100',,,0.23943661971830985
'111101110011110111000011111111101000011111111011100101111011111001110110',,,0.11971830985915492
'010001011000111110111000000000010111101011011101101011001100000110001011',,,0.2605633802816901
'111111110011110001000011100111111111101111100111100101010111111000110111',,,0.23943661971830985
'111101111000110111111011100111101000001111111001101111111001111011110110',,,0.11971830985915492
'010000001011001000111100111110010111110000000100011010000100000011001000',,,0.23943661971830985
'001001010000110110000100000110000000001011000011110000110011000100010111',,,0.24647887323943662
'101100101100000001111011011001101000010100100000001111100001111011110100',,,0.16901408450704225
'101101010100110111000111111110101000011011111011100101111011111101110110',,,0.18309859154929578
'110001111011111000111001000001111111101111011101101111001100000011101010',,,0.24647887323943662
'111101010111110111000011100001101000001111100011100101111011111100110111',,,0.2323943661971831
'111001110111010110000000100001000000001111011011110000111011000000010101',,,0.23943661971830985
'001100000111000001000110000000000000000000100010010000000011111100010101',,,0.24647887323943662
'000010001111001110111100000110010111100000000100011010111100000110001001',,,0.18309859154929578
'000000101000001000111100100000000000000100011000011010000000000010001001',,,0.13380281690140844
'101111110011110001000011111001111111111111100111100101000111111001110110',,,0.18309859154929578
'101111111111110001111011100001101000001111111001101111101001111011110110',,,0.14788732394366197
'111111111100110111111011000001111111101111111101101111011101111011110110',,,0.13380281690140844
'010000000100001000000100100000000000000000011010010000100010000100001001',,,0.09859154929577464
'101111111000110001010011100111101000001111111001101101010011111011110110',,,0.2112676056338028
'111101110100110111000011000001101000001111111011100101111011111001110110',,,0.176056338028169
'000010001011101110111100100110000000000000011000011010011000000110001001',,,0.1619718309859155
'010010001111001000111100011110010111110000000100011010000100000110001001',,,0.176056338028169
'101111111000110001111011000001111111101111100101101111100101111011110110',,,0.13380281690140844
'000010001000001110111100011000000000010000000000011010000000000110001001',,,0.13380281690140844
'111101111011110111111011100111111111101111100101101111111101111011110110',,,0.09859154929577464
'001011010111010110000100100000000000001011011011110000111011000100010111',,,0.2323943661971831
'111001111011110001111001111001111111111111011101101111101101001011110110',,,0.16901408450704225
'111100111111010001000011011111101000011111100001101111110011111001110100',,,0.19718309859154928
'101011110000110111000001111001111111111111011111100101111111001001110110',,,0.19014084507042253
'011001010111010110000100111000000000011011011011110100111011000101010110',,,0.2887323943661972
'101101111100010001111011011111101000011111111001101111110001111011110100',,,0.14084507042253522
'010110001111001000010110100110000000000000100010010000000010110100001001',,,0.176056338028169
'101111111000110001111011100001101000001111111001101111100001111011110110',,,0.13380281690140844
'000010000000001000010100000000010111100000011110010000100110000110001001',,,0.1267605633802817
'010000001111001110000100100000010111100000000110010000001110000100001001',,,0.1267605633802817
'110111110011111111001011100001101000001111111011101101011010111010101011',,,0.28169014084507044
'001010000111000000000100011000000000010000000010010000100011000101010100',,,0.2323943661971831
'100101111011111111111011111001111111111111111101101111011100111111101010',,,0.176056338028169
'101111111100110111111011000111111111101111100101101111010101111010110111',,,0.2112676056338028
'000001110011001110000100100000010111100011000110010000001110000000001001',,,0.15492957746478872
'000110001111001000111110100000010111100000100100011010000100110110001001',,,0.19718309859154928
'111111110011110001000011100001101000001111100011100101100011111001110110',,,0.176056338028169
'000001000011001110000100000000010111100000000110010000101110000100001001',,,0.14788732394366197
'001010000100000000000100111110010111110000000110010000100111000101010100',,,0.2605633802816901
'000100001100001000010110100000010111100000111100011010000110110110001001',,,0.2112676056338028
'111100110111110001000011011001111111111110100111100101100111111001110110',,,0.18309859154929578
'010011000000111110000100011110000000010000011010010000011010000100001011',,,0.22535211267605634
'000010001011001000111100011000010111110000000100011010000100000110001001',,,0.15492957746478872
'010110001011001110111110100000010111100000111100011010011100110110001001',,,0.2112676056338028
'000011100100001000000100100000010111100000000110010000100110000000001001',,,0.15492957746478872
'111011111111110001111001011111111111111111000101101111100101001011110110',,,0.19718309859154928
'100001111011111000111001111111101000011111011001101111001000000011101010',,,0.24647887323943662
'100111110011111111000011000111111111101111100111100101011110111001101010',,,0.19014084507042253
'111011111011110111111001111111111111111111011101101111011101001011110110',,,0.1619718309859155
'001001001100000000111100100000000000000000000000011010100001000110010101',,,0.18309859154929578
'111101111100110001111011000111111111101111100101101111010101111111110110',,,0.176056338028169
'101101111100110001111011111111111111111111111101101111010101111011110110',,,0.14084507042253522
'101101110100110001000011100111111111101111100111100101110111111000110111',,,0.22535211267605634
'111110101111000001111011011001111111110100100100001111000101111011110100',,,0.19718309859154928
'000110001100001110111110000110010111100000111100011010111100110110001001',,,0.22535211267605634
'110000100011001000000100011111010111110100011110010000001110000001001000',,,0.2112676056338028
'101001110000110001000001011001111111111111000111100101100111001001110110',,,0.19718309859154928
'010011001011001110111100111000000000010000000000011010001000000111001000',,,0.2535211267605634
'000011001011111110111100000110000000001011011000011010111000000010001011',,,0.24647887323943662
'010011001011111110111100000110000000001000011001011010011000000110011011',,,0.22535211267605634
'111011110011110111000001011111101000011111000011100101111011001001110110',,,0.20422535211267606
'111101111011110111111011100111101000001111111001101111011001111011110110',,,0.13380281690140844
'111111011100110111111011011001111111111011111101101111111101111111110110',,,0.1056338028169014
'101101111111110001111011000001111111101111111101101111001101111011110110',,,0.18309859154929578
'010001101011001110111100100000000000000101011000011010001000000010001001',,,0.20422535211267606
'000000101011001110111100011110000000010000000000011010011000000111001000',,,0.23943661971830985
'101111110011110111000011000111101000001111100011100101011011111001110110',,,0.19014084507042253
'010010000100001110000100111000000000010000000010010000000010000100001001',,,0.1056338028169014
'001101001100000001111110100000010111100000100100001011100101111110110101',,,0.28169014084507044
'101111010111110111000011100001111111101111100111100101011111111100110111',,,0.24647887323943662
'010100100000001001000110000001000000000100100010010000000010111000001001',,,0.19014084507042253
'011011001100100110111100100110000000000011000000011010110001000110010101',,,0.23943661971830985
'111110101100110001111011011111111111111100100100101111110101111011110110',,,0.14084507042253522
'101101110111110111000011011001101000011111100011100101011011111101110110',,,0.20422535211267606
'111011010111110110000001011001111111111111011111100101111111001101110110',,,0.2112676056338028
'110111110011111001000011111111111111111111111111100101001110111001101010',,,0.2112676056338028
'111111111111110111011011000001101000001111111001101111011001111010110111',,,0.19718309859154928
'000110001011001000111110100110010111100000100100011010000100110110001001',,,0.20422535211267606
'100001111011111110111001000111111111101111000101101111011100000011101010',,,0.21830985915492956
'111011111100110110111001111001111111111111000101101111110101000011110110',,,0.2112676056338028
'011100000100000111000110100110000000000000100010010000010011111100010101',,,0.23943661971830985
'111111111111110001111011000111111111101111100101101111110101111011110110',,,0.1267605633802817
'101101110100110111000011100001101000001111111011100101011011111001110110',,,0.2112676056338028
'101011110100110111000001111001111111111111000111100101010111001001110110',,,0.24647887323943662
'000100000100001000000110000000010111100000100110010000000110110100001001',,,0.15492957746478872
'001110000011000001000110000110000000000000100010010000110011111100010101',,,0.2323943661971831
'111101111011110001111011011111111111111111111101101111011101111011110110',,,0.1056338028169014
'111111110111110001000011000111111111101111100111100101110111111000110111',,,0.2112676056338028
'001111010100110111000110000000100000001011111011110100111011111000010111',,,0.323943661971831
'101100111100110001111011000001111111101111111101101111100101111011110110',,,0.18309859154929578
'101111110111110111101011111111101000011111111001101101111001111001110110',,,0.1056338028169014
'000000001000001000111100111000010111110000000100011010100100000011001000',,,0.22535211267605634
'000010000011001000000100111000000000010000011010010000101010000100001001',,,0.1619718309859155
'101101111100110111111011100111111111101111100101101111110101111110110111',,,0.19718309859154928
'010001000011001110000100100000010111100001000110010000101110000000001001',,,0.18309859154929578
'010000000011111110000100100110010111100000011110010000011110000100001011',,,0.15492957746478872
'010110000011001110000110011000000000010000100010010000011010110100001001',,,0.22535211267605634
'101101110000110111000011000001111111101111111111100101111111111001110110',,,0.1619718309859155
'001001011111010000111000100110000000001011000001111010100001000010010111',,,0.2746478873239437
'111110110100110111000011111111111111111110100111100101110111111001110110',,,0.15492957746478872
'000010001011001110111100111000000000010000000000011010001000000110001001',,,0.176056338028169
'010000001000001110111100111110000000010000000000001011000000000111101010',,,0.2605633802816901
'000100000000001110111110000000010111100000111100011010111100110110001001',,,0.23943661971830985
'101101111000110111111011100111111111101111111101101111111101111011110110',,,0.09859154929577464
'010110000000001110000110000000010111100000111110010000111110110100001001',,,0.21830985915492956
'000010000111001110000100100000010111100000011110010000101110000100001001',,,0.14788732394366197
'110110101011001001111011100001111111100100100100001111000100111011101000',,,0.2605633802816901
'101111110100110001000011000001101000001111100011100101000011111000110111',,,0.24647887323943662
'000011001000111110111100011110010111111000011100011010111100000110001011',,,0.2605633802816901
'100010101000101110111001011111100000010100000000001011010000000011101000',,,0.29577464788732394
'011100001100000001111110100000000000000000111000011010000001111110010101',,,0.22535211267605634
'111101110111000001000011011001101000010111111011110101101011111001110100',,,0.20422535211267606
'000010000011101000000100000110010111100000000110010000000110000000001001',,,0.1267605633802817
'101101110100000001000011111001101000010111111010100101000011111001110100',,,0.22535211267605634
'011001110000110110000000000000000000001011011011110000111011000000010111',,,0.2605633802816901
'100111111011111111111011100001111111101111111101101111011100111010101011',,,0.2112676056338028
'000000001011001110000100100000010111100000000110010000001110000100001001',,,0.11971830985915492
'101101010111110111000011100000111111101011111111100101111111111100010111',,,0.19718309859154928
'111101011111110111111011011001101000011011111001101111011001111111110110',,,0.14788732394366197
'110010100000111110000001011111111111111100011111100101011110000001101010',,,0.2535211267605634
'101111011111110001111011000111101000001011111001101111111001111110110111',,,0.19718309859154928
'110110100000001001000111000111111111100100111110000100000110111001101000',,,0.323943661971831
'101111111000110111111011111111111111111111111101101111011101111011110110',,,0.09154929577464789
'100001111011111110111001000111101000001111011001101111011000000011101010',,,0.23943661971830985
'010100000000001110000110000000000000000000100010010000000010110100001001',,,0.15492957746478872
'000010001000001000110100100000000000000000000000011010000010000110001001',,,0.09154929577464789
'010000000011001000000100011110000000010000011010010000101010000100001001',,,0.1619718309859155
'000100000100001110000110000000010111100000111110010000111110110100001001',,,0.21830985915492956
'010010001111001000111100000000000000000000000000011010000000000110001001',,,0.11267605633802817
'101110110100000001000011011111101000011110100011100101110011111001110100',,,0.21830985915492956
'010010001000001000111100011000010111110000011100011010000100000111001000',,,0.2112676056338028
'111111110000110111000011111111111111111111100111100101010111111001110110',,,0.16901408450704225
'000110000000001110000110100110010111100000100110010000010110110100001001',,,0.176056338028169
'111011111011110111111001100111101000001111011001101111111001001011110110',,,0.18309859154929578
'101001010111110001000001011111111111111111000111100101110111001101010110',,,0.24647887323943662
'111110111100110111111011011001101000011100100001101111110001111011110110',,,0.13380281690140844
'010010000100101110000100100110010111100000011110010000111110000100001001',,,0.1619718309859155
'111111110000110001000011100001111111101111100111100101100111111001110110',,,0.16901408450704225
'000000000011101110000100100110010111100000011110010000011110000100001011',,,0.1056338028169014
'100100100011001001000110011111000000010100100010010000000010111000001001',,,0.2323943661971831
'101111111100110111111011100111101000001111100001101111110001111010110111',,,0.18309859154929578
'101111111100110111111011100001111111101111111101101111011101111011110110',,,0.14084507042253522
'111101011100110111111011011111101000011111100001101111110001111111110110',,,0.13380281690140844
'010000000011001000101100100000000000000000011000011010001000000100001001',,,0.15492957746478872
'010000010011101000000100011001000000010110011010010000001010000101001000',,,0.2323943661971831
'000000101000001110111100111000010111110000000100011010000100000011001000',,,0.21830985915492956
'111011111111110000111001000111111111101111000100101111110101001011110110',,,0.23943661971830985
'000010001100001110111100100110000000000000011000011010011000000110001001',,,0.16901408450704225
'111111111011110001111011000111101000001111111001101111011001111011110110',,,0.14788732394366197
'001011010111000000000100111000000000010011011011110000101011000101010100',,,0.28169014084507044
'100101010011111111000010100110111111101011100111100101011110110000101011',,,0.2605633802816901
'111111110000110111000011100001111111101111111111100101111111111001110110',,,0.14788732394366197
'000110000100001000000110100110000000000000111010010000000010110100001001',,,0.1619718309859155
'010001001011001000111100100110010111100001011100011010101100000110001001',,,0.2112676056338028
'101111110100110111000011000001101000001111111011100101111011111001110110',,,0.18309859154929578
'101111111011110111111011100111111111101111100101101111111101111010110111',,,0.13380281690140844
'010000001000001110111100000110010111100000011100011010111100000110001001',,,0.18309859154929578
'111111110111110001000011000001101000001111100011100101100011111000110111',,,0.21830985915492956
'010000001111001110111100100000000000000000000000011010001000000110001001',,,0.14788732394366197
'010001001111001000111100011000010111110000011100011010001100000111001000',,,0.23943661971830985
'101111111100110001111011000001101000001111100001101111100001111011110110',,,0.13380281690140844
'101111110111110001000110111111101000011111111011100101111011111001110110',,,0.18309859154929578
'010000000100001000000100111000000000010000011010010000000010000100001001',,,0.09859154929577464
'111101110000110111000011011001111111111111100111100101010111111001110110',,,0.18309859154929578
'010000001100001000111100011110010111110000000100011010000100000111001000',,,0.19718309859154928
'010011110011111110000000100000010111101111000111110000111110000000001011',,,0.23943661971830985
'000010101000001000111100011110000000010100000000011010000000000011001000',,,0.20422535211267606
'100100111011111111111011111111111111111100111101101111011100111011101010',,,0.176056338028169
'111011111011110110111000000111000000001111000001111010111001000010010111',,,0.2605633802816901
'000010000011001000000100111110010111110000000110010000100110000101001000',,,0.20422535211267606
'111110100100000001000011011001101000010100100010110101000011111001110100',,,0.21830985915492956
'010100001011101000111110100110000000000000111000011010001000110110001001',,,0.23943661971830985
'010010001011101110111100000110010111100000011100011010011100000110001001',,,0.1619718309859155
'000100001011001110111110100000010111100000100100011010011100110110001001',,,0.21830985915492956
'000011000000111110000100100000010111101000011110010000101110000100001011',,,0.19718309859154928
'110011111011111110000001111001101000011111011011100101001010000001101010',,,0.2676056338028169
'111100110111110001101011011001101000011100100001101111000001111001110110',,,0.18309859154929578
'111101110111110001000011100001101000001111100011100101100011111001110110',,,0.176056338028169
'000000000000001000000100011110010111110000000110010000000110000100001001',,,0.1056338028169014
'010110001000001000010110000110000000000000111010010000000010110110001001',,,0.176056338028169
'111110110100110111000011011001111111111110100111100101110111111001110110',,,0.1619718309859155
'101111110111000001000011011001101000010111111011100101101011111001110100',,,0.21830985915492956
'101011111111110001111001011111101000011111000001101111100001001011110110',,,0.20422535211267606
'000000001100001000111100011110010111110000000100011010000100000111001000',,,0.19718309859154928
'010011001011001000111100100110000000000000011000011010001000000110001001',,,0.18309859154929578
'010000000011001000000100111000000000010000011010010000001010000100001001',,,0.14084507042253522
'101100110111000001000011011001111111110110100111100101100111111001110100',,,0.24647887323943662
'011111011111000001111110000000000000000011111001111010101001111010010101',,,0.28169014084507044
'101101111000110111111011111111111111111111111101101111011101111011110110',,,0.09859154929577464
'110110100000101111000111000001111111100100100110000101000110111001101000',,,0.2676056338028169
'111101110100110111000011111111101000011111100011100101110011111001110110',,,0.14788732394366197
'010010000011001110000100011000000000010000000010010000101010000100001001',,,0.16901408450704225
'001110000100000001000110000000000000000000100010010000000011111100010101',,,0.22535211267605634
'000101110011111001000010000110111111101111111111100101001110111000101011',,,0.2887323943661972
'010010001000001110111100011110010111110000000100011010110100000110001001',,,0.22535211267605634
'111110110111000001000011111001111111111100100111100101000111111001110100',,,0.23943661971830985
'011011011111110110111000100000000000001011000001101010111001000110010111',,,0.23943661971830985
'000010000111001110000100000110000000000000011010010000111010000100001001',,,0.13380281690140844
'101101111011110001111011000111111111101111100101101111110101111010110111',,,0.18309859154929578
'100001111011111000111001011111111111111111011101101111101100000011101010',,,0.2323943661971831
'100001111011111110111001000111101000001111000001101111011000000011101010',,,0.2535211267605634
'000110000000001001000110100000000000000000100010010000000010111000001001',,,0.176056338028169
'101001111100110000111001011001101000011111011001101111100001001011010110',,,0.21830985915492956
'111101110000110111000011100001101000001111111011100101011011111001110110',,,0.20422535211267606
'110100111011111001111011000111111111101110111101101111001100111010101011',,,0.2746478873239437
'101111111000110111111011000111111111101111100101101111110101111011110110',,,0.13380281690140844
'101101110000110111000011000001101000001111100011100101110011111001110110',,,0.19014084507042253
'001011010111110000000100000110000000001011011011110000111011000000010111',,,0.2535211267605634
'011001010111111110000100100000010111101011000111110000111111000100011011',,,0.19014084507042253
'111101110011110001000011100111111111101111111111100101011111111000110111',,,0.2112676056338028
'111011011100110110111001111111101000011011011001101111111001000111110110',,,0.2112676056338028
'111101110000110111000011000001111111101111100111100101110111111000110111',,,0.22535211267605634
'000000001011001110111100011110000000010000000000011010111000000111001000',,,0.24647887323943662
'010010101000001000111100111110010111110100000100001010000100000011001000',,,0.2676056338028169
'100101110011111111000011000001111111101111111111100101111110111000101011',,,0.22535211267605634
'011011010111110000001100111110000000011011011001111010111011000100010111',,,0.28169014084507044
'011001110111110110000000100000000000001011011011110000111011000000010111',,,0.2323943661971831
'110101111011111111111011100001111111101111100101101111011100111010101011',,,0.24647887323943662
'110111111000111111111011111001111111111111111101101111001100111011101010',,,0.19718309859154928
'101101110111110001000011011001101000011111100011100101000011111001110110',,,0.19718309859154928
'010000100000001000000100000000010111100000011110010000000110000000001001',,,0.11267605633802817
'110011111011111110111001111000111111111011011101101111001100000011101010',,,0.2535211267605634
'010000000100001000100100100000010111100000011110010000100100000100001001',,,0.14084507042253522
'000011011011001000111100000110000000000011011000011010001000000110001001',,,0.16901408450704225
'101011010111110110000001111111101000011111000011110101111011001101010110',,,0.28169014084507044
'111011111000110001111001111111101000011111011001101111100001001011110110',,,0.19014084507042253
'110111111011111111111011000001111111101111111101101111111100111010101011',,,0.21830985915492956
'000100001100001110111110100110010111100000100100011010110100110110001001',,,0.24647887323943662
'111100111011010001111011011001101000011111111001101111001001111011110110',,,0.19014084507042253
'101101111111110001111011000111111111101111100101101111110101111010110111',,,0.19014084507042253
'010000000100001000000100111000010111110000000110010000100110000100001001',,,0.13380281690140844
'110001110011111110000001011111111111111101000110100101111110000101101010',,,0.28169014084507044
'000010000011001000000100111000000000010000000010010000000010000100001001',,,0.09859154929577464
'011100000100000111000110100000000000000000100010010000110011111100010101',,,0.22535211267605634
'000010000111001110000100100110000000000000000010010000011010000100001001',,,0.1267605633802817
'111111110111110001000011100111111111101111111111100101111111111000010111',,,0.14788732394366197
'100000101011001000111001111001101000010100000000001011000000000011101000',,,0.2746478873239437
'001010001111010000111100111110100000011000000000001110100001000011010110',,,0.3028169014084507
'111011111111110111111001100001101000001111011001101111011001001011110110',,,0.21830985915492956
'111111110011110111000011011111111111111111100111100101011111111001110110',,,0.14084507042253522
'000001000000111110000100000110010111100011011110010000111110000100001011',,,0.19014084507042253
'010000001000001110111100000000000000000000011000011010101000000110001001',,,0.176056338028169
'010001001011001000111100000110010111100000011100011010101100000110001001',,,0.20422535211267606
'000010000011101110000100000110010111100000000110010000011110000100001011',,,0.11971830985915492
'111111110100110001000011111111101000011111100011100101010011111001110110',,,0.16901408450704225
'000011001000101110111100000110010111100001011100011010111100000110001001',,,0.2112676056338028
'010000001100001000111100111110010111110000000100011010000100000111001000',,,0.20422535211267606
'000100001000001000111110000110000000000000111000011010000000110110001001',,,0.18309859154929578
'001110001111000001111110100000000000000000100000011010000001111110010101',,,0.2323943661971831
'011101010111110001000111100110101000001011100011100100010011111100010111',,,0.28169014084507044
'111001111111110001111001000001111111101111000101101111100101001011110110',,,0.20422535211267606
'111110111100110111010011111001101000011111100011100101110001111001110110',,,0.16901408450704225
'010100000100001110000110100110010111100000111110010000111110110100001001',,,0.2112676056338028
'101110111011000001111011000001101000001111100001101111000001111011100100',,,0.2112676056338028
'101111111000110111111011000111101000001111111001101111111001111010110111',,,0.1619718309859155
'011110001100000001111110100000000000000000111000011010000001111110010101',,,0.21830985915492956
'101110101000010001111011100111101000001100100001101111010001111011110100',,,0.20422535211267606
'101110101100110111111011100111101000001100100000001111110001111010110111',,,0.21830985915492956
'010011001111001000111100011000010111110011011100011010001100000111001000',,,0.2535211267605634
'010110000000001000000110111110010111110000111110010000100110110100001001',,,0.24647887323943662
'111100111111110001111011011001111111111111111101101111101101111011110110',,,0.13380281690140844
'000110001000001001111110100110010111100000100100001011000100110110101001',,,0.2605633802816901
'111011101100000000111001111111011111110100011100001011100101001011110100',,,0.2887323943661972
'000000000000001110000100011110000000010000011010010000011010000101001000',,,0.176056338028169
'001111100100000001000110000000000000000000111010010000100011111000010101',,,0.2676056338028169
'010000001011001110111100111000000000010000011000011010101000000110001001',,,0.2112676056338028
'101100111100110111111011000111101000001111100001101111010001111011110110',,,0.20422535211267606
'010110001000001000111110000110010111100000111100011010100100110110001001',,,0.23943661971830985
'100110100011001001000111111001111111110100111110000101001110111001101000',,,0.2535211267605634
'110001110000111110101001111001111111111111011111100101001100000001101010',,,0.2746478873239437
'111110111111110111111011011001101000011111100001101111111001111011110110',,,0.11971830985915492
'101111111100110111111011000001111111101111111101101111111101111010110111',,,0.1619718309859155
'111111111011110111010011111111101000011111111011100101011011111001110110',,,0.14084507042253522
'011101010111110001000111100110111111101011111111110101111111111100110111',,,0.23943661971830985
'101011110111110111000001011001101000011111011011100101111011001001110110',,,0.2112676056338028
'100111110011111001000011011111111111111111111111100101001110111001101010',,,0.19014084507042253
'111010110100110111000001011111111111111111000111100101110111001001110110',,,0.2323943661971831
'101101110000110111000011000001101000001111100011100101110011111000110111',,,0.2323943661971831
'101100101100110111111011111111101000011100100000101111010001111011100110',,,0.20422535211267606
'000100000011001000000110100110010111100000111110010000101110110100001001',,,0.21830985915492956
'000011011000111110111100000110010111101011011101011010011100000110001011',,,0.22535211267605634
'001000001100000000111100011000010111110000000100011010100101000111010100',,,0.2605633802816901
'011100000111000001111110100000000000000000100000011010100001111110010101',,,0.2112676056338028
'010110001000001000111110100000000000000000111000011010000000110110001001',,,0.18309859154929578
'111111111011110001111011000001101000001111100001101111000001111011110110',,,0.16901408450704225
'000000000000001110000100100110000000000000000010010000110010000100001001',,,0.13380281690140844
'101110100000000001000111111001101000010100100010010100000011111001110100',,,0.23943661971830985
'101001111100110111111001011001101000011111011001101111011001001011110110',,,0.21830985915492956
'101111111111110001111011111001111111111111100101101111000101111011110110',,,0.14788732394366197
'111011011100110110111001111000101000011011011001101111011001000111110110',,,0.23943661971830985
'000000001000001000111100100110000000000000011000011010100000000010001001',,,0.1619718309859155
'111011111011110001111001011111101000011111000001101111000001001011110110',,,0.22535211267605634
'101001111100110111111001100111111111101111011101101111011101001011110110',,,0.20422535211267606
'000100100011001111000110100000000000000100111010010000011010111000001001',,,0.2323943661971831
'000010000000001110000100111110000000010000000010010000110010000100001001',,,0.16901408450704225
'010000001100001000111100000000010111100000011100011010100100000110001001',,,0.15492957746478872
'100011111011111110111001011111111111111100011100101111011100000011101010',,,0.2323943661971831
'110100100000001001101011011001111111110100111100001111000100111011101000',,,0.24647887323943662
'111110111011000001111011011001101000011100100001101111000001111011110100',,,0.20422535211267606
'000001000011111110000100000110010111101001000110010000011110000100001011',,,0.16901408450704225
'000001011000111110111100000000010111101011011101001010001100000110001011',,,0.2112676056338028
'000010001011001000111100000110000000000000000000011010100000000010001001',,,0.1619718309859155
'111001111100110110111001011111101000011111011001101111111001001011110110',,,0.176056338028169
'010000000011001000000100100000010111100000000110010000100110000100011001',,,0.14084507042253522
'110111110011111111000011000111111111101111100111100101011110111000101011',,,0.2323943661971831
'010100000000001000010110000110000000000000111010010000000010110110001001',,,0.18309859154929578
'011111110100100001111010000000011111100111111101111011000100111010110101',,,0.34507042253521125
'101101010111010111000010000001111111101011111111110101111111111100110111',,,0.28169014084507044
'001000001100000000111100011000000000010000011000011010100001000111010100',,,0.23943661971830985
'011010001100000000111100011110000000010000000000011010100001000111010100',,,0.2323943661971831
'101111111111110001111011100111101000001111111001101111011001111010110111',,,0.19014084507042253
'000000000000101110000100100110000000000000011010010000011010000100001001',,,0.1267605633802817
'000110000000001110000110111110000000010000100010010000010010110100001001',,,0.19718309859154928
'010010001011001110000100100000010111100000000110010000001110000000001001',,,0.15492957746478872
'111101111011110001111011111111111111111111100101101111010101111011110110',,,0.13380281690140844
'101011110000110111000001011001101000011111000011100101110011001001110110',,,0.22535211267605634
'010000001111001000111100100110000000000000011000011010001000000110001001',,,0.14788732394366197
'101111110100110001000011011001101000011111111011100101100011111001110110',,,0.1619718309859155
'111111110100110111000010100111101000000100100011100101010011111100110111',,,0.323943661971831
'011011001100000000000100100000000000000011011010010000100011000100010101',,,0.19718309859154928
'000110000000001000000110011110000000010000111010010000000010110100001001',,,0.176056338028169
'101111110000110001000011000111111111101111111111100101110111111000110111',,,0.21830985915492956
'101101111100110001010011011111101000011111111011100101110011111011110110',,,0.16901408450704225
'111100100100000001000011111001111111110100100110000101000111111101110100',,,0.23943661971830985
'110011111011111110111001100111111111101111000101101111111100000011101010',,,0.2605633802816901
'010010001011001110111100011000010111110000011100011010001100000110001001',,,0.19014084507042253
'010110101011001001111110100001010111100100100100011011100100111010101001',,,0.2887323943661972
'101001011000110000111001011001101000011111000001101111100001001111110110',,,0.19718309859154928
'010010100111001110000100011000000000010000000010010000001010000001001000',,,0.19718309859154928
'000011000011001000000100000000010111100000000110010000000110000100001001',,,0.1056338028169014
'010010000011001110000100111110010111110000011110010000011110000101001000',,,0.18309859154929578
'000010001000001000111100111110000000010000011000011010000000000110001001',,,0.15492957746478872
'101111110100110001000011100111111111101111100111100101110111111001110110',,,0.176056338028169
'000100000000001110000110000110000000000000111010010000011010110100001001',,,0.176056338028169
'010000001100001110111100000000010111100000011100011010001100000110001001',,,0.14788732394366197
'100111111011111111111011100001111111101111100101101111011100111110101011',,,0.23943661971830985
'001110001100000111111110000110010111100000100100011010110101111110010101',,,0.2605633802816901
'101100101100010001111111011111101000011100100000001111110001111011110100',,,0.20422535211267606
'101011110000110001000001111111101000011111000011100101100011001001110110',,,0.20422535211267606
'000010001111001110111100011110010111110000011110010010111100000110001001',,,0.20422535211267606
'011010001111000000111100111000000000010000000000011010100001000111010100',,,0.22535211267605634
'110110101111001001111011111001111111110100111100101111001100111011101000',,,0.2535211267605634
'000011000111001000000100100110010111100000011110010000101110000100001001',,,0.16901408450704225
'111011111100110111111001011001111111111111000101101111110101001011110110',,,0.18309859154929578
'101101110100110001000011011001111111111111111111100101000111111001110110',,,0.20422535211267606
'101111110100010001000011011001101000011111111011100101100011111001110100',,,0.176056338028169
'111001111111110001111001111001101000011111011001101111001001001011110110',,,0.19718309859154928
'000010000100001110000100011000010111110000000110010000100110000101001000',,,0.19014084507042253
'101101110111110111000011100001101000001111111011100101111011111001110110',,,0.16901408450704225
'000000001111001110111100100000000000000000011000011010001000000110001001',,,0.14788732394366197
'101101111011110111111011111111101000011111111001101111011001111111110110',,,0.11971830985915492
'011010000100001110000100011110010111110000000110010000010111000101011000',,,0.22535211267605634
'101111110000110111000011000001111111101111100111100101010111111001110110',,,0.20422535211267606
'101111111100010001111011011001111111111111111101101111000101111011110110',,,0.16901408450704225
'111101110000110001000011011001101000011111111011100101100011111001110110',,,0.1619718309859155
'000010000011001110000100011110000000010000011010010000111010000100001001',,,0.15492957746478872
'010010011111001000111100000110010111100011011100011010001100000110001001',,,0.176056338028169
'000100001000001110011110000000000000000000100010011000000010110110001001',,,0.176056338028169
'100010101011001000111000100111010111100100000100011010000100000010001000',,,0.2112676056338028
'010010000011101110000100100110010111100000000110010000111110000100001011',,,0.16901408450704225
'010010001111001110111100111000010111110000011100011010101100000110001001',,,0.21830985915492956
'111000110100110000000001111001100000011111011011110100100011001001010110',,,0.2887323943661972
'010000001011001110111100111000010111110000011100011010001100000111001000',,,0.2323943661971831
'101001010111000000000100111001000000010111011011110000101011000101010100',,,0.30985915492957744
'100010001000001110111000111111000000010000000000011010010000000111001000',,,0.2676056338028169
'000000000011001000000100111110000000010000011010010000101010000100001001',,,0.15492957746478872
'101110000100000001000111011001101000010000100010010100000011111101110100',,,0.2535211267605634
'100001111011111110111001111111111111111111011101101111111100000011101010',,,0.2112676056338028
'111111110100010001000011111001111111111111100111100101000111111001110100',,,0.176056338028169
'110110001000111111010011100110111111100000111100000111011110110110101011',,,0.3380281690140845
'000010001000001000111100000110000000000000011000011010100000000110001001',,,0.14788732394366197
'110011111000111110111001000001101000001111011001101111001000000011101010',,,0.2746478873239437
'011000001100000110111100111000000000010000000000011010110001000111010100',,,0.24647887323943662
'000010001000101110111100100110010111100000000100011010110100000110001001',,,0.20422535211267606
'011110001111000001010110100000010111100000100110010000100111111110010101',,,0.2535211267605634
'101001111111110111111001011001111111111111011101101111011101001011110110',,,0.18309859154929578
'101001111111110001111001111001101000011111000001101111000001001011110110',,,0.20422535211267606
'011101010111110111000111000110001000001011100011110100111011111100010111',,,0.24647887323943662
'000100000000001000001110000110010111100000100110010000000100110100001001',,,0.19718309859154928
'101101110111110111000011011111101000011111100011100101111011111101110111',,,0.19718309859154928
'111111110100110001000011000001111111101111111111100101000111111001110110',,,0.2112676056338028
'000000101000001110111100100000000000000000011000011010001000000010001001',,,0.1619718309859155
'101011110011110111000001011111101000011111011011100101011011001001110110',,,0.21830985915492956
'111011110100110001111001011001101000011111000001101111100001001011110110',,,0.176056338028169
'001100001100000111111110111110000000010000100000011010010001111110010101',,,0.2676056338028169
'101111110100110111000011100111111111101111100111100101010111111000110111',,,0.24647887323943662
'011100001100000001111110100110010111100000100100011010110101111110010101',,,0.24647887323943662
'101111111111110001111011000111111111101111111101101111111101111110110111',,,0.1619718309859155
'110100101011001001111010100111100000000100100000001011000000111010101001',,,0.28169014084507044
'110100101000001001110011111111111111110100100110000111000100111001101000',,,0.2746478873239437
'011000001100000000010100111000000000010000000000010010100011000101010100',,,0.21830985915492956
'110100000000001001000111111000111111110000100110000101000110111101101000',,,0.2535211267605634
'111110111111010001111011011001101000011100100001101111000001111011110100',,,0.176056338028169
'111100111100010001111011011001101000011100111001101111100001111011110100',,,0.15492957746478872
'111011110100110001011001011111101000011111011011101101000001001011110110',,,0.24647887323943662
'111001011111110000111001111111101000011011011001101111111001000111110110',,,0.20422535211267606
'000000001011001110111100111000010111110000011100011010001100000111001000',,,0.21830985915492956
'111111111100110111000011100001111111101111100111100101010111111000110111',,,0.2323943661971831
'101010111000000110111000100111000000000100000001111010110001001010000101',,,0.2746478873239437
'111110110111110001000011111111111111111111100111100101010111111001110110',,,0.18309859154929578
'101100100111000001000011011111101000010100100010110101010011111001110100',,,0.2535211267605634
'101110101100000001111111011111111111111100111100001111110101111111110100',,,0.22535211267605634
'010000101011001000111100011001001000010100000000011010000000000011001000',,,0.2323943661971831
'111101110011110111000011000001101000001111111011100101011011111000110111',,,0.23943661971830985
'010010000111001110000100000000010111100000000110010000101110000100001001',,,0.14084507042253522
'110001110011111110000001011001111111111111011111100101101110000001101010',,,0.24647887323943662
'000011001011001110111100100000010111100000000100011010001100000110001001',,,0.176056338028169
'100111110011111111000011100111101000001111100011100101011010111001101010',,,0.2323943661971831
'010000000011001110000100111110000000010000011010010000111010000100001001',,,0.16901408450704225
'001000001100110110111001011110110111111000000100001111110101000111010110',,,0.31690140845070425
'101001111011110111111001111001101000011111011001101111011001001011110110',,,0.19014084507042253
'010000000000001110000100011000000000010000011010010000101010000101001000',,,0.20422535211267606
'010110000000001000000110011110010111110000111110010000000110110100001001',,,0.2112676056338028
'000001100011001110000100111000000000010111000010010000001010000001001000',,,0.22535211267605634
'001000100111000000000100011110000000010100000010010000110011001001010100',,,0.2746478873239437
'001111111111000001111110100110000000001111100000011010110001111010010101',,,0.2887323943661972
'111001110011110001000001011111101000011111011011100101101011001001110110',,,0.2112676056338028
'111111111100000001111011011001101000011111111001101111000001111011110100',,,0.16901408450704225
'100110000011101001000011000001111111100000111110000101001110110100101001',,,0.323943661971831
'000010001100001110111100011110010111110000000100011010010100000110001001',,,0.19014084507042253
'111001111000110111111001100001101000001111011001101111011001001011110110',,,0.2323943661971831
'111111111000110001111011111001101000011111100001101111100001111011110110',,,0.09154929577464789
'111101111100010001111011011001101000011111100001101111000001111011110110',,,0.14084507042253522
'101110110100110001000011011111111111111110111111100101010111111101110110',,,0.21830985915492956
'111101111111110111111011100001101000001111100001101111111001111011110110',,,0.1267605633802817
'010000000011001110000100111000000000010000000010010000001010000100001001',,,0.14084507042253522
'101111011111110001111011100111111111101011100101101111110101111110110111',,,0.20422535211267606
